            [38;2;0;0;0m████                                      
            ██[38;2;123;123;123m██[38;2;0;0;0m██                              ████  
            ██[38;2;123;123;123m████[38;2;65;65;65m██████                      [38;2;0;0;0m██[38;2;255;255;255m██[38;2;0;0;0m██  
          ██[38;2;123;123;123m██████████[38;2;65;65;65m██                [38;2;0;0;0m██████[38;2;189;214;255m████[38;2;0;0;0m██  
        ██[38;2;123;123;123m██████[38;2;18;98;158m██[38;2;123;123;123m██[38;2;18;98;158m████[38;2;0;0;0m██  ████  [38;2;65;65;65m████  [38;2;0;0;0m██[38;2;189;189;189m████[38;2;189;214;255m██[38;2;65;65;65m██[38;2;0;0;0m██  
        ████[38;2;123;123;123m██[38;2;65;65;65m██[38;2;18;98;158m██████[38;2;255;255;255m██[38;2;0;0;0m████[38;2;255;255;255m██[38;2;123;123;123m██  [38;2;65;65;65m██[38;2;255;255;255m██[38;2;40;120;180m██[38;2;189;189;189m██[38;2;40;120;180m████[38;2;189;189;189m████[38;2;65;65;65m██[38;2;0;0;0m██
          ████[38;2;255;255;255m██[38;2;65;65;65m██[38;2;18;98;158m████[38;2;255;255;255m██[38;2;123;123;123m████[38;2;255;255;255m██[38;2;123;123;123m██[38;2;255;255;255m██████[38;2;65;65;65m██████[38;2;40;120;180m██[38;2;189;189;189m██[38;2;40;120;180m██[38;2;189;189;189m██[38;2;0;0;0m██
        ████[38;2;65;65;65m██[38;2;255;255;255m██[38;2;123;123;123m██[38;2;65;65;65m██[38;2;255;255;255m████[38;2;123;123;123m██[38;2;255;255;255m██████[38;2;65;65;65m████[38;2;123;123;123m██[38;2;255;255;255m████[38;2;65;65;65m██[38;2;40;120;180m████[38;2;18;98;158m██[38;2;0;0;0m██  
      ██[38;2;189;189;189m████[38;2;0;0;0m██[38;2;255;255;255m████[38;2;65;65;65m██[38;2;255;255;255m████████[38;2;0;0;0m████[38;2;255;255;255m██[38;2;65;65;65m██[38;2;255;255;255m████[38;2;123;123;123m██[38;2;255;255;255m████[38;2;65;65;65m██[38;2;40;120;180m██[38;2;0;0;0m██  
      ██[38;2;65;65;65m██[38;2;189;189;189m██[38;2;0;0;0m██[38;2;189;189;189m██[38;2;255;255;255m██[38;2;123;123;123m██[38;2;255;255;255m████[38;2;65;65;65m████[38;2;123;123;123m██[38;2;255;255;255m██[38;2;123;123;123m████[38;2;65;65;65m██[38;2;255;255;255m██████[38;2;65;65;65m██[38;2;40;120;180m██[38;2;65;65;65m██[38;2;40;120;180m██[38;2;0;0;0m██
        ██[38;2;65;65;65m████[38;2;0;0;0m██[38;2;214;148;247m██[38;2;189;189;189m██[38;2;255;255;255m██[38;2;123;123;123m██[38;2;255;255;255m████████████[38;2;65;65;65m██[38;2;255;255;255m██[38;2;123;123;123m██[38;2;65;65;65m████[38;2;40;120;180m████[38;2;0;0;0m████
        ██[38;2;189;189;189m████[38;2;0;0;0m██[38;2;214;148;247m██[38;2;255;255;255m████████[38;2;123;123;123m██[38;2;255;255;255m████[38;2;189;189;189m██[38;2;123;123;123m██[38;2;255;255;255m██████████[38;2;65;65;65m██[38;2;0;0;0m██    
          ████[38;2;255;255;255m██[38;2;123;123;123m██[38;2;255;255;255m████[38;2;123;123;123m██[38;2;0;0;0m██[38;2;214;148;247m██[38;2;255;255;255m██████[38;2;65;65;65m██[38;2;0;0;0m██[38;2;255;255;255m████[38;2;123;123;123m██[38;2;65;65;65m██[38;2;40;120;180m████[38;2;0;0;0m██  
        ██[38;2;255;255;255m██[38;2;123;123;123m██[38;2;255;255;255m████████[38;2;214;148;247m██████[38;2;255;255;255m██[38;2;65;65;65m██[38;2;123;123;123m██[38;2;255;255;255m██[38;2;189;189;189m██[38;2;255;255;255m████████[38;2;65;65;65m██[38;2;0;0;0m████  
          [38;2;65;65;65m██[38;2;255;255;255m██[38;2;189;189;189m██[38;2;255;255;255m██[38;2;123;123;123m██[38;2;189;189;189m██[38;2;255;255;255m████████████████[38;2;65;65;65m██[38;2;189;189;189m████[38;2;123;123;123m██[38;2;0;0;0m██      
        ████[38;2;255;255;255m██[38;2;123;123;123m████[38;2;197;90;74m██[38;2;65;65;65m██[38;2;255;255;255m████[38;2;189;189;189m██[38;2;255;255;255m██[38;2;189;189;189m██[38;2;255;255;255m██[38;2;65;65;65m██[38;2;255;255;255m████[38;2;65;65;65m██[38;2;189;189;189m██████[38;2;0;0;0m██    
    ████[38;2;255;255;255m████[38;2;65;65;65m████[38;2;189;189;189m██[38;2;197;90;74m████[38;2;65;65;65m██[38;2;255;255;255m██[38;2;123;123;123m██[38;2;255;255;255m██[38;2;123;123;123m██[38;2;255;255;255m████[38;2;65;65;65m████[38;2;189;189;189m████[38;2;123;123;123m██[38;2;65;65;65m██[38;2;0;0;0m██    
  ██[38;2;255;255;255m██[38;2;189;189;189m██[38;2;255;255;255m██████[38;2;65;65;65m██[38;2;189;189;189m██████[38;2;65;65;65m████[38;2;189;189;189m██[38;2;123;123;123m██[38;2;189;189;189m██[38;2;65;65;65m████[38;2;255;255;255m████[38;2;65;65;65m██[38;2;189;189;189m████[38;2;0;0;0m██      
    ██[38;2;123;123;123m██[38;2;255;255;255m██[38;2;123;123;123m██[38;2;255;255;255m██[38;2;65;65;65m██[38;2;189;189;189m██[38;2;123;123;123m██[38;2;189;189;189m██[38;2;123;123;123m██[38;2;189;189;189m██████████[38;2;123;123;123m██[38;2;255;255;255m████[38;2;65;65;65m████[38;2;0;0;0m████      
  ██[38;2;72;152;212m██[38;2;65;65;65m████[38;2;72;152;212m██[38;2;65;65;65m██[38;2;123;123;123m██[38;2;65;65;65m██[38;2;123;123;123m██████[38;2;189;189;189m██[38;2;123;123;123m██[38;2;189;189;189m██[38;2;123;123;123m██[38;2;189;189;189m██[38;2;123;123;123m██[38;2;255;255;255m██████[38;2;0;0;0m██          
  ██[38;2;72;152;212m████████[38;2;65;65;65m██[38;2;18;98;158m████[38;2;65;65;65m██[38;2;189;189;189m██[38;2;123;123;123m████[38;2;189;189;189m██[38;2;123;123;123m████[38;2;189;189;189m██[38;2;123;123;123m██[38;2;255;255;255m██████[38;2;0;0;0m██          
██[38;2;72;152;212m██[38;2;65;65;65m██[38;2;40;120;180m██[38;2;72;152;212m████[38;2;0;0;0m████[38;2;18;98;158m████[38;2;65;65;65m██[38;2;0;0;0m██[38;2;189;189;189m████████[38;2;65;65;65m██[38;2;255;255;255m██████████[38;2;0;0;0m██        
████[38;2;65;65;65m██[38;2;72;152;212m██[38;2;0;0;0m████    ██████  ██████[38;2;189;189;189m██[38;2;65;65;65m██[38;2;255;255;255m██[38;2;123;123;123m██[38;2;255;255;255m██[38;2;123;123;123m██[38;2;255;255;255m██[38;2;0;0;0m██        
    ████                      ██[38;2;65;65;65m██[38;2;72;152;212m████████[38;2;0;0;0m██          
                                ██[38;2;65;65;65m██[38;2;40;120;180m██[38;2;72;152;212m██[38;2;40;120;180m██[38;2;72;152;212m██[38;2;0;0;0m██        
                                  ██[38;2;72;152;212m██[38;2;0;0;0m████[38;2;72;152;212m██[38;2;0;0;0m██        
                                  ████    ████        
[0m