                            [38;2;0;0;0m██                                
                          ██[38;2;255;255;255m██[38;2;0;0;0m██                              
                          [38;2;8;8;0m██[38;2;238;238;232m██[38;2;0;0;0m██                              
                        ██[38;2;238;238;232m██[38;2;143;143;141m██[38;2;107;104;90m██[38;2;0;0;0m██                            
                        ██[38;2;217;217;203m██[38;2;102;101;93m██[38;2;107;104;90m██[38;2;0;0;0m██                            
                        ██[38;2;153;152;143m██[38;2;53;51;44m██[38;2;107;104;90m██[38;2;0;0;0m██                            
                      [38;2;8;4;0m██[38;2;227;227;217m██[38;2;107;104;90m████[38;2;66;65;66m██[38;2;107;104;90m██[38;2;0;0;0m██                          
                      [38;2;8;4;0m██[38;2;139;139;134m██[38;2;66;65;66m██[38;2;107;104;90m██[38;2;66;65;66m██[38;2;107;104;90m██[38;2;0;0;0m██                          
            ██        [38;2;0;0;16m██[38;2;141;138;119m██[38;2;107;104;90m██[38;2;66;65;66m██[38;2;107;104;90m██[38;2;66;65;66m██[38;2;0;0;0m██                          
          ██[38;2;107;104;90m██[38;2;0;0;0m██    ██[38;2;66;65;66m██[38;2;141;138;119m██[38;2;107;104;90m██[38;2;66;65;66m██[38;2;107;104;90m██[38;2;66;65;66m██[38;2;76;73;60m██[38;2;0;0;0m██      ██                
          ██[38;2;107;104;90m██[38;2;100;97;86m██[38;2;0;0;16m████[38;2;108;105;95m██[38;2;66;65;66m██[38;2;82;80;72m██[38;2;109;107;93m██[38;2;66;65;66m██[38;2;76;73;60m████[38;2;107;104;90m████[38;2;0;0;8m████[38;2;0;0;0m██[38;2;141;138;119m██[38;2;0;0;0m██              
          ██[38;2;107;104;90m██[38;2;66;65;66m██[38;2;149;145;127m██[38;2;66;65;66m████[38;2;138;135;114m████[38;2;82;80;72m██[38;2;138;134;114m██[38;2;107;104;90m████[38;2;66;65;66m████[38;2;108;106;95m██[38;2;55;54;49m██[38;2;141;138;119m████[38;2;0;0;0m██              
          ██[38;2;107;104;90m██[38;2;66;65;66m██[38;2;138;134;114m██[38;2;141;138;119m████[38;2;66;65;66m████████████[38;2;107;103;90m████[38;2;66;65;66m██[38;2;141;138;119m████[38;2;106;103;89m██[38;2;0;0;0m██              
            ██[38;2;110;108;95m██[38;2;66;65;66m██[38;2;141;138;119m██[38;2;255;255;255m██[38;2;141;138;119m████████[38;2;107;104;90m████[38;2;107;103;90m████[38;2;66;65;66m██[38;2;141;138;119m██[38;2;106;103;89m████[38;2;0;0;0m██              
          [38;2;0;4;0m██[38;2;54;58;54m██[38;2;111;108;92m██[38;2;66;65;66m██[38;2;138;138;134m██[38;2;227;227;217m██[38;2;141;138;119m████████[38;2;107;104;90m████[38;2;66;65;66m████[38;2;107;103;90m████[38;2;107;104;90m██[38;2;71;71;71m██[38;2;0;0;0m██              
        ██[38;2;82;85;82m████[38;2;8;8;16m██[38;2;77;74;65m██[38;2;0;0;0m██[38;2;85;85;74m██[38;2;66;65;66m████████████[38;2;76;73;60m██[38;2;66;65;66m██[38;2;107;103;90m████[38;2;71;71;71m████[38;2;82;83;82m██[38;2;0;0;0m██            
      ██[38;2;82;82;82m██[38;2;82;83;82m██[38;2;0;0;0m██  ██[38;2;79;77;67m██[38;2;0;0;8m██[38;2;230;212;0m██[38;2;255;251;255m██[38;2;210;188;0m██[38;2;0;4;0m██[38;2;0;0;8m██[38;2;109;106;94m██[38;2;66;65;66m██[38;2;144;46;34m██[38;2;55;54;49m██[38;2;108;106;95m██[38;2;107;104;90m██[38;2;0;0;0m██[38;2;82;82;82m████[38;2;0;0;0m██          
    ██[38;2;82;82;82m████[38;2;0;0;0m██      [38;2;0;0;8m██[38;2;54;52;45m██[38;2;205;158;0m██[38;2;230;212;0m██[38;2;179;151;16m██[38;2;0;4;0m██[38;2;56;54;49m██[38;2;109;106;94m██[38;2;66;65;66m██[38;2;144;46;34m██[38;2;0;0;8m████[38;2;0;0;0m██  ██[38;2;82;82;82m██[38;2;82;83;82m██[38;2;0;0;0m██        
    ██[38;2;82;82;82m██[38;2;0;0;0m██        ████[38;2;66;65;66m████████[38;2;107;104;90m██[38;2;66;65;66m██[38;2;144;46;34m██[38;2;0;0;0m██          ██[38;2;82;82;82m██[38;2;0;0;0m██        
  ██[38;2;82;83;82m██[38;2;82;82;82m██[38;2;0;0;0m██          ██[38;2;66;65;66m██[38;2;127;111;33m██[38;2;132;114;51m████[38;2;66;69;57m██[38;2;144;46;34m████[38;2;0;0;0m██      ████[38;2;66;65;66m██[38;2;54;58;54m██[38;2;82;85;82m██[38;2;0;0;0m██      
  ██[38;2;82;82;82m████[38;2;0;0;0m██          ██[38;2;164;148;65m██[38;2;214;199;90m██[38;2;214;198;90m████[38;2;156;142;74m██[38;2;148;47;34m██[38;2;0;0;0m██    ██[38;2;66;65;66m██[38;2;237;214;38m████████[38;2;66;65;66m██[38;2;0;0;0m██      
  ██[38;2;82;82;82m████[38;2;0;0;0m██          ██[38;2;164;148;65m██[38;2;214;199;90m██[38;2;214;198;90m████[38;2;156;142;74m██[38;2;197;67;65m██[38;2;0;0;0m██  ██[38;2;215;139;24m██[38;2;235;212;36m██[38;2;82;82;82m██[38;2;141;134;129m████[38;2;164;161;139m██[38;2;236;213;37m██[38;2;216;140;25m██[38;2;0;0;0m██    
██[38;2;148;108;0m██[38;2;79;82;85m██[38;2;82;82;82m██[38;2;0;0;0m██          ██[38;2;164;148;65m██[38;2;214;199;90m████[38;2;255;255;255m██[38;2;198;186;99m██[38;2;190;65;65m██[38;2;66;65;66m██[38;2;0;0;0m██[38;2;216;140;25m██[38;2;173;167;148m██[38;2;90;78;93m██[38;2;82;82;82m████[38;2;164;161;139m████[38;2;125;122;105m██[38;2;238;215;39m██[38;2;215;139;24m██[38;2;0;0;0m██  
██[38;2;224;204;0m██[38;2;79;82;85m██[38;2;82;82;82m████[38;2;0;0;0m██        ██[38;2;164;148;65m██[38;2;214;199;90m██[38;2;255;255;255m████[38;2;198;186;99m██[38;2;168;55;38m██[38;2;66;65;66m██[38;2;123;98;1m██[38;2;131;127;114m██[38;2;173;167;148m██[38;2;161;118;1m██[38;2;236;213;37m██[38;2;182;151;17m██[38;2;158;153;130m██[38;2;131;127;112m██[38;2;124;121;104m██[38;2;164;161;139m██[38;2;236;213;37m██[38;2;66;65;66m██  
[38;2;0;0;0m██[38;2;224;204;0m██[38;2;208;163;0m██[38;2;82;81;82m██[38;2;208;163;0m██[38;2;0;0;0m██      ██[38;2;131;44;42m██[38;2;165;150;66m██[38;2;255;255;255m████[38;2;214;199;90m██[38;2;156;142;74m██[38;2;148;47;34m██[38;2;66;65;66m██[38;2;131;127;114m██[38;2;164;159;139m██[38;2;84;81;87m██[38;2;234;211;35m██[38;2;203;68;65m██[38;2;236;213;37m██[38;2;82;77;74m██[38;2;131;127;112m██[38;2;164;161;139m██[38;2;124;121;104m██[38;2;236;213;37m██[38;2;216;140;25m██[38;2;0;0;0m██
██[38;2;224;204;0m████[38;2;208;163;0m████[38;2;0;0;0m██      ██[38;2;131;44;42m██[38;2;165;150;66m██[38;2;255;255;255m██[38;2;214;199;90m████[38;2;156;142;74m██[38;2;197;67;65m██[38;2;66;65;66m██[38;2;132;128;120m██[38;2;173;167;148m██[38;2;82;82;82m██[38;2;185;154;17m██[38;2;236;213;37m██[38;2;185;154;17m██[38;2;84;81;87m██[38;2;173;167;148m██[38;2;124;121;104m████[38;2;164;161;139m██[38;2;236;213;37m██[38;2;0;0;0m██
██[38;2;224;204;0m████[38;2;208;163;0m██████[38;2;0;0;0m██  ██[38;2;146;47;35m██[38;2;203;67;65m██[38;2;164;148;65m██[38;2;214;199;90m██[38;2;214;198;90m████[38;2;173;150;57m██[38;2;203;68;63m██[38;2;74;65;57m██[38;2;132;128;120m██[38;2;163;119;1m██[38;2;236;213;37m██[38;2;160;118;1m██[38;2;82;82;82m██[38;2;160;118;1m██[38;2;234;211;35m██[38;2;186;154;17m██[38;2;124;121;104m██[38;2;164;161;139m████[38;2;236;213;37m██[38;2;0;0;0m██
██[38;2;224;204;0m██[38;2;148;108;0m██[38;2;224;204;0m██[38;2;148;108;0m██[38;2;208;163;0m██[38;2;0;0;0m██  ██[38;2;203;67;65m██[38;2;148;142;82m██[38;2;214;199;90m████[38;2;214;198;90m████[38;2;200;185;120m██[38;2;173;150;57m██[38;2;203;68;63m██[38;2;66;65;66m██[38;2;235;212;36m██[38;2;203;68;65m██[38;2;236;213;37m██[38;2;84;81;87m██[38;2;234;211;35m██[38;2;203;68;65m██[38;2;236;213;37m██[38;2;84;81;87m██[38;2;173;167;148m██[38;2;237;214;38m██[38;2;0;0;0m██  
██[38;2;224;204;0m██[38;2;148;108;0m██[38;2;224;204;0m██[38;2;148;108;0m██[38;2;208;163;0m████[38;2;0;0;0m██[38;2;203;68;65m██[38;2;203;68;63m██[38;2;145;141;115m██[38;2;214;199;90m████████[38;2;165;150;66m██[38;2;203;68;65m██[38;2;203;67;65m██[38;2;66;65;66m██[38;2;160;118;1m██[38;2;236;213;37m██[38;2;182;151;17m██[38;2;173;167;148m██[38;2;161;118;1m██[38;2;236;213;37m██[38;2;182;151;17m██[38;2;84;81;87m██[38;2;129;126;117m██[38;2;217;141;26m██[38;2;0;0;0m██  
  [38;2;8;8;0m██[38;2;224;204;0m██[38;2;148;108;0m██[38;2;208;163;0m██[38;2;0;0;0m████  ██[38;2;72;23;12m██[38;2;203;68;63m██[38;2;164;148;65m██[38;2;214;199;90m████[38;2;164;148;65m██[38;2;203;68;65m████[38;2;68;22;22m██[38;2;0;0;0m████[38;2;71;71;74m██[38;2;164;161;139m██[38;2;161;158;134m██[38;2;146;140;128m██[38;2;82;82;82m████[38;2;174;153;1m██[38;2;235;212;36m██[38;2;0;0;0m██    
  ██[38;2;224;204;0m██[38;2;0;0;0m████        ██[38;2;203;68;65m██[38;2;203;67;65m██[38;2;148;142;82m██[38;2;165;150;66m██[38;2;203;68;65m██████[38;2;0;0;0m██    ████[38;2;216;140;25m██[38;2;236;213;37m██████[38;2;0;0;0m████      
  ████            ████[38;2;146;47;35m██[38;2;203;67;65m██[38;2;203;68;65m████[38;2;135;45;43m██[38;2;0;0;0m████        ████████          
                      ██[38;2;203;68;65m██████[38;2;0;0;0m██                              
                        ██[38;2;203;68;65m██[38;2;0;0;0m██                                
                          ██                                  
[0m