  [38;2;0;0;0m████                                                                                        
██[38;2;181;126;176m████[38;2;0;0;0m██████  ████                                                                            
  ██[38;2;63;64;65m██[38;2;181;126;176m████[38;2;178;123;173m██[38;2;0;0;0m██[38;2;181;126;176m██[38;2;63;64;65m██[38;2;0;0;0m██                                                                          
    ██[38;2;63;64;65m████[38;2;178;123;173m██[38;2;74;72;69m██[38;2;63;64;65m██[38;2;181;126;176m██[38;2;0;0;0m██                                          ████            ██████████████  
      ██[38;2;52;111;168m██[38;2;63;64;65m██[38;2;181;126;176m██[38;2;63;64;65m██[38;2;0;0;0m██                                          ██[38;2;57;60;57m██[38;2;227;172;222m██[38;2;0;0;0m██    ██████[38;2;229;174;224m██████████████[38;2;0;0;0m██
      ██[38;2;52;111;168m██[38;2;63;64;65m██[38;2;181;126;176m██[38;2;0;0;0m██                                          ██[38;2;229;174;224m██[38;2;182;127;177m██[38;2;104;105;104m██[38;2;229;174;224m██[38;2;0;0;0m████[38;2;229;174;224m██████[38;2;93;97;95m████████[38;2;0;0;0m██████  
        ██[38;2;53;111;167m██[38;2;63;64;65m██[38;2;181;126;176m██[38;2;0;0;0m██        ██                                ██[38;2;165;110;160m██[38;2;231;176;226m██[38;2;229;174;224m████[38;2;225;170;220m██[38;2;83;89;103m██[38;2;95;95;95m████[38;2;52;111;168m████[38;2;61;112;162m██[38;2;0;0;0m██        
        ██[38;2;53;111;167m██[38;2;63;64;65m██[38;2;181;126;176m██[38;2;0;0;0m██      ██[38;2;181;126;176m██[38;2;0;0;0m██            ████                [38;2;0;4;0m██[38;2;231;176;226m██[38;2;229;174;224m██[38;2;93;97;95m██[38;2;83;89;103m██[38;2;53;110;165m██████[38;2;52;111;168m██[38;2;0;0;0m████          
        ██[38;2;61;112;162m██[38;2;39;52;87m██[38;2;178;123;173m██[38;2;0;0;0m██      ██[38;2;181;126;176m██[38;2;0;0;0m██          ██[38;2;229;174;224m██[38;2;0;0;0m██                ██[38;2;229;174;224m██[38;2;95;98;93m██[38;2;70;131;201m██[38;2;67;128;198m██[38;2;61;112;162m██[38;2;64;117;169m████[38;2;0;0;0m██              
          [38;2;0;4;0m██[38;2;61;112;162m██[38;2;74;72;69m██[38;2;178;123;173m██[38;2;0;0;0m██    ██[38;2;181;126;176m████[38;2;0;0;0m████  ████[38;2;229;174;224m████[38;2;0;0;0m██                ██[38;2;229;174;224m██[38;2;95;98;93m██[38;2;70;131;201m██[38;2;67;128;198m████[38;2;73;134;205m██[38;2;0;0;0m██                
          ██[38;2;52;111;168m██[38;2;53;111;167m██[38;2;63;64;65m██[38;2;178;123;173m██[38;2;0;0;0m██  ██[38;2;226;171;221m████[38;2;230;175;225m██[38;2;181;126;176m██[38;2;63;64;65m██[38;2;229;174;224m██[38;2;226;171;221m████[38;2;0;0;0m██                ██[38;2;229;174;224m██[38;2;93;97;95m██[38;2;67;128;198m████[38;2;70;131;201m████[38;2;0;0;0m██                  
          ██[38;2;52;111;168m██[38;2;53;111;167m████[38;2;74;72;69m██[38;2;178;123;173m██[38;2;0;0;0m██[38;2;229;174;224m██[38;2;226;171;221m████[38;2;230;175;225m████[38;2;229;174;224m████[38;2;226;171;221m████[38;2;0;0;0m██                ██[38;2;229;174;224m██[38;2;93;97;95m██[38;2;67;128;198m████[38;2;70;131;201m██[38;2;0;0;0m██                    
            ████[38;2;61;112;162m██[38;2;72;116;160m██[38;2;48;58;83m██[38;2;226;171;221m████████████[38;2;229;174;224m██████[38;2;0;0;0m██    ████          ██[38;2;214;159;209m██[38;2;95;97;98m██[38;2;67;128;198m████[38;2;70;131;201m██[38;2;0;0;0m██                    
                ██[38;2;0;8;0m██[38;2;48;58;83m██[38;2;226;171;221m████████████[38;2;93;97;95m████[38;2;229;174;224m██[38;2;0;0;0m██  ██[38;2;229;174;224m████[38;2;0;0;0m██      ██[38;2;229;174;224m██[38;2;95;97;98m██[38;2;67;128;198m██████[38;2;0;0;0m██                      
                    ██[38;2;229;174;224m████[38;2;180;125;175m██[38;2;229;174;224m██[38;2;205;150;200m██[38;2;90;90;90m██[38;2;255;255;255m██[38;2;181;126;176m████[38;2;63;64;65m██[38;2;0;0;0m██[38;2;229;174;224m██[38;2;226;171;221m████[38;2;0;0;0m██    ██[38;2;57;60;57m██[38;2;229;174;224m██[38;2;95;98;93m██[38;2;70;131;201m██[38;2;67;128;198m████[38;2;0;0;0m██                      
                      ██[38;2;229;174;224m██[38;2;180;125;175m██[38;2;229;174;224m██[38;2;8;8;8m██[38;2;255;255;255m████[38;2;181;126;176m██████[38;2;65;64;68m██[38;2;229;174;224m██[38;2;226;171;221m████[38;2;229;174;224m██[38;2;0;0;0m████[38;2;229;174;224m████[38;2;104;105;106m██[38;2;70;131;201m████[38;2;67;128;198m████[38;2;0;0;0m██                      
                  ████[38;2;226;171;221m████[38;2;229;174;224m██[38;2;63;64;65m██[38;2;0;12;8m██[38;2;98;109;101m██[38;2;255;255;255m██[38;2;181;126;176m██████[38;2;63;64;65m██[38;2;227;172;222m██[38;2;229;174;224m██[38;2;63;64;65m██[38;2;57;60;57m██[38;2;229;174;224m██[38;2;225;170;220m██[38;2;83;89;103m██[38;2;95;95;95m██[38;2;53;110;165m██[38;2;63;109;155m██[38;2;63;123;193m██[38;2;70;131;201m████[38;2;0;0;0m██        ████          
              ████[38;2;229;174;224m████[38;2;226;171;221m████[38;2;229;174;224m████[38;2;186;131;181m████[38;2;181;126;176m████████[38;2;184;129;179m██[38;2;63;64;65m██[38;2;229;174;224m██████[38;2;104;105;106m██[38;2;83;89;103m██[38;2;110;128;145m██[38;2;53;110;165m████[38;2;0;0;0m████████    ██████[38;2;229;174;224m████[38;2;0;0;0m██        
            ██[38;2;226;171;221m████[38;2;229;174;224m████[38;2;230;175;225m████[38;2;229;174;224m██[38;2;180;125;175m██[38;2;181;126;176m████████[38;2;94;97;94m██[38;2;181;126;176m████████[38;2;228;173;223m██[38;2;95;95;95m██[38;2;53;110;165m██[38;2;52;111;168m████[38;2;0;0;0m████          ██[38;2;176;121;171m██[38;2;79;79;76m██[38;2;230;175;225m████[38;2;0;0;0m██          
            ██[38;2;226;171;221m████[38;2;93;97;95m██[38;2;229;174;224m██[38;2;230;175;225m██[38;2;181;126;176m██[38;2;180;125;175m████[38;2;63;64;65m████████[38;2;181;126;176m████[38;2;94;97;94m██[38;2;181;126;176m████[38;2;98;97;90m██[38;2;53;110;165m████[38;2;0;0;0m████                [38;2;16;16;8m██[38;2;239;184;234m██[38;2;181;126;176m██[38;2;230;175;225m██[38;2;0;0;0m██          
          ██[38;2;229;174;224m████[38;2;63;64;65m██[38;2;229;174;224m████[38;2;181;126;176m██[38;2;0;0;0m████[38;2;63;64;65m██[38;2;159;90;63m████████[38;2;181;126;176m██[38;2;63;64;65m██[38;2;181;126;176m██████████[38;2;0;0;0m██                  ██[38;2;231;176;226m██[38;2;165;110;160m██[38;2;229;174;224m██[38;2;0;0;0m██            
          ██[38;2;229;174;224m████████[38;2;0;0;0m████    ██[38;2;159;90;63m██████[38;2;181;126;176m████[38;2;63;64;65m██[38;2;181;126;176m████████████[38;2;0;0;0m██████        ████[38;2;229;174;224m██[38;2;231;176;226m██[38;2;0;4;0m██[38;2;229;174;224m██[38;2;0;0;0m██            
            ██[38;2;229;174;224m████[38;2;0;0;0m██      [38;2;41;0;0m██[38;2;112;78;79m██[38;2;255;121;139m██[38;2;156;89;63m██[38;2;246;250;246m██[38;2;187;132;182m██[38;2;63;64;65m██[38;2;181;126;176m██████████[38;2;180;125;175m████[38;2;63;64;65m██[38;2;181;126;176m████[38;2;0;0;0m████████[38;2;229;174;224m██████[38;2;0;0;0m██  ██              
              ████      ██[38;2;255;234;238m██[38;2;183;156;159m██[38;2;255;121;139m██[38;2;156;89;63m██[38;2;187;132;182m██[38;2;57;60;57m██[38;2;181;126;176m██████████[38;2;63;64;65m██[38;2;229;174;224m████[38;2;63;64;65m██[38;2;181;126;176m██████[38;2;193;138;188m████[38;2;229;174;224m████[38;2;0;0;0m████                    
                      [38;2;41;0;0m██[38;2;112;78;79m██[38;2;255;121;139m████[38;2;148;89;65m██[38;2;246;255;255m██[38;2;181;126;176m██[38;2;63;64;65m████[38;2;181;126;176m██[38;2;178;123;173m████[38;2;65;64;68m██[38;2;229;174;224m██[38;2;226;171;221m████[38;2;229;174;224m██[38;2;63;64;65m██[38;2;178;123;173m████[38;2;193;138;188m████[38;2;0;0;0m████                        
                    ██[38;2;255;234;238m██[38;2;183;156;159m██[38;2;255;121;139m██[38;2;156;89;63m██[38;2;148;89;65m██[38;2;180;144;128m██[38;2;63;64;65m██[38;2;181;126;176m████[38;2;63;64;65m██[38;2;74;72;69m██[38;2;0;0;0m████[38;2;229;174;224m██[38;2;226;171;221m████[38;2;229;174;224m██[38;2;63;64;65m██[38;2;74;72;69m██[38;2;0;0;0m██████                            
                  [38;2;0;4;0m██[38;2;255;255;255m██[38;2;159;91;63m████[38;2;139;93;65m██[38;2;246;255;255m██[38;2;181;126;176m████[38;2;0;0;0m██[38;2;63;64;65m██[38;2;181;126;176m████[38;2;0;0;0m██    ██[38;2;229;174;224m████[38;2;63;64;65m██[38;2;181;126;176m██[38;2;0;0;0m██                                  
                  [38;2;0;4;0m██[38;2;161;106;156m██[38;2;95;98;93m████[38;2;246;255;255m██[38;2;175;147;128m██[38;2;181;126;176m██[38;2;0;0;0m██  ██[38;2;63;64;65m████[38;2;181;126;176m██[38;2;0;0;0m██    ██[38;2;65;64;68m██[38;2;181;126;176m██████[38;2;0;0;0m██                                
                    ██[38;2;181;126;176m████████[38;2;63;64;65m██[38;2;0;0;0m██  ██[38;2;181;126;176m██[38;2;0;0;0m██[38;2;181;126;176m██[38;2;0;0;0m██      ██[38;2;178;123;173m██[38;2;74;72;69m██[38;2;181;126;176m██[38;2;0;0;0m██                                
                      ██████████      ██  ██        ██[38;2;178;123;173m██[38;2;0;0;0m██[38;2;181;126;176m██[38;2;0;0;0m██                                
                                                      ██  ██                                  
[0m