                [38;2;0;0;0m████                                      
                ██[38;2;187;54;136m██[38;2;0;0;0m██                                    
                  ██[38;2;187;54;136m██[38;2;0;0;0m██    ██████                        
    ████  ████    ██[38;2;187;54;136m██[38;2;0;0;0m██  ██[38;2;221;88;170m██████[38;2;0;0;0m██                      
  ██[38;2;214;59;132m██[38;2;194;39;112m██[38;2;0;0;0m██[38;2;214;59;132m██[38;2;194;39;112m██[38;2;0;0;0m██  ██[38;2;65;65;65m██[38;2;187;54;136m██[38;2;65;65;65m██[38;2;221;88;170m████[38;2;0;0;0m████                        
  ██[38;2;194;39;112m██[38;2;214;59;132m██[38;2;65;65;65m██[38;2;214;59;132m██[38;2;65;65;65m██[38;2;214;59;132m██[38;2;0;0;0m██  ██[38;2;187;54;136m██[38;2;221;88;170m████[38;2;0;0;0m██                            
    ██[38;2;211;185;134m██[38;2;65;65;65m██[38;2;211;185;134m██[38;2;65;65;65m██[38;2;214;59;132m██[38;2;0;0;0m██  ██[38;2;65;65;65m██[38;2;221;88;170m██[38;2;0;0;0m██              ████  ████      
  ██[38;2;211;185;134m██████[38;2;65;65;65m██[38;2;187;54;136m██[38;2;0;0;0m██    ██[38;2;187;54;136m██[38;2;221;88;170m██[38;2;0;0;0m████          ██[38;2;241;86;159m██[38;2;214;59;132m██[38;2;0;0;0m██[38;2;214;59;132m██[38;2;241;86;159m██[38;2;0;0;0m████  
  ██[38;2;211;185;134m████[38;2;65;65;65m██[38;2;187;54;136m██████[38;2;0;0;0m████[38;2;221;88;170m████[38;2;187;54;136m██[38;2;221;88;170m██[38;2;65;65;65m██[38;2;0;0;0m██        ██[38;2;214;59;132m██[38;2;241;86;159m██[38;2;0;0;0m██[38;2;241;86;159m██[38;2;65;65;65m██[38;2;214;59;132m██[38;2;241;86;159m██[38;2;0;0;0m██
██[38;2;187;54;136m██[38;2;65;65;65m██[38;2;211;185;134m██[38;2;65;65;65m██[38;2;214;59;132m██[38;2;187;54;136m██[38;2;65;65;65m██[38;2;221;88;170m████████████████[38;2;0;0;0m██  ████  ██[38;2;249;223;172m██[38;2;65;65;65m██[38;2;249;223;172m██[38;2;65;65;65m██[38;2;241;86;159m████[38;2;0;0;0m██
██[38;2;187;54;136m██████[38;2;65;65;65m██[38;2;214;59;132m██[38;2;65;65;65m██[38;2;221;88;170m██[38;2;249;223;172m██[38;2;221;88;170m████[38;2;211;185;134m██[38;2;249;223;172m██[38;2;221;88;170m████████[38;2;0;0;0m██[38;2;221;88;170m████[38;2;0;0;0m██  ██[38;2;249;223;172m████[38;2;211;185;134m██[38;2;249;223;172m██[38;2;211;185;134m██[38;2;0;0;0m██
  ██████[38;2;65;65;65m██[38;2;187;54;136m██[38;2;65;65;65m██[38;2;211;185;134m██[38;2;249;223;172m████████████[38;2;221;88;170m████[38;2;65;65;65m██[38;2;221;88;170m██████[38;2;65;65;65m██[38;2;0;0;0m██[38;2;249;223;172m██████████[38;2;0;0;0m██  
      ██[38;2;187;54;136m██[38;2;65;65;65m██[38;2;221;88;170m██[38;2;249;223;172m██████████[38;2;255;255;255m██[38;2;249;223;172m██[38;2;211;185;134m██[38;2;221;88;170m██[38;2;65;65;65m██[38;2;221;88;170m██[38;2;241;86;159m██[38;2;221;88;170m██[38;2;65;65;65m████[38;2;249;223;172m██████████[38;2;0;0;0m██  
        ████[38;2;221;88;170m██[38;2;249;223;172m██████████[38;2;0;0;0m██[38;2;255;255;255m██[38;2;249;223;172m██[38;2;221;88;170m████[38;2;241;86;159m████[38;2;221;88;170m██[38;2;0;0;0m██[38;2;221;88;170m██[38;2;187;54;136m██[38;2;249;223;172m██████[38;2;187;54;136m██[38;2;221;88;170m██[38;2;0;0;0m██
            ██[38;2;211;185;134m██[38;2;221;88;170m████[38;2;249;223;172m████[38;2;0;0;0m██[38;2;255;255;255m██[38;2;249;223;172m██[38;2;221;88;170m██[38;2;65;65;65m██[38;2;241;86;159m██[38;2;221;88;170m██[38;2;0;0;0m██  ██[38;2;221;88;170m██[38;2;187;54;136m██[38;2;65;65;65m██[38;2;187;54;136m██[38;2;221;88;170m██[38;2;187;54;136m██[38;2;0;0;0m██
        ████  ██[38;2;211;185;134m██[38;2;249;223;172m██████[38;2;255;255;255m██[38;2;249;223;172m████[38;2;221;88;170m████[38;2;0;0;0m████      ████[38;2;187;54;136m██[38;2;65;65;65m██[38;2;0;0;0m████  
        ██[38;2;187;54;136m██[38;2;0;0;0m████[38;2;65;65;65m████[38;2;255;255;255m██[38;2;189;189;181m██[38;2;249;223;172m████[38;2;221;88;170m██[38;2;0;0;0m████            ██[38;2;187;54;136m██[38;2;0;0;0m██      
          ██[38;2;187;54;136m████████[38;2;65;65;65m██████[38;2;0;0;0m████              ██[38;2;187;54;136m██[38;2;221;88;170m██[38;2;0;0;0m██      
            ████████[38;2;65;65;65m██[38;2;221;88;170m████[38;2;0;0;0m██              ██[38;2;187;54;136m██[38;2;221;88;170m██[38;2;0;0;0m██        
                  ██[38;2;249;223;172m██[38;2;221;88;170m██[38;2;65;65;65m██[38;2;221;88;170m██[38;2;0;0;0m██████████████[38;2;221;88;170m████[38;2;0;0;0m██          
                ██[38;2;187;54;136m██[38;2;211;185;134m██[38;2;249;223;172m██[38;2;65;65;65m██[38;2;221;88;170m██[38;2;65;65;65m██[38;2;187;54;136m████████[38;2;221;88;170m████[38;2;0;0;0m████            
                ██[38;2;65;65;65m██[38;2;211;185;134m██[38;2;65;65;65m██[38;2;221;88;170m██[38;2;65;65;65m██[38;2;187;54;136m██[38;2;65;65;65m██[38;2;0;0;0m██████████                
                  ████[38;2;221;88;170m██[38;2;0;0;0m██[38;2;187;54;136m████[38;2;0;0;0m██                          
                    ████  ██[38;2;221;88;170m████[38;2;0;0;0m██                        
                            ████                          
[0m