                                [38;2;0;0;0m████                                
                              ██[38;2;95;161;49m████[38;2;0;0;0m██        ████                  
                              ██[38;2;95;161;49m██[38;2;98;164;49m████[38;2;0;0;0m██  ████[38;2;202;122;104m████[38;2;0;0;0m██                
                              ██[38;2;95;161;49m██[38;2;98;164;49m████[38;2;95;161;49m██[38;2;0;0;0m██[38;2;200;120;102m████[38;2;202;122;104m████[38;2;0;0;0m██                
                                ██[38;2;100;164;49m████[38;2;66;65;66m██[38;2;198;119;101m██[38;2;196;117;99m██[38;2;204;163;122m██[38;2;198;119;101m██[38;2;157;77;58m██[38;2;0;0;0m██                
                                ██[38;2;66;65;66m██[38;2;100;164;49m██[38;2;66;65;66m██[38;2;157;77;58m██[38;2;197;156;115m████[38;2;157;77;58m██[38;2;57;65;66m██[38;2;0;0;0m██                
                            ██[38;2;8;0;0m██[38;2;231;162;82m██[38;2;189;121;41m██[38;2;59;65;57m██[38;2;63;92;85m██[38;2;134;109;79m██[38;2;204;163;122m██[38;2;177;131;78m██[38;2;67;80;49m██[38;2;197;165;98m██[38;2;231;162;82m██[38;2;0;0;0m████            
                        ████[38;2;231;162;82m████[38;2;119;81;41m██[38;2;127;90;49m██[38;2;189;121;41m██[38;2;189;138;57m██[38;2;216;157;88m██[38;2;177;131;78m████[38;2;255;215;123m██[38;2;197;165;98m██[38;2;231;162;82m████[38;2;189;125;49m██[38;2;0;0;0m████        
                      [38;2;8;0;0m██[38;2;231;162;82m██[38;2;247;207;132m██[38;2;126;79;44m██[38;2;156;89;24m██[38;2;189;144;90m██[38;2;255;255;255m████[38;2;255;255;247m██[38;2;239;193;131m██[38;2;241;194;115m██[38;2;231;162;82m██[38;2;132;81;41m██[38;2;255;215;132m██[38;2;230;162;78m████[38;2;231;162;82m██[38;2;189;125;49m██[38;2;206;142;66m██[38;2;0;0;0m██      
                    ██[38;2;231;162;82m██[38;2;119;81;41m██[38;2;126;79;44m██[38;2;247;207;132m██[38;2;222;199;156m██[38;2;255;255;222m██[38;2;231;162;82m████[38;2;231;162;74m████[38;2;231;162;82m████[38;2;214;170;101m██[38;2;132;81;41m██[38;2;255;215;148m██[38;2;230;162;78m██[38;2;231;162;82m████[38;2;206;142;66m██[38;2;137;94;44m██[38;2;0;0;0m██    
                  ██[38;2;189;125;49m██[38;2;127;81;41m██[38;2;231;162;82m██[38;2;230;163;79m████[38;2;230;162;78m████[38;2;214;169;104m██[38;2;255;215;140m██[38;2;255;215;148m████████[38;2;247;203;123m██[38;2;126;81;41m██[38;2;255;215;140m██[38;2;214;169;104m██[38;2;230;163;79m████[38;2;127;81;41m██[38;2;231;162;82m██[38;2;126;83;32m██[38;2;0;0;0m██  
                  ██[38;2;126;83;32m██[38;2;231;162;82m████[38;2;230;163;79m████[38;2;255;215;148m████[38;2;255;215;140m██[38;2;132;77;33m██[38;2;132;81;41m████████[38;2;247;203;123m████[38;2;132;77;33m██[38;2;255;215;140m██[38;2;230;163;79m████[38;2;231;162;82m██[38;2;127;81;41m██[38;2;189;125;49m██[38;2;0;0;0m██  
                ██[38;2;127;81;41m██[38;2;231;162;82m██[38;2;230;162;78m████[38;2;255;215;148m████[38;2;132;81;41m████████[38;2;231;162;82m████[38;2;230;163;79m████[38;2;127;81;41m████[38;2;132;81;41m██[38;2;255;215;148m██[38;2;230;163;79m████[38;2;231;162;82m██[38;2;127;81;41m██[38;2;189;125;49m████[38;2;0;0;0m██
                ██[38;2;231;162;82m████[38;2;230;162;78m██[38;2;255;215;148m██[38;2;132;81;41m████[38;2;255;215;148m████████[38;2;127;81;41m██[38;2;231;162;82m██[38;2;230;163;79m████[38;2;231;162;82m████[38;2;132;81;41m██[38;2;255;215;148m██[38;2;230;163;79m████[38;2;231;162;82m██[38;2;127;81;41m██[38;2;231;162;82m██[38;2;189;125;49m██[38;2;0;0;0m██
                ██[38;2;255;219;148m██[38;2;231;166;82m██[38;2;255;215;132m██[38;2;132;81;41m██[38;2;230;163;79m████[38;2;132;81;41m██[38;2;255;215;148m██[38;2;230;163;79m████[38;2;255;215;132m██[38;2;132;81;41m██[38;2;230;163;79m████████[38;2;231;162;82m██[38;2;127;81;41m██[38;2;255;215;148m██[38;2;230;162;78m██[38;2;214;170;101m██[38;2;132;81;41m██[38;2;119;81;41m██[38;2;0;0;0m██  
                ██[38;2;243;192;115m██[38;2;255;219;148m██[38;2;132;81;41m██[38;2;214;170;101m██[38;2;230;163;79m████[38;2;132;81;41m██[38;2;255;215;148m██[38;2;230;163;79m████[38;2;214;170;101m██[38;2;132;81;41m██[38;2;230;163;79m████████[38;2;231;162;82m██[38;2;127;81;41m██[38;2;255;215;148m██[38;2;230;162;78m██[38;2;255;215;132m██[38;2;132;81;41m██[38;2;239;162;82m██[38;2;0;0;0m██  
                  ██[38;2;123;95;53m██[38;2;231;162;82m████[38;2;241;194;115m██[38;2;231;162;82m██[38;2;255;199;115m██[38;2;132;81;41m██[38;2;230;162;78m████████[38;2;127;81;41m██[38;2;231;162;82m██████[38;2;216;159;85m██[38;2;140;81;41m██[38;2;255;215;148m████[38;2;132;81;41m██[38;2;208;159;90m██[38;2;222;211;132m██[38;2;0;4;0m██  
                  [38;2;0;0;0m██[38;2;247;190;107m██[38;2;241;194;115m████[38;2;231;162;82m██[38;2;241;194;115m██[38;2;214;159;90m██[38;2;132;81;41m██[38;2;255;215;148m██[38;2;230;162;78m████[38;2;255;215;148m██[38;2;127;81;41m██[38;2;231;162;82m██[38;2;241;194;115m████[38;2;216;159;85m██[38;2;255;199;107m██[38;2;132;81;41m████[38;2;247;199;115m████[38;2;148;142;88m██[38;2;0;4;0m██  
            [38;2;0;0;0m██████[38;2;75;95;60m██[38;2;115;168;110m██[38;2;239;203;123m████[38;2;239;195;115m████[38;2;241;194;115m██[38;2;231;162;82m██[38;2;126;79;44m██[38;2;247;207;132m██████[38;2;129;81;38m██[38;2;239;195;115m██[38;2;231;162;82m██[38;2;241;194;115m██[38;2;239;195;115m████████[38;2;118;170;112m████[38;2;0;0;0m██    
        ████[38;2;95;161;49m██████[38;2;75;95;60m████[38;2;49;81;74m██[38;2;144;142;98m██[38;2;119;168;111m██[38;2;239;195;115m██[38;2;241;194;115m████[38;2;247;207;132m██[38;2;126;79;44m██████[38;2;239;195;115m████[38;2;241;194;115m████[38;2;239;195;115m██[38;2;119;168;111m██████[38;2;118;170;112m██[38;2;96;125;93m██[38;2;66;65;66m██[38;2;0;0;0m██  
      [38;2;2;7;0m██[38;2;96;152;57m██[38;2;99;165;49m████[38;2;98;164;49m████[38;2;239;252;223m██[38;2;144;210;94m██[38;2;100;164;49m██[38;2;66;65;66m██[38;2;120;170;110m████[38;2;118;169;112m████████████████████████████[38;2;120;170;110m██[38;2;66;65;66m██[38;2;98;124;93m████[38;2;0;0;0m██
    ██[38;2;96;152;57m██[38;2;143;225;87m██[38;2;144;210;94m██[38;2;99;165;49m██[38;2;98;164;49m████[38;2;144;210;94m████[38;2;100;164;49m████[38;2;66;65;66m██[38;2;120;170;110m██[38;2;118;169;112m████████████████████████████[38;2;120;170;110m██[38;2;66;65;66m██[38;2;98;124;93m██[38;2;0;0;0m██  
    ██[38;2;144;208;94m████████[38;2;98;164;49m████████████[38;2;100;164;49m██[38;2;66;65;66m██[38;2;118;169;112m████[38;2;118;170;112m████[38;2;118;169;112m████████[38;2;120;171;110m██[38;2;93;120;88m██[38;2;118;169;112m████████[38;2;132;174;123m██[38;2;54;60;51m██[38;2;0;0;0m██    
  ██[38;2;144;210;94m██[38;2;144;208;94m████████[38;2;98;164;49m████████████[38;2;100;164;49m██[38;2;66;65;66m██[38;2;118;169;112m████[38;2;96;125;93m██[38;2;118;170;112m██[38;2;118;169;112m████████[38;2;120;171;110m██[38;2;66;69;66m██[38;2;118;169;112m████████[38;2;93;117;87m██[38;2;16;4;16m██      
  [38;2;0;8;8m██[38;2;150;210;102m██[38;2;144;210;94m████[38;2;144;208;94m████████[38;2;138;209;86m██[38;2;112;161;76m██[38;2;100;164;49m████[38;2;66;65;66m██[38;2;96;124;93m██[38;2;66;65;66m██[38;2;96;124;93m██[38;2;96;125;93m██[38;2;118;170;112m██[38;2;118;169;112m████████[38;2;120;170;110m██[38;2;66;65;66m██[38;2;96;125;93m██[38;2;118;170;112m████[38;2;96;125;93m██[38;2;0;0;0m██        
  [38;2;0;8;8m██[38;2;53;70;39m██[38;2;66;65;66m██[38;2;144;210;94m██[38;2;144;208;94m████████[38;2;138;209;86m██[38;2;59;65;56m██[38;2;66;65;66m████[38;2;96;124;93m████████[38;2;96;125;93m████[38;2;118;169;112m████████[38;2;93;117;88m██[38;2;66;65;66m██[38;2;96;125;93m████████[38;2;0;0;0m██        
██[38;2;118;169;112m████[38;2;120;170;110m██[38;2;66;65;66m██[38;2;57;73;66m██[38;2;136;191;124m██[38;2;144;210;94m████[38;2;66;65;66m██[38;2;120;170;110m██[38;2;118;169;112m████[38;2;66;65;66m██[38;2;93;117;88m██[38;2;115;104;60m████[38;2;98;105;79m████[38;2;118;169;112m████████[38;2;66;75;66m██[38;2;99;113;99m██[38;2;96;124;93m████[38;2;98;124;93m██[38;2;0;0;0m██          
██[38;2;118;169;112m████[38;2;120;170;110m████[38;2;109;146;104m██[38;2;57;73;66m██[38;2;66;65;66m████[38;2;93;117;88m██[38;2;66;65;66m██[38;2;118;169;112m████[38;2;120;170;110m██[38;2;66;65;66m██[38;2;0;12;16m██[38;2;173;151;82m██[38;2;181;138;57m██[38;2;57;89;90m██[38;2;118;169;112m████████[38;2;0;0;0m██[38;2;66;75;66m██[38;2;96;124;93m██[38;2;66;65;66m██[38;2;98;124;93m██[38;2;0;0;0m██          
██[38;2;123;170;115m████[38;2;66;65;66m██[38;2;120;170;110m██[38;2;95;124;93m████[38;2;235;237;115m██████[38;2;0;0;0m██[38;2;120;170;110m████[38;2;115;170;107m██[38;2;0;0;0m██  ██[38;2;66;65;66m██[38;2;120;170;110m████████[38;2;0;0;0m██  ████████            
  [38;2;8;4;8m██[38;2;84;114;79m██[38;2;66;65;66m██[38;2;93;117;88m██[38;2;95;124;93m██[38;2;235;237;115m██[38;2;0;0;0m██████  ██████    ██[38;2;120;170;110m██[38;2;66;65;66m██[38;2;120;170;110m██[38;2;66;65;66m██[38;2;120;170;110m██[38;2;0;0;0m██                      
    ██████████                  ████████████                        
[0m