                [38;2;0;0;0m██              
              ██[38;2;230;223;138m██[38;2;0;0;0m██            
            ██[38;2;148;134;83m██[38;2;230;223;138m██[38;2;148;134;83m██[38;2;0;0;0m██          
          ████[38;2;230;223;138m██████[38;2;0;0;0m████        
      ████[38;2;230;223;138m██[38;2;148;134;83m██[38;2;192;181;101m██[38;2;230;223;138m██[38;2;192;181;101m██[38;2;148;134;83m██[38;2;230;223;138m██[38;2;0;0;0m██      
    ██[38;2;51;188;125m██[38;2;230;223;138m██████[38;2;148;134;83m██████[38;2;230;223;138m██████[38;2;0;0;0m██    
    ██[38;2;96;220;176m██[38;2;51;188;125m██[38;2;230;223;138m████████████████[38;2;0;0;0m██    
  ██[38;2;192;181;101m██[38;2;96;220;176m██[38;2;51;188;125m██[38;2;230;223;138m██[38;2;51;188;125m████████[38;2;230;223;138m████████[38;2;0;0;0m██  
  ██[38;2;65;65;65m██[38;2;96;220;176m██[38;2;51;188;125m████[38;2;96;220;176m████████[38;2;51;188;125m██[38;2;230;223;138m██████[38;2;0;0;0m██  
  ██[38;2;192;181;101m██[38;2;51;188;125m██[38;2;96;220;176m████[38;2;148;134;83m██████[38;2;51;188;125m██[38;2;96;220;176m██[38;2;51;188;125m██[38;2;230;223;138m██[38;2;192;181;101m██[38;2;0;0;0m██  
██[38;2;148;134;83m██[38;2;65;65;65m██[38;2;51;188;125m██[38;2;96;220;176m██[38;2;65;65;65m██[38;2;230;223;138m████████[38;2;51;188;125m████[38;2;148;134;83m██[38;2;0;0;0m██    
██[38;2;148;134;83m██[38;2;0;0;0m██[38;2;192;181;101m██[38;2;65;65;65m██[38;2;192;181;101m██[38;2;65;65;65m████████[38;2;148;134;83m██[38;2;192;181;101m████[38;2;0;0;0m██    
████  ██[38;2;65;65;65m████[38;2;192;181;101m██████[38;2;148;134;83m██[38;2;192;181;101m██[38;2;65;65;65m██[38;2;0;0;0m██      
      ██[38;2;192;181;101m██[38;2;51;188;125m██[38;2;65;65;65m██████████[38;2;230;223;138m██[38;2;0;0;0m██      
      ██[38;2;51;188;125m██[38;2;230;223;138m██[38;2;96;220;176m████[38;2;230;223;138m██████████[38;2;0;0;0m██    
        ██[38;2;192;181;101m████[38;2;51;188;125m██[38;2;96;220;176m████[38;2;65;65;65m██[38;2;230;223;138m██████[38;2;0;0;0m██  
        ██[38;2;65;65;65m██[38;2;51;188;125m██[38;2;192;181;101m████[38;2;65;65;65m██[38;2;0;0;0m████[38;2;230;223;138m████[38;2;0;0;0m██  
          ██[38;2;65;65;65m██[38;2;148;134;83m██[38;2;65;65;65m██[38;2;0;0;0m██    ██[38;2;230;223;138m████[38;2;0;0;0m██
          ██[38;2;192;181;101m██████[38;2;0;0;0m██    ██[38;2;230;223;138m████[38;2;0;0;0m██
            ██[38;2;148;134;83m██[38;2;0;0;0m██        ████  
              ██                
[0m