            [38;2;0;0;0m████                            
    ████  ██[38;2;101;139;165m██[38;2;0;0;0m████████                      
  ██[38;2;69;103;129m██[38;2;65;65;65m██[38;2;0;0;0m██[38;2;101;139;165m████[38;2;69;103;129m██[38;2;65;65;65m██[38;2;69;103;129m████[38;2;0;0;0m████                  
  ██[38;2;69;103;129m██[38;2;101;139;165m██[38;2;65;65;65m██[38;2;101;139;165m████[38;2;69;103;129m████[38;2;65;65;65m██[38;2;69;103;129m██████[38;2;0;0;0m██                
  ██[38;2;101;139;165m██[38;2;65;65;65m██[38;2;101;139;165m████████[38;2;65;65;65m██[38;2;101;139;165m██[38;2;65;65;65m██[38;2;69;103;129m████[38;2;0;0;0m██                
██[38;2;65;65;65m██[38;2;101;139;165m████████████████[38;2;69;103;129m██[38;2;65;65;65m██[38;2;69;103;129m████[38;2;0;0;0m██  ██████      
██[38;2;214;82;99m██[38;2;101;139;165m████████[38;2;65;65;65m██[38;2;101;139;165m████████[38;2;65;65;65m██[38;2;69;103;129m██████[38;2;0;0;0m██[38;2;69;103;129m████[38;2;65;65;65m██[38;2;0;0;0m██    
██[38;2;101;139;165m████████[38;2;65;65;65m██[38;2;214;82;99m██[38;2;65;65;65m████[38;2;101;139;165m██[38;2;69;103;129m██[38;2;65;65;65m██[38;2;0;0;0m██[38;2;69;103;129m████████[38;2;0;0;0m██[38;2;65;65;65m████[38;2;0;0;0m██  
  ██[38;2;69;103;129m██[38;2;101;139;165m████[38;2;214;82;99m██[38;2;0;0;0m██[38;2;255;173;206m██[38;2;214;82;99m██[38;2;69;103;129m████[38;2;0;0;0m██  ██[38;2;69;103;129m████[38;2;0;0;0m██  ████[38;2;65;65;65m██[38;2;0;0;0m██
  ██[38;2;247;214;74m██[38;2;69;103;129m████[38;2;101;139;165m██[38;2;255;173;206m██[38;2;214;82;99m██[38;2;69;103;129m████[38;2;0;0;0m██      ████        ████
    ██[38;2;206;173;66m██[38;2;247;214;74m██[38;2;69;103;129m██████[38;2;247;214;74m██[38;2;0;0;0m██          ██            
      ██[38;2;69;103;129m██[38;2;206;173;66m██[38;2;247;214;74m██[38;2;206;173;66m██[38;2;65;65;65m██[38;2;69;103;129m██[38;2;0;0;0m██      ██[38;2;206;173;66m██[38;2;0;0;0m████        
  ████[38;2;65;65;65m██████████[38;2;69;103;129m████[38;2;101;139;165m██[38;2;0;0;0m████  ██[38;2;247;214;74m████[38;2;0;0;0m██        
██[38;2;47;70;85m████████[38;2;69;103;129m████████[38;2;65;65;65m██[38;2;101;139;165m████[38;2;65;65;65m██[38;2;0;0;0m██[38;2;206;173;66m████[38;2;247;214;74m██[38;2;206;173;66m██[38;2;0;0;0m██      
██[38;2;47;70;85m██████[38;2;0;0;0m████[38;2;69;103;129m████[38;2;65;65;65m██[38;2;101;139;165m██████[38;2;65;65;65m██[38;2;69;103;129m██[38;2;65;65;65m██[38;2;206;173;66m██[38;2;0;0;0m████        
██[38;2;65;65;65m██[38;2;0;0;0m██[38;2;65;65;65m██[38;2;0;0;0m██  ██[38;2;65;65;65m██[38;2;101;139;165m████████[38;2;65;65;65m██[38;2;69;103;129m██[38;2;0;0;0m████            
  ██  ██      ██[38;2;101;139;165m██[38;2;65;65;65m██[38;2;101;139;165m██[38;2;65;65;65m██[38;2;69;103;129m████[38;2;0;0;0m██              
              ████  ████[38;2;69;103;129m██[38;2;0;0;0m██                
                        ████                
[0m