                                      [38;2;7;7;7m██                                  ██          
                                    ██[38;2;248;248;248m██[38;2;7;7;7m██  ██                          ██[38;2;230;176;247m██[38;2;7;7;7m██        
                                  ██[38;2;66;66;66m██[38;2;248;248;248m██[38;2;7;7;7m████[38;2;248;248;248m██[38;2;7;7;7m██████                    ██[38;2;230;176;247m██[38;2;7;7;7m██        
                                ████[38;2;248;248;248m████[38;2;7;7;7m██[38;2;248;248;248m██[38;2;189;189;189m██[38;2;7;7;7m██[38;2;189;189;189m██[38;2;7;7;7m██                      ██          
                ████  ████      ██[38;2;248;248;248m██████[38;2;189;189;189m████[38;2;66;66;66m████[38;2;189;189;189m████[38;2;7;7;7m████        ████              ██  
            ████[38;2;188;84;233m████[38;2;7;7;7m██[38;2;188;84;233m██[38;2;7;7;7m██  ████[38;2;66;66;66m██[38;2;248;248;248m████[38;2;189;189;189m████[38;2;66;66;66m██[38;2;188;84;233m████[38;2;66;66;66m██[38;2;189;189;189m██[38;2;66;66;66m██[38;2;188;84;233m██[38;2;7;7;7m██    ██[38;2;188;84;233m██[38;2;144;73;181m██[38;2;7;7;7m██  ████    ██[38;2;230;176;247m██[38;2;7;7;7m██
            ██[38;2;188;84;233m████████[38;2;66;66;66m████[38;2;7;7;7m██[38;2;107;110;107m██████[38;2;66;66;66m████████[38;2;188;84;233m████████[38;2;66;66;66m██[38;2;144;73;181m██[38;2;188;84;233m██[38;2;7;7;7m██    ██[38;2;188;84;233m██████[38;2;7;7;7m██[38;2;230;176;247m████[38;2;7;7;7m██  ██[38;2;230;176;247m██[38;2;7;7;7m██
      ████    ██[38;2;66;66;66m██████[38;2;107;110;107m████████████[38;2;188;84;233m██████[38;2;66;66;66m██[38;2;188;84;233m████[38;2;144;73;181m████[38;2;188;84;233m████[38;2;144;73;181m██[38;2;188;84;233m██[38;2;7;7;7m████  ██[38;2;188;84;233m██[38;2;230;176;247m██████[38;2;7;7;7m██      ██  
      ██[38;2;188;84;233m██[38;2;7;7;7m██████[38;2;107;110;107m████████████[38;2;188;84;233m██████[38;2;79;108;60m██████[38;2;188;84;233m██[38;2;66;66;66m██[38;2;188;84;233m████[38;2;66;66;66m████[38;2;188;84;233m██[38;2;144;73;181m████[38;2;188;84;233m██[38;2;7;7;7m██  ██[38;2;230;176;247m██████[38;2;144;73;181m██[38;2;7;7;7m██          
    ██[38;2;188;84;233m████[38;2;66;66;66m██[38;2;107;110;107m██[38;2;141;141;141m██[38;2;107;110;107m████████[38;2;188;84;233m████[38;2;79;108;60m████[38;2;188;84;233m████[38;2;79;108;60m██████[38;2;144;73;181m██[38;2;66;66;66m████[38;2;96;147;49m████[38;2;66;66;66m██[38;2;188;84;233m████████[38;2;7;7;7m██[38;2;188;84;233m██[38;2;230;176;247m████[38;2;7;7;7m████    ██      
  ██[38;2;188;84;233m████[38;2;66;66;66m██[38;2;107;110;107m██████████[38;2;144;73;181m██████[38;2;79;108;60m██[38;2;96;147;49m██[38;2;79;108;60m████[38;2;188;84;233m██[38;2;79;108;60m████[38;2;144;73;181m██[38;2;188;84;233m██[38;2;66;66;66m██[38;2;96;147;49m████[38;2;66;66;66m██[38;2;188;84;233m████[38;2;144;73;181m██[38;2;188;84;233m██████████[38;2;230;176;247m██[38;2;7;7;7m██    ██[38;2;230;176;247m██[38;2;7;7;7m██    
  ██[38;2;188;84;233m██[38;2;66;66;66m██[38;2;107;110;107m██[38;2;141;141;141m██[38;2;107;110;107m██████[38;2;144;73;181m██[38;2;188;84;233m████[38;2;144;73;181m██[38;2;96;147;49m██████[38;2;144;73;181m████[38;2;188;84;233m██[38;2;144;73;181m██[38;2;188;84;233m████[38;2;66;66;66m██[38;2;96;147;49m████[38;2;66;66;66m██[38;2;188;84;233m██████[38;2;144;73;181m██[38;2;188;84;233m████[38;2;144;73;181m██[38;2;188;84;233m██[38;2;7;7;7m██      ██[38;2;230;176;247m██[38;2;7;7;7m██    
  ██[38;2;188;84;233m██[38;2;66;66;66m██[38;2;107;110;107m████████[38;2;144;73;181m██[38;2;188;84;233m██[38;2;144;73;181m████[38;2;79;108;60m██[38;2;96;147;49m████[38;2;144;73;181m██[38;2;188;84;233m████[38;2;144;73;181m████[38;2;188;84;233m██[38;2;66;66;66m██[38;2;96;147;49m██[38;2;188;84;233m██[38;2;96;147;49m████[38;2;66;66;66m██[38;2;188;84;233m████[38;2;144;73;181m██[38;2;188;84;233m████[38;2;7;7;7m████          ██      
    ██[38;2;107;110;107m██[38;2;141;141;141m██[38;2;107;110;107m██████[38;2;144;73;181m████[38;2;188;84;233m██[38;2;144;73;181m██[38;2;248;248;248m██[38;2;96;147;49m██[38;2;79;108;60m██[38;2;144;73;181m██[38;2;188;84;233m██████████[38;2;66;66;66m██[38;2;96;147;49m████[38;2;66;66;66m████[38;2;188;84;233m██[38;2;144;73;181m████[38;2;188;84;233m██[38;2;144;73;181m██[38;2;7;7;7m██                      
    ██[38;2;107;110;107m██[38;2;141;141;141m██[38;2;107;110;107m██████[38;2;188;84;233m██[38;2;248;248;248m██[38;2;7;7;7m██[38;2;188;84;233m██[38;2;248;248;248m██[38;2;144;73;181m████[38;2;188;84;233m██[38;2;66;66;66m████[38;2;188;84;233m████[38;2;66;66;66m██[38;2;96;147;49m██[38;2;79;108;60m██[38;2;66;66;66m██[38;2;188;84;233m████████████[38;2;66;66;66m██[38;2;189;189;189m██[38;2;7;7;7m██                    
  ██[38;2;96;147;49m████[38;2;107;110;107m████████[38;2;188;84;233m██[38;2;248;248;248m██[38;2;7;7;7m██[38;2;188;84;233m██[38;2;248;248;248m██[38;2;188;84;233m██[38;2;144;73;181m██[38;2;188;84;233m██[38;2;66;66;66m██[38;2;96;147;49m██[38;2;66;66;66m████[38;2;79;108;60m████[38;2;66;66;66m██[38;2;188;84;233m████[38;2;144;73;181m██[38;2;188;84;233m████[38;2;66;66;66m████[38;2;189;189;189m██[38;2;7;7;7m████                    
  ██[38;2;96;147;49m██████[38;2;107;110;107m████[38;2;188;84;233m██[38;2;96;147;49m██[38;2;36;108;63m██[38;2;248;248;248m████[38;2;188;84;233m██[38;2;144;73;181m██[38;2;188;84;233m██[38;2;66;66;66m██[38;2;96;147;49m████[38;2;188;84;233m██[38;2;79;108;60m██[38;2;188;84;233m██[38;2;79;108;60m██[38;2;66;66;66m██[38;2;188;84;233m██████[38;2;144;73;181m██[38;2;66;66;66m██[38;2;189;189;189m████[38;2;7;7;7m██                        
  ██[38;2;79;108;60m██[38;2;96;147;49m██[38;2;66;66;66m██[38;2;96;147;49m██████████[38;2;36;108;63m██[38;2;66;66;66m██[38;2;188;84;233m██[38;2;144;73;181m██[38;2;188;84;233m██[38;2;66;66;66m██[38;2;79;108;60m██[38;2;188;84;233m████[38;2;79;108;60m██████[38;2;7;7;7m████[38;2;188;84;233m████[38;2;66;66;66m██[38;2;189;189;189m████[38;2;7;7;7m██                          
    ██[38;2;66;66;66m██[38;2;96;147;49m██[38;2;66;66;66m██████[38;2;79;108;60m██[38;2;96;147;49m██[38;2;79;108;60m████[38;2;66;66;66m██[38;2;188;84;233m██[38;2;66;66;66m██[38;2;79;108;60m████[38;2;188;84;233m██[38;2;79;108;60m██[38;2;66;66;66m████[38;2;7;7;7m██    ████[38;2;189;189;189m██████[38;2;7;7;7m██                          
    ██[38;2;96;147;49m██████████[38;2;66;66;66m████[38;2;79;108;60m██[38;2;66;66;66m██[38;2;79;108;60m██[38;2;66;66;66m██[38;2;36;108;63m██[38;2;79;108;60m██[38;2;188;84;233m██[38;2;7;7;7m████[38;2;189;189;189m██████[38;2;7;7;7m████    ██[38;2;189;189;189m██[38;2;7;7;7m██                            
  ██[38;2;188;84;233m██[38;2;66;66;66m██[38;2;96;147;49m██████████[38;2;79;108;60m██[38;2;66;66;66m██[38;2;79;108;60m██████[38;2;36;108;63m██[38;2;79;108;60m██[38;2;7;7;7m██    ██[38;2;189;189;189m██████[38;2;248;248;248m██[38;2;7;7;7m██    ████                            
  ██[38;2;188;84;233m██[38;2;66;66;66m██[38;2;96;147;49m████████[38;2;79;108;60m██████████████[38;2;7;7;7m██        ██[38;2;189;189;189m██[38;2;248;248;248m██████[38;2;7;7;7m██                                  
██[38;2;188;84;233m██████[38;2;7;7;7m████[38;2;96;147;49m██[38;2;79;108;60m██[38;2;66;66;66m██████[38;2;79;108;60m████[38;2;66;66;66m████[38;2;189;189;189m██[38;2;7;7;7m██      ██[38;2;248;248;248m██████████[38;2;7;7;7m██                                
██[38;2;66;66;66m██[38;2;188;84;233m██[38;2;7;7;7m██    ██████[38;2;188;84;233m████[38;2;66;66;66m████[38;2;189;189;189m██████[38;2;7;7;7m██        ██[38;2;248;248;248m██████[38;2;7;7;7m████                                
  ██[38;2;188;84;233m██[38;2;7;7;7m██          ██[38;2;188;84;233m██████[38;2;66;66;66m██[38;2;189;189;189m██[38;2;7;7;7m██          ██[38;2;248;248;248m██[38;2;7;7;7m████                                    
    ██            ██[38;2;188;84;233m████[38;2;66;66;66m██[38;2;7;7;7m██[38;2;189;189;189m██[38;2;7;7;7m██          ████                                        
                    ██[38;2;188;84;233m██[38;2;7;7;7m██  ████                                                      
                    ████                                                              
[0m