                  [38;2;0;0;0m████      ████                      
              ████[38;2;106;106;131m██[38;2;0;0;0m██  ████[38;2;106;106;131m██[38;2;0;0;0m██                      
            ██[38;2;106;106;131m████[38;2;0;0;0m██  ██[38;2;106;106;131m████[38;2;65;65;65m██[38;2;131;139;156m██[38;2;0;0;0m██          ██████    
            ██[38;2;106;106;131m██[38;2;0;0;0m██  ██[38;2;106;106;131m████[38;2;65;65;65m██[38;2;131;139;156m████[38;2;0;0;0m██      ████[38;2;230;238;255m██[38;2;164;180;172m██[38;2;230;238;255m██[38;2;0;0;0m██  
          ██[38;2;106;106;131m██[38;2;0;0;0m████  ██[38;2;106;106;131m██[38;2;65;65;65m██[38;2;131;139;156m██████[38;2;0;0;0m██    ██[38;2;106;106;131m██[38;2;230;238;255m██[38;2;164;180;172m██[38;2;230;238;255m████[38;2;0;0;0m██  
          ████  ████[38;2;106;106;131m████[38;2;65;65;65m████[38;2;131;139;156m██[38;2;0;0;0m██    ██[38;2;106;106;131m██[38;2;164;180;172m████[38;2;230;238;255m████[38;2;0;0;0m██    
              ██[38;2;91;231;47m██[38;2;65;65;65m██[38;2;106;106;131m██[38;2;65;65;65m████[38;2;91;231;47m██[38;2;65;65;65m██[38;2;0;0;0m██  ██[38;2;106;106;131m████[38;2;230;238;255m████████[38;2;0;0;0m██    
            ██[38;2;54;121;242m██[38;2;91;231;47m██[38;2;65;65;65m████[38;2;91;231;47m██[38;2;65;65;65m██[38;2;91;231;47m████[38;2;0;0;0m██  ██[38;2;106;106;131m██[38;2;230;238;255m████[38;2;164;180;172m████[38;2;0;0;0m██      
            ██[38;2;54;121;242m██[38;2;91;231;47m██████████████[38;2;27;94;215m██[38;2;0;0;0m██[38;2;91;231;47m██[38;2;65;65;65m██[38;2;230;238;255m██[38;2;164;180;172m██[38;2;230;238;255m████[38;2;0;0;0m██      
            ██[38;2;255;255;255m██[38;2;91;231;47m████████████[38;2;27;94;215m████[38;2;65;65;65m████[38;2;91;231;47m██[38;2;65;65;65m██[38;2;230;238;255m██[38;2;65;65;65m██████[38;2;0;0;0m██    
            ██[38;2;54;121;242m██[38;2;91;231;47m████████[38;2;27;94;215m████████[38;2;65;65;65m████[38;2;91;231;47m██[38;2;65;65;65m████[38;2;213;222;205m████████[38;2;0;0;0m██  
          ██[38;2;164;180;172m██[38;2;65;65;65m██[38;2;91;231;47m██████[38;2;27;94;215m██[38;2;255;255;255m██[38;2;54;121;242m████[38;2;65;65;65m██████[38;2;91;231;47m██[38;2;65;65;65m██[38;2;213;222;205m████████████[38;2;0;0;0m██
        ██[38;2;164;180;172m████[38;2;65;65;65m██[38;2;41;175;0m██[38;2;91;231;47m████[38;2;27;94;215m████[38;2;54;121;242m██[38;2;65;65;65m██████[38;2;41;175;0m██[38;2;65;65;65m██[38;2;213;222;205m██████████████[38;2;0;0;0m██
      ██[38;2;164;180;172m████████[38;2;65;65;65m██[38;2;41;175;0m██████[38;2;65;65;65m████[38;2;41;175;0m████████[38;2;65;65;65m██[38;2;213;222;205m██████[38;2;164;180;172m██████[38;2;213;222;205m██[38;2;0;0;0m██
    ██[38;2;164;180;172m████████[38;2;131;139;156m████[38;2;65;65;65m██████[38;2;106;106;131m██[38;2;0;0;0m██[38;2;65;65;65m████[38;2;41;175;0m██[38;2;65;65;65m██[38;2;0;0;0m██[38;2;213;222;205m████[38;2;164;180;172m██[38;2;213;222;205m██████[38;2;0;0;0m██  
  ██[38;2;164;180;172m██████[38;2;131;139;156m██[38;2;0;0;0m██████[38;2;65;65;65m██[38;2;41;175;0m████[38;2;0;0;0m██  ██[38;2;106;106;131m████[38;2;0;0;0m██  ██[38;2;164;180;172m██[38;2;213;222;205m████████[38;2;0;0;0m██  
██[38;2;164;180;172m████[38;2;0;0;0m██████    ██[38;2;41;175;0m██[38;2;33;138;0m██[38;2;41;175;0m██[38;2;0;0;0m████[38;2;91;231;47m████[38;2;65;65;65m██[38;2;106;106;131m██[38;2;0;0;0m████[38;2;65;65;65m██[38;2;213;222;205m████████[38;2;0;0;0m██  
  ████          ██[38;2;65;65;65m██[38;2;41;175;0m██[38;2;65;65;65m██[38;2;91;231;47m██[38;2;33;138;0m██████[38;2;91;231;47m██[38;2;65;65;65m████[38;2;91;231;47m██[38;2;65;65;65m██[38;2;213;222;205m████████[38;2;0;0;0m██  
              ██[38;2;164;180;172m████[38;2;65;65;65m████[38;2;33;138;0m████[38;2;91;231;47m██[38;2;33;138;0m██[38;2;65;65;65m██[38;2;41;175;0m██[38;2;65;65;65m██[38;2;91;231;47m██[38;2;65;65;65m██[38;2;164;180;172m██[38;2;213;222;205m████[38;2;164;180;172m██[38;2;0;0;0m██  
              ██[38;2;164;180;172m██[38;2;0;0;0m████[38;2;91;231;47m████[38;2;33;138;0m██[38;2;65;65;65m██[38;2;41;175;0m██[38;2;65;65;65m██[38;2;41;175;0m██[38;2;65;65;65m██[38;2;33;138;0m██[38;2;91;231;47m██[38;2;65;65;65m██[38;2;213;222;205m████[38;2;0;0;0m██    
            ██[38;2;164;180;172m██[38;2;0;0;0m██  ██[38;2;33;138;0m██[38;2;91;231;47m██[38;2;41;175;0m██[38;2;65;65;65m██[38;2;41;175;0m██[38;2;65;65;65m████[38;2;33;138;0m██[38;2;65;65;65m██[38;2;33;138;0m██[38;2;0;0;0m██[38;2;213;222;205m████[38;2;0;0;0m██    
            ████  ██[38;2;226;255;119m██[38;2;167;209;15m██[38;2;33;138;0m██[38;2;41;175;0m██[38;2;65;65;65m██[38;2;0;0;0m██████[38;2;164;180;172m██[38;2;230;238;255m██[38;2;0;0;0m██  ██[38;2;213;222;205m██[38;2;0;0;0m██    
                ██[38;2;167;209;15m██[38;2;226;255;119m████[38;2;65;65;65m██[38;2;0;0;0m████    ██[38;2;230;238;255m██[38;2;131;139;156m██[38;2;0;0;0m██  ██[38;2;213;222;205m██[38;2;0;0;0m██    
                ██[38;2;226;255;119m██[38;2;167;209;15m██[38;2;0;0;0m████        ██[38;2;230;238;255m██[38;2;0;0;0m██      ██      
              ██[38;2;226;255;119m██[38;2;0;0;0m████            ████                
              ████                                    
[0m