                      [38;2;0;0;0m████████                  
                  ████[38;2;244;204;186m████████[38;2;0;0;0m████              
                ██[38;2;244;204;186m██[38;2;242;204;187m████████[38;2;251;204;185m██[38;2;119;86;70m██[38;2;170;118;95m██[38;2;0;0;0m██            
              ██[38;2;244;204;186m████[38;2;242;204;187m████████[38;2;119;86;70m██[38;2;163;125;108m██[38;2;170;118;95m██[38;2;0;0;0m██            
              ██[38;2;227;183;161m██[38;2;242;205;188m██████[38;2;227;183;161m████[38;2;116;91;77m██[38;2;171;117;94m██[38;2;170;118;95m██[38;2;0;0;0m██            
            ██[38;2;227;183;161m████████████[38;2;96;96;96m██[38;2;171;117;94m████[38;2;170;118;95m████[38;2;0;0;0m██          
            ██[38;2;94;97;94m██[38;2;229;182;160m████[38;2;227;183;161m████[38;2;96;96;96m████[38;2;171;117;94m████████[38;2;0;0;0m██          
            ██[38;2;94;97;94m██[38;2;229;182;160m████[38;2;227;183;161m██[38;2;96;96;96m████[38;2;227;183;161m██[38;2;171;117;94m████████[38;2;0;0;0m██          
            ██[38;2;109;92;84m██[38;2;96;96;96m██[38;2;227;183;161m██[38;2;96;96;96m████[38;2;227;183;161m████[38;2;116;91;77m██[38;2;171;117;94m██████[38;2;0;0;0m██          
            ██[38;2;217;183;168m██[38;2;96;96;96m██████[38;2;227;183;161m████[38;2;96;96;96m██[38;2;116;91;77m██[38;2;171;117;94m██[38;2;227;183;161m██[38;2;171;117;94m██[38;2;227;183;161m██[38;2;0;0;0m██        
            ██[38;2;217;183;168m██[38;2;227;183;161m██[38;2;96;96;96m██[38;2;227;183;161m████[38;2;96;96;96m████[38;2;227;183;161m██[38;2;115;89;77m██[38;2;163;118;100m██[38;2;235;183;160m██[38;2;157;118;101m██[38;2;0;0;0m██        
            ██[38;2;109;92;84m██[38;2;227;183;161m██[38;2;96;96;96m██[38;2;227;183;161m██[38;2;96;96;96m████[38;2;227;183;161m██████[38;2;127;87;70m██[38;2;163;118;100m██[38;2;236;178;153m██[38;2;0;0;0m██        
            [38;2;0;4;8m██[38;2;109;94;88m██[38;2;227;183;161m██[38;2;96;96;96m██[38;2;227;183;161m██[38;2;96;96;96m██[38;2;227;183;161m████[38;2;229;182;160m████[38;2;227;183;161m██[38;2;115;89;77m████[38;2;227;183;161m██[38;2;0;0;0m██      
          ██[38;2;217;183;168m██[38;2;109;94;88m██[38;2;227;183;161m██[38;2;96;96;96m██[38;2;227;183;161m██[38;2;96;96;96m██[38;2;227;183;161m██[38;2;96;96;96m██[38;2;229;182;160m████[38;2;227;183;161m██████████[38;2;0;0;0m████  
        ██[38;2;227;183;161m██[38;2;93;97;95m██[38;2;234;193;176m██[38;2;244;204;186m██[38;2;95;95;93m██[38;2;244;204;186m██[38;2;95;95;93m██[38;2;203;171;156m██[38;2;107;101;99m██[38;2;227;183;161m████[38;2;229;182;160m████████[38;2;227;183;161m██████[38;2;0;0;0m██
    ██[38;2;114;89;77m██[38;2;227;183;161m████[38;2;93;97;95m██[38;2;234;193;176m██[38;2;95;95;93m██[38;2;244;204;186m████[38;2;95;95;93m██[38;2;251;209;187m████[38;2;96;96;96m██[38;2;227;183;161m██[38;2;229;182;160m████████[38;2;227;183;161m██[38;2;115;89;77m██[38;2;114;91;81m██[38;2;0;0;0m██
    ██[38;2;170;118;95m██[38;2;116;91;77m████[38;2;244;204;186m████████████████████[38;2;234;180;159m██[38;2;118;93;79m██[38;2;116;91;77m████[38;2;114;81;64m██[38;2;171;121;96m██[38;2;0;0;0m██  
      ██[38;2;171;117;94m████[38;2;93;110;102m██[38;2;85;106;98m██████[38;2;116;90;75m████[38;2;93;110;102m██[38;2;85;106;98m██[38;2;96;102;97m██[38;2;63;119;149m██[38;2;88;105;97m██[38;2;143;133;101m██[38;2;171;117;94m████[38;2;171;121;96m██[38;2;0;4;0m██    
        [38;2;0;0;0m██[38;2;170;118;95m██[38;2;61;112;132m██[38;2;125;226;248m██[38;2;0;4;0m██[38;2;35;136;158m██[38;2;171;117;94m████[38;2;63;116;145m██[38;2;116;217;239m██[38;2;0;0;0m██[38;2;114;249;253m██[38;2;109;210;232m██[38;2;65;121;134m██[38;2;170;118;95m██[38;2;0;0;0m████      
          ██[38;2;0;12;8m██[38;2;61;112;132m██[38;2;128;251;255m████[38;2;63;119;149m████[38;2;116;217;239m████[38;2;114;249;253m████[38;2;65;121;134m██[38;2;75;176;198m██[38;2;0;0;0m██          
              ████[38;2;63;119;149m██[38;2;170;118;95m████[38;2;63;117;147m██████[38;2;66;65;66m██[38;2;68;55;52m██[38;2;0;4;8m██            
                  [38;2;0;0;0m██[38;2;66;65;66m████████████[38;2;207;157;141m████[38;2;0;0;0m██          
      ██████      ██[38;2;190;158;141m██[38;2;66;65;66m██[38;2;170;118;95m████[38;2;66;65;66m██[38;2;246;210;188m██[38;2;247;201;173m██[38;2;66;60;57m██[38;2;78;62;53m██[38;2;0;4;8m██[38;2;0;0;0m████    
  ████[38;2;227;183;161m██████[38;2;0;0;0m██████[38;2;170;118;95m██[38;2;66;65;66m██[38;2;251;208;182m██[38;2;66;65;66m████[38;2;246;210;188m██[38;2;66;65;66m██[38;2;66;60;57m██[38;2;156;130;115m██[38;2;78;62;53m██[38;2;159;119;102m██[38;2;114;91;81m██[38;2;227;183;161m██[38;2;0;0;0m██  
[38;2;0;4;8m██[38;2;197;80;222m██[38;2;115;88;74m██[38;2;170;118;95m██[38;2;24;125;147m██[38;2;128;229;251m██[38;2;229;182;160m████[38;2;90;70;57m██[38;2;167;126;109m██[38;2;0;0;0m██[38;2;77;70;60m██[38;2;170;118;95m████[38;2;90;69;57m██[38;2;148;114;98m██[38;2;66;65;66m████[38;2;170;118;95m██[38;2;115;88;74m██[38;2;191;74;216m██[38;2;115;88;74m██[38;2;227;183;161m██[38;2;0;0;0m██
[38;2;0;4;8m██[38;2;154;37;179m██[38;2;115;88;74m████[38;2;61;162;184m██[38;2;24;125;147m██[38;2;229;182;160m████[38;2;243;183;160m██[38;2;16;12;8m██[38;2;0;0;0m██[38;2;237;207;187m██[38;2;209;156;138m████[38;2;255;209;184m██[38;2;205;160;139m██[38;2;66;65;66m██[38;2;73;190;202m██[38;2;115;88;74m████████[38;2;227;183;161m██[38;2;0;0;0m██
██[38;2;114;89;77m██[38;2;247;219;107m██[38;2;118;89;76m██[38;2;116;91;77m██[38;2;171;117;94m██[38;2;170;118;95m████[38;2;0;0;0m██  [38;2;16;4;8m██[38;2;179;147;132m██[38;2;227;183;161m████[38;2;207;156;139m██[38;2;226;183;163m██[38;2;66;60;57m██[38;2;120;99;89m██[38;2;117;87;76m██[38;2;247;215;107m██[38;2;116;91;77m██[38;2;171;117;94m██[38;2;170;118;95m██[38;2;0;0;0m██
  ██[38;2;118;89;76m████[38;2;171;117;94m████[38;2;0;0;0m████  ██[38;2;255;221;200m██[38;2;179;147;132m██[38;2;227;183;161m██[38;2;208;156;138m██[38;2;246;210;188m██[38;2;207;156;139m██[38;2;227;178;153m██[38;2;66;60;57m██[38;2;168;124;94m██[38;2;117;87;76m██[38;2;171;117;94m████[38;2;0;0;0m██  
    ████████      ██[38;2;121;93;82m██[38;2;227;170;145m██[38;2;227;183;161m████[38;2;226;167;144m████[38;2;229;182;160m████[38;2;74;64;60m████[38;2;0;0;0m████    
                ██[38;2;170;118;95m██[38;2;170;134;109m██[38;2;66;56;49m██[38;2;66;65;66m████[38;2;74;65;57m██[38;2;151;115;101m██[38;2;229;182;160m████[38;2;225;184;168m██[38;2;0;4;8m██        
                [38;2;0;0;0m██[38;2;170;118;95m██[38;2;78;62;53m██[38;2;159;119;102m██[38;2;170;118;95m██[38;2;66;65;66m██[38;2;170;118;95m██[38;2;66;65;66m██[38;2;82;60;52m██[38;2;167;118;99m██[38;2;170;118;95m████[38;2;0;0;0m██      
                  ██[38;2;0;4;8m██[38;2;78;62;53m██[38;2;170;118;95m██[38;2;66;65;66m██[38;2;170;118;95m████[38;2;167;118;99m██[38;2;0;0;8m██[38;2;0;0;0m████        
                      ████[38;2;227;183;161m██████[38;2;0;0;0m██              
                          ██████                
[0m