        [38;2;0;0;0m████████                      
      ██[38;2;191;184;197m██[38;2;227;223;232m██████[38;2;0;0;0m██                    
      ██[38;2;227;223;232m██████[38;2;191;184;197m██[38;2;144;133;153m██[38;2;0;0;0m██                  
      ██[38;2;144;133;153m████████[38;2;191;184;197m████[38;2;0;0;0m████              
        ██[38;2;65;65;65m████[38;2;144;133;153m██[38;2;191;184;197m████████[38;2;0;0;0m██            
    ████[38;2;227;223;232m██████[38;2;65;65;65m████[38;2;191;184;197m██████[38;2;0;0;0m██            
  ██[38;2;191;184;197m██[38;2;227;223;232m██████[38;2;144;133;153m██[38;2;191;184;197m████[38;2;65;65;65m██[38;2;191;184;197m██████[38;2;0;0;0m████        
  ██[38;2;144;133;153m██[38;2;227;223;232m██████[38;2;144;133;153m██[38;2;191;184;197m████[38;2;65;65;65m██[38;2;144;133;153m██[38;2;191;184;197m██[38;2;65;65;65m████[38;2;191;184;197m██[38;2;0;0;0m████    
██[38;2;191;184;197m████[38;2;65;65;65m██████[38;2;191;184;197m████████[38;2;65;65;65m████[38;2;191;184;197m████[38;2;65;65;65m████[38;2;191;184;197m██[38;2;0;0;0m██  
██[38;2;191;184;197m██[38;2;65;65;65m██[38;2;206;66;58m██[38;2;214;99;66m██[38;2;206;66;58m██[38;2;65;65;65m██[38;2;191;184;197m████[38;2;144;133;153m██[38;2;65;65;65m████[38;2;191;184;197m██████[38;2;144;133;153m██[38;2;65;65;65m██[38;2;0;0;0m██  
██[38;2;144;133;153m██[38;2;65;65;65m██[38;2;214;99;66m██[38;2;0;0;0m██[38;2;214;99;66m██[38;2;65;65;65m██[38;2;144;133;153m████[38;2;191;184;197m██[38;2;65;65;65m██[38;2;144;133;153m██[38;2;65;65;65m██[38;2;144;133;153m██[38;2;191;184;197m████[38;2;65;65;65m██[38;2;191;184;197m██[38;2;0;0;0m██
  ██[38;2;65;65;65m██[38;2;206;66;58m██[38;2;214;99;66m██[38;2;206;66;58m██[38;2;65;65;65m██[38;2;191;184;197m████[38;2;65;65;65m████[38;2;144;133;153m██[38;2;65;65;65m██[38;2;191;184;197m██[38;2;144;133;153m████[38;2;65;65;65m██[38;2;144;133;153m██[38;2;0;0;0m██
  ██[38;2;144;133;153m██[38;2;65;65;65m██████[38;2;144;133;153m██[38;2;65;65;65m██[38;2;144;133;153m██[38;2;65;65;65m████[38;2;144;133;153m████[38;2;65;65;65m██[38;2;191;184;197m██[38;2;65;65;65m██[38;2;191;184;197m██[38;2;144;133;153m██[38;2;0;0;0m██
    ████[38;2;144;133;153m██████[38;2;0;0;0m██████[38;2;191;184;197m██[38;2;65;65;65m████████[38;2;191;184;197m██[38;2;144;133;153m██[38;2;0;0;0m██  
        ██████    ██[38;2;144;133;153m████[38;2;191;184;197m██████[38;2;144;133;153m████[38;2;0;0;0m██  
                    ████[38;2;144;133;153m██████[38;2;0;0;0m████    
                        ██████        
[0m