      [38;2;0;0;0m████                      
████  ██[38;2;90;194;34m██[38;2;0;0;0m██                    
██[38;2;115;237;112m██[38;2;0;0;0m████[38;2;115;237;112m██[38;2;0;0;0m██  ██                
██[38;2;66;117;30m██[38;2;90;194;34m██[38;2;66;117;30m██[38;2;115;237;112m██[38;2;90;194;34m██[38;2;0;0;0m██[38;2;115;237;112m██[38;2;0;0;0m██              
  ██[38;2;90;194;34m██[38;2;66;117;30m██[38;2;115;237;112m████[38;2;66;117;30m██[38;2;115;237;112m██[38;2;0;0;0m██              
  ██[38;2;230;89;145m██[38;2;65;65;65m██[38;2;115;237;112m██[38;2;66;117;30m██[38;2;90;194;34m██[38;2;115;237;112m██[38;2;0;0;0m██    ██        
██[38;2;66;117;30m████[38;2;255;104;138m██[38;2;230;89;145m██[38;2;66;117;30m██[38;2;115;237;112m██[38;2;90;194;34m██[38;2;0;0;0m██  ██[38;2;90;194;34m██[38;2;0;0;0m██      
██[38;2;181;181;197m██[38;2;55;98;35m██[38;2;66;117;30m████[38;2;255;104;138m██[38;2;230;89;145m██[38;2;0;0;0m██  ██[38;2;65;65;65m██[38;2;115;237;112m██[38;2;0;0;0m██  ██  
██[38;2;255;255;255m██[38;2;66;117;30m██[38;2;55;98;35m████[38;2;66;117;30m████[38;2;55;98;35m██[38;2;0;0;0m██[38;2;90;194;34m██[38;2;65;65;65m██[38;2;115;237;112m██[38;2;90;194;34m██[38;2;65;65;65m██[38;2;115;237;112m██[38;2;0;0;0m██
██[38;2;66;117;30m██[38;2;255;104;138m██[38;2;181;181;197m██[38;2;255;255;255m██[38;2;55;98;35m██████[38;2;65;65;65m██[38;2;90;194;34m██[38;2;65;65;65m██[38;2;115;237;112m████[38;2;65;65;65m██[38;2;115;237;112m██[38;2;0;0;0m██
██[38;2;255;104;138m████[38;2;255;255;255m██[38;2;0;0;0m██[38;2;66;117;30m████[38;2;65;65;65m██[38;2;230;89;145m██[38;2;65;65;65m██[38;2;90;194;34m██[38;2;115;237;112m██[38;2;65;65;65m██[38;2;90;194;34m████[38;2;0;0;0m██
  ██[38;2;255;104;138m██[38;2;66;117;30m████[38;2;255;104;138m██[38;2;66;117;30m██[38;2;65;65;65m██[38;2;66;117;30m████[38;2;255;104;138m██[38;2;230;89;145m████[38;2;115;237;112m██[38;2;0;0;0m██  
  ██[38;2;65;65;65m██[38;2;66;117;30m██████[38;2;55;98;35m██[38;2;65;65;65m██[38;2;181;181;197m██[38;2;55;98;35m██[38;2;66;117;30m████[38;2;255;104;138m██[38;2;65;65;65m██[38;2;230;89;145m██[38;2;0;0;0m██
    ██[38;2;65;65;65m██████████[38;2;255;255;255m██[38;2;66;117;30m██[38;2;55;98;35m██████[38;2;230;89;145m██[38;2;55;98;35m██[38;2;0;0;0m██
    ██[38;2;181;181;197m██[38;2;230;89;145m████[38;2;181;181;197m██[38;2;65;65;65m██[38;2;66;117;30m██[38;2;255;104;138m██[38;2;0;0;0m██[38;2;255;255;255m██[38;2;66;117;30m██████[38;2;0;0;0m██
  ██[38;2;65;65;65m██[38;2;255;104;138m██[38;2;255;255;255m████[38;2;255;104;138m██[38;2;65;65;65m██[38;2;255;104;138m████[38;2;255;255;255m██[38;2;181;181;197m██[38;2;66;117;30m████[38;2;0;0;0m██  
  ██[38;2;65;65;65m████[38;2;255;104;138m████[38;2;65;65;65m██████[38;2;255;104;138m██[38;2;66;117;30m████[38;2;255;104;138m██[38;2;65;65;65m██[38;2;0;0;0m██  
  ██[38;2;123;123;148m██[38;2;65;65;65m████████[38;2;189;189;206m██[38;2;230;89;145m██[38;2;65;65;65m████████[38;2;0;0;0m██    
  ██[38;2;123;123;148m████[38;2;189;189;206m████████[38;2;65;65;65m██[38;2;230;89;145m██[38;2;189;189;206m████[38;2;230;89;145m██[38;2;65;65;65m██[38;2;0;0;0m██  
    ██[38;2;123;123;148m████[38;2;189;189;206m██[38;2;65;65;65m██[38;2;189;189;206m██[38;2;65;65;65m████[38;2;230;89;145m████[38;2;65;65;65m████[38;2;0;0;0m██  
    ██[38;2;123;123;148m██████████[38;2;189;189;206m██[38;2;65;65;65m████████[38;2;123;123;148m██[38;2;0;0;0m██  
      ████████[38;2;123;123;148m████████████[38;2;0;0;0m██    
              ██[38;2;123;123;148m████████[38;2;0;0;0m██      
                ████████        
[0m