                    [38;2;0;0;0m██                                                  
                ████[38;2;170;181;49m██[38;2;0;0;0m██      ████                                      
              ██[38;2;160;176;49m████[38;2;157;170;62m██[38;2;3;0;8m██  [38;2;0;0;0m████[38;2;226;247;82m████[38;2;0;0;0m██                                    
            ██[38;2;170;181;49m██[38;2;160;176;49m██[38;2;66;65;66m██[38;2;80;85;35m██[38;2;3;0;8m██[38;2;0;0;0m██[38;2;226;247;82m██████[38;2;0;0;0m██                                      
        [38;2;8;7;0m████[38;2;226;247;82m████[38;2;227;247;79m████[38;2;161;177;49m██[38;2;226;247;82m██[38;2;227;247;79m████[38;2;213;239;82m██[38;2;57;60;74m██[38;2;0;0;0m██                                      
      ██[38;2;163;172;142m██[38;2;242;255;214m██[38;2;255;255;255m██[38;2;226;247;82m██[38;2;227;247;79m████[38;2;226;247;82m████[38;2;227;247;79m████[38;2;57;60;74m██[38;2;130;96;118m██[38;2;0;0;0m██                                      
      ██[38;2;255;255;255m████[38;2;202;230;85m██[38;2;255;243;107m██[38;2;255;243;115m████[38;2;227;247;79m████[38;2;140;160;78m██[38;2;64;66;57m██[38;2;205;239;132m██[38;2;132;98;120m██[38;2;0;0;0m██                                      
    ██[38;2;255;255;255m████[38;2;226;247;82m██[38;2;255;243;107m██[38;2;181;150;41m██[38;2;178;151;49m██[38;2;255;243;115m████[38;2;227;247;79m██[38;2;64;66;57m██[38;2;217;255;99m██[38;2;132;98;120m██[38;2;8;0;24m██                                        
    [38;2;0;0;0m██[38;2;211;215;206m██[38;2;255;255;255m██[38;2;226;247;82m██[38;2;140;134;74m██[38;2;255;255;255m████[38;2;181;150;49m██[38;2;255;243;115m██[38;2;227;247;79m██[38;2;226;247;82m██[38;2;128;94;116m██[38;2;121;87;109m██[38;2;156;173;78m██[38;2;0;0;0m██                                      
    ██[38;2;211;215;206m██[38;2;255;255;255m██████[38;2;140;134;74m██[38;2;255;255;255m██[38;2;181;150;49m██[38;2;255;243;115m██[38;2;227;247;79m██[38;2;226;247;82m████[38;2;227;247;74m████[38;2;226;247;82m██[38;2;0;0;0m██                                    
  ██[38;2;255;255;255m████████[38;2;0;4;1m██[38;2;98;106;101m██[38;2;255;255;239m██[38;2;181;158;41m██[38;2;255;244;112m██[38;2;255;255;255m██[38;2;227;247;79m████[38;2;226;247;82m██[38;2;161;177;49m██[38;2;0;0;0m██              ██                      
██[38;2;255;255;255m██████████[38;2;148;158;151m██[38;2;98;106;101m██[38;2;181;158;41m██[38;2;218;206;140m██[38;2;255;255;255m████[38;2;227;247;79m████[38;2;226;247;82m████[38;2;0;0;0m██            ██[38;2;222;255;115m██[38;2;0;0;0m████                  
██[38;2;129;95;117m██[38;2;128;94;116m████[38;2;255;255;255m████████████[38;2;250;247;255m██[38;2;221;239;82m██[38;2;227;247;79m████████[38;2;226;247;82m██[38;2;0;0;0m████    ████[38;2;225;255;99m██[38;2;161;177;49m████[38;2;219;247;99m██[38;2;5;0;16m██                
  [38;2;0;0;0m██[38;2;128;94;116m██[38;2;255;255;255m████████████[38;2;211;214;205m██[38;2;240;244;197m██[38;2;250;247;255m██[38;2;227;247;79m████████[38;2;226;247;82m██████[38;2;0;0;0m████[38;2;226;247;82m██[38;2;150;170;66m████[38;2;226;247;82m████[38;2;219;247;99m██[38;2;77;82;43m██[38;2;0;0;0m████            
    ██[38;2;255;255;255m██████[38;2;0;0;0m██████[38;2;211;215;206m██[38;2;211;214;205m██[38;2;255;255;255m██████[38;2;227;247;79m████████████████[38;2;226;247;82m████[38;2;213;239;82m██[38;2;57;60;74m██[38;2;66;65;66m██[38;2;129;95;117m██████[38;2;0;0;0m██          
      ██████      ██[38;2;211;214;205m██[38;2;255;255;255m████[38;2;226;247;82m██[38;2;227;247;79m████████████████[38;2;226;247;82m██[38;2;66;65;66m██[38;2;57;60;74m██[38;2;130;96;118m██[38;2;129;95;117m████[38;2;93;59;81m██[38;2;0;0;0m██            
                  ██[38;2;231;230;222m████[38;2;240;239;255m██[38;2;230;247;82m██[38;2;226;247;82m████[38;2;66;65;66m████[38;2;57;60;74m██[38;2;213;239;82m████[38;2;57;60;74m██[38;2;66;65;66m██[38;2;129;95;117m██[38;2;128;94;116m████[38;2;129;95;117m██[38;2;104;70;92m██[38;2;129;95;117m████[38;2;0;0;0m██          
                    ██[38;2;231;230;222m██[38;2;236;241;197m██[38;2;230;247;82m██[38;2;226;247;82m██[38;2;66;65;66m██[38;2;129;95;117m████[38;2;130;96;118m██[38;2;57;60;74m████[38;2;130;96;118m██[38;2;129;95;117m████[38;2;128;94;116m████[38;2;129;95;117m████[38;2;93;59;81m██[38;2;0;0;0m██            
                    [38;2;3;0;8m██[38;2;157;170;62m██[38;2;211;215;206m██[38;2;170;181;49m██[38;2;66;65;66m██[38;2;129;95;117m██[38;2;128;94;116m████[38;2;129;95;117m████████[38;2;95;61;83m██[38;2;131;97;119m██[38;2;128;94;116m████[38;2;129;95;117m██[38;2;93;59;81m██[38;2;0;0;0m██[38;2;170;181;49m██[38;2;0;0;0m██          
                    [38;2;3;0;8m██[38;2;80;85;35m██[38;2;170;181;49m████[38;2;66;65;66m██[38;2;129;95;117m██[38;2;128;94;116m████[38;2;129;95;117m██[38;2;66;65;66m██[38;2;129;95;117m██[38;2;66;65;66m██[38;2;95;61;83m██[38;2;0;0;0m██[38;2;128;94;116m████[38;2;129;95;117m██[38;2;0;0;0m██  ██[38;2;170;181;49m██[38;2;0;0;0m████      
                      ██[38;2;91;57;79m██[38;2;170;181;49m██[38;2;66;69;67m██[38;2;129;95;117m██[38;2;128;94;116m████[38;2;129;95;117m██[38;2;0;0;0m████[38;2;103;69;91m████[38;2;0;0;0m██[38;2;129;95;117m██████[38;2;0;0;0m██    ██[38;2;170;181;49m████[38;2;0;0;0m████  
                      ██[38;2;91;57;79m████[38;2;66;69;67m██[38;2;102;68;90m██[38;2;128;94;116m████[38;2;0;0;0m██    ██[38;2;103;69;91m████[38;2;0;0;0m██[38;2;129;95;117m██████[38;2;0;0;0m██    ████[38;2;170;181;49m████[38;2;0;0;0m██
                      ██[38;2;170;181;49m████[38;2;0;0;0m██[38;2;66;64;65m██[38;2;128;94;116m████[38;2;0;0;0m██    ██[38;2;73;85;35m██[38;2;0;1;8m██  [38;2;0;0;0m██[38;2;131;97;119m████[38;2;0;0;0m██        ████  
                      ██[38;2;148;148;148m████[38;2;0;0;0m██[38;2;66;64;65m██[38;2;226;247;82m████[38;2;0;0;0m██    ██[38;2;147;170;62m██[38;2;0;1;8m██    [38;2;0;4;1m██[38;2;95;61;83m██[38;2;0;0;0m██              
                      ██[38;2;148;148;148m██[38;2;0;0;0m██  ██[38;2;163;172;142m██[38;2;8;7;0m██    [38;2;0;0;0m██[38;2;170;181;49m████[38;2;0;0;0m██    [38;2;8;7;0m██[38;2;233;255;74m██[38;2;0;0;0m██              
                    ██[38;2;148;150;149m██[38;2;148;148;148m██[38;2;0;0;0m██  ██[38;2;242;255;214m██[38;2;8;7;0m██      [38;2;0;0;0m████    ██[38;2;158;172;49m████[38;2;0;0;0m██              
                  ██[38;2;148;148;148m████[38;2;0;0;0m██  [38;2;8;8;8m██[38;2;255;255;255m████[38;2;0;0;0m██                ████                
                    ████  ██[38;2;255;255;255m██[38;2;131;131;131m██[38;2;255;255;255m██[38;2;0;0;0m██                                    
                            ██████                                      
[0m