                                [38;2;0;0;0m██████  ████████                                
                              ██[38;2;139;114;112m████[38;2;139;113;115m██[38;2;0;0;0m██[38;2;139;114;112m████[38;2;137;114;112m██[38;2;115;77;74m██[38;2;0;0;0m████                            
                        ██████[38;2;139;113;115m██[38;2;139;114;112m████[38;2;139;113;115m████[38;2;139;114;112m████[38;2;137;114;112m████[38;2;115;73;71m████[38;2;0;0;0m██                          
                      ██[38;2;115;77;74m██[38;2;137;114;112m██[38;2;139;114;112m████████████████████[38;2;139;113;115m██[38;2;112;75;71m██[38;2;115;73;71m██[38;2;0;0;0m████                      
                      ██[38;2;137;114;112m████[38;2;139;114;112m████████████████████[38;2;112;75;71m██[38;2;139;113;115m██[38;2;115;73;71m████[38;2;111;76;74m██[38;2;0;0;0m████                  
                    ██[38;2;137;116;115m██[38;2;139;114;112m████[38;2;137;114;112m████████[38;2;139;114;112m████████[38;2;137;114;112m██[38;2;115;77;74m██[38;2;139;113;115m██[38;2;112;75;71m██[38;2;139;113;115m██[38;2;112;75;71m████[38;2;65;64;65m██[38;2;189;96;65m██[38;2;0;0;0m██                
                    ██[38;2;68;58;57m██[38;2;139;114;112m████[38;2;137;114;112m██[38;2;115;77;74m████[38;2;137;114;112m██[38;2;139;114;112m████████[38;2;137;114;112m████[38;2;112;75;71m██[38;2;139;113;115m██[38;2;112;75;71m██████[38;2;65;64;65m██[38;2;189;96;65m████[38;2;0;0;0m██              
                  ██[38;2;112;75;71m██[38;2;139;113;115m██[38;2;139;114;112m████[38;2;115;77;74m██[38;2;137;114;112m██[38;2;139;114;112m████[38;2;137;114;112m████[38;2;139;114;112m████[38;2;139;113;115m██[38;2;112;75;71m██[38;2;112;77;71m████████████[38;2;65;64;65m██[38;2;197;92;65m██[38;2;189;96;65m██[38;2;0;0;0m██      ██    
                ██[38;2;111;76;74m██[38;2;112;75;71m████[38;2;139;114;112m████[38;2;137;114;112m████[38;2;139;114;112m████[38;2;137;114;112m██[38;2;115;77;74m██[38;2;82;74;68m████[38;2;112;75;71m████[38;2;112;77;71m████████████[38;2;109;73;65m██[38;2;65;64;65m██[38;2;189;96;65m██[38;2;0;0;0m██    ██[38;2;123;82;53m██[38;2;0;0;0m██  
                ██[38;2;111;76;74m██[38;2;112;75;71m████[38;2;65;64;65m████[38;2;112;75;71m██[38;2;139;113;115m██████[38;2;112;77;71m████████[38;2;82;72;68m██[38;2;115;73;71m████[38;2;82;72;68m██[38;2;112;75;71m████[38;2;115;77;74m████[38;2;82;72;68m██[38;2;65;64;65m██[38;2;191;93;63m████[38;2;0;0;8m████[38;2;123;82;53m████[38;2;0;0;0m██  
                  ██[38;2;112;75;71m██[38;2;65;64;65m██[38;2;112;75;71m████████████[38;2;112;77;71m████████[38;2;115;73;71m████████[38;2;65;64;65m████[38;2;65;68;65m██[38;2;82;70;68m██[38;2;82;72;68m██[38;2;65;64;65m██[38;2;191;93;63m████[38;2;180;98;74m██[38;2;90;50;41m██[38;2;65;64;65m██[38;2;123;82;53m██[38;2;0;0;0m██  
  ████          [38;2;0;0;8m██[38;2;79;66;65m██[38;2;65;64;65m██[38;2;112;75;71m██[38;2;112;77;71m████████████████████[38;2;115;73;71m██[38;2;82;72;68m██[38;2;90;76;71m████[38;2;235;190;178m████[38;2;238;191;180m██[38;2;65;64;65m████████[38;2;191;95;65m██████[38;2;123;82;53m████[38;2;76;64;60m██[38;2;0;0;0m██
██[38;2;172;144;139m████[38;2;0;0;0m████  ████[38;2;159;131;123m██[38;2;238;195;180m██[38;2;65;64;65m██[38;2;112;75;71m██[38;2;112;77;71m████████████████████[38;2;115;73;71m████[38;2;90;76;71m██[38;2;238;191;180m██[38;2;255;255;255m████[38;2;238;191;180m████[38;2;111;105;1m██[38;2;220;220;55m██[38;2;65;64;65m██████[38;2;128;80;65m██[38;2;123;82;53m██[38;2;65;64;65m██[38;2;230;190;180m██[38;2;0;0;0m██
  ██[38;2;180;135;115m██[38;2;120;89;76m██[38;2;201;201;20m██[38;2;0;0;0m██[38;2;201;201;20m██[38;2;107;102;1m██[38;2;238;191;180m██[38;2;172;143;137m██[38;2;65;61;57m██[38;2;101;87;82m██[38;2;112;77;71m████████████[38;2;115;73;71m████[38;2;112;77;71m████[38;2;115;77;74m████[38;2;84;72;68m██[38;2;169;143;137m██[38;2;238;191;180m████[38;2;255;252;246m██[38;2;105;99;1m██[38;2;221;221;57m██[38;2;106;83;1m██[38;2;255;183;148m██[38;2;107;102;1m██[38;2;180;157;131m██[38;2;106;68;41m██[38;2;74;65;66m██[38;2;255;255;255m██[38;2;238;191;180m██[38;2;0;0;0m██
    ██[38;2;120;89;76m██[38;2;201;201;20m██[38;2;105;99;1m██[38;2;201;201;20m██[38;2;107;102;1m██[38;2;172;143;137m████[38;2;172;141;131m██[38;2;65;61;57m██[38;2;112;77;71m████████████[38;2;115;73;71m██[38;2;82;72;68m██[38;2;112;77;71m████[38;2;82;70;68m██[38;2;65;68;65m██[38;2;169;143;137m████[38;2;172;143;137m████[38;2;211;195;180m██[38;2;105;99;1m██[38;2;221;221;57m██[38;2;106;83;1m██[38;2;107;102;1m██[38;2;224;224;62m██[38;2;88;69;1m██[38;2;255;245;222m██[38;2;255;255;255m██[38;2;194;191;191m██[38;2;0;0;0m██  
      ████[38;2;201;201;20m██[38;2;105;99;1m██[38;2;201;201;20m██[38;2;115;92;82m██[38;2;172;137;123m██[38;2;65;64;65m██[38;2;82;72;68m██[38;2;82;70;68m██[38;2;115;77;74m██[38;2;115;73;71m████████[38;2;82;74;68m████████[38;2;82;72;68m████[38;2;65;64;65m████[38;2;169;143;137m████[38;2;180;138;123m██[38;2;108;103;1m██[38;2;201;201;20m██[38;2;107;84;1m██[38;2;113;107;1m██[38;2;198;198;16m██[38;2;105;81;1m██[38;2;238;184;164m██[38;2;230;190;180m██[38;2;0;0;0m██    
          ██████████[38;2;82;72;68m██[38;2;65;64;65m██[38;2;82;70;68m██[38;2;65;68;65m██[38;2;82;72;68m██[38;2;115;73;71m████[38;2;82;72;68m██[38;2;82;74;68m████████[38;2;82;72;68m██[38;2;65;64;65m██[38;2;82;72;68m████[38;2;65;64;65m████[38;2;74;61;57m████[38;2;107;84;1m██[38;2;201;171;20m██[38;2;65;61;57m██[38;2;113;88;1m██[38;2;180;131;106m██[38;2;123;81;49m██[38;2;76;64;60m██[38;2;0;0;0m██    
                  ██[38;2;82;74;68m████[38;2;82;72;68m██[38;2;65;64;65m██[38;2;82;72;68m████[38;2;82;74;68m████[38;2;82;72;68m██[38;2;65;64;65m██[38;2;76;71;68m████[38;2;65;64;65m████[38;2;82;74;68m████████████[38;2;65;64;65m████[38;2;126;81;57m██[38;2;64;68;57m██[38;2;65;64;65m████[38;2;189;96;65m██[38;2;0;0;0m██    
                    ████[38;2;82;72;68m████[38;2;65;64;65m██[38;2;82;72;68m██[38;2;82;74;68m████[38;2;65;64;65m████[38;2;76;71;68m██[38;2;0;0;0m██[38;2;221;221;57m██[38;2;65;64;65m██[38;2;82;74;68m████████████[38;2;65;64;65m██[38;2;123;82;53m██[38;2;126;81;57m██[38;2;189;96;57m██[38;2;191;95;65m████[38;2;189;96;65m████[38;2;0;0;0m██  
                        ██[38;2;82;73;69m██[38;2;82;72;68m██[38;2;65;64;65m██████[38;2;172;144;139m██[38;2;65;68;74m██[38;2;221;221;57m████[38;2;101;91;82m██[38;2;172;141;131m██[38;2;65;64;65m██[38;2;82;72;68m██████[38;2;84;71;63m██[38;2;65;64;65m██[38;2;123;82;53m██[38;2;65;64;65m██[38;2;126;81;57m██[38;2;189;96;57m██[38;2;191;93;63m████[38;2;189;96;65m████[38;2;0;0;0m██  
                          ██[38;2;82;72;68m██[38;2;65;64;65m██[38;2;93;102;101m████[38;2;88;97;96m██[38;2;172;144;139m██[38;2;117;117;120m████[38;2;101;91;82m██[38;2;67;68;57m██[38;2;82;72;68m██████[38;2;65;64;65m████[38;2;123;84;57m██[38;2;123;82;53m██[38;2;65;64;65m██[38;2;126;81;57m██[38;2;64;68;57m██[38;2;191;93;63m████[38;2;189;96;65m██[38;2;0;0;0m██    
                            ██[38;2;99;108;107m██[38;2;157;167;166m██████[38;2;95;104;103m██[38;2;156;144;131m██[38;2;74;61;57m██[38;2;65;64;65m██[38;2;123;82;53m██[38;2;65;64;65m██████[38;2;123;82;53m██[38;2;123;84;54m████[38;2;76;60;52m██[38;2;115;89;74m██[38;2;0;0;0m████[38;2;126;72;49m██[38;2;189;107;74m██[38;2;123;92;65m██[38;2;0;0;8m██    
                            [38;2;0;0;0m██[38;2;153;163;162m██[38;2;157;167;166m██[38;2;115;118;117m██[38;2;157;167;166m██[38;2;116;125;124m██[38;2;74;61;57m██[38;2;101;90;82m██[38;2;123;82;53m██████[38;2;65;64;65m██[38;2;123;82;53m████[38;2;123;84;54m████[38;2;76;60;52m██[38;2;0;0;8m██    [38;2;0;4;0m██[38;2;126;72;49m██[38;2;82;61;46m██[38;2;123;92;65m██[38;2;0;0;0m██  
                              ████[38;2;119;128;127m██[38;2;118;127;126m██[38;2;74;61;57m██[38;2;65;64;65m██[38;2;0;0;0m██[38;2;123;82;53m████████[38;2;0;0;0m██[38;2;123;82;53m██[38;2;82;74;68m██[38;2;123;84;54m██[38;2;0;0;0m██        ██[38;2;123;94;74m██[38;2;82;63;52m██[38;2;0;0;0m██  
                                  ██[38;2;74;61;57m██[38;2;101;90;82m██[38;2;0;0;0m██  ██[38;2;123;82;53m██[38;2;0;0;0m████  ██[38;2;82;74;68m████[38;2;0;0;0m██      ██[38;2;58;67;66m██[38;2;51;60;59m██[38;2;0;0;8m██    
                                [38;2;0;0;0m██[38;2;52;60;60m████[38;2;0;0;0m██      ██      ██[38;2;197;162;156m████[38;2;0;0;0m██      ██[38;2;94;103;102m████[38;2;0;0;0m██    
                                ██[38;2;111;120;119m████[38;2;0;0;0m██            ██[38;2;94;103;102m██[38;2;92;101;100m██[38;2;0;0;8m██        [38;2;0;0;0m██████      
                                ██████              ██[38;2;157;167;166m████[38;2;0;0;0m██                    
                                                    ██████                      
[0m