            [38;2;0;4;0m████                                                                  
          ██[38;2;49;112;191m██[38;2;66;64;66m██[38;2;0;4;0m██                                                                
          ██[38;2;49;112;191m██[38;2;66;65;66m██[38;2;49;112;191m██[38;2;0;4;0m██                                                              
          ██[38;2;49;112;191m████[38;2;66;65;66m██[38;2;49;112;191m██[38;2;0;4;0m████                                                ████████  
          ██[38;2;49;112;191m████[38;2;66;65;66m██[38;2;49;112;191m██[38;2;66;65;66m██[38;2;52;115;194m██[38;2;0;16;16m██                                        [38;2;0;4;0m████[38;2;0;16;41m██[38;2;54;117;196m██[38;2;49;112;191m██[38;2;108;74;58m██[38;2;116;82;66m██[38;2;0;4;0m██
          ██[38;2;49;112;191m████[38;2;66;65;66m██[38;2;49;112;191m██[38;2;66;65;66m██[38;2;52;115;194m██[38;2;5;68;147m██[38;2;0;4;0m██                                  ████[38;2;49;112;191m████[38;2;54;117;196m██[38;2;7;70;149m██[38;2;108;74;58m████[38;2;116;82;66m██[38;2;0;4;0m██
            ██[38;2;49;112;191m██████[38;2;66;65;66m██[38;2;49;112;191m██[38;2;66;65;66m██[38;2;49;112;191m██[38;2;0;4;0m██                            ████[38;2;49;112;191m██████[38;2;108;74;58m██[38;2;102;68;52m██[38;2;117;83;67m██████[38;2;0;4;0m██  
            ██[38;2;49;112;191m██████████[38;2;66;65;66m██[38;2;49;112;191m██[38;2;0;4;0m██                          ██[38;2;49;112;191m██████[38;2;102;68;52m██[38;2;108;74;58m████[38;2;117;83;67m████[38;2;66;65;66m████[38;2;115;81;65m██[38;2;0;4;0m██
              ██[38;2;49;112;191m██████████[38;2;45;108;187m██[38;2;66;60;66m██[38;2;0;4;0m██                      ██[38;2;49;112;191m████[38;2;108;74;58m██[38;2;102;68;52m██[38;2;117;83;67m██████[38;2;66;65;66m████[38;2;116;82;66m████[38;2;115;81;65m██[38;2;0;4;0m██
                ██[38;2;49;112;191m████████[38;2;27;90;169m██[38;2;66;60;66m██[38;2;15;78;157m██[38;2;0;4;0m██                  ██[38;2;49;112;191m████[38;2;108;74;58m████[38;2;117;83;67m████[38;2;66;65;66m████[38;2;117;83;67m████[38;2;116;82;66m████[38;2;0;4;0m██  
                  [38;2;0;8;8m██[38;2;53;116;195m██[38;2;49;112;191m████[38;2;66;65;66m██[38;2;16;79;158m██[38;2;18;81;160m██[38;2;0;12;8m██                  [38;2;0;4;0m██[38;2;49;112;191m██[38;2;102;68;52m██[38;2;116;82;66m████████████[38;2;117;83;67m████[38;2;66;64;66m██[38;2;0;4;0m██    
              ██  [38;2;0;8;8m██[38;2;2;65;144m██[38;2;49;112;191m██[38;2;16;79;158m██████[38;2;1;59;134m██[38;2;18;81;160m██[38;2;0;4;0m██              ██[38;2;49;112;191m████[38;2;102;68;52m██[38;2;116;82;66m████████████[38;2;66;65;66m████[38;2;0;4;0m██      
            ██[38;2;255;251;255m██[38;2;0;0;0m██[38;2;200;189;151m██[38;2;140;113;107m██[38;2;14;77;156m████[38;2;16;79;158m████[38;2;1;59;134m██[38;2;18;81;160m██[38;2;0;4;0m██              ██[38;2;49;112;191m██[38;2;102;68;52m██[38;2;117;83;67m██[38;2;116;82;66m████████[38;2;66;65;66m████[38;2;116;82;66m████[38;2;118;84;68m██[38;2;0;4;0m██    
      ██  ██[38;2;255;255;255m██[38;2;255;251;255m██[38;2;85;83;85m██[38;2;140;113;107m██[38;2;231;227;173m██[38;2;231;227;181m██[38;2;14;77;156m██[38;2;66;65;66m██[38;2;16;79;158m██[38;2;18;81;160m██[38;2;0;12;8m██                [38;2;0;4;0m██[38;2;49;112;191m██[38;2;102;68;52m██[38;2;117;83;67m██[38;2;116;82;66m████████[38;2;117;83;67m████[38;2;116;82;66m████[38;2;87;53;37m██[38;2;0;4;0m██    
    ██[38;2;255;255;255m██[38;2;8;8;8m██[38;2;95;95;95m██[38;2;255;255;255m████[38;2;66;65;66m██[38;2;231;227;181m████[38;2;74;69;66m██[38;2;194;193;186m██[38;2;231;227;181m██[38;2;66;65;66m██[38;2;18;81;160m██[38;2;0;12;8m██                [38;2;0;4;0m██[38;2;49;112;191m██[38;2;102;68;52m██[38;2;117;83;67m██[38;2;116;82;66m████████[38;2;117;83;67m████[38;2;53;56;70m████[38;2;0;4;0m██      
    ██[38;2;255;255;255m██[38;2;90;90;90m██[38;2;255;255;255m████████[38;2;66;65;66m████[38;2;255;255;247m██[38;2;74;69;66m██[38;2;231;227;181m██[38;2;66;65;66m██[38;2;18;81;160m██[38;2;1;59;134m██[38;2;0;4;0m██            ██[38;2;49;112;191m████[38;2;102;68;52m██[38;2;117;83;67m██[38;2;116;82;66m████████[38;2;66;65;66m████[38;2;126;92;76m██[38;2;16;16;0m██        
  [38;2;0;4;0m██[38;2;255;255;255m████[38;2;95;95;95m██[38;2;255;255;255m██████[38;2;95;95;95m████[38;2;255;255;255m██[38;2;255;255;247m██[38;2;74;69;66m██[38;2;231;227;181m████[38;2;14;77;156m████[38;2;4;67;146m██[38;2;0;16;8m██      [38;2;0;4;0m████[38;2;49;112;191m████[38;2;108;74;58m██[38;2;116;82;66m████████████[38;2;118;84;68m████[38;2;0;4;0m██          
  ██[38;2;255;255;255m████[38;2;95;95;95m██[38;2;16;79;158m██[38;2;255;255;255m████[38;2;95;95;95m██[38;2;255;255;255m████[38;2;74;69;66m██[38;2;194;193;186m██[38;2;140;115;111m████[38;2;206;186;140m██[38;2;14;77;156m██[38;2;28;91;170m██[38;2;4;67;146m██[38;2;0;4;0m██████[38;2;49;112;191m██████[38;2;108;74;58m████[38;2;116;82;66m████████████[38;2;43;51;71m██[38;2;8;12;0m██            
  [38;2;0;4;0m██[38;2;255;255;255m██[38;2;27;90;169m██[38;2;66;60;66m██[38;2;49;112;191m██[38;2;16;79;158m██[38;2;66;65;66m██[38;2;255;255;255m██████[38;2;66;65;66m██[38;2;206;186;140m██████[38;2;66;60;66m██[38;2;27;90;169m██[38;2;49;112;191m████[38;2;45;108;187m██[38;2;66;60;66m██[38;2;44;107;186m████[38;2;102;68;52m████[38;2;116;82;66m████████████[38;2;66;65;66m████[38;2;115;81;65m██[38;2;0;4;0m██            
    ██[38;2;45;108;187m██[38;2;66;60;66m██[38;2;49;112;191m████[38;2;66;65;66m██[38;2;255;255;255m████[38;2;66;65;66m██[38;2;206;186;140m██[38;2;66;65;66m██████[38;2;66;60;66m██[38;2;45;108;187m██[38;2;49;112;191m████[38;2;66;60;66m██[38;2;27;90;169m██[38;2;35;98;177m██[38;2;98;64;48m██[38;2;117;83;67m████[38;2;116;82;66m████████████[38;2;117;83;67m████[38;2;0;4;0m██              
    ██[38;2;49;112;191m██████[38;2;66;65;66m██[38;2;16;79;158m████[38;2;14;77;156m████[38;2;66;65;66m██[38;2;192;191;192m██[38;2;255;255;255m████[38;2;247;251;255m██[38;2;57;60;74m██[38;2;49;112;191m████[38;2;66;65;66m██[38;2;16;79;158m██[38;2;102;68;52m██[38;2;117;83;67m██[38;2;116;82;66m████[38;2;117;83;67m████████[38;2;53;56;70m████[38;2;0;4;0m████                
    ██[38;2;49;112;191m██[38;2;144;38;33m██[38;2;49;112;191m██[38;2;66;65;66m██[38;2;49;112;191m████[38;2;14;77;156m██[38;2;198;195;189m██[38;2;255;255;255m████████[38;2;57;60;74m██[38;2;120;123;134m██[38;2;115;81;65m████[38;2;16;79;158m████[38;2;102;68;52m██[38;2;117;83;67m██[38;2;116;82;66m████[38;2;117;83;67m██[38;2;66;65;66m████[38;2;117;83;67m██[38;2;126;92;76m██[38;2;16;16;0m██                    
      [38;2;0;4;0m██[38;2;208;102;97m██[38;2;144;38;33m██[38;2;49;112;191m██[38;2;101;82;82m████[38;2;130;96;80m██[38;2;255;255;255m██[38;2;255;251;247m██[38;2;90;93;90m██[38;2;104;105;101m██[38;2;57;60;57m██[38;2;136;102;86m████[38;2;134;100;84m██[38;2;115;81;65m██[38;2;117;83;67m██[38;2;102;68;52m██[38;2;117;83;67m██████[38;2;66;65;66m██[38;2;117;83;67m████[38;2;115;81;65m██[38;2;0;4;0m████                      
    ██[38;2;208;102;97m████[38;2;144;38;33m██[38;2;49;112;191m██[38;2;24;0;0m██[38;2;255;247;247m██[38;2;130;96;80m████[38;2;200;198;194m████[38;2;198;195;189m████[38;2;66;65;66m██[38;2;136;102;86m██[38;2;134;100;84m████[38;2;132;98;82m██[38;2;117;83;67m████[38;2;66;65;66m██[38;2;117;83;67m████[38;2;66;65;66m████[38;2;0;4;0m██                          
  [38;2;0;4;8m██[38;2;115;105;49m██[38;2;247;211;66m████[38;2;186;162;74m██[38;2;66;65;74m██[38;2;0;0;24m██[38;2;239;243;255m██[38;2;123;123;140m██[38;2;57;60;74m██[38;2;93;97;95m██[38;2;198;195;189m██[38;2;66;64;66m████[38;2;117;83;67m████[38;2;134;100;84m████[38;2;135;101;85m████[38;2;134;100;84m██[38;2;115;81;65m██[38;2;66;65;66m████[38;2;16;79;158m██[38;2;66;65;66m██[38;2;17;80;159m██[38;2;0;4;0m████                      
  [38;2;0;4;8m██[38;2;231;207;90m██[38;2;247;211;66m██[38;2;192;162;79m██[38;2;186;162;74m██[38;2;247;211;74m██[38;2;119;121;139m████[38;2;57;60;74m██[38;2;189;186;206m██[38;2;198;195;189m██[38;2;93;97;95m██[38;2;66;64;66m██[38;2;0;4;0m██[38;2;66;65;66m██[38;2;117;83;67m██[38;2;115;81;65m████[38;2;135;101;85m████[38;2;115;81;65m██[38;2;134;100;84m██[38;2;117;83;67m████[38;2;16;79;158m██[38;2;66;65;66m██[38;2;17;80;159m████[38;2;15;78;157m██[38;2;0;4;0m████                  
██[38;2;244;211;66m████[38;2;239;211;74m████[38;2;247;211;66m██[38;2;14;77;156m██[38;2;63;59;38m██[38;2;189;162;82m██[38;2;0;4;0m████[38;2;198;195;189m████[38;2;0;4;0m██  ██[38;2;116;82;66m██[38;2;117;83;67m████[38;2;116;82;66m████[38;2;134;100;84m██[38;2;115;81;65m██[38;2;134;100;84m██[38;2;115;81;65m██[38;2;74;52;66m██[38;2;115;84;68m██[38;2;66;65;66m████[38;2;115;84;68m██[38;2;198;150;74m██[38;2;205;99;94m██[38;2;0;4;0m██                
██[38;2;244;211;66m████[38;2;79;70;35m██[38;2;0;0;16m██[38;2;14;77;156m████[38;2;189;162;82m██[38;2;0;8;16m██    [38;2;0;4;0m████    ██[38;2;116;82;66m██[38;2;66;65;66m██[38;2;117;83;67m██[38;2;116;82;66m████[38;2;115;81;65m██[38;2;134;100;84m██[38;2;115;81;65m████[38;2;74;52;66m██[38;2;198;150;74m██[38;2;192;162;76m████[38;2;74;52;66m████[38;2;205;99;94m████[38;2;0;4;0m██              
  ██[38;2;247;211;66m██[38;2;0;4;0m██  [38;2;8;0;0m██[38;2;145;78;49m██[38;2;189;162;82m██[38;2;0;4;0m██        [38;2;0;8;8m████[38;2;99;65;49m████[38;2;118;84;68m██[38;2;43;51;71m██[38;2;0;4;0m██[38;2;115;81;65m██[38;2;117;83;67m████[38;2;118;84;68m██[38;2;43;51;71m██[38;2;0;4;0m████[38;2;190;84;79m██[38;2;135;29;24m██[38;2;187;81;76m████[38;2;0;4;0m████                
    ██  ██[38;2;145;78;49m██[38;2;214;117;74m██[38;2;0;4;0m██        ██[38;2;63;59;35m██[38;2;189;162;90m██[38;2;189;162;82m██[38;2;99;65;49m██[38;2;118;84;68m██[38;2;8;12;0m██  [38;2;0;4;0m██[38;2;66;65;66m████[38;2;118;84;68m██[38;2;8;12;0m██    [38;2;8;4;0m████[38;2;0;4;0m████                    
          ████        ██[38;2;66;66;66m██[38;2;120;108;71m██[38;2;60;58;43m██[38;2;189;162;79m████[38;2;115;81;65m██[38;2;0;4;0m██  ██[38;2;247;211;66m██[38;2;192;167;71m██[38;2;79;77;62m████[38;2;0;4;0m██                              
                      ██[38;2;99;97;99m██[38;2;0;8;16m██[38;2;181;158;99m██[38;2;189;162;79m████[38;2;0;4;0m██  ██[38;2;94;97;94m██[38;2;82;81;82m████[38;2;239;215;90m██[38;2;0;8;49m██                                
                      [38;2;0;4;0m████  ██[38;2;247;211;74m██[38;2;186;162;74m██[38;2;0;4;0m██  ██[38;2;94;97;94m██[38;2;66;65;74m██[38;2;107;97;76m██[38;2;66;65;66m██[38;2;192;162;76m██[38;2;0;4;0m██                              
                            ██[38;2;66;65;74m██[38;2;186;162;74m██[38;2;0;4;0m██    ██[38;2;189;162;82m██[38;2;66;65;74m██[38;2;192;162;76m████[38;2;0;4;0m██                              
                          ██[38;2;94;97;94m████[38;2;0;4;0m██        [38;2;0;8;8m██[38;2;189;162;90m██[38;2;189;162;82m██[38;2;0;4;0m██                                
                            ████          [38;2;0;8;8m██[38;2;63;59;35m██[38;2;189;162;82m██[38;2;0;4;0m██                                
                                        ██[38;2;94;97;94m████[38;2;0;4;0m██                                  
                                          ████                                    
[0m