                  [38;2;0;0;0m██                      
                ██[38;2;226;217;63m██[38;2;0;0;0m██                    
            ████[38;2;226;217;63m████[38;2;0;0;0m██                    
        ████[38;2;226;217;63m██████[38;2;65;65;65m██[38;2;226;217;63m██[38;2;0;0;0m██                  
      ██[38;2;226;217;63m████████[38;2;65;65;65m██[38;2;226;217;63m████[38;2;0;0;0m██                  
    ██[38;2;226;217;63m██████[38;2;252;247;196m████[38;2;226;217;63m████[38;2;65;65;65m██[38;2;0;0;0m██                  
  ██[38;2;226;217;63m████████[38;2;192;170;42m████[38;2;226;217;63m████[38;2;65;65;65m██[38;2;179;189;170m██[38;2;0;0;0m██                
  ██[38;2;226;217;63m██████[38;2;192;170;42m██[38;2;255;255;255m████[38;2;226;217;63m████[38;2;192;170;42m██[38;2;65;65;65m██[38;2;179;189;170m██[38;2;0;0;0m██    ██    ██  
██[38;2;226;217;63m██████████[38;2;0;0;0m██[38;2;255;255;255m██[38;2;226;217;63m██[38;2;192;170;42m████[38;2;65;65;65m██[38;2;223;231;216m██[38;2;0;0;0m██  ██[38;2;239;226;160m██[38;2;0;0;0m████[38;2;252;247;196m██[38;2;0;0;0m██
██[38;2;65;65;65m████[38;2;226;217;63m████[38;2;239;226;160m██[38;2;0;0;0m██[38;2;255;255;255m██[38;2;192;170;42m██████[38;2;65;65;65m██[38;2;223;231;216m██[38;2;0;0;0m██  ██[38;2;239;226;160m██[38;2;65;65;65m████[38;2;252;247;196m██[38;2;0;0;0m██
  ██[38;2;239;226;160m██[38;2;252;247;196m████████[38;2;239;226;160m████[38;2;192;170;42m██[38;2;65;65;65m██[38;2;223;231;216m████[38;2;0;0;0m██  ██[38;2;239;226;160m██[38;2;65;65;65m██[38;2;239;226;160m██[38;2;252;247;196m██[38;2;0;0;0m██
    ██[38;2;65;65;65m██[38;2;239;226;160m████████[38;2;65;65;65m████[38;2;223;231;216m████[38;2;0;0;0m██  ██[38;2;192;170;42m██[38;2;239;226;160m██[38;2;65;65;65m██[38;2;252;247;196m████[38;2;0;0;0m██
    ██[38;2;194;204;186m██[38;2;65;65;65m████████[38;2;179;189;170m██████[38;2;65;65;65m██[38;2;0;0;0m██  ██[38;2;192;170;42m██[38;2;65;65;65m██[38;2;226;217;63m██[38;2;252;247;196m██[38;2;239;226;160m██[38;2;0;0;0m██
      ██████[38;2;179;189;170m██████[38;2;65;65;65m████[38;2;226;217;63m██[38;2;93;140;200m██[38;2;0;0;0m██[38;2;65;65;65m██[38;2;192;170;42m██[38;2;65;65;65m██[38;2;226;217;63m██[38;2;252;247;196m██[38;2;0;0;0m██  
          ████[38;2;65;65;65m████[38;2;226;217;63m██████[38;2;93;140;200m██[38;2;65;65;65m██[38;2;192;170;42m████[38;2;226;217;63m████[38;2;65;65;65m██[38;2;0;0;0m██  
            ██[38;2;239;226;160m██[38;2;65;65;65m██[38;2;226;217;63m████[38;2;93;140;200m██[38;2;65;65;65m██[38;2;192;170;42m██[38;2;65;65;65m██[38;2;226;217;63m████[38;2;0;0;0m████    
          ██[38;2;192;170;42m██[38;2;252;247;196m████[38;2;65;65;65m████[38;2;192;170;42m██████[38;2;65;65;65m██[38;2;0;0;0m████        
          ██[38;2;65;65;65m██[38;2;192;170;42m██[38;2;252;247;196m████[38;2;192;170;42m██[38;2;226;217;63m████[38;2;65;65;65m██[38;2;0;0;0m██            
            ████████[38;2;226;217;63m████[38;2;0;0;0m████              
                    ██████                
[0m