                    [38;2;0;4;0m██████                  
                  ██[38;2;82;79;70m██[38;2;142;139;126m████[38;2;0;4;0m████              
                  [38;2;8;8;0m██[38;2;145;143;132m██[38;2;140;139;128m██[38;2;82;79;68m██████[38;2;0;4;0m██            
                ██[38;2;76;75;66m████[38;2;82;79;68m████[38;2;140;139;128m██[38;2;82;79;68m██[38;2;0;4;0m██            
            ██[38;2;8;8;0m██[38;2;145;143;132m██[38;2;142;138;128m██[38;2;71;69;68m██[38;2;74;73;68m██[38;2;140;138;128m██[38;2;140;139;128m████[38;2;77;74;68m██[38;2;0;4;0m██          
          ██[38;2;82;79;70m██[38;2;76;75;66m████[38;2;71;69;68m████[38;2;74;73;68m████[38;2;140;139;128m██[38;2;82;79;68m██[38;2;77;74;68m████[38;2;0;4;0m██        
          [38;2;8;8;0m██[38;2;145;143;132m██[38;2;82;79;70m████[38;2;82;79;68m████████[38;2;66;65;66m████[38;2;82;79;68m████[38;2;0;4;0m██        
        ██[38;2;76;75;66m████[38;2;82;79;70m██[38;2;156;65;74m██[38;2;82;79;68m████████[38;2;82;78;68m████[38;2;82;79;68m████[38;2;82;79;70m██[38;2;0;4;0m██      
        ██[38;2;186;88;87m██[38;2;239;44;49m██[38;2;74;73;66m████[38;2;160;65;74m████[38;2;66;65;66m██[38;2;82;78;68m██[38;2;168;66;65m██[38;2;82;77;74m██[38;2;168;66;65m██[38;2;82;77;74m██[38;2;78;75;70m████[38;2;0;4;0m██    
      ██[38;2;156;65;74m██[38;2;102;143;156m████[38;2;255;56;57m██[38;2;164;64;61m██[38;2;66;65;66m████[38;2;82;78;68m████[38;2;255;56;57m██[38;2;82;77;74m████[38;2;255;56;57m██[38;2;156;65;74m██[38;2;78;75;70m██[38;2;82;79;70m██[38;2;0;4;0m██  
    ██[38;2;107;148;161m████[38;2;114;155;170m██[38;2;60;102;116m██[38;2;255;255;255m████[38;2;168;66;65m██[38;2;82;77;74m██[38;2;160;60;61m██[38;2;255;56;57m██[38;2;66;65;66m██[38;2;82;78;68m██[38;2;85;78;68m████[38;2;66;65;66m██[38;2;82;78;68m██[38;2;82;79;70m██[38;2;0;4;0m██  
  ██[38;2;255;255;255m██[38;2;107;148;161m████[38;2;60;102;116m██[38;2;255;251;247m██[38;2;255;255;255m██[38;2;107;148;161m██[38;2;255;56;57m██[38;2;82;77;74m██[38;2;66;65;66m████[38;2;82;78;68m████[38;2;255;56;57m██[38;2;85;78;68m██[38;2;82;78;68m██[38;2;66;65;66m██[38;2;0;4;0m██    
  [38;2;8;8;0m██[38;2;255;255;255m██[38;2;64;106;122m████[38;2;55;98;112m██[38;2;0;8;0m██[38;2;255;255;255m██[38;2;107;148;161m██[38;2;156;65;74m██[38;2;82;79;70m██[38;2;82;79;68m████[38;2;160;64;70m██[38;2;247;52;66m██[38;2;77;75;74m██[38;2;66;65;66m██[38;2;74;69;66m██[38;2;160;62;74m██[38;2;66;66;66m██[38;2;0;4;0m██  
██[38;2;100;141;156m████[38;2;107;148;163m██[38;2;64;106;122m██[38;2;255;255;255m██[38;2;0;8;0m██[38;2;107;148;161m██[38;2;82;81;66m██[38;2;82;79;70m██[38;2;156;65;74m██[38;2;82;79;68m████[38;2;74;77;74m██[38;2;160;64;70m██[38;2;66;65;66m██[38;2;71;106;118m██[38;2;74;69;66m████[38;2;66;108;124m████[38;2;0;4;0m██
██[38;2;65;107;120m██[38;2;109;150;163m██[38;2;82;81;74m████[38;2;82;77;66m████[38;2;85;71;60m██[38;2;255;101;66m██[38;2;181;73;41m██[38;2;76;75;68m██[38;2;66;65;66m████████[38;2;64;106;122m████[38;2;64;106;120m████████[38;2;0;4;0m██
  [38;2;8;12;8m██[38;2;52;55;49m██[38;2;82;81;74m██[38;2;255;97;57m██[38;2;192;85;54m██[38;2;247;89;49m██[38;2;170;86;63m██[38;2;255;101;66m██[38;2;76;75;68m████[38;2;105;146;159m██[38;2;68;110;124m██[38;2;64;106;120m████[38;2;64;106;122m████[38;2;64;106;120m██[38;2;53;89;98m██[38;2;64;106;120m██[38;2;0;4;0m██  
  ██[38;2;109;150;163m██[38;2;108;149;161m██[38;2;66;65;66m██████████[38;2;107;148;161m████[38;2;107;148;163m████[38;2;64;106;120m████[38;2;68;107;119m██[38;2;77;75;74m██[38;2;64;106;120m██[38;2;66;65;66m██[38;2;0;4;0m██    
  ██[38;2;62;104;118m██[38;2;108;149;161m████████████[38;2;107;148;161m████[38;2;107;148;163m██[38;2;64;106;122m██[38;2;66;65;66m██[38;2;64;106;120m██[38;2;66;65;66m██████[38;2;64;106;120m██[38;2;0;4;0m██    
    ██[38;2;71;68;66m████[38;2;68;110;124m██[38;2;66;65;66m████[38;2;68;110;124m██[38;2;66;65;66m████████[38;2;64;106;120m██[38;2;66;65;66m██[38;2;64;106;122m████[38;2;66;65;66m████[38;2;0;4;0m██    
      ██[38;2;71;68;66m██[38;2;66;65;66m██[38;2;105;146;159m████[38;2;66;65;66m██[38;2;108;149;161m████[38;2;64;106;120m████[38;2;66;65;66m████[38;2;64;106;122m████[38;2;66;65;66m██[38;2;82;78;68m██[38;2;82;79;70m██[38;2;0;4;0m██  
      ██[38;2;74;71;68m██[38;2;71;71;66m██[38;2;109;149;162m██[38;2;109;150;163m██[38;2;62;104;118m██[38;2;107;148;163m████[38;2;66;108;124m██[38;2;66;66;66m██[38;2;82;79;68m████[38;2;66;64;66m██[38;2;0;4;0m██[38;2;77;74;68m████[38;2;74;71;68m██[38;2;0;4;0m██  
      ██[38;2;74;71;68m██[38;2;71;71;66m██[38;2;0;4;0m████[38;2;62;104;118m██[38;2;107;148;163m██[38;2;64;106;122m██[38;2;0;4;0m██[38;2;66;66;66m██[38;2;82;79;68m████[38;2;0;4;0m██  ██[38;2;77;74;68m██[38;2;74;71;68m██[38;2;0;4;0m██  
        ████    ██████  ██[38;2;74;71;68m████[38;2;0;4;0m██    ████    
                          ████              
[0m