                      [38;2;0;0;0m████                            
                    ██[38;2;159;194;51m██[38;2;0;0;0m██                            
                  [38;2;65;65;65m██[38;2;159;194;51m██[38;2;0;0;0m████████████                    
                [38;2;159;194;51m██[38;2;0;0;0m████[38;2;203;225;82m████████████[38;2;0;0;0m████████████        
                ██[38;2;203;225;82m████████████████████[38;2;65;65;65m██[38;2;159;194;51m████[38;2;0;0;0m██        
              ██[38;2;203;225;82m████████████[38;2;159;194;51m████[38;2;203;225;82m████████[38;2;65;65;65m██[38;2;83;130;34m██[38;2;65;65;65m██[38;2;0;0;0m██      
            ██[38;2;203;225;82m████████████[38;2;159;194;51m██[38;2;255;255;255m████[38;2;159;194;51m██[38;2;203;225;82m██████[38;2;65;65;65m██[38;2;159;194;51m██████[38;2;0;0;0m██    
            ██[38;2;134;171;39m██[38;2;203;225;82m████████[38;2;159;194;51m██[38;2;255;255;255m██[38;2;0;0;0m██[38;2;255;255;255m██[38;2;159;194;51m██[38;2;203;225;82m████████[38;2;0;0;0m████████    
    ████  ██[38;2;173;82;90m██[38;2;203;225;82m██[38;2;134;171;39m██[38;2;203;225;82m██████[38;2;159;194;51m██[38;2;255;255;255m████[38;2;159;194;51m██[38;2;203;225;82m████████[38;2;159;194;51m██[38;2;0;0;0m██          
  ██[38;2;191;148;64m██[38;2;0;0;0m██  ██[38;2;230;74;41m██[38;2;203;225;82m██[38;2;134;171;39m██[38;2;203;225;82m██████[38;2;134;171;39m██[38;2;159;194;51m████[38;2;203;225;82m██[38;2;134;171;39m██[38;2;203;225;82m██[38;2;173;82;90m██[38;2;159;194;51m██[38;2;0;0;0m██            
████[38;2;191;148;64m██[38;2;0;0;0m██    ██[38;2;203;225;82m██[38;2;134;171;39m██[38;2;203;225;82m████[38;2;134;171;39m██[38;2;203;225;82m██[38;2;134;171;39m██[38;2;203;225;82m██[38;2;134;171;39m██[38;2;203;225;82m██[38;2;134;171;39m██[38;2;173;82;90m██[38;2;159;194;51m██[38;2;0;0;0m██            
██[38;2;191;148;64m██████[38;2;0;0;0m██    ██[38;2;203;225;82m██[38;2;173;82;90m██[38;2;203;225;82m██[38;2;173;82;90m██[38;2;159;194;51m██[38;2;173;82;90m██[38;2;203;225;82m██[38;2;173;82;90m██[38;2;159;194;51m██[38;2;230;74;41m██[38;2;159;194;51m██[38;2;0;0;0m██              
  ██[38;2;191;148;64m████[38;2;0;0;0m██      ████[38;2;203;225;82m██[38;2;230;74;41m██[38;2;159;194;51m██[38;2;230;74;41m██[38;2;203;225;82m██[38;2;230;74;41m██[38;2;159;194;51m██[38;2;0;0;0m████            ████
  ██[38;2;191;148;64m██████[38;2;0;0;0m██    [38;2;65;65;65m██[38;2;0;0;0m██[38;2;159;194;51m██[38;2;65;65;65m██████[38;2;159;194;51m██[38;2;65;65;65m██[38;2;0;0;0m██              ██[38;2;191;148;64m██[38;2;0;0;0m██
    ██[38;2;191;148;64m████[38;2;160;99;38m██[38;2;0;0;0m████[38;2;160;99;38m████[38;2;0;0;0m██[38;2;189;165;90m██████[38;2;65;65;65m██[38;2;191;148;64m████[38;2;0;0;0m████      ████[38;2;191;148;64m████[38;2;0;0;0m██
      ████[38;2;160;99;38m██████[38;2;0;0;0m████  ██[38;2;189;165;90m██████[38;2;65;65;65m██[38;2;191;148;64m██████[38;2;0;0;0m██████[38;2;191;148;64m████[38;2;0;0;0m████  
          ██████        ████[38;2;65;65;65m██████[38;2;191;148;64m████████████[38;2;0;0;0m██      
                          ██[38;2;173;82;90m██[38;2;65;65;65m██████[38;2;191;148;64m████████████[38;2;0;0;0m██    
                        ██[38;2;173;82;90m██[38;2;65;65;65m██[38;2;191;148;64m██[38;2;65;65;65m██[38;2;173;82;90m██[38;2;65;65;65m██[38;2;191;148;64m██████[38;2;0;0;0m██████    
                        ██[38;2;230;74;41m██[38;2;65;65;65m██[38;2;191;148;64m██[38;2;65;65;65m██[38;2;230;74;41m██[38;2;65;65;65m████[38;2;0;0;0m████          
                          ██[38;2;230;74;41m██[38;2;0;0;0m██[38;2;191;148;64m██[38;2;65;65;65m██[38;2;230;74;41m██[38;2;0;0;0m██              
                            ██  ████[38;2;230;74;41m██[38;2;0;0;0m██              
                                    ████              
[0m