                                                                              [38;2;0;0;0m██        
                                                                            ██[38;2;255;98;57m██[38;2;0;0;0m██      
                                                                            ██[38;2;255;98;57m████[38;2;0;0;0m██    
                                                                          ██[38;2;255;98;57m██████[38;2;0;0;0m██    
                                                                        ██[38;2;255;98;57m██████[38;2;0;0;0m██      
                                                                        ██[38;2;255;98;57m██[38;2;255;164;82m██[38;2;255;98;57m██[38;2;0;0;0m██  ██  
                ██          ████                                      ██[38;2;255;98;57m████[38;2;255;238;65m██[38;2;255;98;57m████[38;2;0;0;0m██[38;2;255;164;82m██[38;2;0;0;0m██
              ██[38;2;92;92;84m██[38;2;0;0;0m██      ██[38;2;64;64;56m████[38;2;0;0;0m████                                  ██[38;2;255;98;57m██[38;2;255;238;65m██[38;2;255;164;82m██[38;2;255;98;57m██████[38;2;255;238;65m██[38;2;0;0;0m██
              ██[38;2;92;92;84m██[38;2;0;0;0m██        ██[38;2;64;64;56m██████[38;2;0;0;0m██      ██████                    ██[38;2;255;164;82m██[38;2;255;238;65m██[38;2;255;164;82m██[38;2;255;98;57m████[38;2;255;164;82m██[38;2;255;238;65m██[38;2;0;0;0m██
            ██[38;2;92;92;84m████[38;2;0;0;0m██      ██[38;2;128;128;120m██[38;2;65;65;65m██[38;2;64;64;56m██████[38;2;0;0;0m██  ██[38;2;128;128;120m████[38;2;92;92;84m██[38;2;0;0;0m██                  ██[38;2;255;238;65m██████[38;2;255;164;82m██[38;2;255;238;65m████[38;2;0;0;0m██  
            ██[38;2;92;92;84m██[38;2;0;0;0m██      ██[38;2;128;128;120m████[38;2;65;65;65m██[38;2;64;64;56m████████[38;2;0;0;0m██  ██[38;2;128;128;120m██████[38;2;0;0;0m██                  ██[38;2;255;238;65m██████████[38;2;0;0;0m██  
          ██[38;2;92;92;84m████[38;2;0;0;0m████  ██[38;2;128;128;120m████[38;2;65;65;65m██[38;2;0;0;0m██[38;2;64;64;56m████████[38;2;0;0;0m██    ██[38;2;64;64;56m██[38;2;128;128;120m████[38;2;0;0;0m████████          ██[38;2;255;238;65m████████[38;2;0;0;0m██    
          ██[38;2;92;92;84m██[38;2;128;128;120m██████[38;2;0;0;0m██[38;2;128;128;120m████[38;2;92;92;84m██[38;2;0;0;0m██  ██[38;2;64;64;56m████████[38;2;0;0;0m██    ██[38;2;92;92;84m██[38;2;128;128;120m████[38;2;92;92;84m████[38;2;128;128;120m██[38;2;0;0;0m██████      ██[38;2;255;164;82m██[38;2;255;238;65m██[38;2;255;164;82m██[38;2;0;0;0m██    
        ██[38;2;128;128;120m████████████████[38;2;0;0;0m██      ██[38;2;64;64;56m████████[38;2;0;0;0m██  ██[38;2;92;92;84m██[38;2;65;65;65m████[38;2;128;128;120m████[38;2;92;92;84m██[38;2;128;128;120m██████[38;2;0;0;0m██      ██[38;2;255;164;82m██[38;2;0;0;0m██      
      ██[38;2;128;128;120m████████████████████[38;2;0;0;0m████  ██[38;2;64;64;56m██████[38;2;0;0;0m██[38;2;64;64;56m██[38;2;0;0;0m██[38;2;92;92;84m████[38;2;65;65;65m██[38;2;153;7;9m██[38;2;65;65;65m████[38;2;128;128;120m██[38;2;92;92;84m██[38;2;128;128;120m██████[38;2;0;0;0m██    ██[38;2;92;92;84m██[38;2;0;0;0m██      
    ██[38;2;128;128;120m██████████████████████[38;2;92;92;84m████[38;2;0;0;0m██[38;2;65;65;65m██[38;2;64;64;56m████[38;2;0;0;0m██  ██[38;2;92;92;84m████[38;2;65;65;65m██[38;2;153;7;9m████[38;2;177;31;33m████[38;2;65;65;65m██[38;2;128;128;120m██[38;2;92;92;84m██[38;2;128;128;120m██████[38;2;0;0;0m██  ██[38;2;92;92;84m████[38;2;0;0;0m██    
    ██[38;2;128;128;120m████████████[38;2;92;92;84m████[38;2;128;128;120m██████[38;2;92;92;84m████████[38;2;65;65;65m██[38;2;64;64;56m██[38;2;0;0;0m██  ██[38;2;92;92;84m██[38;2;65;65;65m██[38;2;153;7;9m████████[38;2;177;31;33m████[38;2;65;65;65m██[38;2;92;92;84m████[38;2;128;128;120m████[38;2;0;0;0m██    ██[38;2;92;92;84m██[38;2;0;0;0m██    
      ██[38;2;128;128;120m████████[38;2;64;64;56m██[38;2;255;255;255m██[38;2;128;128;120m██████[38;2;92;92;84m████████████[38;2;65;65;65m██[38;2;64;64;56m██[38;2;0;0;0m██[38;2;92;92;84m████[38;2;65;65;65m██[38;2;153;7;9m██████████[38;2;0;0;0m██████[38;2;128;128;120m██[38;2;92;92;84m██[38;2;128;128;120m████[38;2;0;0;0m██  ██[38;2;92;92;84m██[38;2;0;0;0m██    
      ██[38;2;128;128;120m██[38;2;92;92;84m██[38;2;128;128;120m██[38;2;64;64;56m██[38;2;0;0;0m██[38;2;255;255;255m████[38;2;92;92;84m██████[38;2;65;65;65m██[38;2;92;92;84m████████[38;2;128;128;120m██[38;2;65;65;65m████[38;2;92;92;84m██[38;2;65;65;65m██[38;2;153;7;9m██████[38;2;0;0;0m██████      ██[38;2;128;128;120m██[38;2;92;92;84m██[38;2;128;128;120m██[38;2;0;0;0m██  ██[38;2;92;92;84m████[38;2;0;0;0m██  
    ██[38;2;128;128;120m████[38;2;92;92;84m██[38;2;128;128;120m██[38;2;0;0;0m██[38;2;177;31;33m██[38;2;255;255;255m██[38;2;92;92;84m████████[38;2;0;0;0m████[38;2;92;92;84m████████[38;2;128;128;120m████[38;2;65;65;65m██████[38;2;153;7;9m██[38;2;0;0;0m██              ██[38;2;92;92;84m██[38;2;128;128;120m████[38;2;0;0;0m██[38;2;65;65;65m██[38;2;92;92;84m████[38;2;0;0;0m██  
  ██[38;2;128;128;120m████████[38;2;92;92;84m██[38;2;64;64;56m██[38;2;128;128;120m██[38;2;92;92;84m████████[38;2;0;0;0m██    ██[38;2;92;92;84m██████[38;2;128;128;120m██████████[38;2;0;0;0m██                ██[38;2;128;128;120m██[38;2;92;92;84m██[38;2;128;128;120m██[38;2;65;65;65m████[38;2;92;92;84m██████[38;2;0;0;0m██
██[38;2;128;128;120m██████████████[38;2;92;92;84m████[38;2;65;65;65m████[38;2;92;92;84m██[38;2;65;65;65m██[38;2;0;0;0m████[38;2;64;64;56m██[38;2;65;65;65m██[38;2;92;92;84m██████[38;2;128;128;120m██████████[38;2;0;0;0m████              ██[38;2;128;128;120m██[38;2;92;92;84m██[38;2;65;65;65m██[38;2;92;92;84m████████[38;2;0;0;0m██
██[38;2;128;128;120m████[38;2;64;64;56m██[38;2;128;128;120m██████[38;2;92;92;84m██[38;2;65;65;65m████[38;2;197;57;90m██[38;2;64;64;56m██[38;2;92;92;84m██[38;2;65;65;65m██[38;2;64;64;56m██████[38;2;65;65;65m██[38;2;92;92;84m██████[38;2;128;128;120m████[38;2;65;65;65m██[38;2;128;128;120m██████[38;2;65;65;65m██[38;2;0;0;0m██              ██[38;2;128;128;120m██[38;2;92;92;84m██[38;2;65;65;65m██[38;2;92;92;84m██████[38;2;0;0;0m██
  ██[38;2;92;92;84m████[38;2;128;128;120m██[38;2;92;92;84m██[38;2;0;0;0m████[38;2;65;65;65m██[38;2;197;57;90m██[38;2;64;64;56m██[38;2;92;92;84m██[38;2;65;65;65m██[38;2;64;64;56m████[38;2;0;0;0m██[38;2;65;65;65m██[38;2;92;92;84m██[38;2;64;64;56m████[38;2;128;128;120m████████[38;2;65;65;65m████[38;2;128;128;120m██████[38;2;0;0;0m██            ████[38;2;128;128;120m██[38;2;92;92;84m██[38;2;65;65;65m██[38;2;92;92;84m████[38;2;0;0;0m██
    ████████[38;2;255;255;255m██[38;2;0;0;0m██[38;2;197;57;90m████[38;2;64;64;56m██[38;2;92;92;84m██[38;2;65;65;65m██[38;2;64;64;56m██[38;2;0;0;0m██  ██[38;2;64;64;56m██[38;2;239;241;186m████[38;2;64;64;56m████[38;2;128;128;120m████████[38;2;65;65;65m██[38;2;128;128;120m████[38;2;65;65;65m██[38;2;0;0;0m██        ██[38;2;92;92;84m████[38;2;65;65;65m██[38;2;128;128;120m██[38;2;65;65;65m██[38;2;92;92;84m██[38;2;0;0;0m██  
            ██[38;2;255;255;255m██[38;2;197;57;90m██[38;2;64;64;56m██[38;2;92;92;84m██[38;2;65;65;65m██[38;2;64;64;56m██[38;2;0;0;0m██    ██[38;2;239;241;186m██████████[38;2;64;64;56m██[38;2;128;128;120m██████[38;2;65;65;65m██[38;2;128;128;120m████[38;2;65;65;65m██[38;2;92;92;84m██[38;2;0;0;0m████████[38;2;64;64;56m██[38;2;92;92;84m██████[38;2;65;65;65m██[38;2;92;92;84m████[38;2;0;0;0m██  
            ██[38;2;65;65;65m██[38;2;92;92;84m██[38;2;255;255;255m██[38;2;0;0;0m██[38;2;64;64;56m██[38;2;197;197;197m██[38;2;0;0;0m██    ██[38;2;239;241;186m████████████[38;2;64;64;56m██[38;2;65;65;65m████[38;2;128;128;120m████[38;2;65;65;65m██[38;2;92;92;84m██████[38;2;65;65;65m██[38;2;64;64;56m████████[38;2;92;92;84m██[38;2;64;64;56m██[38;2;92;92;84m████[38;2;0;0;0m██    
              ██████  ████    ██[38;2;92;92;84m██[38;2;65;65;65m██[38;2;239;241;186m██████████[38;2;65;65;65m██[38;2;92;92;84m██[38;2;64;64;56m██[38;2;128;128;120m████[38;2;65;65;65m██[38;2;128;128;120m██[38;2;92;92;84m████[38;2;65;65;65m██[38;2;64;64;56m██████[38;2;92;92;84m██[38;2;64;64;56m██[38;2;92;92;84m██[38;2;64;64;56m██[38;2;0;0;0m██      
                            ██[38;2;92;92;84m████[38;2;65;65;65m██[38;2;239;241;186m██████████[38;2;65;65;65m██[38;2;64;64;56m██[38;2;128;128;120m██[38;2;92;92;84m██[38;2;128;128;120m██[38;2;65;65;65m██[38;2;128;128;120m████[38;2;92;92;84m████[38;2;65;65;65m██[38;2;64;64;56m██████[38;2;92;92;84m██[38;2;203;205;150m██[38;2;0;0;0m██        
                            ██[38;2;92;92;84m██████[38;2;65;65;65m██[38;2;203;205;150m██[38;2;239;241;186m████[38;2;203;205;150m████[38;2;65;65;65m██[38;2;255;255;255m██[38;2;65;65;65m██[38;2;255;255;255m██[38;2;65;65;65m██[38;2;128;128;120m██████[38;2;92;92;84m██[38;2;65;65;65m██[38;2;203;205;150m██████[38;2;0;0;0m████          
                            ██[38;2;92;92;84m████████[38;2;65;65;65m██[38;2;203;205;150m██████████[38;2;65;65;65m██[38;2;128;128;120m██[38;2;65;65;65m██[38;2;128;128;120m██████[38;2;92;92;84m████[38;2;65;65;65m██[38;2;0;0;0m██████              
                              ██[38;2;92;92;84m████████[38;2;65;65;65m████[38;2;203;205;150m██████[38;2;65;65;65m██[38;2;128;128;120m██████████[38;2;92;92;84m████[38;2;0;0;0m██                    
                                ██[38;2;64;64;56m██[38;2;92;92;84m████████[38;2;65;65;65m██[38;2;0;0;0m██████[38;2;92;92;84m██[38;2;128;128;120m████[38;2;64;64;56m██[38;2;92;92;84m████[38;2;0;0;0m██                      
                              ██[38;2;92;92;84m████[38;2;64;64;56m██████[38;2;0;0;0m████    ██[38;2;92;92;84m████████████[38;2;0;0;0m██                      
                            ██[38;2;255;255;255m██[38;2;65;65;65m██[38;2;255;255;255m██[38;2;92;92;84m████[38;2;0;0;0m██          ██[38;2;92;92;84m████████████[38;2;0;0;0m██                    
                              ██████████              ██[38;2;92;92;84m██████████[38;2;0;0;0m██                    
                                                    ██[38;2;255;255;255m██[38;2;64;64;56m████[38;2;92;92;84m████[38;2;0;0;0m██                      
                                                      ██[38;2;65;65;65m██[38;2;255;255;255m██[38;2;65;65;65m██[38;2;255;255;255m██[38;2;0;0;0m██                      
                                                        ████████                        
[0m