                                [38;2;0;0;0m██                                                
                              ██[38;2;255;81;57m██[38;2;0;0;0m██        ██                                    
                              ██[38;2;255;81;57m██[38;2;0;0;0m██      ██[38;2;255;81;57m██[38;2;0;0;0m██                                  
                              ██[38;2;255;109;57m██[38;2;255;81;57m██[38;2;0;0;0m██    ██[38;2;255;81;57m██[38;2;0;0;0m██                                  
                              ██[38;2;255;109;57m██[38;2;255;81;57m██[38;2;0;0;0m██    ██[38;2;255;81;57m████[38;2;0;0;0m██                                
                              ██[38;2;255;247;0m██[38;2;255;142;66m██[38;2;0;0;0m██    ██[38;2;255;174;41m██[38;2;255;81;57m██[38;2;0;0;0m██                    ████        
                            ██[38;2;255;247;0m████[38;2;0;0;0m██    ██[38;2;255;174;41m████[38;2;0;0;0m██                    ██[38;2;255;81;57m██[38;2;0;0;0m██        
                          [38;2;8;8;8m██[38;2;255;89;66m██[38;2;255;81;57m██[38;2;0;0;0m██    ██[38;2;255;101;57m██[38;2;255;247;0m████[38;2;0;0;0m██                  ██[38;2;255;81;57m██[38;2;0;0;0m██          
                        ██[38;2;65;64;61m██[38;2;134;118;150m██[38;2;0;0;0m██    ██[38;2;255;101;57m████[38;2;255;247;0m██[38;2;0;0;0m██                  ██[38;2;255;81;57m██[38;2;0;0;0m██            
                      [38;2;8;0;8m██[38;2;68;68;64m██[38;2;66;65;66m████[38;2;0;0;0m██  ██[38;2;144;118;139m██[38;2;148;132;164m██[38;2;70;70;66m██[38;2;0;0;0m██    ██            ██[38;2;255;81;57m████[38;2;0;0;0m██            
                    ██[38;2;150;124;145m████[38;2;144;118;139m████[38;2;95;72;113m██[38;2;0;0;0m██[38;2;144;118;139m████[38;2;70;70;66m██[38;2;8;0;8m██    [38;2;0;0;0m██[38;2;255;81;57m██[38;2;0;0;0m██          ██[38;2;255;81;57m████[38;2;0;0;0m██            
                ██[38;2;0;0;8m██[38;2;150;124;145m██[38;2;95;72;113m██[38;2;144;118;139m████████████[38;2;95;72;113m██[38;2;0;0;0m██      ██[38;2;255;81;57m██[38;2;0;0;0m██          ██[38;2;255;174;82m██[38;2;255;81;57m████[38;2;0;0;0m██          
              ██[38;2;144;118;139m██[38;2;150;124;145m██[38;2;67;67;63m██[38;2;144;118;139m██████[38;2;95;72;113m██[38;2;135;110;131m██[38;2;144;118;139m████[38;2;95;72;113m██[38;2;0;0;0m██  ████[38;2;255;81;57m██[38;2;0;0;0m██              ██[38;2;255;174;82m████[38;2;0;0;0m██          
              ██[38;2;95;72;113m██[38;2;77;54;95m██[38;2;144;118;139m██[38;2;143;117;138m██[38;2;65;52;79m██[38;2;77;54;95m██[38;2;255;247;0m██[38;2;135;110;131m██[38;2;144;118;139m████[38;2;95;72;113m██[38;2;172;132;35m██[38;2;8;0;24m██[38;2;255;138;41m████[38;2;255;81;57m██[38;2;0;0;0m██            ██[38;2;255;174;82m██[38;2;255;199;57m████[38;2;0;0;0m██          
              ██[38;2;95;72;113m██[38;2;77;54;95m██[38;2;95;72;113m██[38;2;15;2;29m██[38;2;129;127;120m██[38;2;255;247;0m████[38;2;144;118;139m████[38;2;95;72;113m████[38;2;172;132;35m██[38;2;255;199;41m██[38;2;255;138;41m██[38;2;0;0;0m████            ██[38;2;255;174;82m████[38;2;255;199;57m██[38;2;0;0;0m██            
          ████[38;2;144;118;139m██[38;2;95;72;113m██[38;2;67;67;63m██[38;2;0;0;8m██[38;2;122;97;118m██[38;2;91;90;86m██[38;2;94;78;110m██[38;2;144;118;139m██[38;2;90;48;74m██[38;2;255;243;0m██[38;2;255;247;0m██████[38;2;95;72;113m██[38;2;0;0;0m██              ██[38;2;255;247;0m██[38;2;255;172;82m████[38;2;255;247;0m██[38;2;0;0;0m██            
        ██[38;2;144;118;139m████████[38;2;150;124;145m████[38;2;144;118;139m██████[38;2;66;60;66m██[38;2;255;243;0m██[38;2;145;113;49m██[38;2;95;72;113m████████[38;2;0;0;0m██      ████    ██[38;2;255;247;0m████[38;2;255;172;82m██[38;2;0;0;0m██              
        ██[38;2;144;118;139m████[38;2;95;72;113m██[38;2;255;247;8m██[38;2;144;118;139m████[38;2;74;60;74m██[38;2;194;171;35m██[38;2;66;66;64m██[38;2;95;72;113m██████[38;2;66;65;66m██[38;2;95;72;113m██████[38;2;0;0;0m██    ██[38;2;255;81;57m██[38;2;0;0;0m██  ██[38;2;156;65;66m████[38;2;255;227;24m██[38;2;8;0;8m██                
          [38;2;0;0;0m██[38;2;144;118;139m██[38;2;132;107;128m████[38;2;144;118;139m██[38;2;66;65;66m██[38;2;255;227;16m██[38;2;74;60;74m██[38;2;95;72;113m██[38;2;0;8;8m██[38;2;66;65;66m████[38;2;95;72;113m████████[38;2;0;0;0m██  ██[38;2;255;81;57m██[38;2;0;0;0m██  ██[38;2;255;174;82m██[38;2;255;170;74m████[38;2;131;113;16m██[38;2;8;0;8m██                
        [38;2;0;0;0m██[38;2;185;168;98m██[38;2;62;63;60m██[38;2;95;72;113m██[38;2;66;65;66m██[38;2;144;118;139m██[38;2;66;65;66m██[38;2;95;72;113m██[38;2;0;0;0m████  [38;2;8;0;8m██[38;2;70;70;66m██[38;2;95;72;113m██████[38;2;0;0;0m██  ██[38;2;255;82;57m████[38;2;255;81;57m██[38;2;0;0;0m██[38;2;255;172;82m████[38;2;255;247;0m██[38;2;255;172;82m██[38;2;255;170;90m████[38;2;0;0;0m██              
        ██[38;2;185;168;98m██[38;2;255;255;189m██[38;2;66;65;66m████[38;2;94;78;110m██[38;2;66;65;66m██[38;2;0;0;0m██    ██[38;2;148;132;164m██[38;2;70;70;66m██[38;2;95;72;113m██████[38;2;0;0;0m██  ██[38;2;255;82;57m████[38;2;255;81;57m████[38;2;255;172;82m██[38;2;255;247;0m██████[38;2;131;85;49m██[38;2;8;0;8m██[38;2;255;174;82m██[38;2;0;0;0m██            
████  [38;2;33;0;33m██[38;2;255;247;8m██[38;2;255;227;107m████[38;2;255;255;247m██[38;2;255;174;82m██[38;2;66;65;66m██[38;2;255;81;57m██[38;2;0;0;0m██  ██[38;2;144;118;139m██████[38;2;129;113;145m██[38;2;156;64;65m██[38;2;0;0;0m██    ██[38;2;255;81;57m████[38;2;255;255;247m██[38;2;255;174;82m██[38;2;255;225;82m██[38;2;255;247;247m██[38;2;255;247;0m██[38;2;156;65;66m██[38;2;0;0;0m██  ██              
██[38;2;255;174;82m██[38;2;0;0;0m██[38;2;107;82;24m██[38;2;255;247;8m██[38;2;255;227;107m██[38;2;0;0;0m██[38;2;255;174;82m██[38;2;255;255;247m██[38;2;255;81;57m██████[38;2;0;0;0m██[38;2;144;118;139m████████[38;2;156;64;65m██[38;2;255;109;57m██[38;2;0;0;0m██      ██[38;2;255;81;57m██[38;2;255;255;247m████[38;2;255;247;247m██[38;2;255;215;0m██[38;2;255;247;0m██████[38;2;0;0;0m████          ██  
  ██[38;2;255;174;82m██[38;2;255;247;0m████[38;2;0;0;0m██  ██[38;2;255;174;82m████[38;2;255;81;57m██[38;2;255;154;74m██[38;2;74;52;66m██[38;2;144;118;139m████[38;2;156;64;65m██[38;2;129;113;145m██[38;2;156;65;66m██[38;2;255;81;57m██[38;2;255;113;66m██[38;2;0;0;0m██  ██[38;2;255;172;82m████[38;2;255;174;82m██[38;2;255;255;247m██[38;2;255;247;247m████[38;2;255;255;247m██[38;2;255;247;0m██████[38;2;255;211;41m██[38;2;0;0;0m██      ██[38;2;255;81;57m██[38;2;0;0;0m██
    ██████      ██[38;2;255;174;82m████[38;2;134;86;68m██[38;2;150;124;145m██[38;2;144;118;139m██[38;2;156;66;66m██[38;2;255;109;57m██[38;2;156;64;65m██[38;2;255;81;57m████[38;2;255;113;66m████[38;2;0;0;0m██[38;2;255;174;82m██[38;2;255;247;0m██[38;2;255;172;82m██[38;2;255;255;247m████[38;2;255;225;82m██[38;2;255;215;0m██[38;2;255;247;0m██[38;2;255;255;247m██████[38;2;255;211;41m██[38;2;0;0;0m██    ██[38;2;255;81;57m████[38;2;0;0;0m██
                ██[38;2;255;243;8m██[38;2;165;65;74m██[38;2;144;118;139m████[38;2;150;124;145m██[38;2;156;65;66m██[38;2;255;81;57m████[38;2;255;82;57m████[38;2;255;168;54m██[38;2;255;251;24m██[38;2;255;247;0m██████[38;2;255;255;247m██[38;2;255;255;239m██[38;2;255;152;101m██[38;2;255;81;57m████[38;2;255;203;49m████[38;2;255;223;24m████[38;2;255;247;0m██[38;2;255;172;82m██[38;2;0;0;0m████[38;2;255;82;57m████[38;2;0;0;0m██  
    ██████    ██[38;2;255;247;0m██[38;2;165;65;74m██[38;2;82;83;77m██[38;2;144;118;139m██[38;2;156;66;66m██[38;2;156;65;66m██[38;2;255;158;74m██[38;2;255;174;82m████[38;2;255;82;57m████[38;2;255;86;84m██[38;2;255;168;54m██[38;2;255;247;0m████[38;2;255;255;247m████[38;2;255;152;101m██[38;2;255;101;33m██[38;2;255;81;57m██[38;2;77;54;95m██[38;2;131;101;32m██[38;2;8;0;16m██[38;2;0;0;0m██[38;2;255;223;24m██[38;2;255;172;82m████[38;2;255;174;82m████[38;2;255;82;57m████[38;2;0;0;0m██  
  [38;2;8;0;8m██[38;2;101;85;117m██[38;2;95;72;113m████[38;2;0;0;0m██  [38;2;16;0;41m██[38;2;255;243;24m██[38;2;156;66;66m██[38;2;144;118;139m██[38;2;156;65;66m██[38;2;255;247;0m██████[38;2;255;158;74m██[38;2;156;65;66m██[38;2;156;66;66m████[38;2;255;174;82m████[38;2;255;247;247m████[38;2;255;247;0m████[38;2;255;199;57m████[38;2;77;54;95m██[38;2;255;81;57m██[38;2;0;0;0m██    ████[38;2;255;174;82m██[38;2;255;130;66m████[38;2;255;81;57m██[38;2;0;0;0m██    
██[38;2;49;48;47m██[38;2;101;85;117m██[38;2;77;54;95m████[38;2;95;72;113m██[38;2;0;0;0m██[38;2;95;81;35m████[38;2;144;118;139m██[38;2;156;66;66m██[38;2;255;247;0m██[38;2;156;65;66m████████[38;2;150;124;145m██[38;2;144;118;139m████[38;2;156;66;65m██[38;2;255;174;82m██[38;2;255;225;82m██[38;2;255;215;0m██[38;2;255;247;0m████[38;2;255;199;57m██[38;2;0;0;0m██[38;2;255;81;57m██████[38;2;0;0;0m██      ████████      
██[38;2;200;184;186m██[38;2;56;55;54m██[38;2;95;72;113m████████[38;2;66;65;66m██[38;2;124;99;120m██[38;2;144;118;139m██[38;2;156;66;66m████[38;2;144;118;139m████████████████[38;2;156;66;66m██[38;2;255;247;8m████[38;2;255;247;0m██[38;2;0;0;0m████  ██[38;2;95;72;113m██[38;2;255;81;57m██[38;2;95;72;113m██[38;2;0;0;0m██                  
██[38;2;200;184;186m██[38;2;231;247;247m██[38;2;0;0;0m████[38;2;95;72;113m██[38;2;66;65;66m██[38;2;124;99;120m████[38;2;144;118;139m████████████[38;2;66;65;66m██████[38;2;144;118;139m██████[38;2;107;82;24m██[38;2;33;0;33m██[38;2;0;0;0m██      ██[38;2;95;72;113m████████[38;2;0;0;0m██                
  ████    ██[38;2;66;67;66m██[38;2;255;221;82m██[38;2;255;219;0m████[38;2;255;221;82m██[38;2;144;118;139m██[38;2;255;247;0m██[38;2;144;118;139m██[38;2;66;65;66m██[38;2;75;74;71m██[38;2;141;115;136m██[38;2;94;78;110m██[38;2;66;60;66m██[38;2;66;65;66m██[38;2;144;118;139m██[38;2;0;0;0m██            ██[38;2;95;72;113m██████[38;2;0;0;0m██                
            ██[38;2;255;219;0m██[38;2;255;227;247m████[38;2;255;219;0m██[38;2;255;247;0m██[38;2;144;118;139m██[38;2;66;65;66m██[38;2;94;78;110m██[38;2;255;255;231m██[38;2;75;74;71m██[38;2;144;118;139m██████████[38;2;0;0;0m██          ██[38;2;95;72;113m████████[38;2;0;0;0m██              
          ██[38;2;255;251;123m██[38;2;255;255;247m████████[38;2;255;255;222m██[38;2;99;97;8m██[38;2;255;255;247m██[38;2;40;40;39m██[38;2;255;255;247m██[38;2;43;43;42m██[38;2;255;251;239m██[38;2;138;112;133m██[38;2;66;65;66m██[38;2;144;118;139m██[38;2;150;124;145m██[38;2;0;8;16m██          [38;2;0;0;0m██[38;2;95;72;113m████████[38;2;0;0;0m██              
          ██[38;2;255;251;123m██[38;2;255;255;247m██[38;2;255;247;0m██[38;2;255;255;247m████[38;2;177;176;115m██[38;2;255;255;222m██[38;2;99;65;66m██[38;2;40;40;39m██[38;2;255;255;247m██[38;2;43;43;42m██[38;2;255;251;239m██[38;2;66;65;64m██[38;2;144;118;139m██[38;2;66;65;66m██[38;2;61;61;59m██[38;2;150;124;145m██[38;2;0;0;0m██      ██[38;2;77;54;95m██[38;2;95;72;113m██████████[38;2;0;0;0m██            
        ██[38;2;66;65;66m██[38;2;255;255;247m██[38;2;255;247;0m██[38;2;255;255;247m████[38;2;255;247;0m██████[38;2;255;255;247m██[38;2;255;247;0m██[38;2;66;65;66m██[38;2;255;174;41m██[38;2;66;65;66m██[38;2;144;118;139m██████████[38;2;63;63;62m██[38;2;0;12;24m██[38;2;0;0;0m████[38;2;65;64;62m██[38;2;95;72;113m██[38;2;77;54;95m██[38;2;95;72;113m██████[38;2;255;247;0m██[38;2;0;0;0m██            
        ██[38;2;66;65;66m██[38;2;255;255;247m████[38;2;255;247;0m██[38;2;255;255;247m████[38;2;255;247;0m██[38;2;255;255;247m██████[38;2;255;174;41m████[38;2;144;118;139m████████████[38;2;150;124;145m██[38;2;63;63;62m██[38;2;77;54;95m████[38;2;65;64;62m████[38;2;95;72;113m██[38;2;77;54;95m██[38;2;95;72;113m████[38;2;255;247;0m██[38;2;0;0;0m██            
      ██[38;2;81;66;97m██[38;2;95;72;113m██[38;2;66;65;66m██[38;2;255;255;247m██[38;2;255;247;0m████[38;2;255;255;247m██████████[38;2;255;219;0m██[38;2;255;221;82m██[38;2;255;247;0m██[38;2;144;118;139m██████████████[38;2;66;65;66m██[38;2;77;54;95m██████[38;2;65;64;62m██[38;2;95;72;113m██[38;2;222;186;24m████[38;2;0;0;0m██              
      ██[38;2;81;66;97m██[38;2;95;72;113m██[38;2;66;65;66m██[38;2;255;255;247m████████[38;2;255;247;0m██[38;2;255;255;247m██████[38;2;255;227;247m██[38;2;255;219;0m██[38;2;144;118;139m████████████████[38;2;66;65;66m██[38;2;77;54;95m██████[38;2;65;64;62m████[38;2;222;186;24m██[38;2;255;255;247m██[38;2;0;0;0m██              
      ██[38;2;95;72;113m██[38;2;77;54;95m██[38;2;95;72;113m██[38;2;74;52;74m██[38;2;255;231;8m██[38;2;255;255;222m██[38;2;177;176;115m██[38;2;255;255;247m██[38;2;255;247;0m██[38;2;255;255;247m████████[38;2;66;65;66m██[38;2;144;118;139m████████████████[38;2;66;65;66m██[38;2;77;54;95m████[38;2;255;247;0m████[38;2;255;255;247m██[38;2;0;0;0m██                
        ██[38;2;77;54;95m██[38;2;95;72;113m██[38;2;48;49;47m██[38;2;74;52;74m██[38;2;99;97;8m██[38;2;255;255;222m██[38;2;255;247;0m██[38;2;255;255;247m██████████[38;2;66;65;66m██[38;2;144;118;139m████████████████[38;2;66;65;66m██[38;2;255;247;0m████[38;2;255;255;247m████[38;2;0;0;0m██                  
          ████[38;2;95;72;113m██████[38;2;66;65;66m██████[38;2;255;251;247m████[38;2;255;255;247m████[38;2;61;61;59m██[38;2;150;124;145m██[38;2;144;118;139m████████████[38;2;150;124;145m██[38;2;61;61;59m██[38;2;255;255;247m████[38;2;0;0;0m████                    
              [38;2;0;8;8m██[38;2;28;28;27m██[38;2;95;72;113m████████[38;2;85;83;82m██[38;2;0;0;0m██████[38;2;0;8;16m██[38;2;150;124;145m██[38;2;144;118;139m██████[38;2;95;72;113m██[38;2;144;118;139m██[38;2;95;72;113m██[38;2;150;124;145m██[38;2;0;8;16m██[38;2;0;0;0m████                        
          ████[38;2;77;54;95m████[38;2;95;72;113m████████[38;2;0;0;0m██        ██[38;2;144;118;139m████[38;2;95;72;113m██[38;2;144;118;139m██[38;2;95;72;113m██[38;2;144;118;139m██[38;2;0;0;0m██                              
        ██[38;2;181;182;181m██[38;2;60;60;60m██[38;2;95;72;113m████████[38;2;0;0;0m████            ██[38;2;144;118;139m████[38;2;95;72;113m██[38;2;144;118;139m██████[38;2;0;0;0m██                            
          ██[38;2;181;182;181m████[38;2;0;0;0m██████                  ██[38;2;66;65;66m████[38;2;95;72;113m██[38;2;144;118;139m████[38;2;0;0;0m██                            
            ████                      ██[38;2;95;72;113m██[38;2;94;78;110m██[38;2;144;118;139m████████[38;2;0;0;0m██                            
                                    ██[38;2;181;170;170m██[38;2;107;81;102m██[38;2;255;251;247m██[38;2;102;76;97m██[38;2;255;251;247m██[38;2;106;80;101m██[38;2;0;0;0m██                              
                                    ██[38;2;33;0;0m██[38;2;255;255;255m██[38;2;16;0;0m████[38;2;255;251;247m██[38;2;33;0;0m██                                
                                        [38;2;0;0;0m██    ██                                  
[0m