            [38;2;0;0;0m██████                    
        ████[38;2;239;115;156m████[38;2;239;113;156m██[38;2;0;0;0m████                
      ██[38;2;239;113;156m████[38;2;239;115;156m████[38;2;239;113;156m████[38;2;189;89;132m██[38;2;0;0;0m██              
    ██[38;2;239;113;156m██[38;2;247;190;206m██[38;2;239;115;156m██████[38;2;189;89;132m██[38;2;239;113;156m██[38;2;189;90;132m████[38;2;0;0;0m██            
    ██[38;2;239;113;156m██[38;2;239;115;156m████████[38;2;189;89;132m████[38;2;189;90;132m████[38;2;0;0;0m████          
    [38;2;0;8;0m██[38;2;239;121;156m██[38;2;239;113;156m████[38;2;247;109;156m██[38;2;186;92;126m██[38;2;66;65;66m████[38;2;189;89;132m████[38;2;66;65;66m██[38;2;53;148;94m██[38;2;0;0;0m████      
    [38;2;0;8;0m██[38;2;79;45;52m██[38;2;189;89;132m████[38;2;186;92;126m██[38;2;66;60;66m██[38;2;53;148;94m██[38;2;66;65;66m██[38;2;189;89;132m██[38;2;66;65;66m██[38;2;53;148;94m████[38;2;54;148;93m████[38;2;0;0;0m██    
  ██[38;2;60;148;102m████[38;2;66;65;66m████[38;2;57;65;57m██[38;2;63;148;103m██[38;2;54;148;95m████[38;2;57;65;57m██[38;2;63;148;103m██[38;2;54;148;95m████[38;2;66;65;66m██[38;2;53;148;94m██[38;2;57;150;98m██[38;2;0;0;0m██  
    [38;2;16;0;16m██[38;2;38;74;55m██[38;2;66;65;66m██[38;2;74;190;130m██[38;2;66;190;125m████[38;2;74;190;130m████[38;2;66;190;125m████[38;2;54;148;95m████[38;2;53;148;94m██[38;2;66;65;66m██[38;2;0;0;0m██    
  ██[38;2;75;144;185m██[38;2;66;65;66m██[38;2;74;189;130m████████[38;2;74;190;130m████[38;2;66;77;57m██[38;2;84;120;99m██[38;2;66;190;117m██[38;2;63;148;98m██[38;2;54;148;95m████[38;2;66;64;66m██[38;2;0;0;0m██  
  ██[38;2;75;144;185m██[38;2;66;65;66m██[38;2;74;189;130m████████[38;2;74;190;130m██[38;2;66;65;66m██[38;2;93;168;192m██[38;2;66;77;57m██[38;2;57;65;57m██[38;2;63;148;98m██[38;2;54;148;95m████[38;2;66;64;66m██[38;2;0;0;0m██  
██[38;2;89;161;203m██[38;2;104;177;220m████[38;2;66;65;66m██[38;2;74;190;130m██████[38;2;66;65;66m██[38;2;106;181;223m██[38;2;104;177;220m████[38;2;75;144;185m██[38;2;66;65;66m██████[38;2;75;144;185m██[38;2;0;0;0m██  
██[38;2;89;161;203m██[38;2;104;177;220m████[38;2;66;65;66m██[38;2;74;190;130m██[38;2;66;65;66m████[38;2;106;181;223m████[38;2;104;177;220m████[38;2;75;144;185m████[38;2;66;65;66m██[38;2;75;144;185m██████[38;2;0;0;0m██
██[38;2;106;181;223m██[38;2;104;177;220m██[38;2;123;194;233m██[38;2;113;186;228m██[38;2;66;65;66m██[38;2;104;177;220m████████████[38;2;106;181;223m██[38;2;75;144;185m██[38;2;66;65;66m██[38;2;75;144;185m██[38;2;73;142;183m████[38;2;0;0;0m██
██[38;2;106;181;223m██[38;2;123;194;233m████[38;2;113;186;228m████[38;2;104;177;220m████████████[38;2;106;181;223m██[38;2;75;144;185m██[38;2;66;65;66m██[38;2;75;144;185m██[38;2;73;142;183m████[38;2;0;0;0m██
██[38;2;106;181;223m██[38;2;123;194;233m██████[38;2;104;177;220m██████████████[38;2;101;174;218m██[38;2;75;143;182m██[38;2;66;65;66m██[38;2;75;144;185m██[38;2;73;142;183m████[38;2;0;0;0m██
  ██[38;2;104;177;220m██[38;2;123;194;233m██[38;2;104;177;220m████████████████[38;2;101;174;218m██[38;2;66;65;66m██[38;2;75;144;185m████[38;2;73;142;183m████[38;2;0;0;0m██
  ██[38;2;104;177;220m████████████████████[38;2;101;174;218m██[38;2;66;65;66m██[38;2;73;142;183m████[38;2;75;144;185m████[38;2;0;0;0m██
  ██[38;2;104;177;220m████████████████████[38;2;66;65;66m██[38;2;75;143;182m██[38;2;73;142;183m████[38;2;75;144;185m██[38;2;0;0;0m██  
  ██[38;2;66;65;66m██[38;2;101;174;218m██[38;2;106;181;223m████[38;2;104;177;220m████[38;2;106;181;223m██████[38;2;66;65;66m██[38;2;106;181;223m██[38;2;75;144;185m██[38;2;73;142;183m████[38;2;75;144;185m██[38;2;0;0;0m██  
██[38;2;75;144;185m██[38;2;66;65;66m██[38;2;75;143;182m██[38;2;75;144;185m██[38;2;106;181;223m██[38;2;104;177;220m████[38;2;106;181;223m██[38;2;66;65;66m████[38;2;106;181;223m████[38;2;75;144;185m██[38;2;73;142;183m████[38;2;0;0;0m██    
██[38;2;75;144;185m██[38;2;78;146;184m████[38;2;75;144;185m████[38;2;66;65;66m██████[38;2;106;181;223m██[38;2;104;177;220m████[38;2;73;142;183m████[38;2;75;144;185m████[38;2;18;83;115m██[38;2;0;4;0m██  
  [38;2;0;0;0m██[38;2;0;4;0m██[38;2;18;83;115m██[38;2;66;65;66m████[38;2;239;113;156m████[38;2;66;65;66m████[38;2;104;177;220m████[38;2;73;142;183m████[38;2;75;144;185m██[38;2;66;65;66m██[38;2;78;146;184m████[38;2;0;0;0m██
      ██[38;2;239;113;156m████[38;2;66;65;66m████[38;2;239;113;156m████[38;2;66;65;66m██████[38;2;80;129;170m██[38;2;75;144;185m██████[38;2;0;0;0m████
        ██[38;2;239;113;156m██[38;2;189;89;132m██████[38;2;239;113;156m██[38;2;239;109;156m██[38;2;181;94;126m██[38;2;171;90;129m██[38;2;66;65;66m██[38;2;0;0;0m██████    
          ██████████[38;2;255;121;165m██[38;2;170;80;110m██[38;2;0;0;0m████          
                    ████              
[0m