          [38;2;0;0;0m██████                      
        ██[38;2;197;82;255m██████[38;2;0;0;0m██    ████            
      ██[38;2;255;255;255m██████[38;2;174;41;227m████[38;2;0;0;0m████[38;2;197;82;255m████[38;2;0;0;0m████        
    ██[38;2;197;82;255m██[38;2;255;255;255m██[38;2;65;65;65m████[38;2;255;255;255m██[38;2;174;41;227m████[38;2;255;255;255m████[38;2;174;41;227m██████[38;2;0;0;0m██      
  ██[38;2;255;255;255m████[38;2;65;65;65m████████[38;2;255;255;255m████[38;2;65;65;65m████[38;2;255;255;255m██[38;2;174;41;227m████[38;2;0;0;0m██      
██[38;2;255;255;255m██[38;2;65;65;65m██████████████████████[38;2;255;255;255m██[38;2;174;41;227m████[38;2;0;0;0m██    
██[38;2;255;255;255m██[38;2;65;65;65m████████[38;2;82;90;156m████[38;2;65;65;65m██████[38;2;82;90;156m██[38;2;65;65;65m██[38;2;255;255;255m██[38;2;174;41;227m██[38;2;197;82;255m████[38;2;0;0;0m██  
  ██[38;2;189;189;189m██[38;2;65;65;65m██[38;2;82;90;156m██████[38;2;65;65;65m██[38;2;229;170;41m██[38;2;249;230;102m██[38;2;229;170;41m██[38;2;65;65;65m██[38;2;82;90;156m██[38;2;65;65;65m██[38;2;255;255;255m████[38;2;197;82;255m████[38;2;0;0;0m██
██[38;2;189;189;189m██[38;2;65;65;65m██[38;2;82;90;156m████[38;2;123;173;206m██[38;2;65;65;65m██[38;2;249;230;102m██[38;2;255;255;255m██[38;2;249;230;102m██████[38;2;65;65;65m██[38;2;82;90;156m██[38;2;65;65;65m████[38;2;255;255;255m██[38;2;174;41;227m██[38;2;0;0;0m██
  ██[38;2;189;189;189m██[38;2;65;65;65m██[38;2;123;173;206m██[38;2;65;65;65m██[38;2;229;170;41m██[38;2;249;230;102m████[38;2;0;0;0m██[38;2;249;230;102m████[38;2;0;0;0m██[38;2;65;65;65m██[38;2;82;90;156m██[38;2;65;65;65m██[38;2;255;255;255m██[38;2;0;0;0m██  
    ██[38;2;65;65;65m██[38;2;123;173;206m██[38;2;65;65;65m██[38;2;249;230;102m████████[38;2;0;0;0m████[38;2;249;230;102m██[38;2;65;65;65m██[38;2;123;173;206m██[38;2;65;65;65m██[38;2;0;0;0m██    
  ██[38;2;189;189;189m██[38;2;65;65;65m██[38;2;82;90;156m██[38;2;65;65;65m██[38;2;229;170;41m██[38;2;0;0;0m██[38;2;249;230;102m██████[38;2;255;255;255m██[38;2;229;170;41m██[38;2;65;65;65m██[38;2;82;90;156m██[38;2;65;65;65m██[38;2;189;189;189m██[38;2;0;0;0m██  
██[38;2;189;189;189m██[38;2;65;65;65m████[38;2;165;222;255m████[38;2;65;65;65m██[38;2;249;230;102m██████████[38;2;65;65;65m██[38;2;132;197;230m████[38;2;65;65;65m██[38;2;189;189;189m██[38;2;0;0;0m██  
██[38;2;255;255;255m██[38;2;65;65;65m██████[38;2;165;222;255m████[38;2;65;65;65m██[38;2;229;170;41m██[38;2;249;230;102m██[38;2;229;170;41m██[38;2;65;65;65m██[38;2;165;222;255m████[38;2;65;65;65m████[38;2;0;0;0m██    
  ██[38;2;255;255;255m████[38;2;65;65;65m████[38;2;123;173;206m████[38;2;65;65;65m██████[38;2;123;173;206m██[38;2;65;65;65m████[38;2;189;189;189m████[38;2;0;0;0m██    
    ██[38;2;174;41;227m██[38;2;255;255;255m██[38;2;65;65;65m██████[38;2;255;255;255m████[38;2;65;65;65m████[38;2;255;255;255m████[38;2;197;82;255m██[38;2;0;0;0m██      
      ██[38;2;174;41;227m██[38;2;255;255;255m██████[38;2;174;41;227m████[38;2;255;255;255m████[38;2;174;41;227m██████[38;2;0;0;0m██      
        ██████[38;2;174;41;227m██████[38;2;0;0;0m████[38;2;174;41;227m████[38;2;0;0;0m██        
              ██████    ████          
[0m