                                                  [38;2;0;0;0m████████                        
                                              ████[38;2;223;197;199m████████[38;2;0;0;0m██                      
                          ████████          ██[38;2;223;197;199m████[38;2;0;0;0m████████                        
                      ████[38;2;239;57;54m████[38;2;37;218;240m██[38;2;3;193;227m██[38;2;0;0;0m██    ██[38;2;41;16;0m██[38;2;223;197;199m██[38;2;65;64;65m██[38;2;0;0;0m██                                
                    ██[38;2;183;31;45m██[38;2;239;55;51m██[38;2;239;57;54m████[38;2;137;122;136m██[38;2;37;218;240m██[38;2;3;179;219m██[38;2;0;0;0m████[38;2;239;57;54m██[38;2;116;122;136m██[38;2;71;67;68m██[38;2;0;0;0m██                                  
                  ██[38;2;203;40;55m██[38;2;233;106;90m████[38;2;239;57;54m██████[38;2;45;221;242m██[38;2;3;184;221m██[38;2;120;100;119m██[38;2;239;57;54m██████[38;2;45;221;242m██[38;2;3;161;203m██[38;2;24;12;0m██[38;2;8;4;0m████                      [38;2;0;0;0m████  
                  ██[38;2;221;100;85m██[38;2;233;106;90m██[38;2;239;57;54m████████[38;2;45;221;242m██[38;2;32;216;239m██[38;2;3;184;221m██[38;2;239;57;54m██████[38;2;45;221;242m██[38;2;3;161;203m██[38;2;239;65;61m██[38;2;218;75;74m██[38;2;0;199;232m██[38;2;0;0;0m██          ██████████[38;2;242;219;219m████[38;2;0;0;0m██
                ██[38;2;233;106;90m██[38;2;239;57;54m████████████[38;2;137;122;136m██[38;2;48;222;242m██[38;2;3;179;219m██[38;2;239;57;54m██████[38;2;21;211;237m██[38;2;3;179;219m██[38;2;239;57;54m██[38;2;120;98;118m██[38;2;37;218;240m██[38;2;0;0;0m██      ████[38;2;242;219;219m██████████[38;2;0;0;0m████  
          ██████[38;2;234;104;87m██[38;2;239;57;54m████████████████[38;2;48;222;242m██[38;2;82;78;71m████████[38;2;87;83;82m██[38;2;3;179;219m██[38;2;239;57;54m██[38;2;37;218;240m████[38;2;3;179;219m██[38;2;0;0;0m██████[38;2;242;219;219m████[38;2;0;0;0m██████████      
        ██[38;2;189;29;44m██[38;2;239;57;54m██[38;2;189;29;44m██[38;2;239;57;54m██████[38;2;215;43;58m████[38;2;239;57;54m████[38;2;82;78;71m██████[38;2;242;219;219m██████████[38;2;82;78;71m██████████[38;2;242;219;219m██[38;2;242;222;220m████[38;2;0;0;0m████                
        ██[38;2;239;57;54m██[38;2;189;29;44m██[38;2;239;57;54m██████[38;2;215;43;58m██[38;2;239;57;54m████[38;2;192;64;57m██[38;2;82;78;71m██[38;2;242;219;219m██████[38;2;65;64;65m██████████[38;2;242;219;219m██████████[38;2;82;78;71m████[38;2;0;0;16m██                    
      [38;2;0;0;8m██[38;2;197;37;51m██[38;2;190;27;42m██[38;2;229;106;90m██[38;2;239;57;54m████████[38;2;233;106;90m██[38;2;239;57;54m██[38;2;74;72;65m██[38;2;242;219;219m██[38;2;65;64;65m██████[38;2;37;218;240m██[38;2;82;80;65m██[38;2;239;57;54m██[38;2;65;64;65m██[38;2;251;111;83m██[38;2;65;64;65m██████████[38;2;48;222;242m██[38;2;49;223;242m████[38;2;0;0;0m██                  
    ██[38;2;197;37;51m██[38;2;218;95;79m██[38;2;229;106;90m██[38;2;239;65;62m██[38;2;239;57;54m████████████[38;2;74;72;65m████[38;2;239;57;54m████[38;2;239;60;56m██[38;2;37;218;240m██[38;2;82;80;65m████[38;2;251;111;83m████[38;2;229;83;55m██[38;2;251;122;96m██[38;2;48;222;242m████[38;2;65;64;65m██[38;2;48;222;242m██[38;2;65;64;65m██[38;2;0;0;0m██                    
  ██[38;2;220;93;76m██[38;2;239;57;54m████████████[38;2;189;29;44m██[38;2;239;57;54m████[38;2;189;29;44m██[38;2;192;64;57m██[38;2;239;57;54m██████[38;2;239;55;51m██[38;2;90;85;82m██[38;2;82;76;65m██[38;2;208;66;39m██[38;2;218;74;47m██[38;2;251;111;83m██[38;2;251;112;85m████[38;2;126;130;138m██[38;2;49;223;242m████[38;2;65;64;65m██[38;2;0;0;0m██                      
██[38;2;190;37;50m██[38;2;220;93;76m██[38;2;239;57;54m██████████████[38;2;189;29;44m██████[38;2;239;57;54m████████[38;2;220;45;61m██[38;2;90;85;82m██[38;2;251;111;83m██████[38;2;218;74;47m██[38;2;251;112;85m████[38;2;229;83;55m██[38;2;126;130;138m██[38;2;49;223;242m██[38;2;76;75;74m██[38;2;239;92;63m██[38;2;0;0;0m██                    
██[38;2;239;57;54m████████[38;2;239;61;58m████[38;2;239;57;54m████████████████[38;2;215;43;58m████[38;2;90;89;82m██[38;2;251;111;83m██[38;2;251;152;133m██[38;2;251;109;82m██[38;2;251;111;83m████[38;2;208;66;39m██[38;2;251;111;83m██████[38;2;42;220;241m██[38;2;79;78;68m██[38;2;242;94;65m████[38;2;0;0;0m██                  
██[38;2;239;57;54m████[38;2;0;0;0m████[38;2;226;104;88m██[38;2;184;27;41m██[38;2;0;0;0m████[38;2;189;29;44m██[38;2;239;57;54m████[38;2;215;43;58m████████[38;2;82;80;65m██[38;2;57;135;142m██[38;2;251;111;83m██[38;2;251;109;82m████[38;2;93;95;95m████[38;2;82;76;65m██[38;2;251;111;83m██[38;2;126;125;133m██[38;2;42;220;241m████[38;2;79;78;68m██[38;2;242;94;65m████[38;2;0;0;0m██                  
██[38;2;239;57;54m██[38;2;0;0;0m██    ████    ██[38;2;68;58;57m██[38;2;87;75;63m██[38;2;217;54;53m██[38;2;227;57;56m██[38;2;82;76;74m██[38;2;82;76;65m██[38;2;120;116;123m██[38;2;42;220;241m██[38;2;7;203;233m██[38;2;90;89;71m██[38;2;123;120;86m██[38;2;255;246;148m██[38;2;38;129;165m██[38;2;25;213;238m██[38;2;118;114;121m██[38;2;48;222;242m████[38;2;65;64;65m████████[38;2;49;223;242m██[38;2;0;0;0m██                
  ██              ██[38;2;168;139;138m██[38;2;130;114;88m██[38;2;87;75;63m██[38;2;82;76;74m██[38;2;251;107;79m██[38;2;239;92;63m██[38;2;213;70;43m██[38;2;167;155;146m██[38;2;7;203;233m██[38;2;255;242;148m██[38;2;8;12;32m██[38;2;255;246;148m██[38;2;76;170;203m██[38;2;126;131;139m██[38;2;90;85;82m██[38;2;65;64;65m████[38;2;48;222;242m████████[38;2;65;64;65m██[38;2;0;0;0m██                
                ██[38;2;224;197;200m████[38;2;149;102;118m██[38;2;223;197;199m██[38;2;115;125;112m██[38;2;98;80;49m██[38;2;226;81;53m██[38;2;251;111;83m██████[38;2;251;120;93m████[38;2;251;129;104m██[38;2;63;74;84m██[38;2;74;68;65m████[38;2;217;42;57m████[38;2;239;57;54m██████[38;2;172;37;36m██[38;2;65;64;65m██[38;2;0;0;0m██                
            ████[38;2;223;197;199m██[38;2;224;197;200m██[38;2;143;111;121m██[38;2;244;221;221m██[38;2;223;197;199m██[38;2;98;80;49m██[38;2;251;118;91m██[38;2;251;111;83m██[38;2;135;116;93m██[38;2;218;74;47m██[38;2;251;111;83m██[38;2;213;70;43m██[38;2;16;0;8m██[38;2;24;4;0m██[38;2;216;73;45m██[38;2;74;68;65m██[38;2;242;219;219m██████[38;2;215;43;58m██[38;2;239;57;54m████[38;2;82;68;49m██[38;2;0;0;0m██                  
          ██[38;2;242;219;219m██[38;2;143;108;120m██████[38;2;242;219;219m██████[38;2;223;197;199m██[38;2;0;0;0m████[38;2;251;111;83m████[38;2;0;0;0m████    ██[38;2;242;220;219m████[38;2;242;219;219m██[38;2;183;86;105m██[38;2;239;57;54m████[38;2;49;63;74m██[38;2;244;96;67m██[38;2;0;0;0m██                  
            ██[38;2;242;219;219m████████[38;2;0;0;0m██████    ████      ██[38;2;242;219;219m██[38;2;242;220;219m████[38;2;183;86;105m████[38;2;65;64;65m████[38;2;123;118;125m██[38;2;16;4;0m██                    
              [38;2;0;0;0m████████              ████    ██[38;2;65;64;57m████[38;2;65;64;65m████[38;2;239;92;63m██[38;2;48;222;242m██[38;2;239;92;63m██[38;2;0;0;0m██                    
                                  ██[38;2;48;222;242m████[38;2;0;0;0m████[38;2;48;222;242m██[38;2;116;82;78m██[38;2;124;119;126m██[38;2;48;222;242m████[38;2;239;92;63m██[38;2;48;222;242m██[38;2;0;0;0m██                      
                                    ██[38;2;49;63;74m██[38;2;244;96;67m██[38;2;110;76;69m████[38;2;239;92;63m██[38;2;48;222;242m██[38;2;24;212;238m██[38;2;126;121;129m██[38;2;0;0;0m████                        
                                  ██[38;2;239;92;63m██[38;2;244;96;67m██[38;2;16;4;0m████[38;2;251;103;75m██[38;2;239;92;63m██[38;2;48;222;242m██[38;2;8;0;0m████                            
                                    [38;2;0;0;0m████    ██████                                
[0m