            [38;2;0;0;0m████                
  ██████████[38;2;255;195;228m████[38;2;0;0;0m██              
██[38;2;11;219;37m██████[38;2;1;150;20m██[38;2;231;139;188m██[38;2;255;195;228m██████[38;2;0;0;0m████          
██[38;2;11;219;37m████[38;2;1;150;20m██[38;2;65;65;65m██[38;2;255;195;228m████[38;2;144;67;106m██[38;2;255;195;228m████[38;2;231;139;188m██[38;2;0;0;0m████      
██[38;2;1;150;20m██[38;2;11;219;37m██[38;2;65;65;65m██[38;2;255;195;228m██[38;2;144;67;106m████[38;2;231;139;188m██[38;2;255;195;228m████[38;2;65;65;65m██[38;2;1;150;20m██[38;2;11;219;37m██[38;2;0;0;0m████  
  ██[38;2;65;65;65m██[38;2;255;195;228m██████████████[38;2;65;65;65m██[38;2;11;219;37m████████[38;2;0;0;0m██
  ██[38;2;255;195;228m██[38;2;255;255;255m██[38;2;255;195;228m████████████[38;2;65;65;65m██[38;2;11;219;37m████████[38;2;0;0;0m██
  ██[38;2;231;139;188m██[38;2;0;0;0m██[38;2;255;195;228m████[38;2;255;255;255m██[38;2;255;195;228m████████[38;2;65;65;65m██[38;2;11;219;37m████[38;2;0;0;0m██  
██[38;2;184;98;142m██[38;2;255;195;228m████████[38;2;0;0;0m██[38;2;255;195;228m████████[38;2;65;65;65m██[38;2;1;150;20m██[38;2;0;0;0m██    
██[38;2;255;195;228m██[38;2;184;98;142m██[38;2;255;195;228m██[38;2;231;139;188m██[38;2;255;195;228m████[38;2;231;79;157m██[38;2;255;195;228m████[38;2;231;139;188m████[38;2;0;0;0m████    
  ██[38;2;231;139;188m██[38;2;255;195;228m██████████[38;2;231;139;188m████████[38;2;65;65;65m██[38;2;231;139;188m██[38;2;0;0;0m██  
  ██[38;2;231;139;188m████[38;2;255;195;228m██████[38;2;184;98;142m██[38;2;255;195;228m██[38;2;184;98;142m██[38;2;231;139;188m████[38;2;65;65;65m██[38;2;231;139;188m██[38;2;0;0;0m██  
    ██[38;2;231;139;188m████████[38;2;65;65;65m████[38;2;231;139;188m████[38;2;65;65;65m██[38;2;231;139;188m████[38;2;0;0;0m██  
    ██████[38;2;231;139;188m████████████[38;2;0;0;0m██████    
          ██████[38;2;231;139;188m████[38;2;0;0;0m██          
                ████            
[0m