                              [38;2;0;4;0m██████                            
                            ██[38;2;119;117;119m██[38;2;115;117;115m██[38;2;82;78;65m██[38;2;0;4;0m██                          
                        ████[38;2;119;117;119m████[38;2;82;78;65m████[38;2;0;4;0m██                          
                      ██[38;2;66;60;57m██[38;2;82;79;76m██[38;2;82;78;65m████[38;2;94;93;86m████[38;2;123;117;115m██[38;2;0;4;0m██                        
                      ██[38;2;82;79;76m██[38;2;115;117;115m████[38;2;82;78;65m██[38;2;94;93;86m██[38;2;189;44;49m██[38;2;82;79;76m████[38;2;0;4;0m██                      
                      ██[38;2;82;81;66m████[38;2;117;119;115m████[38;2;82;79;68m████[38;2;239;81;49m██[38;2;74;69;66m██[38;2;0;4;0m██                      
                    ██[38;2;66;64;66m██[38;2;82;81;66m██[38;2;186;43;44m██[38;2;82;81;66m████[38;2;82;79;68m████[38;2;74;69;66m████[38;2;82;79;70m██[38;2;0;4;0m██                    
                  ██[38;2;82;79;68m████████[38;2;82;78;68m██[38;2;247;97;57m██[38;2;239;81;49m██[38;2;74;73;66m██[38;2;85;77;68m████[38;2;74;71;68m██[38;2;0;4;0m██        ████        
                  ██[38;2;82;79;68m████████[38;2;247;97;57m██[38;2;82;78;68m██[38;2;74;73;66m████[38;2;85;77;68m██[38;2;255;113;74m██[38;2;74;71;68m██[38;2;0;4;0m██      ██[38;2;87;128;144m████[38;2;0;4;0m██      
                  ██[38;2;129;55;57m██[38;2;239;69;41m██[38;2;66;65;66m████[38;2;76;72;68m██[38;2;132;40;57m██[38;2;82;79;68m██[38;2;131;41;54m██[38;2;255;166;82m██[38;2;115;52;57m██[38;2;131;41;54m██[38;2;82;79;68m██[38;2;0;4;0m██    ██[38;2;86;127;143m████[38;2;0;4;0m██      
                ██[38;2;82;79;70m██[38;2;129;55;57m██[38;2;74;48;66m██[38;2;132;40;53m████[38;2;76;72;68m████[38;2;131;41;54m██[38;2;82;79;68m██[38;2;115;52;57m████[38;2;131;41;54m████[38;2;0;4;0m██  ██[38;2;87;128;144m██[38;2;86;127;143m██[38;2;65;107;123m██[38;2;0;4;0m██      
                ██[38;2;115;52;60m██[38;2;186;42;46m████[38;2;129;41;54m████[38;2;255;130;74m████[38;2;99;65;66m████[38;2;74;48;57m██[38;2;255;97;66m██[38;2;132;40;57m████[38;2;77;74;68m██[38;2;0;4;0m██[38;2;87;128;144m████[38;2;93;134;150m██[38;2;0;8;0m██        
              [38;2;0;4;0m██[38;2;115;52;60m████[38;2;132;40;57m██[38;2;186;42;46m██[38;2;189;44;49m██[38;2;129;41;54m██[38;2;129;43;52m██[38;2;255;130;74m██[38;2;255;166;82m██[38;2;99;65;66m██[38;2;134;64;60m████[38;2;255;142;82m████[38;2;77;74;68m████[38;2;87;128;144m████[38;2;52;94;108m██[38;2;0;8;0m██        
              [38;2;0;4;0m██[38;2;99;69;71m██[38;2;99;44;49m██[38;2;126;48;55m██[38;2;66;60;66m██[38;2;66;56;66m██[38;2;129;71;68m██[38;2;129;45;55m████[38;2;186;42;46m██[38;2;132;40;57m██[38;2;140;28;49m██[38;2;178;64;57m██[38;2;132;40;57m██[38;2;186;42;46m██[38;2;66;65;66m██[38;2;86;127;143m████[38;2;65;107;123m██[38;2;64;106;120m██[38;2;0;4;0m██        
    ████      ██[38;2;99;121;115m██[38;2;99;69;71m██[38;2;66;60;66m██[38;2;186;36;44m██[38;2;255;101;74m██[38;2;66;56;66m████[38;2;192;34;44m██[38;2;132;40;57m██[38;2;186;42;46m██[38;2;255;138;74m████[38;2;186;42;46m██[38;2;132;40;57m██[38;2;66;65;66m██[38;2;86;127;143m████[38;2;65;107;123m██[38;2;0;4;0m██          
  ██[38;2;64;106;122m████[38;2;0;4;0m██████[38;2;87;128;144m██[38;2;86;127;143m████[38;2;62;104;120m██[38;2;66;69;66m██[38;2;152;113;103m██[38;2;247;138;107m██[38;2;255;170;90m██[38;2;57;73;82m██[38;2;192;67;57m██[38;2;255;77;57m██[38;2;255;166;82m██[38;2;189;44;49m██[38;2;126;48;55m██[38;2;66;60;66m██[38;2;87;128;144m████[38;2;64;106;120m████[38;2;0;4;0m██          
  ██[38;2;64;106;122m████[38;2;66;108;124m██[38;2;66;66;66m██[38;2;87;128;144m████[38;2;86;127;143m██[38;2;65;107;123m██[38;2;89;130;146m████[38;2;57;89;99m██[38;2;152;113;103m██[38;2;156;121;86m██[38;2;255;170;90m██[38;2;66;48;57m██[38;2;192;67;57m██[38;2;189;44;49m████[38;2;186;36;44m██[38;2;66;60;66m██[38;2;87;128;144m████[38;2;64;106;120m██[38;2;0;4;0m██            
    ██[38;2;66;108;124m██[38;2;66;65;66m██[38;2;86;127;143m██[38;2;82;81;66m██[38;2;87;128;142m██████[38;2;86;127;143m██[38;2;65;107;123m██[38;2;85;126;142m██[38;2;66;65;57m██[38;2;66;65;66m██[38;2;137;137;126m██[38;2;255;85;57m██[38;2;82;73;74m██[38;2;186;43;44m████[38;2;66;69;66m██[38;2;89;130;146m██[38;2;86;127;143m██[38;2;65;107;123m██[38;2;64;106;120m██[38;2;0;4;0m██            
  ██[38;2;66;108;124m██[38;2;66;66;66m██[38;2;86;127;143m████[38;2;87;128;142m██[38;2;82;81;66m██[38;2;87;128;142m██[38;2;82;81;66m██[38;2;86;127;143m████[38;2;85;126;142m██[38;2;49;91;105m██[38;2;68;110;124m██[38;2;66;65;66m██[38;2;82;73;74m██[38;2;197;81;62m██[38;2;66;65;66m████[38;2;89;130;146m██[38;2;62;104;120m██[38;2;86;127;143m██[38;2;65;107;123m██[38;2;64;106;120m████[38;2;0;4;0m██          
  ██[38;2;80;115;129m██[38;2;71;71;71m██[38;2;87;128;144m████[38;2;87;130;145m██[38;2;61;105;118m██[38;2;51;92;107m██[38;2;255;235;247m██[38;2;87;128;144m████[38;2;79;77;68m██[38;2;62;104;120m██[38;2;64;106;120m██[38;2;66;65;66m██[38;2;99;97;90m██[38;2;66;65;66m██[38;2;87;128;144m████████[38;2;65;107;120m██[38;2;85;126;142m██[38;2;64;106;120m████[38;2;0;4;0m██          
    ██[38;2;80;115;129m██[38;2;87;128;144m████[38;2;61;105;118m██[38;2;173;174;173m██[38;2;0;4;0m██[38;2;255;235;247m██[38;2;87;128;144m████[38;2;79;77;68m██[38;2;62;104;120m██[38;2;64;106;120m██[38;2;66;65;66m██[38;2;77;75;74m██[38;2;66;65;66m██[38;2;87;128;144m████████[38;2;82;79;65m████[38;2;82;81;66m██[38;2;64;106;120m██[38;2;0;4;0m██          
  ██[38;2;87;128;144m████[38;2;87;128;142m██[38;2;82;81;66m██[38;2;60;63;60m██[38;2;0;8;0m██[38;2;247;231;247m██[38;2;94;135;151m██[38;2;85;126;142m██[38;2;82;79;65m██[38;2;79;77;68m██[38;2;62;104;120m██[38;2;64;106;120m████[38;2;66;65;66m██[38;2;64;106;120m██[38;2;65;107;123m██[38;2;86;127;143m██[38;2;85;126;142m██[38;2;82;79;65m██[38;2;64;106;120m██████[38;2;66;65;66m██[38;2;64;106;120m██[38;2;0;4;0m██        
  ██[38;2;87;128;144m████[38;2;87;128;142m██[38;2;82;81;66m██[38;2;88;129;145m████[38;2;94;135;151m██[38;2;66;73;66m██[38;2;82;79;65m██[38;2;65;107;120m██[38;2;62;104;120m██[38;2;79;77;68m██[38;2;64;106;120m██[38;2;66;65;66m██████[38;2;65;107;123m████[38;2;82;79;65m██[38;2;65;107;120m██[38;2;66;65;66m████[38;2;64;106;120m██[38;2;66;65;66m██[38;2;64;106;120m██[38;2;0;4;0m██        
  ██[38;2;91;132;148m████[38;2;64;106;122m████[38;2;79;77;68m████[38;2;82;81;66m██[38;2;64;106;120m██████[38;2;66;65;66m██[38;2;64;106;120m██[38;2;66;65;66m████[38;2;65;107;120m██[38;2;66;65;66m████[38;2;64;106;120m██[38;2;77;75;74m██[38;2;66;65;66m██[38;2;64;106;120m████[38;2;66;65;66m██[38;2;77;75;74m██[38;2;68;110;126m██[38;2;8;8;0m██        
    [38;2;0;8;0m██[38;2;51;93;108m██[38;2;64;106;122m████[38;2;62;104;120m████[38;2;64;106;120m████[38;2;66;65;66m██[38;2;64;106;120m██[38;2;66;65;66m████[38;2;77;75;74m██[38;2;65;107;120m██[38;2;77;75;74m██[38;2;65;107;120m██[38;2;66;65;66m██████[38;2;65;107;120m██[38;2;66;65;66m██████[38;2;65;107;120m██[38;2;68;70;66m██[38;2;68;110;126m██[38;2;0;4;0m██      
      ██[38;2;64;106;120m████[38;2;66;65;66m████[38;2;64;106;120m████[38;2;66;65;66m████[38;2;65;107;120m██[38;2;82;79;65m██[38;2;65;107;123m████[38;2;64;106;120m██[38;2;82;81;66m██[38;2;65;107;120m████[38;2;66;65;66m████[38;2;87;128;144m████[38;2;62;104;120m██[38;2;66;69;66m██[38;2;77;75;74m██[38;2;65;107;120m██[38;2;0;4;0m██      
    ██[38;2;64;106;120m██[38;2;66;65;66m████[38;2;64;106;120m██[38;2;66;65;66m██████[38;2;85;126;142m██[38;2;50;92;107m██[38;2;82;79;65m██[38;2;85;126;142m██[38;2;86;127;143m██[38;2;65;107;123m██[38;2;64;106;120m████[38;2;77;75;74m██[38;2;66;65;66m██[38;2;86;127;143m████[38;2;87;128;144m████[38;2;89;130;146m██[38;2;62;104;120m██[38;2;66;65;66m██[38;2;65;107;120m██[38;2;0;4;0m██      
  ██[38;2;82;78;68m██[38;2;66;65;66m██[38;2;64;106;122m████[38;2;64;106;120m████[38;2;66;65;66m██[38;2;86;127;143m██[38;2;87;128;144m████[38;2;82;81;66m██[38;2;87;128;142m██[38;2;87;128;144m████[38;2;88;129;145m██[38;2;60;102;118m██[38;2;66;65;66m██[38;2;86;127;143m██[38;2;65;107;123m██[38;2;86;127;143m██[38;2;65;107;123m████[38;2;62;104;120m██[38;2;79;77;68m██[38;2;66;65;66m██[38;2;82;78;68m██[38;2;64;106;120m██[38;2;0;4;0m██    
██[38;2;82;79;70m██[38;2;82;78;68m██[38;2;66;65;66m██[38;2;64;106;122m████[38;2;64;106;120m██[38;2;66;65;66m████[38;2;86;127;143m██[38;2;87;128;144m████[38;2;87;128;142m██[38;2;82;81;66m██[38;2;87;128;144m████[38;2;66;65;66m████[38;2;86;127;143m██████[38;2;65;107;123m██[38;2;86;127;143m████[38;2;79;77;68m██[38;2;62;104;120m██[38;2;66;65;66m██[38;2;82;78;68m██[38;2;64;106;120m██[38;2;0;4;0m██    
██[38;2;66;64;66m██[38;2;66;65;66m██[38;2;82;78;68m██[38;2;66;64;66m██[38;2;0;4;0m██[38;2;66;70;66m██[38;2;68;110;126m██[38;2;64;106;120m██[38;2;66;65;66m██[38;2;86;127;143m████[38;2;64;106;120m██[38;2;66;65;66m██[38;2;86;127;143m██[38;2;66;65;66m██[38;2;82;78;68m████[38;2;66;65;66m████[38;2;86;127;143m████[38;2;79;77;68m████[38;2;64;106;120m██[38;2;66;65;66m██[38;2;64;106;120m██[38;2;82;81;66m██[38;2;68;110;126m██[38;2;8;8;0m██    
  [38;2;0;4;0m██[38;2;82;78;68m████[38;2;0;4;0m██  [38;2;0;8;0m██[38;2;66;70;66m██[38;2;64;106;120m████[38;2;66;65;66m██████[38;2;64;106;120m██[38;2;66;65;66m████[38;2;82;78;68m██[38;2;66;65;66m██[38;2;82;78;68m████[38;2;66;65;66m████[38;2;62;104;120m████[38;2;66;65;66m████[38;2;64;106;120m████[38;2;68;70;66m██[38;2;68;110;126m██[38;2;0;4;0m██  
    ████  ██[38;2;64;106;120m████[38;2;79;77;68m████[38;2;66;65;66m██[38;2;88;129;145m██[38;2;86;127;143m██[38;2;65;107;123m██[38;2;87;128;142m████[38;2;66;65;66m████[38;2;82;78;68m██[38;2;66;65;66m██[38;2;82;79;68m████[38;2;66;65;66m████[38;2;85;126;142m██[38;2;66;65;57m██[38;2;64;106;120m████[38;2;79;77;68m██[38;2;62;104;120m██[38;2;0;4;0m██  
          ██[38;2;64;106;120m██[38;2;82;81;66m██[38;2;62;104;120m████[38;2;60;102;118m██[38;2;66;65;66m██[38;2;86;127;143m████[38;2;82;81;66m██[38;2;87;128;142m██[38;2;86;127;143m██[38;2;66;65;66m██████[38;2;82;79;68m████[38;2;66;65;66m██[38;2;86;127;143m██[38;2;49;91;105m██[38;2;66;108;122m██[38;2;66;65;66m██[38;2;64;106;120m██[38;2;79;77;68m██[38;2;62;104;120m██[38;2;0;4;0m██  
            ████[38;2;66;108;124m████[38;2;77;75;74m██[38;2;65;107;120m██[38;2;66;65;66m██[38;2;64;106;120m████[38;2;82;81;66m██[38;2;77;75;74m██[38;2;66;65;66m██[38;2;87;128;144m████[38;2;66;65;66m████[38;2;79;77;68m████[38;2;64;106;120m████[38;2;66;65;66m██[38;2;64;106;120m██[38;2;62;104;120m██[38;2;79;77;68m██[38;2;64;106;120m██[38;2;0;4;0m██
                ██[38;2;66;66;66m██[38;2;66;65;66m████████[38;2;64;106;120m████[38;2;65;107;120m██[38;2;66;65;66m██[38;2;87;128;144m████[38;2;77;75;74m██[38;2;65;107;120m██[38;2;62;104;120m██[38;2;79;77;68m██[38;2;64;106;120m██[38;2;0;4;0m██[38;2;64;106;120m████[38;2;79;77;68m████[38;2;64;106;120m██[38;2;0;4;0m██
              ██[38;2;66;65;66m██[38;2;65;107;120m██[38;2;64;106;120m██████[38;2;66;65;66m██[38;2;0;4;0m██████████[38;2;87;128;144m██[38;2;77;75;74m██[38;2;65;107;120m████[38;2;77;75;74m██[38;2;0;4;0m██  ████[38;2;64;106;120m████[38;2;0;4;0m██  
            ██[38;2;82;79;70m██[38;2;77;75;74m██[38;2;66;65;66m██████[38;2;64;106;120m████[38;2;0;4;0m██        ██[38;2;66;65;66m████████[38;2;0;4;0m██      ████    
              ████[38;2;82;79;70m██[38;2;82;78;68m████[38;2;0;4;0m████          ██[38;2;86;127;143m████████[38;2;64;106;120m██[38;2;0;4;0m██            
                  ██████            ██[38;2;87;128;144m██[38;2;65;107;123m██[38;2;86;127;143m████[38;2;65;107;123m██[38;2;64;106;120m████[38;2;0;4;0m██          
                                  ██[38;2;74;71;68m████[38;2;66;65;66m████[38;2;68;110;126m██[38;2;66;70;66m████[38;2;68;110;126m██[38;2;0;4;0m██          
                                    ████[38;2;82;78;68m████[38;2;0;8;0m██[38;2;66;70;66m████[38;2;0;8;0m██            
                                        [38;2;0;4;0m████  ████              
[0m