                                          [38;2;0;4;0m████                                      
                                        ██[38;2;82;79;70m████[38;2;0;4;0m██                                    
                                  ████  ██[38;2;82;78;68m████[38;2;0;4;0m██                                    
                                ██[38;2;64;106;120m████[38;2;0;4;0m██[38;2;82;78;68m████████[38;2;0;4;0m██                                  
                                ██[38;2;64;106;120m██[38;2;65;107;120m██[38;2;66;65;66m██[38;2;82;79;68m████████[38;2;0;4;0m██                            ██    
                                ██[38;2;64;106;120m██[38;2;66;65;66m██[38;2;77;75;74m██[38;2;82;79;68m████████[38;2;0;4;0m██                          ██[38;2;107;148;163m██[38;2;0;4;0m██  
                                ██[38;2;64;106;120m██[38;2;66;65;66m██[38;2;82;78;68m██[38;2;82;79;68m████████[38;2;77;74;68m██[38;2;0;4;0m██                        ██[38;2;109;150;163m██[38;2;0;4;0m██  
                                ██[38;2;64;106;120m██[38;2;66;65;66m██[38;2;82;78;68m██[38;2;82;79;68m████████[38;2;77;74;68m████[38;2;0;4;0m██                    ██[38;2;109;150;163m██[38;2;62;104;118m██[38;2;0;4;0m██  
                                ██[38;2;66;64;66m██[38;2;181;73;41m██[38;2;82;78;68m██[38;2;82;79;68m████[38;2;82;78;68m██[38;2;66;65;66m██[38;2;82;79;68m████[38;2;0;4;0m██                    ██[38;2;109;150;163m██[38;2;0;4;0m██    
                                ██[38;2;66;64;66m██[38;2;82;78;68m████[38;2;82;79;68m████[38;2;82;78;68m██[38;2;66;65;66m██[38;2;82;79;68m████[38;2;82;79;70m██[38;2;0;4;0m████              ██[38;2;107;148;163m██[38;2;62;104;118m██[38;2;0;4;0m██    
                                [38;2;0;8;8m██[38;2;90;81;74m██[38;2;82;79;68m████████[38;2;82;78;68m██[38;2;66;65;66m██[38;2;82;79;68m████[38;2;82;73;71m██[38;2;66;65;66m██[38;2;64;106;120m██[38;2;0;4;0m██            ██[38;2;108;148;160m██[38;2;0;4;0m██      
                              ██[38;2;60;56;52m██[38;2;90;81;74m██[38;2;82;79;68m████████[38;2;82;78;68m██[38;2;66;65;66m██[38;2;82;79;68m████[38;2;90;77;74m██[38;2;66;65;66m██[38;2;64;106;120m████[38;2;0;4;0m██        ██[38;2;108;148;160m████[38;2;0;4;0m██      
████                        ██[38;2;66;66;66m██[38;2;94;75;74m██[38;2;82;81;66m██[38;2;95;72;74m██[38;2;255;113;74m██[38;2;94;75;74m██[38;2;82;81;66m██[38;2;66;69;66m██[38;2;93;77;71m██[38;2;90;75;71m████[38;2;255;113;74m██[38;2;95;72;74m██[38;2;66;65;66m██[38;2;65;105;119m██[38;2;0;4;0m██      ██[38;2;62;104;118m██[38;2;109;150;163m██[38;2;62;104;118m██[38;2;0;4;0m██      
██[38;2;64;106;120m██[38;2;0;4;0m████                  ██[38;2;66;108;124m██[38;2;66;66;66m██[38;2;94;75;74m████[38;2;95;72;74m████[38;2;82;81;66m██[38;2;94;75;74m██[38;2;79;73;68m██[38;2;93;77;71m██[38;2;255;138;82m██[38;2;90;75;71m██[38;2;95;72;74m████[38;2;82;79;79m██[38;2;66;65;66m██[38;2;107;148;163m██[38;2;0;4;0m██    ██[38;2;109;150;163m██[38;2;62;104;118m██[38;2;0;4;0m██        
  ██[38;2;64;106;120m████[38;2;0;4;0m██                ██[38;2;65;105;119m██[38;2;66;65;66m██[38;2;255;56;57m██[38;2;95;75;73m██[38;2;95;74;74m████[38;2;94;75;74m██[38;2;82;81;66m██[38;2;95;74;74m████████[38;2;94;75;74m████[38;2;66;65;66m██[38;2;108;149;161m██[38;2;109;150;163m██[38;2;0;4;0m██  ██[38;2;107;148;163m████[38;2;64;106;120m██[38;2;0;4;0m██        
    ██[38;2;64;106;120m████[38;2;0;4;0m████          ██[38;2;64;106;120m██[38;2;66;65;66m██[38;2;82;79;79m██[38;2;95;75;73m████[38;2;95;74;74m████[38;2;94;75;74m████[38;2;95;74;74m████████[38;2;181;73;41m██[38;2;94;75;74m██[38;2;66;65;66m██[38;2;108;149;161m██[38;2;62;104;118m██[38;2;0;4;0m██  ██[38;2;107;148;163m██[38;2;64;106;122m██[38;2;64;106;120m██[38;2;0;4;0m██        
      ██[38;2;66;66;66m████[38;2;66;108;124m██[38;2;0;4;0m██        ██[38;2;64;106;120m██[38;2;66;65;66m██[38;2;94;75;74m██[38;2;95;74;74m████████[38;2;94;75;74m████[38;2;95;74;74m████████[38;2;94;75;74m████[38;2;66;65;66m██[38;2;64;106;120m████[38;2;66;65;66m██[38;2;0;4;0m██[38;2;107;148;163m████[38;2;64;106;122m██[38;2;0;4;0m██          
        ██[38;2;66;108;124m██[38;2;66;66;66m██[38;2;66;108;124m██[38;2;0;4;0m████    ██[38;2;64;106;120m██[38;2;66;65;66m██[38;2;94;75;74m██[38;2;95;74;74m████████[38;2;94;75;74m██[38;2;181;73;41m██[38;2;95;74;74m████████[38;2;66;65;66m██[38;2;94;75;74m██[38;2;66;65;66m██[38;2;64;106;120m██████[38;2;70;71;66m██[38;2;107;148;163m██[38;2;64;106;122m████[38;2;0;4;0m██    ████  
          ██[38;2;64;106;120m██[38;2;66;65;66m██[38;2;64;106;120m████[38;2;0;4;0m████[38;2;66;65;66m████[38;2;94;75;74m████[38;2;66;65;66m████[38;2;94;75;74m████[38;2;95;74;74m████████[38;2;94;75;74m██[38;2;66;65;66m██[38;2;105;146;159m██[38;2;66;65;66m████[38;2;64;106;120m████[38;2;66;65;66m██[38;2;64;106;122m████[38;2;64;106;120m████[38;2;66;66;66m██[38;2;0;4;0m██[38;2;8;8;0m██[38;2;68;110;126m██[38;2;64;106;120m██[38;2;0;4;0m██
          ██[38;2;64;106;120m██[38;2;66;65;66m██[38;2;64;106;120m██[38;2;66;65;66m██[38;2;64;106;120m████[38;2;66;65;66m████████[38;2;108;149;161m██[38;2;66;65;66m████[38;2;94;75;74m██[38;2;95;74;74m████████[38;2;94;75;74m██[38;2;66;65;66m██[38;2;68;110;124m██[38;2;66;65;66m██[38;2;64;106;120m██████[38;2;66;65;66m██[38;2;64;106;122m████[38;2;64;106;120m██[38;2;66;65;66m██[38;2;66;108;124m████[38;2;68;110;126m██[38;2;68;70;66m██[38;2;0;4;0m██  
            [38;2;53;54;53m██[38;2;68;110;126m██[38;2;66;65;66m██[38;2;64;106;120m██[38;2;68;110;124m██[38;2;66;65;66m██[38;2;108;149;161m██[38;2;66;65;66m████[38;2;108;149;161m██[38;2;64;106;122m██[38;2;107;148;163m██[38;2;66;60;66m██[38;2;90;84;85m██[38;2;94;75;74m████[38;2;96;74;74m██[38;2;126;71;49m██[38;2;96;69;60m██[38;2;66;65;66m██[38;2;64;106;120m██[38;2;66;65;66m██[38;2;64;106;120m████[38;2;66;65;66m██[38;2;65;107;120m██[38;2;64;106;122m████[38;2;66;65;66m██[38;2;65;107;120m██[38;2;74;72;66m████[38;2;0;4;0m████    
              [38;2;8;8;8m██[38;2;66;65;66m██[38;2;64;106;120m██[38;2;66;65;66m██[38;2;105;146;159m██[38;2;108;149;161m████[38;2;66;65;66m██[38;2;108;149;161m██[38;2;107;148;163m██[38;2;64;106;122m██[38;2;105;145;157m██[38;2;66;60;66m██[38;2;66;65;66m██[38;2;94;75;74m██[38;2;126;71;49m██[38;2;96;74;74m██[38;2;126;73;54m██[38;2;66;65;66m██[38;2;64;106;120m████[38;2;66;65;66m██[38;2;64;106;120m██[38;2;66;65;66m██[38;2;77;75;74m██[38;2;64;106;122m████[38;2;66;65;66m██[38;2;77;75;74m██[38;2;73;115;129m██[38;2;8;8;0m██        
              [38;2;0;4;0m██[38;2;64;106;120m██[38;2;66;65;66m██[38;2;64;106;122m██[38;2;107;148;163m██[38;2;107;148;161m██[38;2;82;79;68m██[38;2;107;148;161m████[38;2;107;148;163m████[38;2;79;77;68m██[38;2;62;104;120m██[38;2;71;69;68m████[38;2;96;74;74m██[38;2;126;71;49m██[38;2;96;69;60m██[38;2;66;65;66m██[38;2;64;106;122m████[38;2;66;65;66m████[38;2;64;106;122m████[38;2;77;75;74m██[38;2;66;65;66m██[38;2;64;106;120m██[38;2;0;4;0m████          
              ██[38;2;64;106;120m██[38;2;66;65;66m██[38;2;107;148;163m██[38;2;64;106;122m██[38;2;107;148;161m████[38;2;82;79;68m████[38;2;107;148;163m██[38;2;64;106;122m██[38;2;79;77;68m██[38;2;62;104;120m██[38;2;108;148;161m██[38;2;71;69;68m██[38;2;96;74;74m████[38;2;126;73;54m██[38;2;66;65;66m██[38;2;64;106;122m████[38;2;66;65;66m██[38;2;108;149;161m██[38;2;64;106;122m████[38;2;65;107;120m████[38;2;0;4;0m██              
                ██[38;2;108;148;160m██[38;2;107;148;161m████[38;2;85;78;68m██[38;2;255;154;74m██[38;2;208;151;77m██[38;2;255;190;66m██[38;2;64;106;120m████[38;2;68;108;122m██[38;2;107;148;163m████[38;2;74;77;74m██[38;2;66;65;66m██[38;2;82;79;79m██[38;2;129;79;60m██[38;2;66;65;57m██[38;2;64;106;120m██[38;2;66;65;66m██[38;2;107;148;161m██████[38;2;82;79;68m██[38;2;79;77;68m████[38;2;66;108;124m██[38;2;0;4;0m██            
                ██[38;2;108;148;160m██[38;2;107;148;161m██[38;2;82;79;68m██[38;2;255;154;74m████[38;2;208;151;77m██[38;2;115;73;99m██[38;2;64;106;120m██[38;2;82;81;66m██[38;2;82;77;74m██[38;2;107;148;163m██[38;2;64;106;120m████[38;2;65;105;119m██[38;2;66;65;66m██[38;2;255;109;66m██[38;2;66;65;57m██[38;2;64;106;120m██[38;2;66;65;66m██[38;2;107;148;161m████[38;2;82;79;68m████[38;2;62;104;120m████[38;2;66;66;66m██[38;2;0;4;0m██            
              ██[38;2;107;148;161m██████[38;2;82;79;68m██[38;2;62;104;120m████[38;2;68;108;122m██[38;2;82;77;74m██[38;2;82;79;68m██[38;2;107;148;161m██[38;2;65;107;120m██[38;2;77;75;74m██[38;2;64;106;120m████[38;2;66;65;66m████[38;2;126;71;46m██[38;2;66;65;66m██[38;2;64;106;120m██[38;2;66;65;66m██[38;2;107;148;161m██[38;2;74;73;68m██[38;2;64;106;120m████[38;2;66;65;66m████[38;2;64;106;120m██[38;2;0;4;0m██            
              ██[38;2;107;148;161m████████[38;2;79;77;68m████[38;2;82;77;74m██[38;2;107;148;163m██[38;2;107;148;161m████[38;2;66;65;66m██[38;2;65;107;120m██[38;2;66;65;66m██████[38;2;126;71;46m██████[38;2;66;65;66m██[38;2;64;106;120m██[38;2;74;73;68m████[38;2;64;106;120m██[38;2;66;65;66m██[38;2;64;106;120m████[38;2;0;4;0m██              
            [38;2;0;8;0m██[38;2;66;70;66m██[38;2;71;69;68m██[38;2;108;148;161m██[38;2;107;148;161m████[38;2;107;148;163m████████[38;2;66;65;66m██[38;2;64;106;120m██[38;2;66;65;66m██[38;2;64;106;120m██[38;2;66;65;66m██[38;2;64;106;120m██[38;2;66;65;66m████[38;2;129;76;54m████[38;2;66;69;74m██[38;2;96;75;68m██[38;2;77;75;74m██[38;2;66;65;66m████[38;2;64;106;120m██[38;2;66;65;66m████[38;2;66;66;66m██[38;2;0;4;0m██            
        ████[38;2;68;110;126m██[38;2;66;70;66m██[38;2;71;69;68m████[38;2;107;148;161m████[38;2;68;110;126m██[38;2;62;62;66m████[38;2;68;110;126m██[38;2;66;65;66m██[38;2;64;106;120m██[38;2;66;65;66m████[38;2;64;106;120m██[38;2;66;65;66m██[38;2;64;106;120m████[38;2;66;60;49m██[38;2;255;109;66m██[38;2;126;82;62m██[38;2;66;69;74m██[38;2;66;65;66m██[38;2;65;107;120m██[38;2;66;65;66m████[38;2;65;107;120m██[38;2;77;75;74m██[38;2;66;108;124m████[38;2;0;4;0m██          
      ██[38;2;82;79;68m████[38;2;66;65;66m██[38;2;65;107;120m██[38;2;64;106;120m████[38;2;66;65;66m██████[38;2;64;106;120m████[38;2;66;65;66m██[38;2;64;106;120m██[38;2;66;65;66m██[38;2;64;106;120m████[38;2;66;65;66m████[38;2;79;77;68m██[38;2;62;104;120m██[38;2;66;65;66m██[38;2;126;71;46m██[38;2;66;65;66m██[38;2;64;106;120m██[38;2;62;104;120m██[38;2;79;77;68m██[38;2;66;65;66m██[38;2;65;107;120m██[38;2;64;106;122m████[38;2;79;77;68m████[38;2;68;70;66m██[38;2;8;8;0m██        
    [38;2;0;4;0m██[38;2;66;64;66m██[38;2;82;79;68m████[38;2;77;75;74m██[38;2;66;65;66m████[38;2;64;106;120m████[38;2;66;65;66m██████[38;2;64;106;120m████████[38;2;66;65;66m████[38;2;126;71;46m██[38;2;66;65;66m██[38;2;62;104;120m██[38;2;79;77;68m██[38;2;66;65;66m██[38;2;126;71;46m██[38;2;66;65;66m██[38;2;64;106;120m██[38;2;79;77;68m██[38;2;62;104;120m██[38;2;66;65;66m██[38;2;77;75;74m██[38;2;64;106;122m████[38;2;62;104;120m████[38;2;68;110;126m████[38;2;0;4;0m██      
  ██[38;2;82;79;68m████[38;2;66;65;66m██[38;2;82;78;68m██[38;2;66;65;66m██[38;2;82;78;68m██[38;2;77;74;68m████[38;2;66;108;124m██[38;2;66;66;66m██[38;2;64;106;120m██[38;2;66;65;66m██████████[38;2;126;74;57m██[38;2;96;71;65m██[38;2;48;90;105m██[38;2;66;65;66m██[38;2;62;104;120m████[38;2;66;65;66m██[38;2;48;90;105m██[38;2;66;65;66m██[38;2;64;106;120m██[38;2;77;75;74m██[38;2;66;65;66m██[38;2;64;106;120m████[38;2;77;75;74m██[38;2;65;107;120m██[38;2;66;65;66m████[38;2;65;107;120m██[38;2;66;65;66m██[38;2;0;4;0m██      
  ██[38;2;82;79;68m████[38;2;82;78;68m██[38;2;66;65;66m██[38;2;82;78;68m████[38;2;77;74;68m██[38;2;0;4;0m████[38;2;66;66;66m██[38;2;64;106;120m████[38;2;66;65;66m██[38;2;126;71;46m██[38;2;96;69;60m██[38;2;126;73;54m██[38;2;96;71;65m██[38;2;66;69;74m██[38;2;66;65;66m██[38;2;65;105;119m██[38;2;79;77;68m████[38;2;65;105;119m██[38;2;66;65;66m██[38;2;64;106;120m██[38;2;66;65;66m██[38;2;65;107;120m██[38;2;66;65;66m██[38;2;64;106;120m██[38;2;66;65;66m██████[38;2;82;78;68m████[38;2;66;65;66m██[38;2;77;75;74m██[38;2;82;79;70m██[38;2;0;4;0m██    
    ████████[38;2;82;78;68m████[38;2;0;4;0m██    ██[38;2;66;65;66m██[38;2;64;106;120m████[38;2;66;65;66m██[38;2;94;75;74m████[38;2;74;56;66m████[38;2;64;106;120m████[38;2;64;106;122m████████[38;2;74;77;74m████[38;2;64;106;120m████[38;2;66;65;66m██[38;2;82;78;68m████[38;2;66;65;66m██[38;2;82;78;68m██████[38;2;66;65;66m██[38;2;82;78;68m██[38;2;0;4;0m██    
          ██████      ██[38;2;64;106;120m██[38;2;66;65;66m██[38;2;64;106;120m████[38;2;66;65;66m████[38;2;194;159;66m██[38;2;255;211;66m██[38;2;66;65;66m████[38;2;64;106;122m████████[38;2;74;77;74m██[38;2;255;239;66m██[38;2;66;65;66m██[38;2;64;106;120m██[38;2;66;65;66m██[38;2;82;78;68m████[38;2;66;65;66m████[38;2;82;78;68m████[38;2;66;65;66m██[38;2;82;78;68m██[38;2;0;4;0m██    
                    ██[38;2;66;66;66m██[38;2;65;107;120m██[38;2;66;65;66m██[38;2;65;107;120m██[38;2;82;81;73m██[38;2;255;113;74m██[38;2;85;77;68m██[38;2;255;113;74m████[38;2;66;65;66m██[38;2;255;113;74m██[38;2;74;77;74m████[38;2;79;77;68m████[38;2;66;65;66m██[38;2;255;113;74m██[38;2;66;65;66m██████[38;2;77;75;74m██[38;2;82;78;68m██[38;2;66;65;66m████[38;2;77;75;74m██[38;2;82;79;70m██[38;2;0;4;0m████      
                  ██[38;2;66;108;124m██[38;2;66;66;66m██[38;2;77;75;74m██[38;2;65;107;120m██[38;2;66;65;57m██[38;2;82;81;73m██[38;2;255;113;74m██[38;2;85;77;68m██[38;2;255;113;74m██[38;2;255;239;66m██[38;2;66;65;66m██[38;2;255;113;74m██[38;2;255;239;66m██[38;2;74;77;74m██[38;2;62;104;120m████[38;2;66;65;66m██[38;2;255;113;74m██[38;2;66;65;66m██[38;2;64;106;120m██[38;2;65;107;120m██[38;2;66;65;66m██████[38;2;65;107;120m██[38;2;66;65;66m██[38;2;0;4;0m██          
                  ██[38;2;64;106;120m██[38;2;66;65;66m██[38;2;82;81;66m██[38;2;64;106;120m██[38;2;66;65;66m██[38;2;64;106;120m██[38;2;66;65;66m██[38;2;77;75;74m██[38;2;255;113;74m██[38;2;66;65;66m██[38;2;79;77;68m████[38;2;255;113;74m██[38;2;82;81;74m██[38;2;64;106;122m████[38;2;64;106;120m██[38;2;66;65;66m██[38;2;64;106;120m██████████████[38;2;0;4;0m██            
                  ██[38;2;64;106;120m██[38;2;66;65;66m██[38;2;64;106;120m████[38;2;66;65;66m██[38;2;64;106;120m██[38;2;65;107;120m████[38;2;66;65;66m████[38;2;62;104;120m██[38;2;79;77;68m██[38;2;82;81;74m████[38;2;64;106;122m████[38;2;66;65;66m██[38;2;64;106;120m██[38;2;82;81;66m██[38;2;64;106;120m██[38;2;82;81;66m██[38;2;64;106;120m██[38;2;82;81;66m██[38;2;64;106;120m████[38;2;0;4;0m██            
                  ██[38;2;68;110;126m████[38;2;66;65;66m██[38;2;65;107;120m██[38;2;62;104;120m██[38;2;79;77;68m██[38;2;64;106;120m██[38;2;66;65;66m██[38;2;79;77;68m██[38;2;62;104;120m██[38;2;66;65;66m██[38;2;65;107;120m██[38;2;64;106;120m████████[38;2;66;65;66m██[38;2;64;106;120m██[38;2;79;77;68m██[38;2;62;104;120m██[38;2;79;77;68m██[38;2;62;104;120m██[38;2;64;106;120m██[38;2;82;81;66m██[38;2;64;106;120m██[38;2;0;4;0m██            
                    [38;2;8;8;0m██[38;2;68;70;66m██[38;2;77;75;74m██[38;2;66;65;66m██[38;2;62;104;120m██[38;2;79;77;68m██[38;2;64;106;120m██[38;2;66;65;66m██[38;2;62;104;120m██[38;2;79;77;68m██[38;2;77;75;74m██[38;2;65;107;120m██[38;2;64;106;120m██[38;2;66;65;66m████[38;2;64;106;120m██[38;2;66;65;66m██[38;2;64;106;120m██[38;2;79;77;68m██[38;2;62;104;120m██[38;2;79;77;68m██[38;2;62;104;120m██[38;2;64;106;120m████[38;2;0;4;0m██              
                      ██[38;2;71;68;66m████[38;2;65;107;120m██[38;2;77;75;74m██[38;2;65;107;120m██[38;2;66;65;66m██[38;2;64;106;120m████[38;2;68;70;66m██[38;2;68;110;126m██[38;2;66;66;66m██[38;2;66;108;124m██[38;2;82;81;73m██[38;2;65;107;120m██[38;2;66;108;124m██[38;2;66;66;66m██[38;2;64;106;120m██████[38;2;82;81;66m██[38;2;68;110;126m██[38;2;66;70;66m██[38;2;0;4;0m██              
                        ██[38;2;71;68;66m██[38;2;66;65;66m██[38;2;65;107;120m██[38;2;66;65;66m██[38;2;77;75;74m██[38;2;0;4;0m██[38;2;64;106;120m██[38;2;68;110;126m██[38;2;8;8;0m██[38;2;0;4;0m██[38;2;66;108;124m██[38;2;82;81;73m██[38;2;66;65;57m██[38;2;0;4;0m████[38;2;66;65;66m██[38;2;64;106;120m██████[38;2;66;70;66m██[38;2;0;8;0m██                
                    [38;2;0;4;0m████[38;2;64;106;120m██████[38;2;66;65;66m██[38;2;66;66;66m██[38;2;0;4;0m██  ████  ██[38;2;82;79;70m████[38;2;0;4;0m██    [38;2;8;12;8m██[38;2;52;55;49m██[38;2;66;65;66m████[38;2;0;4;0m██                  
                  ██[38;2;74;71;68m████[38;2;66;65;66m██[38;2;64;106;120m██[38;2;66;65;66m██[38;2;64;106;120m██[38;2;66;108;124m██[38;2;0;4;0m██          ████    ██[38;2;109;150;163m██[38;2;65;107;120m██[38;2;64;106;120m██████[38;2;0;4;0m██                
                    ████[38;2;74;71;68m████[38;2;82;79;70m██[38;2;0;4;0m████                  ██[38;2;109;149;162m██[38;2;68;110;124m██[38;2;105;146;159m██[38;2;104;145;158m██[38;2;67;109;123m██[38;2;64;106;120m████[38;2;0;4;0m██              
                        ██████                    ██[38;2;71;71;66m████[38;2;66;65;66m████[38;2;67;109;123m██[38;2;66;60;66m██[38;2;66;65;66m██[38;2;64;106;120m██[38;2;0;4;0m██              
                                                    ████[38;2;82;78;68m████[38;2;0;4;0m██[38;2;82;79;70m████[38;2;0;4;0m██                
                                                        ████  ████                  
[0m