                                      [38;2;0;0;0m██████                  
                                    ██[38;2;246;246;246m██[38;2;255;255;255m████[38;2;0;0;0m██                
                                  ██[38;2;82;82;82m████[38;2;197;198;197m██████[38;2;0;0;0m████            
                  ██████      ████[38;2;222;238;255m██████[38;2;65;64;65m████[38;2;197;198;197m██████[38;2;0;0;0m██          
              ████[38;2;132;194;255m██████[38;2;0;0;0m██████[38;2;139;182;205m██[38;2;222;238;255m██[38;2;0;0;0m██[38;2;49;44;49m████[38;2;139;182;205m████[38;2;65;64;65m████[38;2;197;198;197m██[38;2;65;66;65m██[38;2;0;0;0m████      
            ██[38;2;132;194;255m████████████████[38;2;65;64;65m██[38;2;0;0;0m██    [38;2;24;28;24m██[38;2;65;64;65m████[38;2;88;145;197m████[38;2;65;64;65m██[38;2;230;121;197m██████[38;2;0;0;0m██    
          ██[38;2;132;194;255m██████[38;2;65;64;65m████[38;2;132;194;255m██[38;2;65;64;65m████[38;2;132;194;255m██████[38;2;0;0;0m██[38;2;24;28;24m██[38;2;65;64;65m██[38;2;90;146;197m████[38;2;88;145;197m████[38;2;65;64;65m████[38;2;180;89;98m██[38;2;230;121;197m██[38;2;0;0;0m██    
    ████[38;2;0;0;8m██[38;2;132;194;255m████[38;2;65;64;65m██[38;2;57;72;57m██[38;2;87;143;193m██[38;2;136;195;255m██[38;2;57;72;57m██[38;2;132;194;255m████[38;2;65;64;65m██[38;2;132;195;255m██[38;2;132;194;255m██████[38;2;89;145;197m██[38;2;88;145;197m████[38;2;68;96;117m██[38;2;63;68;63m██[38;2;139;182;205m██[38;2;65;64;65m██[38;2;180;89;98m████[38;2;0;0;0m██    
  ██[38;2;255;246;164m████[38;2;68;78;52m██[38;2;132;194;255m██[38;2;65;64;65m██[38;2;132;194;255m██[38;2;67;96;118m██[38;2;141;198;255m██[38;2;136;195;255m██[38;2;68;96;116m██[38;2;132;194;255m██[38;2;89;145;197m██[38;2;65;64;65m██[38;2;91;140;183m██[38;2;89;145;197m████████[38;2;60;99;129m████[38;2;88;147;201m████[38;2;65;64;65m██[38;2;139;182;205m██[38;2;65;64;65m██[38;2;180;89;98m██[38;2;230;121;197m██[38;2;0;0;0m██  
  ██[38;2;201;180;94m██[38;2;255;246;164m██[38;2;65;64;65m██[38;2;160;210;255m██[38;2;89;145;197m██[38;2;132;194;255m████[38;2;89;145;197m██[38;2;132;194;255m████[38;2;90;146;197m████[38;2;65;64;65m██████[38;2;87;149;204m██[38;2;90;146;197m████[38;2;88;145;197m████[38;2;86;151;214m██[38;2;59;98;127m██[38;2;0;0;0m██[38;2;139;182;205m██[38;2;65;64;65m██[38;2;189;153;197m██[38;2;230;121;197m██[38;2;0;0;0m██  
██[38;2;255;246;164m████[38;2;201;180;94m██[38;2;230;242;148m██[38;2;65;64;65m██[38;2;132;194;255m██[38;2;89;145;197m██[38;2;132;194;255m████[38;2;89;145;197m████[38;2;90;146;197m██[38;2;65;64;65m██[38;2;205;178;90m████[38;2;180;183;98m██[38;2;65;64;65m████[38;2;90;146;197m██[38;2;88;145;197m██[38;2;60;99;129m██[38;2;59;98;127m██[38;2;0;4;0m██  [38;2;0;0;0m██[38;2;189;153;197m██[38;2;65;64;65m██[38;2;230;121;197m██[38;2;0;0;0m██  
██[38;2;205;178;90m██[38;2;65;64;57m██[38;2;255;242;148m██[38;2;255;242;131m██[38;2;74;64;57m██[38;2;65;68;74m██[38;2;65;133;194m██[38;2;90;146;197m████[38;2;87;149;204m██[38;2;65;64;65m████[38;2;205;178;90m██[38;2;201;180;94m████[38;2;65;64;57m██[38;2;191;183;112m██[38;2;255;255;164m██[38;2;65;72;65m██[38;2;88;147;201m██████[38;2;0;0;0m██  ██[38;2;197;202;131m██[38;2;65;67;49m██[38;2;0;0;0m██    
  ██[38;2;65;64;57m██[38;2;191;183;117m██[38;2;74;64;57m██[38;2;185;225;196m██[38;2;208;238;215m██[38;2;65;68;74m██[38;2;65;64;65m██████[38;2;180;183;98m██[38;2;205;178;90m████[38;2;201;180;94m██[38;2;255;246;164m██[38;2;255;242;139m██[38;2;191;183;112m██[38;2;65;72;65m██[38;2;160;163;115m██[38;2;88;147;201m██[38;2;0;0;0m████      [38;2;0;0;8m██[38;2;197;202;131m██[38;2;222;186;32m██[38;2;0;0;0m██  
    ██[38;2;65;64;65m██[38;2;186;226;197m██[38;2;255;255;255m██[38;2;69;131;186m██[38;2;195;230;204m██████[38;2;197;234;207m██[38;2;49;80;65m██[38;2;191;186;123m██[38;2;255;246;156m██[38;2;191;186;123m██[38;2;255;246;156m██[38;2;255;246;164m████[38;2;65;64;65m██[38;2;0;0;0m████        ██[38;2;255;222;49m██[38;2;224;186;32m██[38;2;222;186;32m██[38;2;0;0;0m██  
      ██[38;2;186;226;197m██[38;2;132;194;249m██[38;2;69;131;186m██[38;2;195;230;204m████[38;2;255;255;255m██[38;2;61;123;178m██[38;2;197;234;207m██[38;2;65;64;57m██[38;2;255;246;156m████[38;2;65;64;57m██[38;2;201;180;94m██[38;2;255;246;164m██[38;2;0;0;0m██            ██[38;2;255;222;49m██[38;2;224;186;32m██[38;2;222;186;32m████[38;2;0;0;0m██
      ██[38;2;197;234;207m██[38;2;61;123;178m██[38;2;142;193;226m██[38;2;195;230;204m██[38;2;198;233;207m██[38;2;109;171;226m██[38;2;66;128;183m██[38;2;189;229;197m██[38;2;195;230;204m██[38;2;65;64;65m████████[38;2;0;0;0m██            ██[38;2;238;202;41m██[38;2;222;186;32m████[38;2;222;234;255m██[38;2;205;174;41m██[38;2;0;0;0m██
      ██[38;2;49;80;65m██[38;2;197;234;207m██[38;2;195;230;204m████[38;2;198;233;207m██[38;2;75;137;192m██[38;2;151;198;223m██[38;2;189;229;197m██[38;2;195;230;204m██[38;2;65;64;65m██[38;2;90;146;197m████[38;2;0;0;0m██              ██[38;2;238;202;41m██[38;2;222;186;32m██[38;2;255;255;255m██[38;2;216;214;183m████[38;2;0;0;0m██
    [38;2;0;0;8m██[38;2;54;63;43m██[38;2;90;146;197m██[38;2;65;64;65m██[38;2;165;210;180m██[38;2;65;68;49m██[38;2;65;64;65m██[38;2;209;239;219m██[38;2;208;238;215m██[38;2;65;68;74m██[38;2;65;68;65m██[38;2;90;143;190m██[38;2;87;149;208m██[38;2;0;0;0m██                [38;2;0;0;16m██[38;2;246;218;57m██[38;2;224;186;32m████[38;2;255;255;164m██[38;2;175;171;109m██[38;2;0;0;0m██
    [38;2;0;0;8m██[38;2;95;149;197m██[38;2;65;64;65m██[38;2;90;146;197m██[38;2;62;93;118m██[38;2;119;188;255m██[38;2;102;181;255m██[38;2;65;64;65m██[38;2;65;68;74m██[38;2;65;133;194m██[38;2;90;143;190m██[38;2;141;198;255m██[38;2;59;97;123m██[38;2;0;0;0m██                [38;2;0;0;16m██[38;2;82;72;30m██[38;2;255;222;49m██[38;2;224;186;32m██[38;2;175;171;109m██[38;2;16;4;0m██  
    [38;2;0;0;0m██[38;2;88;147;201m██[38;2;60;63;49m████[38;2;0;0;0m██[38;2;88;147;201m██████████[38;2;65;64;65m██[38;2;132;194;255m██[38;2;0;0;0m██                ██[38;2;126;116;123m██[38;2;82;60;57m██[38;2;222;186;32m████[38;2;255;198;82m██[38;2;0;0;24m██  
    [38;2;0;0;0m██[38;2;88;147;201m██[38;2;95;149;197m██[38;2;8;0;16m██  [38;2;0;0;0m██[38;2;0;4;0m██[38;2;60;95;122m██[38;2;68;96;117m██[38;2;63;68;63m██[38;2;132;194;255m████[38;2;0;0;0m██              ██[38;2;180;89;98m██[38;2;82;60;57m██[38;2;169;171;189m██[38;2;65;64;65m████[38;2;84;66;43m██[38;2;169;132;63m██[38;2;0;0;0m██
      ██[38;2;88;147;201m████[38;2;0;0;0m██    ██[38;2;65;64;65m██[38;2;132;194;255m████[38;2;0;0;0m██                [38;2;0;8;8m██[38;2;246;105;90m██[38;2;65;64;65m██[38;2;153;178;191m██[38;2;65;64;65m██[38;2;180;89;98m████[38;2;246;97;82m██[38;2;0;0;0m██
      ██[38;2;88;147;201m██[38;2;71;95;114m██[38;2;65;64;65m██[38;2;0;0;0m████[38;2;132;194;255m████████[38;2;0;0;0m██                [38;2;0;8;8m██[38;2;82;40;35m██[38;2;197;234;255m██[38;2;65;64;65m██[38;2;180;89;98m████[38;2;246;97;82m████[38;2;0;0;0m██
        [38;2;0;20;24m██[38;2;79;49;46m██[38;2;246;97;82m████[38;2;246;101;90m██[38;2;65;64;65m██[38;2;132;194;255m████[38;2;0;0;0m██                    ██[38;2;222;238;255m██[38;2;74;68;65m██[38;2;246;97;82m████[38;2;180;89;98m██[38;2;0;0;0m██  
      ██[38;2;238;109;90m██[38;2;79;49;46m██[38;2;180;89;98m████[38;2;186;89;82m██[38;2;65;64;65m██[38;2;68;78;52m██[38;2;0;0;8m██            [38;2;0;0;0m████    ██[38;2;205;230;255m██[38;2;74;68;65m██[38;2;172;182;191m██[38;2;65;64;65m██[38;2;246;97;82m██[38;2;180;89;98m██[38;2;0;0;0m██  
    ██[38;2;246;97;82m██[38;2;180;89;98m████[38;2;197;198;197m██[38;2;180;90;98m██[38;2;123;44;41m██[38;2;167;110;109m██[38;2;246;97;82m██[38;2;65;64;65m██[38;2;0;0;0m██      ████[38;2;186;98;123m████[38;2;0;0;0m████[38;2;189;234;255m██[38;2;145;179;191m██[38;2;65;68;65m██[38;2;191;192;191m██[38;2;197;198;197m██[38;2;65;66;65m██[38;2;0;0;0m██    
    ██[38;2;246;97;82m██████[38;2;180;90;98m██[38;2;197;198;197m██[38;2;255;242;246m██[38;2;167;110;109m██[38;2;246;97;82m██[38;2;65;64;65m██[38;2;222;186;32m██[38;2;0;0;0m██████[38;2;189;97;123m████[38;2;186;98;123m████[38;2;68;75;82m██[38;2;205;226;246m██[38;2;145;179;191m██[38;2;57;68;65m██[38;2;255;255;255m██[38;2;191;192;191m██[38;2;197;198;197m██[38;2;0;0;0m██      
      ██[38;2;65;64;65m██[38;2;246;97;82m██[38;2;230;250;255m██[38;2;233;199;197m██[38;2;246;97;82m████[38;2;65;64;65m████[38;2;222;186;32m████[38;2;255;226;41m██[38;2;74;68;57m██[38;2;74;56;74m██[38;2;164;131;74m██[38;2;65;64;65m████[38;2;172;161;189m██[38;2;74;60;65m██[38;2;65;64;65m██[38;2;255;255;255m██[38;2;255;250;255m██[38;2;84;83;84m██[38;2;0;0;0m██        
      ██[38;2;246;97;82m████[38;2;238;97;82m████[38;2;255;255;255m██[38;2;246;97;82m████[38;2;65;64;65m██[38;2;222;186;32m██[38;2;255;255;255m██[38;2;194;174;46m██[38;2;255;226;41m██[38;2;255;206;74m██[38;2;74;56;74m██[38;2;139;182;205m████[38;2;74;60;65m██[38;2;139;128;148m██[38;2;65;64;65m██[38;2;255;255;255m██[38;2;255;250;255m██[38;2;0;0;0m██          
        ██[38;2;246;97;82m████[38;2;0;0;0m██[38;2;246;101;82m████[38;2;65;64;65m██[38;2;213;190;90m██[38;2;255;255;255m██[38;2;222;186;32m██[38;2;194;174;46m██[38;2;255;226;41m██[38;2;255;206;74m██[38;2;74;56;74m██[38;2;65;64;65m████[38;2;172;90;126m████[38;2;0;0;0m██████            
          ████  [38;2;0;16;16m██[38;2;82;44;38m██[38;2;213;190;90m████[38;2;222;186;32m██[38;2;255;255;255m██[38;2;255;226;41m██[38;2;74;68;57m██[38;2;74;56;74m██[38;2;164;131;74m██[38;2;186;97;120m████[38;2;255;133;189m██[38;2;8;4;0m██                  
                  [38;2;0;0;0m██[38;2;222;186;32m████[38;2;65;64;65m██[38;2;255;222;49m██████[38;2;0;0;0m██[38;2;230;121;197m██████[38;2;0;0;0m████                  
                    ████[38;2;255;222;49m██████[38;2;0;0;0m██  ██████                      
                        ██████                                
[0m