                                                        [38;2;0;0;0m██████                                      
                                                      ██[38;2;251;174;145m████[38;2;188;111;82m██[38;2;0;0;0m██                                    
                                                    ██[38;2;251;174;145m████████[38;2;0;0;0m██                                    
                                                    ██[38;2;188;111;82m██[38;2;251;174;145m████[38;2;188;111;82m██[38;2;0;0;0m██                                    
                                                    ██[38;2;188;111;82m████████[38;2;0;0;0m██                                    
            ██████                              ██[38;2;0;0;8m██[38;2;122;45;16m██[38;2;188;111;82m████[38;2;186;109;80m██[38;2;0;4;8m██                                      
    [38;2;0;0;0m████████[38;2;251;174;145m██[38;2;250;173;144m██[38;2;185;108;79m██[38;2;0;0;0m████                  ████████[38;2;251;174;145m████████[38;2;188;111;82m██[38;2;123;46;17m████[38;2;0;0;0m██    ██████                          
  ██[38;2;251;174;145m████[38;2;79;78;68m██[38;2;251;174;145m████████[38;2;188;111;82m████[38;2;0;0;0m████        [38;2;0;0;8m████[38;2;0;8;8m██[38;2;255;146;130m██[38;2;66;65;66m██[38;2;251;174;145m██████████████[38;2;74;65;66m██[38;2;187;110;81m██[38;2;191;114;85m██[38;2;8;0;8m██[38;2;0;4;8m██[38;2;230;89;69m██[38;2;234;93;73m██[38;2;66;56;66m██[38;2;0;0;0m██████                    
  ██[38;2;251;174;145m████[38;2;79;78;68m██[38;2;251;174;145m██████[38;2;188;111;82m██████[38;2;185;108;79m██[38;2;250;173;144m██[38;2;0;0;0m████  ██[38;2;255;147;132m██[38;2;190;49;29m██[38;2;255;146;130m██[38;2;82;52;60m██[38;2;251;174;145m████████████████[38;2;250;173;144m██[38;2;74;65;66m██[38;2;191;114;85m██[38;2;118;80;68m██[38;2;230;89;69m██[38;2;188;47;27m██[38;2;197;56;36m██[38;2;255;137;120m██[38;2;74;62;55m██[38;2;251;174;145m██[38;2;188;111;82m██[38;2;0;0;0m██████████          
██[38;2;251;174;145m████[38;2;74;72;68m██[38;2;251;174;145m██████[38;2;73;72;65m████[38;2;82;81;74m██[38;2;196;119;90m██[38;2;188;111;82m██[38;2;253;176;147m██[38;2;251;174;145m████[38;2;0;4;16m██[38;2;191;50;30m██[38;2;255;143;127m██[38;2;195;54;34m██[38;2;255;157;143m██[38;2;66;65;66m██[38;2;188;111;82m████████████[38;2;251;174;145m████████[38;2;66;63;71m██[38;2;228;87;67m██[38;2;195;54;34m████[38;2;255;157;143m██[38;2;66;65;66m██[38;2;251;174;145m██████[38;2;188;111;82m██[38;2;66;65;66m██[38;2;251;174;145m██████[38;2;0;0;0m██        
██[38;2;251;174;145m██[38;2;66;65;66m██[38;2;74;72;68m██[38;2;251;174;145m████[38;2;66;65;66m██[38;2;173;178;165m██[38;2;123;125;115m██[38;2;137;116;90m██[38;2;82;81;74m██[38;2;253;176;147m██[38;2;124;47;18m██[38;2;251;174;145m████[38;2;191;50;30m██[38;2;255;147;132m██[38;2;195;54;34m██[38;2;255;143;127m██[38;2;66;65;66m██[38;2;241;164;135m██[38;2;251;174;145m████████████████████[38;2;66;63;71m██[38;2;197;56;36m██[38;2;195;54;34m██[38;2;255;143;127m██[38;2;66;65;66m██[38;2;241;164;135m██[38;2;251;174;145m██████[38;2;188;111;82m██[38;2;251;174;145m████████[38;2;188;111;82m██[38;2;0;0;0m████    
  ██[38;2;66;65;66m██[38;2;198;195;181m██[38;2;66;65;57m██[38;2;66;65;66m██[38;2;198;195;189m██[38;2;172;177;167m██[38;2;123;123;112m██[38;2;66;65;66m██[38;2;251;174;145m██████[38;2;74;65;66m██[38;2;250;173;144m██[38;2;194;53;33m██[38;2;255;136;119m██[38;2;197;56;36m██[38;2;228;87;67m██[38;2;66;65;66m████████[38;2;251;174;145m████[38;2;82;82;82m████████[38;2;79;78;68m██[38;2;251;174;145m██████[38;2;200;59;39m██[38;2;255;143;127m██[38;2;129;52;23m██[38;2;148;129;115m██[38;2;251;174;145m████[38;2;66;65;66m████[38;2;251;174;145m████[38;2;253;176;147m██[38;2;188;111;82m████████[38;2;0;0;0m██  
    ██[38;2;198;195;181m██[38;2;132;130;119m██[38;2;198;195;189m████[38;2;172;177;167m██[38;2;74;69;57m██[38;2;251;174;145m████████[38;2;74;65;66m██[38;2;187;110;81m██[38;2;194;53;33m██[38;2;232;91;71m██[38;2;197;56;36m██[38;2;66;63;76m██[38;2;249;151;94m████[38;2;178;80;23m████[38;2;74;72;68m████[38;2;247;247;247m██[38;2;0;0;0m████[38;2;247;247;247m██[38;2;79;78;68m██[38;2;251;174;145m████[38;2;66;65;66m██[38;2;66;60;66m████[38;2;214;190;173m██[38;2;129;52;23m██[38;2;66;65;66m████[38;2;170;175;170m██[38;2;66;65;66m██[38;2;251;174;145m████[38;2;253;176;147m██[38;2;124;47;18m██[38;2;188;111;82m████████[38;2;0;0;0m██
    ██[38;2;198;195;189m██[38;2;132;132;106m██[38;2;198;195;189m████[38;2;172;177;167m██[38;2;74;69;57m██[38;2;187;110;81m██[38;2;250;173;144m████[38;2;74;65;66m██[38;2;188;111;82m████[38;2;196;55;35m██[38;2;227;86;66m██[38;2;74;56;57m██[38;2;242;144;87m██[38;2;249;151;94m██████[38;2;178;80;23m████[38;2;66;65;66m██[38;2;82;81;66m██[38;2;255;255;255m████[38;2;82;81;66m██[38;2;90;73;57m██[38;2;248;171;142m██[38;2;66;65;66m██[38;2;251;174;145m████[38;2;66;65;66m██[38;2;200;195;189m████[38;2;132;132;106m██[38;2;198;195;189m██[38;2;170;176;173m██[38;2;132;130;107m██[38;2;66;65;66m██████[38;2;188;111;82m██████████[38;2;0;0;0m██
    ██[38;2;198;195;189m████[38;2;132;132;106m██[38;2;198;195;189m██[38;2;172;177;167m██[38;2;123;123;112m██[38;2;74;65;66m██████[38;2;187;110;81m██[38;2;188;111;82m████[38;2;196;55;35m██[38;2;227;86;66m██[38;2;74;56;57m██[38;2;189;91;34m██[38;2;249;151;94m████[38;2;178;80;23m██████[38;2;66;65;66m██[38;2;82;81;66m████████[38;2;190;113;84m████[38;2;66;65;66m██[38;2;251;174;145m████[38;2;66;65;66m██[38;2;200;195;189m████[38;2;132;132;106m██[38;2;198;195;189m██[38;2;170;176;173m██[38;2;132;130;107m██[38;2;132;132;104m████[38;2;66;65;66m██[38;2;188;111;82m██████████[38;2;0;0;0m██
    ██[38;2;200;195;189m████[38;2;198;195;189m██[38;2;132;132;106m██[38;2;170;176;173m██[38;2;132;130;107m██[38;2;131;131;104m████[38;2;66;65;66m██[38;2;188;111;82m██████[38;2;238;97;77m██[38;2;193;52;32m██[38;2;66;65;66m██[38;2;191;93;36m██[38;2;178;80;23m██████████[38;2;66;65;66m██[38;2;188;111;82m██████[38;2;66;65;66m████[38;2;188;111;82m██[38;2;74;65;66m██[38;2;250;173;144m██[38;2;252;175;146m██[38;2;66;65;66m██[38;2;198;195;189m██[38;2;132;132;106m██[38;2;200;195;189m████[38;2;170;176;173m██[38;2;132;130;107m██[38;2;131;131;104m████[38;2;66;65;66m██[38;2;188;111;82m██████████[38;2;0;0;0m██
    ██[38;2;200;195;189m████[38;2;198;195;189m██[38;2;132;132;106m██[38;2;170;176;173m██[38;2;132;130;107m██[38;2;131;131;104m████[38;2;66;65;66m██[38;2;188;111;82m██████[38;2;8;0;16m██[38;2;193;52;32m██[38;2;217;76;56m██[38;2;66;65;66m██[38;2;178;80;23m████████[38;2;66;65;66m██████████[38;2;188;111;82m████[38;2;66;65;66m██[38;2;187;110;81m██[38;2;74;65;66m██[38;2;66;65;66m██[38;2;214;190;173m██[38;2;198;195;189m██[38;2;132;132;106m██[38;2;200;195;189m████[38;2;170;176;173m██[38;2;132;130;107m██[38;2;131;131;104m████[38;2;66;65;66m██[38;2;188;111;82m████████[38;2;0;0;0m██  
    ██[38;2;200;195;189m████████[38;2;170;176;173m██[38;2;132;130;107m██[38;2;131;131;104m████[38;2;66;65;66m██[38;2;0;0;0m██████  ██[38;2;189;48;28m██[38;2;234;93;73m██[38;2;66;63;71m████[38;2;66;65;66m████[38;2;170;175;172m██[38;2;188;111;82m██[38;2;182;105;76m████[38;2;187;110;81m████[38;2;66;63;76m██[38;2;228;87;67m██[38;2;197;56;36m██[38;2;222;81;61m██[38;2;66;65;66m██[38;2;198;195;189m████[38;2;132;132;106m██[38;2;200;195;189m████[38;2;170;176;173m██[38;2;132;130;107m██[38;2;131;131;104m████[38;2;78;62;53m██[38;2;186;109;80m██[38;2;188;111;82m██[38;2;0;0;0m████    
    ██[38;2;200;195;189m████████[38;2;170;176;173m██[38;2;132;130;107m██[38;2;131;131;104m████[38;2;0;0;0m██          [38;2;0;0;8m████[38;2;197;56;36m██[38;2;228;87;67m██[38;2;66;65;66m██[38;2;170;175;170m██[38;2;170;175;172m████[38;2;236;159;130m██[38;2;128;51;22m██[38;2;187;110;81m██[38;2;66;65;66m██[38;2;197;56;36m████[38;2;236;95;75m██[38;2;197;56;36m██[38;2;66;65;66m██[38;2;198;195;189m████[38;2;132;132;106m██[38;2;200;195;189m████[38;2;170;176;173m██[38;2;132;130;107m██[38;2;131;131;104m████[38;2;78;62;53m██[38;2;0;4;8m██[38;2;0;0;0m██        
    ██[38;2;200;194;189m██[38;2;170;174;172m██[38;2;200;194;189m████[38;2;170;176;173m██[38;2;132;130;107m██[38;2;131;131;104m████[38;2;0;0;0m██              ██████████[38;2;173;174;173m██[38;2;123;46;17m██[38;2;188;111;82m██[38;2;196;55;35m██[38;2;227;86;66m██[38;2;196;55;35m██[38;2;188;111;82m██[38;2;198;57;37m██[38;2;188;111;82m██[38;2;66;65;60m██[38;2;198;195;181m██[38;2;132;132;106m██[38;2;198;195;189m██[38;2;200;195;189m████[38;2;170;176;173m██[38;2;132;130;107m██[38;2;131;131;104m████[38;2;0;0;0m██            
    ██[38;2;170;174;172m██[38;2;200;194;189m██[38;2;170;174;172m██[38;2;200;194;189m██[38;2;170;176;173m██[38;2;132;130;107m██[38;2;131;131;104m████[38;2;0;0;0m██                        ██[38;2;0;0;8m██[38;2;188;111;82m██[38;2;196;55;35m██[38;2;227;86;66m██[38;2;196;55;35m██[38;2;188;111;82m██████[38;2;66;65;60m██[38;2;132;130;120m██[38;2;198;195;189m████[38;2;200;195;189m████[38;2;170;176;173m██[38;2;132;130;107m██[38;2;131;131;104m████[38;2;0;0;0m██            
    ██[38;2;170;174;172m██[38;2;200;194;189m██[38;2;170;174;172m██[38;2;200;194;189m██[38;2;170;176;173m██[38;2;132;130;107m██[38;2;94;97;94m██[38;2;132;130;107m██[38;2;0;0;0m██                            ██[38;2;188;111;82m██[38;2;196;55;35m██[38;2;188;111;82m████████[38;2;66;65;66m██[38;2;198;195;189m██[38;2;200;195;189m████████[38;2;170;176;173m██[38;2;132;130;107m██[38;2;131;131;104m████[38;2;0;0;0m██            
    ██[38;2;200;194;189m██[38;2;170;174;172m██[38;2;200;194;189m████[38;2;170;176;173m██[38;2;132;130;107m██[38;2;94;97;94m██[38;2;132;130;107m██[38;2;0;0;0m██                        ████[38;2;251;174;145m██[38;2;188;111;82m██████████[38;2;251;174;145m██[38;2;66;65;66m██[38;2;198;195;189m██[38;2;200;195;189m████████[38;2;170;176;173m██[38;2;132;130;107m██[38;2;131;131;104m████[38;2;0;0;0m██            
    ██[38;2;200;195;189m████[38;2;200;194;189m████[38;2;173;174;173m██[38;2;94;97;94m██[38;2;131;131;104m████[38;2;0;0;0m██                      [38;2;0;0;8m██[38;2;255;158;144m██[38;2;197;56;36m██[38;2;251;174;145m██████████████[38;2;66;65;66m██[38;2;198;195;189m██[38;2;200;195;189m████████[38;2;94;97;94m██[38;2;132;130;107m██[38;2;131;131;104m████[38;2;0;0;0m██            
    ██[38;2;200;195;189m████[38;2;170;174;172m██[38;2;200;194;189m██[38;2;173;174;173m██[38;2;94;97;94m██[38;2;131;131;104m████[38;2;0;0;0m██                    ██[38;2;255;158;144m██[38;2;194;53;33m██[38;2;251;174;145m████████████████[38;2;66;65;66m██[38;2;198;195;189m██[38;2;200;195;189m████████[38;2;94;97;94m██[38;2;132;130;107m██[38;2;131;131;104m████[38;2;0;0;0m██            
    ██[38;2;200;195;189m████████[38;2;94;97;94m██[38;2;132;130;107m██[38;2;94;97;94m██[38;2;132;130;107m██[38;2;0;0;0m██                    ██[38;2;188;111;82m██[38;2;252;175;146m██[38;2;251;174;145m████████████[38;2;253;176;147m████[38;2;66;65;66m██[38;2;198;195;189m██[38;2;200;195;189m████████[38;2;173;174;173m██[38;2;99;101;90m██[38;2;132;130;107m██[38;2;94;97;94m██[38;2;0;0;0m██            
    ██[38;2;200;195;189m████████[38;2;94;97;94m██[38;2;132;130;107m████[38;2;94;97;94m██[38;2;0;0;0m██                      [38;2;8;0;0m██[38;2;188;111;82m████[38;2;251;174;145m████[38;2;0;0;0m██████[38;2;8;0;0m██[38;2;188;111;82m██[38;2;66;65;66m██[38;2;198;195;189m██[38;2;200;195;189m████████[38;2;173;174;173m██[38;2;123;125;117m██[38;2;94;97;94m██[38;2;132;130;107m██[38;2;0;0;0m██            
    ██[38;2;99;97;94m██[38;2;198;195;189m████[38;2;99;97;94m██[38;2;0;0;0m██[38;2;82;79;70m██[38;2;132;134;115m██[38;2;88;89;76m██[38;2;0;0;0m██                    ██[38;2;188;111;82m██████[38;2;0;0;0m████        ██[38;2;66;65;63m██[38;2;198;195;189m██[38;2;200;195;189m████████[38;2;173;174;173m██[38;2;123;125;117m██[38;2;94;97;94m██[38;2;132;130;107m██[38;2;0;0;0m██            
      ████████  ██████                        ██████              ██[38;2;198;195;189m██[38;2;200;195;189m████████[38;2;173;174;173m██[38;2;99;101;90m██[38;2;132;130;107m████[38;2;0;0;0m██            
                                                                  ██[38;2;198;195;189m██████[38;2;94;97;94m██[38;2;66;65;66m██[38;2;88;90;79m██[38;2;132;134;115m██[38;2;132;130;107m████[38;2;0;0;0m██            
                                                                  ██[38;2;99;97;94m██[38;2;198;195;189m██[38;2;93;97;95m██[38;2;66;65;66m████[38;2;0;4;8m██[38;2;132;134;115m██[38;2;132;130;107m██[38;2;94;97;94m██[38;2;0;0;0m██            
                                                                    ██████████  ██████              
[0m