      [38;2;0;0;0m██                                  
    ██[38;2;246;245;242m██[38;2;0;4;0m██[38;2;0;0;0m██                              
  ██[38;2;49;48;49m██[38;2;246;245;242m██[38;2;192;192;186m██[38;2;242;243;242m██[38;2;0;0;0m██                            
  ██[38;2;242;243;242m██████[38;2;0;0;0m██                  ██          
    ██[38;2;201;200;201m██[38;2;242;243;242m████[38;2;0;0;0m██        ████  ██[38;2;242;243;242m██[38;2;0;0;0m██        
      ██[38;2;242;243;242m██████[38;2;0;0;0m████████[38;2;148;150;148m██[38;2;246;245;246m██[38;2;0;0;0m██[38;2;248;249;248m██[38;2;242;243;242m██[38;2;0;0;0m██        
      ██[38;2;242;243;242m██[38;2;82;81;82m████[38;2;231;231;231m████████[38;2;148;150;148m██[38;2;254;253;254m██[38;2;248;249;248m████[38;2;186;187;186m██[38;2;0;0;0m██        
  ████[38;2;137;136;137m██[38;2;82;81;82m██[38;2;231;231;231m████████████[38;2;152;151;152m██[38;2;254;254;254m██████[38;2;246;245;242m████[38;2;0;0;0m██      
  ██[38;2;254;254;254m████[38;2;137;136;137m██[38;2;135;135;135m██[38;2;231;231;231m████████[38;2;152;151;152m██[38;2;254;254;254m████[38;2;246;246;246m██[38;2;148;150;148m██[38;2;142;142;137m██[38;2;0;4;0m██[38;2;148;150;148m██[38;2;0;0;0m██    
    ██[38;2;248;249;248m████[38;2;208;208;205m██[38;2;231;231;231m████████[38;2;208;208;205m██[38;2;214;212;208m██[38;2;254;253;253m██[38;2;152;151;152m██[38;2;231;231;231m████[38;2;152;151;152m██[38;2;0;0;0m██[38;2;242;243;242m██[38;2;0;0;0m██  
      ██[38;2;248;249;248m██[38;2;208;208;205m██[38;2;231;231;231m████████[38;2;208;208;205m██[38;2;214;212;208m██[38;2;148;150;148m██[38;2;231;231;231m████[38;2;152;151;152m██[38;2;203;202;203m██[38;2;242;243;242m██████[38;2;0;0;0m██
    ██[38;2;66;48;70m██[38;2;123;104;134m██[38;2;231;231;231m████████████████████[38;2;152;151;152m██[38;2;203;202;203m██[38;2;242;243;242m██[38;2;0;0;0m██[38;2;199;201;199m██[38;2;0;0;0m██
  ██[38;2;82;83;82m██[38;2;182;161;199m██[38;2;240;227;255m██[38;2;247;247;247m██[38;2;47;47;49m██[38;2;231;231;231m██████████████████[38;2;152;151;152m██[38;2;0;0;0m██  ██  
██[38;2;205;205;205m██[38;2;77;77;77m██[38;2;231;231;231m██[38;2;135;135;135m██[38;2;253;243;255m██[38;2;194;143;212m██[38;2;231;231;231m████[38;2;209;208;206m████[38;2;231;231;231m██[38;2;208;208;205m██[38;2;231;231;231m██[38;2;208;208;205m██[38;2;206;207;206m████[38;2;0;0;0m██      
  ████[38;2;135;135;135m██[38;2;231;231;231m██[38;2;163;96;190m██[38;2;253;243;255m██[38;2;231;231;231m██[38;2;152;151;152m██[38;2;209;208;206m████[38;2;231;231;231m██████[38;2;208;208;205m██[38;2;206;207;206m██[38;2;0;0;0m██        
      ██[38;2;82;82;85m██[38;2;231;231;231m████[38;2;135;135;135m██[38;2;251;251;251m██[38;2;214;211;206m██[38;2;148;147;145m██[38;2;209;208;206m████[38;2;206;207;206m████[38;2;82;82;85m██[38;2;0;0;0m██        
      ██[38;2;164;164;170m██[38;2;82;82;82m██[38;2;0;0;0m██[38;2;251;251;251m████[38;2;82;83;84m████[38;2;209;208;206m████[38;2;0;0;0m██[38;2;137;138;137m██[38;2;164;164;170m██[38;2;0;0;0m██        
        ████  ██[38;2;82;83;82m██[38;2;82;81;82m██[38;2;165;166;173m██[38;2;82;83;82m██[38;2;0;0;0m██  ████          
                ██[38;2;165;166;173m████[38;2;0;0;0m██                  
                  ████                    
[0m