      [38;2;0;0;0m████                                                    
    ██[38;2;247;215;49m████[38;2;0;0;0m██                                                  
  ██[38;2;247;215;49m██[38;2;247;214;49m████[38;2;0;0;0m██                                                  
██[38;2;247;215;49m████[38;2;247;214;49m████[38;2;0;0;0m██                                                  
██[38;2;247;214;49m████████[38;2;0;0;0m██                                                  
██[38;2;247;214;49m████████[38;2;0;0;0m██      ████                                        
██[38;2;247;215;49m████[38;2;247;214;49m████[38;2;247;215;57m██[38;2;0;0;24m██  [38;2;0;0;0m██[38;2;255;190;74m████[38;2;0;0;0m████              ██  ██      ████      
  ██[38;2;247;215;49m██[38;2;247;214;49m████[38;2;247;215;57m██[38;2;82;71;35m██[38;2;0;0;0m██  [38;2;0;0;16m██[38;2;85;63;35m██[38;2;255;190;66m████[38;2;0;0;0m████    ██████[38;2;222;139;0m██[38;2;0;0;0m██[38;2;222;139;0m██[38;2;0;0;0m██  ██[38;2;222;139;0m████[38;2;0;0;0m████  
  ██[38;2;247;215;49m██[38;2;247;214;49m████[38;2;247;215;49m██[38;2;156;131;65m██[38;2;247;215;57m██[38;2;0;0;24m██[38;2;247;215;49m████[38;2;66;65;66m████[38;2;255;190;66m████[38;2;0;0;16m████[38;2;222;139;0m████████[38;2;222;135;0m████[38;2;162;79;0m██[38;2;0;0;8m██[38;2;222;135;0m████████[38;2;222;139;0m██[38;2;0;0;0m██
    ██[38;2;247;214;49m████[38;2;247;215;49m████[38;2;247;215;57m██[38;2;82;71;35m██[38;2;156;131;65m██[38;2;247;215;49m██[38;2;156;138;57m██[38;2;247;211;49m██[38;2;66;65;66m████[38;2;247;215;57m██[38;2;82;71;29m██[38;2;222;139;0m██[38;2;66;65;66m██[38;2;156;223;90m████[38;2;222;135;0m████[38;2;228;150;0m████[38;2;222;135;0m████████[38;2;0;0;0m██  
      ██[38;2;247;215;49m████[38;2;0;0;0m██[38;2;247;207;49m████[38;2;159;123;60m████[38;2;247;214;49m████[38;2;247;215;49m██[38;2;197;166;41m██[38;2;255;215;41m██[38;2;66;65;66m██[38;2;175;80;0m██[38;2;164;189;88m██[38;2;66;65;66m██[38;2;156;223;90m██[38;2;222;135;0m████[38;2;221;133;0m████[38;2;222;139;0m████[38;2;0;0;0m████    
        ████  ██[38;2;164;138;32m██[38;2;159;123;60m██[38;2;247;215;49m██[38;2;247;214;49m████[38;2;247;215;49m████[38;2;192;165;49m██[38;2;66;65;66m██[38;2;239;235;66m██[38;2;164;189;88m██[38;2;156;223;90m██[38;2;66;65;66m██[38;2;222;135;0m████[38;2;175;80;0m████[38;2;0;0;0m████        
                ██[38;2;170;148;46m██[38;2;255;223;57m██[38;2;247;215;49m████[38;2;165;106;49m██[38;2;198;164;41m██████[38;2;66;69;66m██[38;2;255;199;57m██[38;2;255;190;66m██[38;2;222;139;0m██[38;2;222;135;0m████[38;2;228;138;0m██[38;2;0;0;0m██            
                  [38;2;0;0;24m██[38;2;85;74;35m██[38;2;66;65;66m████[38;2;165;106;49m██[38;2;198;164;41m██[38;2;165;106;49m██[38;2;198;164;41m██[38;2;192;155;60m██[38;2;66;69;66m██[38;2;255;190;66m████[38;2;176;82;0m██[38;2;222;135;0m██[38;2;176;82;0m██[38;2;0;0;0m██            
                  ██[38;2;189;142;49m██████[38;2;66;65;66m████████████[38;2;66;65;57m██[38;2;255;182;57m██[38;2;176;82;0m██████[38;2;0;0;0m██            
                    ██████[38;2;189;142;49m████████████[38;2;192;143;57m████[38;2;176;82;0m████[38;2;0;0;0m██              
                          ████████[38;2;176;82;0m████[38;2;162;79;0m████[38;2;0;0;0m████                
                              ██[38;2;176;83;0m██[38;2;176;82;0m████[38;2;66;65;66m██[38;2;0;0;0m██                    
                      ██    ██[38;2;175;80;0m████[38;2;176;82;0m██[38;2;66;65;66m██[38;2;216;185;144m████[38;2;0;0;0m████                
                    ██[38;2;176;83;0m██[38;2;0;0;0m██  ██[38;2;221;133;0m████[38;2;66;65;66m██[38;2;213;181;139m██[38;2;216;185;144m██[38;2;66;65;66m██[38;2;216;185;144m████[38;2;0;0;0m██              
                  ██[38;2;176;83;0m██[38;2;181;109;0m██[38;2;66;65;66m██[38;2;0;0;0m██[38;2;222;139;0m██[38;2;222;135;0m████[38;2;171;97;0m██[38;2;66;65;66m████[38;2;216;185;144m████[38;2;0;0;0m██  ██████        
                  ██[38;2;176;83;0m██[38;2;66;65;66m██[38;2;223;125;0m██[38;2;222;139;0m████[38;2;222;135;0m████[38;2;223;125;0m████[38;2;66;65;66m██[38;2;216;185;144m██[38;2;0;0;0m██  ██[38;2;222;139;0m██████[38;2;0;0;0m██      
                ██[38;2;176;83;0m██[38;2;65;64;66m██[38;2;246;226;196m██[38;2;66;65;66m████[38;2;222;135;0m████[38;2;66;65;66m██[38;2;222;135;0m██[38;2;66;65;66m██[38;2;246;226;197m██[38;2;0;0;8m██  [38;2;0;0;0m██[38;2;222;135;0m████████[38;2;222;139;0m██[38;2;0;0;0m██    
                ██[38;2;176;83;0m██[38;2;65;64;66m██[38;2;246;226;196m████[38;2;242;220;189m██[38;2;66;65;66m████[38;2;242;220;189m██[38;2;66;65;66m██[38;2;242;220;189m██[38;2;246;226;197m██[38;2;210;177;134m██[38;2;0;0;0m██[38;2;222;139;0m██[38;2;222;135;0m██████[38;2;176;83;0m██[38;2;222;139;0m██[38;2;0;0;0m██    
                ██[38;2;66;65;66m██[38;2;243;221;190m██[38;2;245;225;195m████████████[38;2;246;226;196m████[38;2;66;65;66m████[38;2;222;135;0m████[38;2;221;133;0m██[38;2;175;80;0m██[38;2;222;135;0m██[38;2;176;83;0m██[38;2;222;135;0m████[38;2;0;0;0m██  
                ██[38;2;66;65;66m██[38;2;223;193;155m██[38;2;245;225;195m████████████[38;2;246;226;196m██[38;2;218;187;147m██[38;2;66;65;66m██[38;2;222;139;0m██[38;2;222;135;0m██[38;2;176;83;0m██[38;2;221;133;0m██[38;2;175;80;0m██[38;2;222;135;0m████[38;2;176;83;0m██[38;2;222;135;0m██[38;2;0;0;0m██  
                  ████[38;2;216;185;144m████[38;2;246;226;196m████[38;2;218;187;147m████[38;2;206;172;129m██[38;2;66;65;66m██[38;2;222;135;0m████[38;2;162;71;0m████[38;2;0;0;0m██[38;2;222;139;0m██[38;2;162;79;0m██[38;2;228;150;0m██[38;2;162;71;0m██[38;2;222;139;0m████[38;2;0;0;0m██
                      ██[38;2;216;185;144m██[38;2;218;187;147m████████[38;2;66;65;66m██[38;2;222;135;0m██████[38;2;228;138;0m██[38;2;0;0;8m██  [38;2;0;0;0m██[38;2;0;0;8m██[38;2;228;150;0m██[38;2;92;45;0m██[38;2;222;139;0m████[38;2;0;0;0m██
                        ██[38;2;216;185;144m████[38;2;65;64;66m████[38;2;221;133;0m██████[38;2;175;80;0m██[38;2;175;84;0m████[38;2;0;0;0m██[38;2;176;83;0m████[38;2;0;0;0m████[38;2;176;83;0m██[38;2;222;139;0m██[38;2;0;0;0m██
                          ████[38;2;176;83;0m████[38;2;175;80;0m████████[38;2;175;84;0m██[38;2;82;35;0m██[38;2;176;83;0m████[38;2;0;0;0m██    ██[38;2;222;139;0m██[38;2;0;0;0m██
                              ██[38;2;66;66;66m██[38;2;176;83;0m██[38;2;0;0;0m██[38;2;176;83;0m████████[38;2;66;67;66m██[38;2;0;0;0m██        ██  
                            ██[38;2;66;66;66m████[38;2;0;0;0m██  ██[38;2;176;83;0m██[38;2;0;0;0m██[38;2;176;83;0m██[38;2;0;0;0m██              
                            ██████████[38;2;66;66;66m██[38;2;0;0;0m██[38;2;66;66;66m██[38;2;0;0;0m██                
                                ██[38;2;66;66;66m████[38;2;0;0;0m██[38;2;66;66;66m██[38;2;0;0;0m██[38;2;66;66;66m██[38;2;0;0;0m██              
                                  ████████████                
[0m