      [38;2;0;0;0m████                                
      ██[38;2;197;197;197m██[38;2;0;0;0m██          ██████              
      ██[38;2;197;197;197m████[38;2;0;0;0m██████████[38;2;255;255;255m████[38;2;0;0;0m██              
      ██[38;2;65;65;65m██████[38;2;175;176;149m██████[38;2;65;65;65m████[38;2;197;197;197m██[38;2;0;0;0m██              
    ██[38;2;65;65;65m██[38;2;240;88;105m██████[38;2;65;65;65m██████[38;2;175;176;149m████[38;2;0;0;0m██                
  ██[38;2;240;88;105m██████████████[38;2;168;35;48m██[38;2;65;65;65m██[38;2;175;176;149m████[38;2;0;0;0m██        ██    
  ██[38;2;240;88;105m██[38;2;255;255;255m██[38;2;240;88;105m████████[38;2;168;35;48m██[38;2;175;176;149m██████[38;2;124;125;98m██[38;2;65;65;65m██[38;2;0;0;0m████  ██[38;2;240;88;105m██[38;2;0;0;0m██  
██[38;2;198;56;70m██[38;2;240;88;105m██████████████[38;2;65;65;65m██[38;2;175;176;149m██[38;2;65;65;65m██[38;2;255;255;255m██████[38;2;0;0;0m██  ██[38;2;240;88;105m██[38;2;0;0;0m██  
██[38;2;198;56;70m██████[38;2;240;88;105m████████[38;2;168;35;48m██[38;2;65;65;65m██[38;2;175;176;149m██[38;2;65;65;65m██[38;2;175;176;149m██[38;2;255;255;255m██[38;2;0;0;0m██  ██[38;2;240;88;105m██████[38;2;0;0;0m██
  ██[38;2;198;56;70m██████████[38;2;65;65;65m██[38;2;175;176;149m████████[38;2;65;65;65m████[38;2;0;0;0m████[38;2;240;88;105m████████[38;2;0;0;0m██
  ██[38;2;198;56;70m██████████[38;2;65;65;65m██[38;2;175;176;149m████[38;2;65;65;65m██[38;2;255;255;255m██[38;2;124;125;98m██[38;2;65;65;65m██[38;2;198;56;70m██████[38;2;240;88;105m████[38;2;198;56;70m██[38;2;0;0;0m██
    ██[38;2;198;56;70m██████[38;2;65;65;65m██[38;2;124;125;98m██[38;2;175;176;149m██[38;2;0;0;0m██[38;2;214;99;66m██[38;2;255;255;255m██[38;2;124;125;98m██[38;2;65;65;65m██[38;2;198;56;70m██[38;2;168;35;48m██[38;2;198;56;70m████████[38;2;0;0;0m██
      ██[38;2;65;65;65m████[38;2;124;125;98m██[38;2;175;176;149m██[38;2;124;125;98m██[38;2;255;255;255m████[38;2;124;125;98m████[38;2;65;65;65m██[38;2;168;35;48m██[38;2;175;176;149m██[38;2;168;35;48m████[38;2;198;56;70m██[38;2;0;0;0m██  
      ██[38;2;175;176;149m██████[38;2;124;125;98m██████████[38;2;65;65;65m██[38;2;124;125;98m██[38;2;175;176;149m████[38;2;168;35;48m██[38;2;175;176;149m████[38;2;0;0;0m██  
        ██[38;2;175;176;149m██[38;2;124;125;98m██████[38;2;65;65;65m██████[38;2;124;125;98m██[38;2;65;65;65m██[38;2;175;176;149m██[38;2;65;65;65m██[38;2;175;176;149m██████[38;2;124;125;98m██[38;2;0;0;0m██
          ████████[38;2;65;65;65m██[38;2;197;197;197m██[38;2;0;0;0m██[38;2;65;65;65m██[38;2;175;176;149m████[38;2;0;0;0m██[38;2;65;65;65m██[38;2;175;176;149m██[38;2;65;65;65m██[38;2;124;125;98m██[38;2;0;0;0m██
                  ████  ██[38;2;255;255;255m██[38;2;0;0;0m██  ██[38;2;65;65;65m██[38;2;124;125;98m██[38;2;0;0;0m██  
                        ████    ██[38;2;255;255;255m████[38;2;0;0;0m██  
                                ██████    
[0m