              [38;2;0;0;0m██████                                            
              ██[38;2;255;229;106m████[38;2;0;0;0m████                                        
                ██[38;2;189;165;90m██[38;2;255;229;106m████[38;2;0;0;0m████                                    
                ██[38;2;189;165;90m████[38;2;255;229;106m██████[38;2;0;0;0m██                                  
                  ██[38;2;189;165;90m██[38;2;255;229;106m██[38;2;254;229;109m████[38;2;255;229;106m██[38;2;0;0;0m██                                
                  ██[38;2;189;165;90m████[38;2;254;229;109m████[38;2;255;229;106m████[38;2;0;0;0m██                              
                  ██[38;2;189;165;90m████[38;2;254;229;109m████████[38;2;0;0;0m██          ████████████        
                  ██[38;2;64;65;64m██[38;2;189;165;90m██[38;2;254;229;109m████████[38;2;255;229;106m██[38;2;0;0;0m██    ████[38;2;255;255;184m████████████[38;2;0;0;0m████    
                ██[38;2;119;207;234m██[38;2;122;210;238m██[38;2;60;74;72m██[38;2;255;229;106m████[38;2;254;229;109m████[38;2;255;229;106m██[38;2;0;0;0m██  ██[38;2;255;255;184m████████████████████[38;2;0;0;0m██  
              ██[38;2;119;207;234m████[38;2;122;210;238m██[38;2;84;168;194m██[38;2;64;65;64m██[38;2;255;229;106m██[38;2;254;229;109m████[38;2;255;229;106m████[38;2;0;0;0m██[38;2;255;255;184m████[38;2;157;238;195m████████████[38;2;255;255;184m██████[38;2;0;0;0m██  
              ██[38;2;118;206;233m████[38;2;92;177;203m████[38;2;64;65;64m██[38;2;255;229;106m██[38;2;254;229;109m████████[38;2;64;65;64m██[38;2;157;238;197m██████████████[38;2;157;238;195m████[38;2;255;255;184m██████[38;2;0;0;0m██
            ██[38;2;92;177;203m██[38;2;93;178;204m████[38;2;92;177;203m██[38;2;64;65;64m██[38;2;255;229;106m██[38;2;64;65;64m██[38;2;254;229;109m████████[38;2;64;65;64m██[38;2;157;238;197m██[38;2;107;205;182m██████████[38;2;157;238;197m██[38;2;157;238;195m██████[38;2;255;255;184m████[38;2;0;0;0m██
            [38;2;0;20;8m██[38;2;95;180;207m██[38;2;81;165;191m██[38;2;62;74;56m████[38;2;235;213;111m██[38;2;239;216;107m██[38;2;52;74;56m██[38;2;254;229;109m████████[38;2;52;68;66m██[38;2;117;205;182m██[38;2;105;205;180m██[38;2;0;0;0m██████[38;2;105;205;180m████[38;2;107;205;182m██[38;2;157;238;197m██[38;2;157;238;195m██[38;2;255;255;184m████[38;2;0;0;0m██
        ████[38;2;52;68;66m████[38;2;62;74;56m██[38;2;235;213;111m██[38;2;103;153;115m████[38;2;150;138;84m██[38;2;52;74;56m██[38;2;254;229;109m████████[38;2;52;68;66m██[38;2;0;20;8m██[38;2;0;0;0m██      ██[38;2;105;205;180m██[38;2;107;205;182m████[38;2;157;238;195m██[38;2;255;255;184m████[38;2;0;0;0m██
  ██████[38;2;164;140;65m████[38;2;64;65;64m██[38;2;255;229;106m████[38;2;84;194;164m██[38;2;230;255;255m██[38;2;85;172;125m██[38;2;191;172;93m██[38;2;64;65;64m██[38;2;254;229;109m████[38;2;255;229;106m████[38;2;0;0;0m██            ██[38;2;107;205;182m████[38;2;157;238;195m██[38;2;255;255;184m████[38;2;0;0;0m██
██[38;2;164;141;65m██[38;2;164;140;65m██████[38;2;64;65;64m██[38;2;255;229;106m████[38;2;84;194;164m████[38;2;85;172;125m██[38;2;141;191;158m██[38;2;64;65;64m██[38;2;255;225;106m██[38;2;254;229;109m████[38;2;255;229;106m██[38;2;0;0;0m██              ██[38;2;107;205;182m████[38;2;157;238;195m██[38;2;255;255;184m██[38;2;0;0;0m██  
  ██[38;2;164;140;65m████[38;2;64;65;64m██[38;2;255;226;98m██[38;2;255;225;106m████[38;2;238;205;74m██[38;2;167;111;201m██[38;2;182;136;210m████[38;2;64;65;64m██[38;2;255;229;106m██[38;2;254;229;109m████[38;2;255;229;106m██[38;2;0;0;0m██              ██[38;2;107;205;182m██[38;2;157;238;197m██[38;2;194;246;210m██[38;2;255;255;162m██[38;2;0;0;0m██  
    ████[38;2;160;145;82m██[38;2;64;65;64m██[38;2;60;65;61m██[38;2;191;171;93m██[38;2;197;183;117m████[38;2;125;117;129m██[38;2;98;85;49m██[38;2;255;229;106m████[38;2;254;229;109m████[38;2;0;0;0m██                ██[38;2;107;205;182m██[38;2;157;238;197m██[38;2;255;255;162m██[38;2;0;0;0m██    
        ██████████[38;2;64;65;64m████[38;2;255;229;106m████████[38;2;0;0;0m██                ██[38;2;105;205;180m██[38;2;157;238;195m████[38;2;255;255;184m██[38;2;0;0;0m██    
                  ██[38;2;255;229;106m██████[38;2;64;65;64m██[38;2;0;0;0m██                  ██[38;2;105;205;180m██[38;2;157;238;195m██[38;2;255;255;184m██[38;2;0;0;0m██      
                  ██[38;2;63;62;49m████[38;2;64;65;64m██[38;2;166;86;194m██[38;2;0;0;0m██                ██[38;2;107;205;182m██[38;2;157;238;197m████[38;2;0;0;0m██        
                    [38;2;0;8;24m██[38;2;189;170;98m██[38;2;166;86;194m██████[38;2;0;0;0m██████████    ██[38;2;105;205;180m██[38;2;157;238;197m████[38;2;0;0;0m██          
                    [38;2;4;8;5m██[38;2;172;155;79m██[38;2;167;87;195m████████[38;2;64;65;64m██[38;2;166;86;194m██[38;2;142;92;160m████[38;2;0;8;8m████[38;2;116;194;176m██[38;2;145;255;231m██[38;2;64;65;64m██[38;2;0;0;0m██            
                  ██[38;2;255;230;115m████[38;2;210;119;241m████[38;2;167;87;195m████[38;2;166;86;194m████[38;2;207;111;240m██[38;2;63;72;74m██[38;2;43;68;62m██[38;2;113;205;187m██[38;2;116;194;176m██[38;2;56;74;68m██[38;2;64;65;64m████[38;2;0;0;0m██████      
            ████[38;2;0;20;8m██[38;2;52;68;66m██[38;2;255;230;106m████[38;2;210;119;241m████[38;2;209;118;241m████████[38;2;64;65;64m██[38;2;105;205;180m████[38;2;64;65;64m████[38;2;166;86;194m████████████[38;2;0;0;0m██    
        ████[38;2;70;169;149m████[38;2;52;68;66m██[38;2;95;180;207m██[38;2;64;65;64m██████[38;2;210;119;241m██[38;2;209;118;241m████████[38;2;64;65;64m████[38;2;105;205;180m████[38;2;64;65;64m████[38;2;189;165;90m████[38;2;0;0;0m██████      
      ██[38;2;70;169;149m██████[38;2;64;65;64m██[38;2;92;177;203m████[38;2;64;65;64m██[38;2;116;203;230m████[38;2;64;65;64m██[38;2;74;57;59m██[38;2;210;119;241m████[38;2;167;87;195m██████[38;2;64;65;64m████[38;2;105;205;180m████[38;2;44;68;62m██[38;2;0;12;8m██            
    [38;2;0;0;0m██[38;2;68;172;153m██[38;2;70;169;149m██[38;2;64;65;64m██████[38;2;92;177;203m██[38;2;64;65;64m██[38;2;224;205;117m██[38;2;64;65;64m██[38;2;116;203;230m████[38;2;87;171;197m██[38;2;74;57;59m██[38;2;167;87;195m████████[38;2;166;86;194m████[38;2;0;0;0m████[38;2;109;205;184m████[38;2;0;0;0m████        
    ██[38;2;68;172;153m██[38;2;70;169;149m████[38;2;68;172;153m██[38;2;0;0;0m████[38;2;255;229;106m██████[38;2;64;65;64m██[38;2;76;160;185m██[38;2;60;141;167m██[38;2;56;65;58m██[38;2;64;65;64m██[38;2;167;87;195m██[38;2;166;86;194m██████[38;2;0;0;0m██    ██[38;2;105;205;180m██[38;2;107;205;182m████[38;2;0;0;0m██      
      ████████    ██[38;2;255;229;106m██[38;2;189;165;90m██[38;2;170;156;88m██[38;2;64;65;64m██[38;2;56;65;58m██[38;2;149;230;190m████[38;2;64;65;64m██████[38;2;0;0;0m██        ██[38;2;107;205;182m████[38;2;105;205;180m██[38;2;0;0;0m██    
                    ████[38;2;189;165;90m████[38;2;189;165;98m██[38;2;63;58;38m██[38;2;0;0;0m██[38;2;149;230;190m████████[38;2;0;0;0m████████[38;2;149;230;190m██[38;2;148;230;189m██[38;2;106;205;181m██[38;2;105;205;180m██[38;2;0;0;0m██    
                        ████[38;2;0;4;8m████  [38;2;0;0;0m████[38;2;149;230;190m██████████████[38;2;148;230;189m████[38;2;105;205;180m██[38;2;0;0;0m██    
                                      ██████[38;2;149;230;190m██████████[38;2;0;0;0m████      
                                            ██████████          
[0m