      [38;2;0;0;0m██████                      
    ██[38;2;115;213;222m██████[38;2;0;0;0m██████                
  ██[38;2;115;213;222m████████████[38;2;72;159;183m██[38;2;0;0;0m██              
  ██[38;2;115;213;222m████████████████[38;2;0;0;0m██            
██[38;2;65;65;65m██[38;2;115;213;222m████[38;2;72;159;183m██[38;2;65;65;65m██[38;2;72;159;183m██[38;2;65;65;65m██[38;2;72;159;183m██[38;2;115;213;222m██[38;2;72;159;183m██[38;2;0;0;0m████        
██[38;2;115;213;222m██████[38;2;65;65;65m██[38;2;247;247;41m██[38;2;0;0;0m██[38;2;247;247;41m██[38;2;65;65;65m██[38;2;115;213;222m████[38;2;72;159;183m████[38;2;0;0;0m██      
██[38;2;115;213;222m██[38;2;72;159;183m██[38;2;115;213;222m██[38;2;65;65;65m██[38;2;189;165;66m██[38;2;247;247;41m██[38;2;189;165;66m██[38;2;65;65;65m██[38;2;255;118;183m████[38;2;72;159;183m████[38;2;107;107;115m██[38;2;0;0;0m██    
  ██[38;2;115;213;222m██████[38;2;65;65;65m██████[38;2;115;213;222m██[38;2;255;118;183m██[38;2;227;77;148m██[38;2;72;159;183m██[38;2;115;213;222m██[38;2;107;107;115m██[38;2;255;255;255m██[38;2;0;0;0m██  
    ██[38;2;65;65;65m██[38;2;115;213;222m████████[38;2;65;65;65m██[38;2;72;159;183m████[38;2;65;65;65m██[38;2;107;107;115m██[38;2;65;65;65m██[38;2;189;189;189m██[38;2;0;0;0m██  
      ██[38;2;65;65;65m████[38;2;72;159;183m████████[38;2;107;107;115m██[38;2;65;65;65m██[38;2;115;213;222m██[38;2;65;65;65m██[38;2;255;255;255m████[38;2;0;0;0m██
    ██[38;2;107;107;115m██[38;2;255;118;183m██[38;2;107;107;115m██[38;2;65;65;65m████[38;2;189;189;189m████[38;2;65;65;65m██[38;2;107;107;115m██[38;2;115;213;222m██[38;2;65;65;65m██[38;2;189;189;189m██[38;2;72;159;183m██[38;2;0;0;0m██
    ██[38;2;255;118;183m██[38;2;107;107;115m██[38;2;0;0;0m████[38;2;72;159;183m████[38;2;65;65;65m██[38;2;107;107;115m██████[38;2;65;65;65m██[38;2;115;213;222m████[38;2;0;0;0m██
      ████  ██[38;2;65;65;65m██[38;2;72;159;183m██[38;2;65;65;65m██[38;2;107;107;115m██[38;2;255;118;183m██[38;2;107;107;115m██[38;2;65;65;65m██[38;2;115;213;222m██[38;2;72;159;183m██[38;2;0;0;0m██
              ██████[38;2;107;107;115m██[38;2;255;118;183m██[38;2;107;107;115m██[38;2;0;0;0m██[38;2;72;159;183m██[38;2;0;0;0m██  
                    ██████[38;2;65;65;65m██████[38;2;0;0;0m██
                        ██[38;2;107;107;115m██[38;2;65;65;65m██[38;2;107;107;115m██[38;2;0;0;0m██
                          ██████  
[0m