                  [38;2;0;0;0m████                  
                ██[38;2;203;191;191m████[38;2;0;0;0m██████████  ████  
                ██[38;2;203;191;191m██[38;2;65;65;65m██[38;2;203;191;191m██[38;2;255;255;255m████[38;2;203;191;191m██[38;2;65;65;65m██[38;2;0;0;0m██[38;2;203;191;191m██[38;2;255;255;255m██[38;2;0;0;0m██
                  ██[38;2;255;255;255m████████████████[38;2;203;191;191m██[38;2;0;0;0m██
                ██[38;2;203;191;191m██[38;2;255;255;255m██████[38;2;203;191;191m████[38;2;255;255;255m████[38;2;203;191;191m██[38;2;0;0;0m██  
                ██[38;2;255;255;255m██████[38;2;203;191;191m████[38;2;65;65;65m████[38;2;203;191;191m████[38;2;0;0;0m██  
                ██[38;2;255;255;255m██████[38;2;203;191;191m██[38;2;65;65;65m██[38;2;99;121;67m████[38;2;65;65;65m██[38;2;203;191;191m██[38;2;0;0;0m██  
              ██[38;2;255;255;255m████████[38;2;203;191;191m██[38;2;99;121;67m██[38;2;0;0;0m██[38;2;255;255;255m██[38;2;124;148;90m██[38;2;203;191;191m████[38;2;0;0;0m██
            ██[38;2;255;255;255m██████████[38;2;65;65;65m██[38;2;255;255;255m██[38;2;0;0;0m██[38;2;255;255;255m██[38;2;65;65;65m██[38;2;203;191;191m████[38;2;0;0;0m██
            ██[38;2;255;255;255m████[38;2;203;191;191m██[38;2;0;0;0m██[38;2;203;191;191m████[38;2;65;65;65m██[38;2;124;148;90m██[38;2;203;191;191m██████[38;2;65;65;65m██[38;2;0;0;0m██
            ██[38;2;203;191;191m██[38;2;255;255;255m██[38;2;65;65;65m██[38;2;203;191;191m██████████[38;2;65;65;65m██[38;2;203;191;191m████[38;2;0;0;0m██  
              ██[38;2;203;191;191m████████[38;2;65;65;65m██████[38;2;124;148;90m██[38;2;65;65;65m██[38;2;0;0;0m██    
              ██[38;2;65;65;65m██[38;2;203;191;191m██[38;2;65;65;65m████[38;2;228;214;186m██[38;2;124;148;90m██████████[38;2;0;0;0m██  
  ████    ████[38;2;124;148;90m██[38;2;65;65;65m████[38;2;228;214;186m████████[38;2;124;148;90m██[38;2;65;65;65m██[38;2;124;148;90m██████[38;2;0;0;0m██
██[38;2;203;191;191m██[38;2;255;255;255m██[38;2;0;0;0m████[38;2;203;191;191m██[38;2;255;255;255m██[38;2;65;65;65m██[38;2;99;121;67m██[38;2;65;65;65m██[38;2;228;214;186m██████[38;2;65;65;65m██[38;2;124;148;90m████[38;2;65;65;65m████[38;2;124;148;90m██[38;2;0;0;0m██
██[38;2;255;255;255m████████[38;2;203;191;191m██[38;2;0;0;0m████[38;2;65;65;65m██[38;2;99;121;67m██[38;2;65;65;65m██[38;2;228;214;186m████[38;2;65;65;65m██[38;2;124;148;90m██████[38;2;99;121;67m██[38;2;0;0;0m██  
  ██[38;2;255;255;255m████[38;2;0;0;0m████    ██████[38;2;65;65;65m██[38;2;228;214;186m████[38;2;65;65;65m██[38;2;99;121;67m██████[38;2;0;0;0m██  
  ██[38;2;255;255;255m██[38;2;203;191;191m██[38;2;0;0;0m██              ██████[38;2;255;255;255m████[38;2;0;0;0m██    
    ████                      ████      
[0m