      [38;2;0;0;0m████                                            
      ██[38;2;255;67;86m██[38;2;0;0;0m██  ██                                      
██████[38;2;207;47;48m██[38;2;255;67;86m████[38;2;0;0;0m██[38;2;208;206;198m██[38;2;0;0;0m██        ████  ██████                
██[38;2;255;67;86m████████[38;2;207;47;48m██[38;2;208;206;198m████[38;2;0;0;0m██    ████[38;2;208;206;198m██[38;2;0;0;0m████[38;2;255;67;86m██████[38;2;0;0;0m██              
  ██[38;2;207;47;48m██[38;2;255;67;86m████[38;2;207;47;48m██[38;2;208;206;198m████[38;2;114;112;108m██[38;2;0;0;0m████[38;2;208;206;198m████[38;2;131;17;35m██[38;2;255;67;86m██████[38;2;193;38;54m██[38;2;0;0;0m██                
    ██[38;2;255;67;86m██[38;2;207;47;48m██[38;2;208;206;198m████[38;2;169;167;159m██[38;2;114;112;108m██[38;2;65;65;65m██[38;2;208;206;198m████[38;2;131;17;35m██[38;2;207;47;48m██[38;2;255;67;86m████[38;2;193;38;54m██[38;2;255;67;86m████[38;2;0;0;0m████            
  ██[38;2;255;67;86m████[38;2;193;38;54m██[38;2;208;206;198m██[38;2;169;167;159m████[38;2;208;206;198m██████[38;2;169;167;159m██[38;2;131;17;35m██[38;2;255;67;86m████████████████[38;2;0;0;0m██          
    ██[38;2;193;38;54m████[38;2;169;167;159m██[38;2;208;206;198m██████████[38;2;131;17;35m██[38;2;255;67;86m████████████[38;2;207;47;48m██[38;2;0;0;0m████            
      ██[38;2;193;38;54m██[38;2;208;206;198m████████████[38;2;207;47;48m████[38;2;255;67;86m████████████[38;2;0;0;0m██              
    ████[38;2;208;206;198m████[38;2;169;167;159m██[38;2;208;206;198m██[38;2;255;67;86m██[38;2;255;255;255m██[38;2;208;206;198m██[38;2;255;255;255m████[38;2;65;65;65m██[38;2;255;67;86m████████████[38;2;0;0;0m██            
  ██[38;2;207;47;48m██[38;2;208;206;198m████[38;2;169;167;159m██[38;2;208;206;198m██[38;2;0;0;0m██[38;2;193;38;54m██[38;2;255;255;255m████[38;2;214;214;214m██[38;2;65;65;65m██[38;2;169;167;159m██[38;2;65;65;65m██[38;2;131;17;35m██[38;2;255;67;86m████[38;2;0;0;0m████              
    ████[38;2;255;255;255m██████████[38;2;214;214;214m██[38;2;115;115;115m████[38;2;169;167;159m██[38;2;161;117;213m████[38;2;98;74;149m██[38;2;0;0;0m████                  
        ██[38;2;98;74;149m██████[38;2;114;112;108m████[38;2;169;167;159m██████[38;2;98;74;149m██[38;2;161;117;213m██████[38;2;98;74;149m██[38;2;0;0;0m████      ██████  
    ████[38;2;98;74;149m██[38;2;161;117;213m████[38;2;0;0;0m██████[38;2;169;167;159m██[38;2;214;214;214m██[38;2;169;167;159m████[38;2;98;74;149m██[38;2;161;117;213m██████████[38;2;0;0;0m██  ██[38;2;208;206;198m██████[38;2;0;0;0m██
  ██[38;2;115;115;115m██[38;2;0;0;0m██[38;2;161;117;213m████[38;2;0;0;0m██      ██[38;2;156;156;156m██[38;2;214;214;214m██[38;2;169;167;159m██[38;2;65;65;65m████[38;2;161;117;213m██████[38;2;98;74;149m██[38;2;0;0;0m████[38;2;208;206;198m██████[38;2;0;0;0m██  
  ████  ████    ████[38;2;156;156;156m████[38;2;214;214;214m██[38;2;65;65;65m██[38;2;115;115;115m████[38;2;65;65;65m██[38;2;98;74;149m████[38;2;114;112;108m██[38;2;208;206;198m████████[38;2;0;0;0m██    
              ██[38;2;188;135;235m██[38;2;161;117;213m████[38;2;214;214;214m██[38;2;98;74;149m██[38;2;65;65;65m██[38;2;115;115;115m██[38;2;65;65;65m██[38;2;161;117;213m████[38;2;98;74;149m██[38;2;169;167;159m████[38;2;208;206;198m████[38;2;169;167;159m██[38;2;0;0;0m██    
            ██[38;2;161;117;213m████[38;2;188;135;235m██[38;2;161;117;213m████[38;2;98;74;149m██[38;2;161;117;213m██[38;2;65;65;65m████[38;2;255;67;86m██[38;2;161;117;213m██[38;2;255;67;86m██[38;2;98;74;149m██[38;2;169;167;159m████[38;2;0;0;0m████      
              ██[38;2;65;65;65m████[38;2;161;117;213m██[38;2;98;74;149m████[38;2;161;117;213m████[38;2;255;67;86m██████[38;2;161;117;213m████[38;2;98;74;149m██[38;2;0;0;0m██          
            ██[38;2;65;65;65m████[38;2;0;0;0m██████[38;2;161;117;213m████████████████████[38;2;0;0;0m██        
              ████    ██████[38;2;98;74;149m██[38;2;161;117;213m██[38;2;0;0;0m██[38;2;65;65;65m██[38;2;0;0;0m██[38;2;161;117;213m██[38;2;0;0;0m████          
                            ████[38;2;65;65;65m████[38;2;0;0;0m████              
                                ████                  
[0m