                          [38;2;0;0;0m██                                      
                        ██[38;2;238;198;213m██[38;2;0;0;0m██            ██                      
                        ██[38;2;238;198;213m████[38;2;0;0;0m██      ████[38;2;255;255;255m██[38;2;0;0;0m██                    
                      ██[38;2;238;198;213m██████[38;2;0;0;0m██  ████[38;2;255;255;255m██████[38;2;0;0;0m██                    
            ██████  [38;2;16;0;8m██[38;2;255;198;213m██[38;2;241;198;211m████████[38;2;8;0;0m██[38;2;255;246;255m██[38;2;255;255;255m████████[38;2;0;0;0m██                    
            ██[38;2;238;198;213m████[38;2;0;0;0m██[38;2;175;132;145m██[38;2;255;198;213m██[38;2;241;198;211m████████[38;2;172;164;169m██[38;2;255;246;255m██[38;2;255;255;255m████████[38;2;0;0;0m██                    
            ██[38;2;238;198;213m██[38;2;241;198;211m████[38;2;246;194;213m██[38;2;211;147;169m██[38;2;172;101;123m████[38;2;175;99;126m██[38;2;211;147;169m██[38;2;230;201;211m██[38;2;255;250;255m██[38;2;255;255;255m████████[38;2;246;234;238m██[38;2;0;0;0m████████            
            ██[38;2;238;198;213m██[38;2;241;198;211m████[38;2;175;99;126m████[38;2;255;255;255m████[38;2;246;194;213m██[38;2;175;99;126m██[38;2;180;101;123m██[38;2;230;201;211m██[38;2;241;198;211m██[38;2;255;255;255m████[38;2;241;198;211m██[38;2;246;234;238m████[38;2;255;255;255m████[38;2;0;0;0m██            
              ██[38;2;227;201;211m██[38;2;172;101;123m██[38;2;255;255;255m██[38;2;241;198;211m██████[38;2;255;255;255m██[38;2;241;198;211m██[38;2;255;250;255m██[38;2;180;93;123m██[38;2;238;198;213m████[38;2;222;137;164m██[38;2;255;255;255m██████████[38;2;0;0;0m██            
              ██[38;2;172;101;123m██[38;2;255;250;255m██[38;2;241;198;211m██[38;2;255;255;255m██████[38;2;241;198;211m██[38;2;255;255;255m██[38;2;230;198;211m██[38;2;205;145;167m██[38;2;172;101;126m██[38;2;238;198;213m██[38;2;222;137;164m██[38;2;238;196;209m██[38;2;255;255;255m██████[38;2;241;198;211m██[38;2;0;0;0m██            
                [38;2;8;0;0m██[38;2;238;165;189m██[38;2;255;255;255m██████████[38;2;222;137;164m██[38;2;255;255;255m██[38;2;238;196;209m██[38;2;172;101;123m██[38;2;216;136;161m██[38;2;241;198;211m██████[38;2;255;255;255m██[38;2;255;238;255m██[38;2;8;0;0m██              
              [38;2;0;0;0m██[38;2;161;110;126m██[38;2;238;165;189m██[38;2;255;255;255m██████████[38;2;238;196;209m██[38;2;255;255;255m██[38;2;222;137;164m██[38;2;172;101;123m██[38;2;216;136;161m██[38;2;241;198;211m████████[38;2;172;159;169m██[38;2;8;0;0m██              
            [38;2;0;0;0m██[38;2;180;161;172m██[38;2;164;105;131m██[38;2;230;202;213m██[38;2;222;137;164m██[38;2;255;255;255m██████[38;2;222;137;164m██[38;2;255;255;255m██[38;2;213;145;168m██[38;2;246;194;213m██[38;2;172;101;123m████[38;2;57;72;74m████[38;2;57;68;65m██[38;2;213;153;164m██[38;2;0;0;0m██                
            ██[38;2;180;161;172m██[38;2;186;137;159m██[38;2;164;105;131m██[38;2;238;196;209m██[38;2;222;137;164m██[38;2;238;196;209m██[38;2;222;137;164m██[38;2;255;255;255m██[38;2;238;196;209m██[38;2;246;194;213m██[38;2;180;97;123m██[38;2;76;76;79m████[38;2;161;143;145m██[38;2;213;178;180m██[38;2;213;153;164m██[38;2;57;68;65m██[38;2;0;0;0m██                
          ██[38;2;255;250;255m██[38;2;82;60;65m██[38;2;183;118;126m██[38;2;120;95;95m██[38;2;164;116;128m██[38;2;246;186;205m██[38;2;211;147;169m██[38;2;246;194;213m████[38;2;211;147;169m██[38;2;183;110;126m██[38;2;108;107;111m██[38;2;109;108;111m████[38;2;108;107;110m████[38;2;213;153;164m██[38;2;57;68;65m██[38;2;238;198;213m██[38;2;0;0;0m██              
        ██[38;2;255;255;255m██[38;2;255;250;255m██[38;2;168;155;160m██[38;2;57;72;65m██[38;2;183;118;126m██[38;2;123;80;90m██[38;2;164;116;128m██[38;2;175;99;126m████████[38;2;211;71;79m██[38;2;108;107;111m██[38;2;109;108;111m██[38;2;76;76;79m██[38;2;108;107;110m████[38;2;57;68;65m██[38;2;213;153;164m██[38;2;238;198;213m████[38;2;0;0;0m██            
    ████[38;2;255;255;255m████[38;2;191;149;164m██[38;2;65;68;65m██[38;2;213;76;82m██[38;2;255;255;255m██[38;2;65;68;65m██[38;2;255;210;172m██[38;2;172;165;148m██[38;2;65;68;65m██[38;2;108;107;110m██[38;2;172;72;82m██[38;2;211;76;76m████[38;2;108;107;110m████[38;2;80;80;82m██[38;2;57;62;65m██[38;2;217;137;164m██████[38;2;238;198;213m██[38;2;246;234;238m██[38;2;0;0;0m██          
  ██[38;2;255;255;255m██████[38;2;217;137;164m██[38;2;255;190;213m██[38;2;65;68;65m██[38;2;213;76;82m██[38;2;241;195;197m██[38;2;108;107;110m██[38;2;65;68;65m████[38;2;108;107;110m████[38;2;213;246;255m██[38;2;238;198;213m██[38;2;211;76;76m██[38;2;108;107;110m████[38;2;57;62;65m██[38;2;0;8;0m██[38;2;217;137;164m██[38;2;238;198;213m██[38;2;217;137;164m██[38;2;238;198;213m██[38;2;246;234;238m████[38;2;0;0;0m██        
██[38;2;246;226;230m██[38;2;255;255;255m████[38;2;217;137;164m████[38;2;241;198;211m████[38;2;65;52;57m██[38;2;197;133;156m██[38;2;108;107;110m████████[38;2;109;108;111m██[38;2;246;105;131m██[38;2;213;194;213m██[38;2;213;72;82m██[38;2;112;112;116m██[38;2;74;74;76m██[38;2;0;0;0m██  ██[38;2;238;198;213m████[38;2;217;137;164m██[38;2;255;255;255m██████[38;2;0;0;0m████    
██[38;2;246;226;230m██[38;2;255;255;255m████[38;2;217;137;164m██[38;2;238;198;213m██[38;2;241;198;211m████[38;2;0;12;8m██[38;2;108;107;110m██████████[38;2;109;108;111m██[38;2;246;105;131m██[38;2;213;113;126m██[38;2;129;113;119m██[38;2;74;74;76m██[38;2;0;0;8m██    [38;2;0;0;0m██[38;2;238;198;213m████[38;2;217;137;164m████[38;2;255;255;255m████████[38;2;0;0;0m██  
██[38;2;238;198;213m██[38;2;255;255;255m██[38;2;217;137;164m████[38;2;238;198;213m████[38;2;0;0;0m██  ██[38;2;110;110;112m████[38;2;106;84;93m██[38;2;108;107;110m██[38;2;109;108;111m████[38;2;112;112;116m██[38;2;74;74;77m██[38;2;0;0;0m██        ██[38;2;238;198;213m████[38;2;217;137;164m████[38;2;255;255;255m████████[38;2;0;0;0m██
██[38;2;238;198;213m██[38;2;217;137;164m████████[38;2;238;198;213m██[38;2;0;0;0m██    [38;2;0;8;8m██[38;2;52;58;63m██[38;2;82;56;57m██[38;2;131;113;128m██[38;2;76;76;79m████[38;2;57;58;65m██[38;2;8;8;8m██            [38;2;0;0;0m██[38;2;238;198;213m████[38;2;217;137;164m████[38;2;255;255;255m████[38;2;241;198;211m██[38;2;0;0;0m██
██[38;2;222;137;164m██[38;2;255;255;255m████████[38;2;0;0;0m██        ██[38;2;197;157;139m██[38;2;65;64;65m██[38;2;57;68;65m████[38;2;186;176;137m██[38;2;65;68;65m██[38;2;0;0;0m██          ██[38;2;238;198;213m████[38;2;217;137;164m██████[38;2;244;196;213m████[38;2;0;0;0m██
████████████      ████[38;2;238;234;172m██[38;2;65;64;65m██[38;2;153;126;115m██[38;2;57;68;65m██[38;2;238;234;172m██[38;2;246;230;172m██[38;2;65;68;65m██[38;2;238;96;165m██[38;2;0;0;0m████        ██[38;2;238;198;213m██[38;2;217;137;164m██[38;2;255;255;255m████[38;2;222;137;164m██[38;2;244;196;213m██[38;2;0;0;0m██
              ████[38;2;238;95;165m██[38;2;246;95;165m██[38;2;82;60;65m██[38;2;180;93;123m██[38;2;255;255;255m██[38;2;172;101;126m██[38;2;238;214;197m██[38;2;65;68;74m██[38;2;238;96;165m██[38;2;238;96;164m████[38;2;238;96;160m██[38;2;0;0;0m██      ██[38;2;172;159;169m██[38;2;255;238;255m██[38;2;255;255;255m████[38;2;255;238;255m██[38;2;172;159;169m██[38;2;0;0;0m██
            ██[38;2;77;76;79m██[38;2;79;79;80m██[38;2;238;95;165m██[38;2;246;95;165m██[38;2;137;48;84m██[38;2;255;255;255m██[38;2;205;147;167m██[38;2;238;214;197m██[38;2;172;41;84m██[38;2;238;96;165m██[38;2;152;62;107m██[38;2;238;96;164m████[38;2;238;96;160m██[38;2;79;79;79m██[38;2;0;0;0m██      [38;2;8;0;0m████[38;2;0;0;0m████[38;2;8;0;0m████  
              [38;2;0;0;0m████[38;2;238;96;165m██[38;2;156;63;113m██[38;2;238;96;165m██[38;2;180;41;82m██[38;2;224;192;205m██[38;2;172;41;84m██[38;2;238;96;165m██[38;2;238;96;164m████[38;2;152;62;107m██[38;2;238;96;165m██[38;2;57;62;63m██[38;2;110;111;112m██[38;2;109;108;111m██[38;2;0;0;0m██                  
                  ██[38;2;238;96;165m████[38;2;246;96;165m██[38;2;180;41;82m██[38;2;238;96;165m████[38;2;238;96;164m████[38;2;238;96;165m██[38;2;65;68;74m██[38;2;57;62;63m██[38;2;8;12;8m██[38;2;0;0;0m██                    
                  ██[38;2;65;68;65m██[38;2;255;93;160m██[38;2;238;96;165m████[38;2;238;96;164m████[38;2;238;96;165m████[38;2;74;64;65m██[38;2;194;151;164m██[38;2;0;0;0m██                        
                ██[38;2;141;132;132m██[38;2;130;127;128m██[38;2;65;68;65m██[38;2;57;68;65m██[38;2;238;96;165m██[38;2;238;96;164m████[38;2;57;68;65m████[38;2;255;194;213m████[38;2;222;137;164m██[38;2;0;0;0m██                      
                ██[38;2;141;132;132m████████[38;2;57;68;65m██[38;2;57;72;74m████[38;2;109;108;111m██[38;2;63;70;68m██[38;2;241;198;211m████[38;2;217;137;164m████[38;2;0;0;0m██                    
                ██[38;2;141;132;132m████[38;2;76;76;79m██[38;2;141;132;132m████[38;2;144;137;137m██[38;2;103;100;100m██[38;2;109;108;111m██[38;2;63;70;68m██[38;2;241;198;211m████[38;2;238;198;213m██[38;2;217;137;164m██[38;2;0;0;0m██                    
                  ██[38;2;141;132;132m████[38;2;77;78;80m██[38;2;136;129;129m██[38;2;109;108;111m████████[38;2;65;68;65m██[38;2;255;190;213m██[38;2;172;164;169m██[38;2;255;246;255m██[38;2;0;0;0m██                    
                  ██[38;2;79;80;84m██[38;2;102;99;101m██[38;2;77;78;80m██[38;2;111;107;108m██[38;2;109;108;111m██[38;2;138;129;129m██[38;2;109;108;111m██[38;2;76;76;79m██[38;2;65;68;65m██[38;2;191;149;164m██[38;2;255;246;255m██[38;2;8;0;0m██                      
                    [38;2;0;0;0m██[38;2;77;76;79m██[38;2;109;108;111m██[38;2;76;76;79m██[38;2;109;108;111m████[38;2;76;76;79m████[38;2;68;56;63m██[38;2;205;145;172m██[38;2;0;0;0m██                        
                      ██[38;2;76;76;79m██[38;2;109;108;111m██[38;2;76;76;79m████████[38;2;82;76;79m██[38;2;0;12;8m██                          
                        [38;2;0;0;0m██[38;2;77;76;79m██[38;2;76;76;79m████[38;2;77;76;79m██[38;2;0;0;0m████                            
                        ██[38;2;77;76;79m██[38;2;76;76;79m████[38;2;0;0;0m██                                
                          ██████                                  
[0m