                            [38;2;0;0;0m████████                      
                        ████[38;2;172;100;20m██[38;2;244;175;23m████[38;2;172;100;20m██[38;2;0;0;0m██████                
                    ████[38;2;172;100;20m██[38;2;244;175;23m████████████[38;2;65;65;65m██[38;2;229;142;6m██[38;2;0;0;0m████            
  ██████████      ██[38;2;172;100;20m██[38;2;229;142;6m████[38;2;172;100;20m████[38;2;244;175;23m██████████[38;2;172;100;20m██[38;2;229;142;6m██[38;2;65;65;65m██[38;2;0;0;0m██          
██[38;2;244;175;23m████████[38;2;172;100;20m██[38;2;0;0;0m██████[38;2;65;65;65m██[38;2;229;142;6m██████████[38;2;172;100;20m████[38;2;244;175;23m████[38;2;172;100;20m██████[38;2;229;142;6m██[38;2;172;100;20m██[38;2;0;0;0m██        
  ████[38;2;244;175;23m██████[38;2;229;142;6m██[38;2;65;65;65m██[38;2;244;175;23m████[38;2;65;65;65m████[38;2;229;142;6m████████[38;2;172;100;20m██████████████████[38;2;0;0;0m██      
      ████[38;2;229;142;6m██[38;2;172;100;20m██[38;2;244;175;23m██████████[38;2;65;65;65m██[38;2;172;100;20m██[38;2;229;142;6m██[38;2;172;100;20m██████████[38;2;65;65;65m████████[38;2;172;100;20m████[38;2;0;0;0m██    
          ██[38;2;172;100;20m██[38;2;65;65;65m██[38;2;244;175;23m██████████[38;2;172;100;20m██████████[38;2;65;65;65m████[38;2;156;177;95m██[38;2;195;216;134m████[38;2;156;177;95m██[38;2;65;65;65m██[38;2;172;100;20m██[38;2;0;0;0m██    
          ██[38;2;229;142;6m████[38;2;65;65;65m████[38;2;244;175;23m████[38;2;65;65;65m██[38;2;172;100;20m██████[38;2;65;65;65m████[38;2;156;177;95m██[38;2;195;216;134m████████████[38;2;65;65;65m████[38;2;0;0;0m██  
          ██[38;2;65;65;65m██[38;2;229;142;6m██████[38;2;65;65;65m████[38;2;172;100;20m██████[38;2;229;142;6m██[38;2;244;175;23m██[38;2;229;142;6m██[38;2;65;65;65m██[38;2;195;216;134m██████████████[38;2;65;65;65m██[38;2;0;0;0m██  
  ██    ██[38;2;244;175;23m████[38;2;65;65;65m████[38;2;229;142;6m████[38;2;172;100;20m████[38;2;229;142;6m██[38;2;244;175;23m██████████[38;2;65;65;65m████[38;2;195;216;134m██████████[38;2;156;177;95m██[38;2;65;65;65m██[38;2;0;0;0m██
██[38;2;255;255;255m██[38;2;0;0;0m██████[38;2;244;175;23m████████[38;2;65;65;65m██[38;2;172;100;20m████████[38;2;65;65;65m████[38;2;244;175;23m██████████[38;2;65;65;65m████[38;2;195;216;134m████[38;2;156;177;95m████[38;2;65;65;65m██[38;2;0;0;0m██
██[38;2;255;255;255m████[38;2;197;206;206m██[38;2;65;65;65m████[38;2;244;175;23m██████[38;2;65;65;65m██[38;2;172;100;20m██████[38;2;0;0;0m██[38;2;255;255;255m██[38;2;156;177;95m██[38;2;65;65;65m████[38;2;244;175;23m██████████[38;2;65;65;65m██[38;2;156;177;95m████████[38;2;0;0;0m██
  ██[38;2;255;255;255m████[38;2;65;65;65m██[38;2;229;142;6m██[38;2;172;100;20m████[38;2;65;65;65m██[38;2;172;100;20m████[38;2;65;65;65m██[38;2;172;100;20m██[38;2;255;255;255m██[38;2;65;65;65m████[38;2;195;216;134m████[38;2;65;65;65m██████[38;2;244;175;23m██████[38;2;65;65;65m██[38;2;156;177;95m████[38;2;65;65;65m██[38;2;0;0;0m██
    ████[38;2;197;206;206m██[38;2;65;65;65m██[38;2;229;142;6m██████[38;2;172;100;20m██[38;2;65;65;65m██[38;2;255;255;255m██[38;2;65;65;65m████[38;2;255;255;255m██[38;2;197;206;206m██[38;2;65;65;65m██[38;2;195;216;134m██████[38;2;156;177;95m██[38;2;65;65;65m████[38;2;244;175;23m██[38;2;65;65;65m██[38;2;156;177;95m██[38;2;172;100;20m██[38;2;65;65;65m██[38;2;0;0;0m██
        ████[38;2;65;65;65m████[38;2;229;142;6m██[38;2;172;100;20m██[38;2;65;65;65m██[38;2;255;255;255m████████[38;2;197;206;206m██[38;2;65;65;65m██[38;2;195;216;134m██████[38;2;156;177;95m██████[38;2;65;65;65m██[38;2;172;100;20m██[38;2;156;177;95m██[38;2;172;100;20m██[38;2;0;0;0m██  
          ██[38;2;244;175;23m████[38;2;172;100;20m████[38;2;65;65;65m████[38;2;255;255;255m████[38;2;197;206;206m██[38;2;0;0;0m██[38;2;156;177;95m██[38;2;195;216;134m████[38;2;156;177;95m████[38;2;65;65;65m██[38;2;0;0;0m████[38;2;255;255;255m██[38;2;156;177;95m██[38;2;197;206;206m██[38;2;0;0;0m██  
            ██[38;2;244;175;23m████[38;2;172;100;20m████[38;2;65;65;65m██[38;2;0;0;0m████████[38;2;65;65;65m██[38;2;172;100;20m████[38;2;156;177;95m██[38;2;172;100;20m██[38;2;0;0;0m██    ██████    
            ██[38;2;172;100;20m██████████[38;2;0;0;0m██    ██[38;2;65;65;65m██[38;2;172;100;20m████[38;2;156;177;95m██[38;2;172;100;20m██[38;2;0;0;0m██              
              ██[38;2;244;175;23m████[38;2;229;142;6m██[38;2;172;100;20m████[38;2;0;0;0m██    ██[38;2;255;255;255m██[38;2;156;177;95m██[38;2;197;206;206m██[38;2;0;0;0m██                
                ████[38;2;229;142;6m████[38;2;172;100;20m██[38;2;0;0;0m██      ██████                  
                    ██████                                
[0m