                                                [38;2;0;0;0m██████████████                                        
                                            ████[38;2;231;110;66m██████[38;2;214;111;74m████[38;2;231;110;66m████[38;2;0;0;0m██                                      
                                  ██████████[38;2;231;110;66m██[38;2;231;108;63m████[38;2;231;116;74m██[38;2;148;76;57m██[38;2;148;79;62m██[38;2;231;116;74m██[38;2;231;110;66m██[38;2;0;0;0m██                                        
                            ██████[38;2;231;110;66m████████████[38;2;231;108;63m████[38;2;148;76;57m██[38;2;189;98;65m██[38;2;189;101;68m████[38;2;231;110;66m██[38;2;0;0;0m██                                        
                          ██[38;2;189;111;82m██[38;2;189;109;79m████[38;2;145;75;54m████████[38;2;231;110;66m████[38;2;231;108;63m████[38;2;231;110;66m██[38;2;144;74;53m██[38;2;159;91;66m██[38;2;206;104;66m██[38;2;0;0;0m██                                          
                        ██[38;2;189;111;82m████[38;2;189;109;79m████[38;2;189;111;82m████████[38;2;144;74;53m████[38;2;231;108;63m████[38;2;231;110;66m████[38;2;206;104;66m██[38;2;66;65;66m██[38;2;117;97;91m██[38;2;0;0;0m██████                                    
                      [38;2;0;6;6m██[38;2;189;118;90m██[38;2;192;107;76m██[38;2;66;65;66m██████[38;2;189;104;66m██[38;2;148;92;66m██[38;2;189;109;79m████████[38;2;145;75;54m████[38;2;148;76;57m██[38;2;231;116;74m██[38;2;231;110;66m██[38;2;66;65;66m██[38;2;119;99;92m████[38;2;117;97;90m████[38;2;0;0;0m██████                              
                      [38;2;0;6;6m██[38;2;63;44;35m██[38;2;66;65;66m████[38;2;148;92;66m██[38;2;189;104;66m██[38;2;66;65;66m████[38;2;189;109;79m████████[38;2;189;111;82m████[38;2;189;98;65m██[38;2;148;76;57m██[38;2;231;110;66m████[38;2;65;69;65m██[38;2;85;76;73m██[38;2;90;82;79m██[38;2;117;97;90m██[38;2;116;95;88m████[38;2;117;97;91m██[38;2;0;0;0m████                          
              ████████[38;2;231;110;66m██[38;2;189;108;78m██[38;2;189;111;82m██████[38;2;145;75;54m██████[38;2;66;65;66m██████[38;2;189;104;66m██[38;2;189;106;74m██[38;2;148;90;68m██[38;2;189;109;79m████[38;2;189;101;68m██[38;2;231;116;74m██[38;2;231;110;66m██[38;2;66;65;66m██[38;2;117;97;90m████████████[38;2;116;95;88m██[38;2;0;0;0m██                        
    ██████████[38;2;231;110;66m████████████[38;2;145;75;54m████████████[38;2;144;75;53m████[38;2;148;92;66m██[38;2;66;65;66m██[38;2;66;61;57m██[38;2;189;106;74m██[38;2;189;109;79m████[38;2;189;101;68m██[38;2;148;79;62m██[38;2;231;110;66m████[38;2;115;85;74m██[38;2;117;97;90m████[38;2;90;82;79m████[38;2;117;97;90m██[38;2;116;95;88m██[38;2;0;0;0m██                        
  ██[38;2;231;110;66m██████████[38;2;145;75;54m████████████[38;2;189;109;79m████[38;2;189;111;82m██[38;2;145;75;54m██[38;2;144;75;53m██████[38;2;66;65;66m██[38;2;96;116;96m████[38;2;140;79;57m██[38;2;60;109;66m██[38;2;192;107;76m████[38;2;189;109;79m████[38;2;65;69;65m██[38;2;239;118;74m██[38;2;231;110;66m██[38;2;107;77;66m██[38;2;117;97;90m██████[38;2;90;82;79m██[38;2;85;76;73m██[38;2;65;69;65m██[38;2;0;0;0m████                    
    ██[38;2;0;4;0m██[38;2;154;74;44m██[38;2;148;78;60m██[38;2;189;97;63m██[38;2;145;75;54m██[38;2;189;111;82m████████[38;2;145;75;54m██[38;2;189;109;79m████[38;2;189;111;82m██[38;2;145;75;54m██[38;2;144;75;53m██[38;2;66;65;66m████[38;2;149;195;136m██[38;2;95;191;101m██[38;2;102;141;92m██[38;2;10;111;88m██[38;2;60;109;66m██[38;2;66;65;66m██[38;2;192;107;76m██[38;2;189;109;79m████[38;2;181;100;71m██[38;2;65;69;65m██[38;2;148;88;66m██[38;2;231;110;66m██[38;2;115;85;74m████[38;2;117;97;90m████[38;2;119;99;92m██[38;2;65;69;65m██[38;2;116;95;88m████[38;2;0;0;0m████                
        ██████[38;2;189;111;82m████████[38;2;189;109;79m████████[38;2;144;75;53m████[38;2;55;74;71m██[38;2;102;197;92m██[38;2;123;193;108m████[38;2;54;148;76m██[38;2;14;108;69m██[38;2;255;101;165m██[38;2;66;65;66m██[38;2;181;100;71m██[38;2;65;69;65m██[38;2;192;107;76m████[38;2;148;77;57m██[38;2;192;109;79m██[38;2;192;107;76m██[38;2;66;65;66m██[38;2;231;110;66m████[38;2;115;84;74m██[38;2;117;99;93m██[38;2;117;97;90m████[38;2;66;65;66m██[38;2;117;96;89m██[38;2;117;97;90m████[38;2;0;0;0m██              
              ████████[38;2;189;109;79m████████[38;2;144;75;53m██[38;2;66;65;66m██[38;2;73;133;73m████[38;2;54;148;73m████[38;2;54;148;76m██[38;2;14;108;69m██[38;2;255;101;165m██[38;2;66;65;66m██[38;2;239;118;74m██[38;2;65;69;65m██[38;2;66;65;66m████[38;2;192;109;79m████[38;2;192;107;76m████[38;2;66;65;66m██[38;2;231;110;66m████[38;2;115;84;74m██[38;2;117;97;90m████[38;2;66;65;66m██[38;2;117;96;89m██[38;2;117;97;90m████[38;2;117;97;91m██[38;2;0;0;0m██            
                      [38;2;8;0;0m██[38;2;39;71;47m██[38;2;66;65;66m████[38;2;144;75;53m██[38;2;66;65;66m██[38;2;54;148;71m████[38;2;107;106;123m████[38;2;0;0;0m██[38;2;255;101;165m████[38;2;66;65;66m██[38;2;231;110;66m██[38;2;189;108;78m██[38;2;66;65;66m██[38;2;54;148;71m██[38;2;66;65;66m████[38;2;192;107;76m██████[38;2;66;65;66m██[38;2;231;110;66m████[38;2;129;82;66m████[38;2;66;65;66m██[38;2;117;96;89m██[38;2;90;82;79m██[38;2;117;97;90m██[38;2;116;95;88m██[38;2;0;0;0m██            
                    ██[38;2;67;144;84m████[38;2;66;65;66m██[38;2;192;107;76m██[38;2;144;75;53m████[38;2;66;65;66m████[38;2;5;103;2m██[38;2;239;117;173m██[38;2;255;101;165m██████[38;2;66;65;66m██[38;2;189;108;78m████[38;2;66;65;66m██[38;2;54;148;71m██[38;2;52;123;88m██[38;2;47;152;102m██[38;2;66;65;66m██[38;2;192;107;76m██████[38;2;66;65;66m████[38;2;239;112;66m██[38;2;74;56;66m██[38;2;117;96;89m████[38;2;117;97;90m██[38;2;90;82;79m██[38;2;116;95;88m████[38;2;0;0;0m██          
                    ██[38;2;54;148;71m██[38;2;66;65;66m██[38;2;189;104;66m██[38;2;148;92;66m██[38;2;66;65;66m██[38;2;144;75;53m██[38;2;66;65;66m██[38;2;47;152;102m██[38;2;54;148;71m██[38;2;66;65;66m██[38;2;255;101;165m████[38;2;20;91;58m████[38;2;178;133;104m██[38;2;36;65;58m██[38;2;47;143;71m██[38;2;7;108;48m██[38;2;54;148;73m████[38;2;54;148;71m██[38;2;66;65;66m██[38;2;192;107;76m████[38;2;189;111;82m██[38;2;145;75;54m██[38;2;65;69;65m██[38;2;239;118;74m██[38;2;115;84;74m██[38;2;117;99;93m██[38;2;117;97;90m████[38;2;90;82;79m██[38;2;117;97;90m██[38;2;0;0;0m██          
                  ██[38;2;123;193;108m██[38;2;54;148;71m████[38;2;66;65;66m████[38;2;144;75;53m████[38;2;66;65;66m██[38;2;52;123;88m██[38;2;54;148;71m████[38;2;66;65;66m████[38;2;231;110;66m██[38;2;20;91;58m██[38;2;36;65;58m██[38;2;119;108;93m██[38;2;7;108;48m██[38;2;123;193;108m████[38;2;54;148;73m██[38;2;54;148;71m██[38;2;66;65;66m████[38;2;192;107;76m██[38;2;145;75;54m██[38;2;189;111;82m██[38;2;181;100;71m██[38;2;65;69;65m██[38;2;231;110;66m██[38;2;115;84;74m██[38;2;117;97;90m████[38;2;90;82;79m██[38;2;117;97;90m██[38;2;0;0;0m██          
                ██[38;2;54;148;73m██[38;2;123;193;108m████[38;2;12;108;66m██[38;2;54;148;76m████[38;2;39;70;60m████[38;2;36;78;68m██[38;2;189;111;82m██[38;2;20;91;58m████[38;2;231;110;66m██[38;2;56;82;67m██[38;2;66;65;66m████[38;2;123;193;108m██[38;2;12;108;66m██[38;2;122;192;107m████[38;2;123;193;108m████[38;2;54;148;71m██[38;2;66;65;66m██[38;2;54;148;71m██[38;2;66;65;66m██[38;2;192;107;76m████[38;2;192;109;79m██[38;2;148;77;57m██[38;2;231;110;66m██[38;2;107;77;66m██[38;2;117;97;90m████[38;2;117;98;91m██[38;2;0;11;11m██            
          [38;2;0;0;0m██  ██[38;2;66;65;66m██[38;2;123;193;108m████[38;2;12;108;66m██[38;2;123;193;108m██[38;2;54;148;76m██[38;2;14;108;69m██[38;2;39;70;60m██[38;2;189;111;82m██[38;2;36;78;68m██[38;2;189;111;82m██[38;2;189;110;79m██[38;2;20;91;58m██[38;2;56;82;67m████[38;2;123;193;108m████[38;2;12;108;66m██[38;2;123;193;108m██[38;2;122;192;107m████[38;2;66;65;66m██[38;2;123;193;108m██[38;2;66;65;66m██[38;2;54;148;71m██████[38;2;66;65;66m██[38;2;192;107;76m██[38;2;192;109;79m████[38;2;148;88;66m██[38;2;231;110;66m██[38;2;115;85;74m██[38;2;117;97;90m██[38;2;78;50;41m██[38;2;117;98;91m██[38;2;0;0;0m██          
        ██[38;2;189;106;74m██[38;2;66;61;57m██[38;2;192;107;76m██[38;2;66;65;66m██[38;2;123;193;108m████[38;2;45;124;112m██[38;2;123;193;108m████[38;2;54;148;73m██[38;2;54;111;64m██[38;2;30;59;57m██[38;2;66;65;66m██████[38;2;123;193;108m██████[38;2;12;108;66m████[38;2;186;151;120m██[38;2;66;65;66m██[38;2;123;193;108m██[38;2;66;65;66m██[38;2;222;126;90m██[38;2;30;81;71m██[38;2;66;65;66m████[38;2;54;148;71m██████[38;2;66;65;66m██[38;2;189;111;82m████[38;2;148;76;57m██[38;2;231;116;74m██[38;2;129;82;66m██[38;2;97;85;80m██[38;2;66;65;66m██[38;2;117;96;89m██[38;2;0;0;0m██          
    ████[38;2;189;111;82m██[38;2;189;106;74m██[38;2;148;90;68m██[38;2;192;107;76m██[38;2;66;65;66m██[38;2;54;148;73m██[38;2;123;193;108m████[38;2;55;146;81m██[38;2;123;193;108m████[38;2;110;191;95m████[38;2;123;193;108m████████[38;2;12;108;66m████[38;2;123;193;108m████[38;2;66;65;66m██[38;2;186;151;120m██[38;2;66;65;66m████[38;2;222;126;90m██[38;2;167;116;93m██[38;2;66;65;66m██[38;2;231;110;66m██[38;2;66;65;66m██[38;2;54;148;71m████[38;2;66;65;66m██[38;2;145;75;54m████[38;2;189;98;65m██[38;2;148;76;57m██[38;2;239;112;66m██[38;2;74;56;66m██[38;2;66;65;66m██[38;2;117;96;89m██[38;2;117;97;91m██[38;2;0;0;0m██        
  [38;2;0;0;8m██[38;2;102;134;105m██[38;2;165;102;66m████[38;2;148;92;66m██[38;2;189;104;66m██[38;2;66;65;66m██████[38;2;54;148;71m██[38;2;123;193;108m████[38;2;122;192;107m████[38;2;54;148;73m████████████[38;2;122;192;107m████[38;2;123;193;108m████[38;2;66;65;66m██[38;2;231;110;66m██[38;2;7;108;48m██[38;2;178;106;79m██[38;2;189;111;82m██[38;2;39;70;60m██[38;2;189;108;78m████[38;2;30;59;57m██[38;2;110;191;95m██[38;2;54;148;73m████[38;2;36;65;58m██[38;2;178;133;104m██[38;2;189;109;79m████[38;2;144;75;53m██[38;2;66;65;66m██[38;2;117;97;90m██[38;2;90;82;79m██[38;2;103;88;84m██[38;2;0;0;0m██        
██[38;2;102;134;105m██[38;2;156;200;155m██[38;2;54;148;73m████[38;2;66;65;66m████[38;2;52;123;88m██[38;2;47;152;102m██[38;2;66;65;66m██[38;2;54;148;71m██[38;2;54;148;73m██[38;2;123;193;108m██[38;2;122;192;107m████[38;2;123;193;108m████████████[38;2;122;192;107m████[38;2;123;193;108m██[38;2;54;148;73m██[38;2;66;65;66m██[38;2;231;110;66m██[38;2;7;108;48m██[38;2;239;105;57m██[38;2;39;70;60m████[38;2;231;110;66m████[38;2;54;111;64m██[38;2;110;191;95m██[38;2;123;193;108m██[38;2;54;148;73m██[38;2;119;108;93m██[38;2;36;65;58m██[38;2;189;109;79m████[38;2;144;75;53m██[38;2;66;65;66m██[38;2;117;97;90m████[38;2;103;88;84m██[38;2;0;0;0m██        
██[38;2;59;148;80m████[38;2;10;126;72m██[38;2;199;195;189m██[38;2;54;148;76m██████[38;2;14;108;69m██[38;2;53;149;77m██[38;2;52;72;74m██[38;2;54;148;71m████[38;2;54;148;73m██[38;2;123;193;108m████████████████[38;2;54;148;73m██[38;2;54;148;71m██[38;2;66;65;66m██[38;2;20;91;58m████[38;2;136;178;149m██[38;2;34;101;66m██[38;2;123;193;108m██[38;2;66;65;66m██[38;2;222;120;82m██[38;2;20;91;58m██[38;2;122;192;107m████[38;2;102;197;92m██[38;2;73;133;73m██[38;2;54;148;71m██[38;2;66;65;66m██[38;2;189;109;79m████[38;2;192;107;76m██[38;2;66;65;66m██[38;2;85;76;73m██[38;2;119;99;92m██[38;2;89;80;77m██[38;2;0;0;0m██        
██[38;2;59;148;80m████[38;2;69;148;98m████[38;2;14;108;69m██[38;2;54;148;76m██████[38;2;50;114;77m██[38;2;53;149;77m██[38;2;66;65;66m██[38;2;54;148;71m██[38;2;54;148;73m████████████████████[38;2;54;148;71m██[38;2;66;65;66m██[38;2;255;255;255m██[38;2;20;91;58m██[38;2;242;255;242m██[38;2;34;101;66m██[38;2;123;193;108m████[38;2;20;91;58m██[38;2;117;113;98m██[38;2;122;192;107m████[38;2;55;74;71m██[38;2;73;133;73m██[38;2;54;148;71m██[38;2;66;65;66m██[38;2;189;109;79m████[38;2;192;107;76m████[38;2;64;74;64m██[38;2;85;76;73m██[38;2;89;80;77m██[38;2;0;0;0m██        
  ██[38;2;53;149;77m██[38;2;61;146;78m████[38;2;14;108;69m██[38;2;54;148;76m██[38;2;59;148;80m████[38;2;32;106;54m██[38;2;48;159;82m██[38;2;54;148;71m██[38;2;66;65;66m██[38;2;46;75;57m██[38;2;125;122;108m██[38;2;54;148;71m████[38;2;59;148;80m████████[38;2;54;148;71m████[38;2;66;65;66m██[38;2;54;148;71m██[38;2;14;108;69m██[38;2;54;148;76m██[38;2;14;108;69m████[38;2;247;255;247m██[38;2;124;188;136m██[38;2;122;192;107m████[38;2;86;128;83m██[38;2;109;195;101m██[38;2;64;71;75m██[38;2;84;133;80m██[38;2;54;148;71m██[38;2;66;65;66m██[38;2;189;106;74m██[38;2;148;90;68m██[38;2;148;77;57m██[38;2;192;109;79m██[38;2;66;65;66m██[38;2;87;79;76m██[38;2;88;80;78m██[38;2;0;0;0m██        
    ████[38;2;61;146;78m██[38;2;54;148;76m████[38;2;59;148;80m████[38;2;0;0;0m████[38;2;54;148;71m██[38;2;66;65;66m██[38;2;247;207;181m██[38;2;46;75;57m██[38;2;66;65;66m██[38;2;54;148;71m██[38;2;59;148;80m████████[38;2;54;148;71m██[38;2;66;65;66m████[38;2;54;148;71m██[38;2;54;148;76m████████[38;2;5;126;50m██[38;2;124;188;136m██[38;2;122;192;107m████[38;2;66;65;66m████[38;2;115;196;100m████[38;2;54;148;71m████[38;2;66;61;57m██[38;2;189;106;74m██[38;2;192;109;79m████[38;2;66;65;66m██[38;2;87;79;76m██[38;2;0;0;0m██          
        ██████████    ██[38;2;255;195;173m████████[38;2;66;65;66m████████████[38;2;255;195;173m████[38;2;55;61;66m██[38;2;54;148;71m████[38;2;59;148;80m████[38;2;54;148;71m████[38;2;133;193;123m██[38;2;66;65;66m████[38;2;123;193;108m██[38;2;122;192;107m████[38;2;123;193;108m██[38;2;54;148;73m██[38;2;54;148;71m██[38;2;66;65;66m██[38;2;189;109;79m████[38;2;192;107;76m██[38;2;66;65;66m██[38;2;0;0;0m██          
                      ██[38;2;255;195;173m████[38;2;139;133;127m██[38;2;255;195;173m████████████████[38;2;156;129;119m██[38;2;255;195;173m██[38;2;66;65;66m████[38;2;59;148;80m████[38;2;54;148;71m██[38;2;66;65;66m████[38;2;110;150;102m██[38;2;123;193;108m████[38;2;122;192;107m████[38;2;123;193;108m████[38;2;54;148;71m██[38;2;66;65;66m██[38;2;189;109;79m████[38;2;192;107;76m██[38;2;66;65;66m██[38;2;0;0;0m██          
                        ██[38;2;255;195;173m██[38;2;139;133;127m██[38;2;255;194;170m████[38;2;255;195;173m██[38;2;139;133;127m██[38;2;255;194;170m████████[38;2;139;133;127m██[38;2;255;195;173m██[38;2;255;194;170m████[38;2;66;65;66m██████[38;2;255;195;173m██[38;2;255;191;165m████[38;2;128;142;125m██[38;2;64;107;97m██[38;2;56;82;67m████[38;2;123;193;108m████[38;2;54;148;71m██[38;2;66;65;66m██[38;2;189;109;79m████[38;2;189;111;82m██[38;2;0;0;0m██            
                        ██[38;2;255;195;173m████[38;2;255;194;170m████[38;2;255;195;173m██[38;2;139;133;127m██[38;2;255;194;170m████████[38;2;139;133;127m██[38;2;255;195;173m██[38;2;255;194;170m████[38;2;255;195;173m████████[38;2;125;141;121m██[38;2;47;121;126m██[38;2;64;107;97m██[38;2;35;89;91m██[38;2;231;110;66m██[38;2;56;82;67m██[38;2;12;108;66m████[38;2;54;148;71m██[38;2;66;65;66m██[38;2;189;109;79m████[38;2;0;0;0m██              
                        ██[38;2;255;195;173m████████[38;2;66;65;66m████████[38;2;255;195;173m████[38;2;255;194;170m████[38;2;255;195;173m████████[38;2;152;131;123m████[38;2;12;108;66m██[38;2;123;193;108m████[38;2;66;65;66m██[38;2;231;110;66m██[38;2;66;65;66m██[38;2;123;193;108m████[38;2;66;113;89m██[38;2;57;60;74m██[38;2;192;107;76m████[38;2;0;0;0m██              
                    ██  ██[38;2;66;65;66m██[38;2;255;195;173m████[38;2;66;65;66m██[38;2;255;195;173m████[38;2;247;195;173m██[38;2;156;130;119m██[38;2;66;65;66m██[38;2;255;195;173m██[38;2;255;194;170m████[38;2;255;195;173m██[38;2;139;133;127m██████[38;2;247;195;173m██[38;2;57;60;74m██[38;2;123;193;108m██████[38;2;66;65;66m██[38;2;231;110;66m████[38;2;12;108;66m██[38;2;123;193;108m██[38;2;57;60;74m██[38;2;95;191;101m██[38;2;66;65;66m██[38;2;192;107;76m██[38;2;53;149;77m██[38;2;0;0;0m██  ████      
                  ██[38;2;231;110;66m██[38;2;0;4;16m██[38;2;77;46;35m██[38;2;54;148;71m██[38;2;66;65;66m██████[38;2;152;131;123m██[38;2;247;195;173m██[38;2;140;130;126m██[38;2;206;163;148m██[38;2;66;65;66m██[38;2;154;129;120m██[38;2;139;133;127m████[38;2;156;129;119m██[38;2;255;195;173m██[38;2;255;194;170m████[38;2;66;65;66m██[38;2;231;110;66m██[38;2;66;65;66m██[38;2;186;151;120m██[38;2;65;69;65m██[38;2;148;84;61m██[38;2;231;110;66m██[38;2;144;74;53m██[38;2;21;106;77m██[38;2;66;65;66m██[38;2;231;110;66m██[38;2;66;65;66m██[38;2;123;193;108m██[38;2;66;65;66m██[38;2;91;120;88m██[38;2;10;114;73m██[38;2;0;0;0m██[38;2;189;111;82m██[38;2;189;118;90m██[38;2;0;6;6m██    
                  [38;2;0;0;0m██[38;2;231;110;66m██[38;2;231;116;74m██[38;2;154;81;54m██[38;2;66;65;66m████[38;2;255;195;173m████[38;2;57;60;74m██[38;2;152;131;123m██[38;2;206;163;148m████[38;2;66;65;66m██[38;2;198;161;148m██[38;2;139;133;127m██[38;2;255;195;173m████[38;2;55;61;66m██[38;2;255;194;170m████[38;2;66;65;66m██[38;2;231;110;66m██[38;2;186;151;120m██[38;2;66;65;66m██[38;2;65;69;65m██[38;2;231;104;57m██[38;2;144;74;53m██[38;2;231;110;66m██[38;2;21;106;77m██[38;2;66;65;66m██[38;2;231;110;66m██[38;2;66;65;66m██[38;2;123;193;108m██[38;2;66;65;66m██[38;2;10;114;73m██[38;2;189;118;90m██[38;2;189;111;82m████[38;2;63;44;35m██[38;2;0;6;6m██    
                    [38;2;0;0;0m██[38;2;231;110;66m██[38;2;144;74;53m██[38;2;231;110;66m██[38;2;66;65;66m██[38;2;74;61;57m██[38;2;255;180;140m██[38;2;66;65;66m██[38;2;206;163;148m████████[38;2;66;65;66m██[38;2;139;132;129m██[38;2;255;195;173m██[38;2;154;129;120m██[38;2;66;65;66m██[38;2;255;195;173m██[38;2;66;65;66m██[38;2;30;81;71m██[38;2;222;126;90m██[38;2;148;88;66m██[38;2;65;69;65m████[38;2;231;104;57m██[38;2;144;74;53m██[38;2;231;110;66m██[38;2;14;106;67m██[38;2;231;110;66m██[38;2;231;108;63m████[38;2;38;97;69m██[38;2;49;56;82m██[38;2;53;149;77m██[38;2;50;114;77m██[38;2;14;108;69m████[38;2;192;107;76m████[38;2;0;0;0m██  
                    ██[38;2;231;110;66m██[38;2;144;74;53m██[38;2;231;110;66m██[38;2;66;65;66m██[38;2;194;138;112m██[38;2;74;61;57m██[38;2;206;163;148m██[38;2;66;65;66m██[38;2;140;130;126m██[38;2;206;163;148m████[38;2;66;65;66m██[38;2;197;163;151m██[38;2;139;132;129m██[38;2;198;161;148m██[38;2;66;65;66m██[38;2;192;152;137m██[38;2;66;65;66m██[38;2;167;116;93m██[38;2;222;126;90m██[38;2;231;110;66m████[38;2;65;69;65m██[38;2;148;84;61m██[38;2;231;110;66m████[38;2;14;106;67m██[38;2;231;110;66m██[38;2;231;108;63m████[38;2;38;97;69m██[38;2;95;191;101m██[38;2;52;72;74m██[38;2;53;149;77m██[38;2;54;148;76m████[38;2;66;65;66m████[38;2;53;149;77m██[38;2;0;0;0m██
                      [38;2;0;0;8m██[38;2;231;116;74m██[38;2;148;88;66m██[38;2;65;69;65m██[38;2;148;85;57m████[38;2;66;65;66m██[38;2;206;163;148m██[38;2;66;65;66m████[38;2;206;163;148m████[38;2;66;65;66m██[38;2;206;163;148m██[38;2;203;162;148m████[38;2;66;65;66m████[38;2;123;193;108m██[38;2;66;65;66m██[38;2;231;110;66m██[38;2;66;65;66m██[38;2;123;193;108m██[38;2;66;65;66m██[38;2;231;110;66m████[38;2;38;97;69m████[38;2;231;110;66m██[38;2;66;65;66m██[38;2;122;192;107m████[38;2;66;65;66m██[38;2;54;148;71m██[38;2;59;148;80m████[38;2;61;146;78m████[38;2;0;0;0m██  
                      [38;2;0;0;8m██[38;2;77;42;30m██[38;2;231;110;66m████[38;2;71;74;56m██[38;2;231;104;57m██[38;2;66;65;66m██████[38;2;140;134;127m██[38;2;66;65;66m██[38;2;206;163;148m████[38;2;66;65;66m██[38;2;203;162;148m████[38;2;66;65;66m████[38;2;123;193;108m██[38;2;66;65;66m██[38;2;231;110;66m██[38;2;66;65;66m██[38;2;123;193;108m██[38;2;66;65;66m██[38;2;231;110;66m██[38;2;66;65;66m██[38;2;95;191;101m██[38;2;49;56;82m██[38;2;231;110;66m██[38;2;66;65;66m██[38;2;122;192;107m████[38;2;66;65;66m██[38;2;54;148;71m██[38;2;59;148;80m████[38;2;0;0;0m████    
                        ██[38;2;30;59;57m████[38;2;43;159;105m██[38;2;52;72;74m██[38;2;66;65;66m██[38;2;54;148;71m████[38;2;66;65;66m████[38;2;0;0;0m██[38;2;142;132;126m████[38;2;66;65;66m████[38;2;140;134;127m██[38;2;66;65;66m██[38;2;123;193;108m████[38;2;66;65;66m██[38;2;123;193;108m████[38;2;66;65;66m██[38;2;214;147;107m██[38;2;20;91;58m██[38;2;122;192;107m████[38;2;66;65;66m██[38;2;123;193;108m████[38;2;48;64;44m██[38;2;0;0;0m████████        
                        ██[38;2;90;110;112m██[38;2;189;190;189m██[38;2;48;115;92m████[38;2;54;148;71m████████[38;2;0;0;0m██  ████[38;2;140;134;127m████████[38;2;66;65;66m██[38;2;123;193;108m██████████[38;2;20;91;58m██[38;2;161;135;107m██[38;2;122;192;107m████[38;2;123;193;108m██████[38;2;8;0;0m██                
                          [38;2;0;0;0m██[38;2;198;191;189m██[38;2;92;98;103m██[38;2;183;199;190m██[38;2;32;106;54m██[38;2;48;159;82m██[38;2;0;0;0m████        ██████████[38;2;66;65;66m██[38;2;123;193;108m████[38;2;14;106;67m████[38;2;255;255;255m██[38;2;47;115;103m██[38;2;131;191;163m██[38;2;7;108;48m██[38;2;123;193;108m████[38;2;0;0;0m██                  
                            ██[38;2;0;0;8m████[38;2;0;0;0m████                      ██[38;2;123;193;108m██[38;2;12;108;66m██[38;2;255;255;255m██[38;2;14;106;67m██[38;2;255;255;255m██[38;2;150;185;178m██[38;2;7;108;48m██[38;2;242;255;242m██[38;2;12;108;66m██[38;2;123;193;108m██[38;2;0;0;0m██                  
                                                              ████[38;2;255;255;255m██[38;2;0;0;0m██[38;2;255;255;255m████[38;2;0;0;0m██[38;2;255;255;255m██[38;2;0;0;0m████                    
                                                                  ██  ████  ██                        
[0m