          [38;2;0;4;0m██                                    
        ██[38;2;1;219;245m██[38;2;0;4;0m██                                  
        ██[38;2;1;219;245m██[38;2;0;4;0m██                                  
      ██[38;2;1;219;245m████[38;2;0;4;0m██                                  
      ██[38;2;1;219;245m████[38;2;0;4;0m██                                  
        ██[38;2;1;219;245m████[38;2;0;4;0m██                                
        ██[38;2;66;64;66m██[38;2;1;214;242m██[38;2;66;65;66m██[38;2;0;4;0m████████                        
          ██[38;2;66;65;66m██[38;2;1;186;218m██[38;2;90;154;210m████████[38;2;0;4;0m████                    
        [38;2;0;8;8m██[38;2;132;121;189m██[38;2;1;181;214m██[38;2;1;214;242m██[38;2;66;65;66m██[38;2;90;154;210m██[38;2;138;191;237m██[38;2;93;157;213m██[38;2;95;158;213m██[38;2;55;105;150m██[38;2;0;4;0m██                  
      ██[38;2;132;121;189m██[38;2;88;83;128m██[38;2;1;214;242m██[38;2;66;60;66m██[38;2;90;154;210m████[38;2;93;157;213m████[38;2;95;158;213m████[38;2;55;105;150m██[38;2;0;4;0m██                
    ██[38;2;140;121;189m██[38;2;123;124;197m██[38;2;1;169;204m██[38;2;1;221;246m██[38;2;66;65;66m██[38;2;90;154;210m████[38;2;253;124;199m████[38;2;90;154;210m██████[38;2;0;4;0m██                
    ██[38;2;140;121;189m██[38;2;1;169;204m██[38;2;1;189;221m██[38;2;1;221;246m██[38;2;66;65;66m██[38;2;90;154;210m██[38;2;253;122;198m██[38;2;253;124;199m████[38;2;252;66;170m██[38;2;90;154;210m████[38;2;0;4;0m██      ██████    
  ██[38;2;137;121;189m████[38;2;1;175;208m██[38;2;1;209;238m██[38;2;57;65;74m██[38;2;69;108;142m██[38;2;85;117;146m██[38;2;246;54;158m██[38;2;125;130;135m██[38;2;0;12;0m██[38;2;255;255;255m██[38;2;105;154;197m██[38;2;0;4;0m██      ██[38;2;59;105;146m██[38;2;92;156;212m████[38;2;0;4;0m██  
  ██[38;2;137;121;189m████[38;2;1;175;208m██[38;2;66;60;66m██[38;2;86;155;216m████[38;2;140;163;183m██[38;2;249;252;255m██[38;2;254;254;255m████[38;2;255;255;255m██[38;2;1;230;252m██[38;2;0;4;0m██    ██[38;2;88;157;218m████[38;2;92;156;212m████[38;2;90;154;210m██[38;2;0;4;0m██
  ██[38;2;132;121;198m██[38;2;88;82;132m██[38;2;0;4;0m██[38;2;55;105;150m██[38;2;95;158;213m██[38;2;55;105;150m██[38;2;92;156;212m████[38;2;255;255;255m████[38;2;1;219;245m██[38;2;0;4;0m██    ██[38;2;59;105;146m██[38;2;66;144;213m██[38;2;66;60;66m████[38;2;66;144;213m██[38;2;55;105;150m██[38;2;0;4;0m██
    ████  ██[38;2;55;105;150m██[38;2;95;158;213m██[38;2;92;156;212m████[38;2;55;105;150m████[38;2;0;4;0m██      ██[38;2;88;157;218m██[38;2;66;60;66m██[38;2;7;235;254m████[38;2;66;60;66m██[38;2;55;105;150m██[38;2;0;4;0m██
        [38;2;8;4;0m██[38;2;35;57;76m██[38;2;53;64;78m████[38;2;97;98;99m████[38;2;94;96;97m██[38;2;55;105;150m██[38;2;37;56;73m██[38;2;8;4;0m██[38;2;0;4;0m██  [38;2;16;4;0m██[38;2;100;159;212m██[38;2;66;65;66m██[38;2;1;229;251m██[38;2;1;224;248m██[38;2;66;65;66m██[38;2;55;105;150m██[38;2;0;4;0m██
    ████[38;2;61;108;150m████[38;2;77;114;146m██[38;2;16;4;0m██[38;2;0;4;0m██[38;2;66;66;66m██[38;2;55;105;150m████[38;2;66;108;145m██[38;2;95;159;216m██[38;2;90;154;210m██[38;2;0;4;0m██[38;2;49;63;74m████[38;2;1;229;251m████[38;2;66;65;66m██[38;2;44;103;156m██[38;2;0;4;0m██  
  ██[38;2;239;41;144m██[38;2;242;47;150m██[38;2;0;4;0m██████    ██[38;2;1;169;204m██[38;2;44;99;147m██[38;2;61;108;150m██[38;2;35;57;76m██[38;2;0;4;0m██[38;2;90;154;210m██[38;2;86;155;216m██[38;2;69;108;142m██[38;2;66;65;66m████[38;2;55;105;150m████[38;2;0;4;0m██  
  ██[38;2;239;41;144m████[38;2;0;4;0m██      ██[38;2;1;157;192m██[38;2;1;230;251m██[38;2;1;169;204m██[38;2;61;108;150m██[38;2;8;4;0m██  [38;2;0;4;0m██[38;2;57;65;74m██[38;2;86;155;216m██[38;2;66;65;66m██[38;2;55;105;150m████[38;2;0;4;0m██    
██[38;2;252;66;170m██[38;2;253;69;174m██[38;2;229;26;128m██[38;2;252;66;170m██[38;2;0;4;0m██    [38;2;0;0;0m██[38;2;135;150;164m██[38;2;255;255;255m██[38;2;1;219;245m██[38;2;1;160;195m██[38;2;90;154;210m██[38;2;0;4;0m██  [38;2;16;4;0m██[38;2;53;64;78m██[38;2;253;124;199m██[38;2;66;65;66m██[38;2;223;19;120m██[38;2;1;4;8m██    
[38;2;0;4;0m██[38;2;252;66;170m██[38;2;229;26;128m██[38;2;0;4;8m██[38;2;0;4;0m██    ██[38;2;67;75;82m██[38;2;204;226;245m██[38;2;255;255;255m████[38;2;1;160;195m██[38;2;90;154;210m██[38;2;0;4;0m████[38;2;77;114;146m██[38;2;53;64;78m██[38;2;253;124;199m████[38;2;223;19;120m██[38;2;253;116;195m██[38;2;0;4;0m██  
  ████    ████[38;2;55;105;150m██[38;2;79;86;93m██[38;2;249;252;255m██[38;2;255;255;255m████[38;2;249;252;255m██[38;2;46;105;158m██[38;2;90;154;210m██[38;2;66;65;66m██[38;2;61;108;150m████[38;2;0;4;0m██[38;2;253;124;199m██[38;2;253;128;200m██[38;2;193;1;92m██[38;2;0;4;0m██  
        ██[38;2;55;105;150m██████[38;2;79;86;93m██[38;2;1;5;11m██[38;2;255;255;255m████[38;2;46;105;158m██[38;2;112;153;189m██[38;2;90;154;210m████[38;2;35;57;76m██[38;2;8;4;0m██  [38;2;0;4;0m██[38;2;0;4;8m████    
          [38;2;0;4;0m██[38;2;67;71;74m██[38;2;229;26;128m██[38;2;0;4;0m██  ██████[38;2;55;105;150m██[38;2;90;154;210m████[38;2;0;4;0m██              
        ██[38;2;252;66;170m██[38;2;229;26;128m██[38;2;253;68;172m██[38;2;0;4;0m██        ██[38;2;66;65;66m████[38;2;55;105;150m██[38;2;0;4;0m██            
          ██████            ██[38;2;253;124;199m██[38;2;226;23;125m██[38;2;253;128;200m██[38;2;0;4;0m██          
                              ██[38;2;0;4;8m████            
[0m