            [38;2;0;0;0m██████                              
          ██[38;2;209;153;176m██████[38;2;0;0;0m██████████                    
            ██[38;2;209;153;176m██[38;2;156;102;128m████[38;2;248;194;212m████████[38;2;0;0;0m████  ██████        
              ██[38;2;248;194;212m██████████████[38;2;156;102;128m██[38;2;0;0;0m██[38;2;248;194;212m██████[38;2;0;0;0m██      
            ██[38;2;248;194;212m██████████████[38;2;156;102;128m██[38;2;248;194;212m████[38;2;170;56;91m██[38;2;197;83;118m██[38;2;0;0;0m██        
    ████████[38;2;209;153;176m██████[38;2;248;194;212m████[38;2;209;153;176m██[38;2;156;102;128m████[38;2;248;194;212m████[38;2;170;56;91m██[38;2;197;83;118m██[38;2;0;0;0m██          
  ██[38;2;248;194;212m██████[38;2;65;65;65m██[38;2;248;194;212m████████[38;2;156;102;128m██[38;2;255;255;255m██[38;2;0;0;0m██[38;2;255;255;255m██[38;2;209;153;176m██[38;2;248;194;212m██[38;2;65;65;65m██[38;2;0;0;0m██            
██[38;2;248;194;212m██[38;2;209;153;176m██[38;2;248;194;212m██[38;2;65;65;65m██[38;2;209;153;176m██████[38;2;248;194;212m████[38;2;209;153;176m██████[38;2;248;194;212m████[38;2;209;153;176m████[38;2;0;0;0m██            
██[38;2;248;194;212m██[38;2;209;153;176m██[38;2;248;194;212m██[38;2;65;65;65m██[38;2;248;194;212m██████████████████[38;2;156;102;128m██[38;2;209;153;176m████[38;2;248;194;212m██[38;2;0;0;0m██          
  ██[38;2;248;194;212m██[38;2;0;0;0m████[38;2;156;102;128m██████[38;2;248;194;212m██████[38;2;156;102;128m████[38;2;65;65;65m██[38;2;209;153;176m██████[38;2;248;194;212m████[38;2;0;0;0m████      
    ██    ██[38;2;209;153;176m████████[38;2;156;102;128m██[38;2;65;65;65m████[38;2;209;153;176m██████[38;2;248;194;212m████████[38;2;209;153;176m██[38;2;0;0;0m██    
            ████[38;2;209;153;176m████[38;2;65;65;65m██[38;2;209;153;176m████████[38;2;248;194;212m██████████████[38;2;0;0;0m██  
                ████[38;2;209;153;176m██████[38;2;248;194;212m████[38;2;65;65;65m██[38;2;248;194;212m████████[38;2;65;65;65m██[38;2;170;56;91m██[38;2;0;0;0m██  
                  ██[38;2;248;194;212m██████[38;2;65;65;65m████[38;2;248;194;212m██████████[38;2;65;65;65m██[38;2;197;83;118m████[38;2;0;0;0m██
                ██[38;2;65;65;65m██[38;2;170;56;91m██[38;2;248;194;212m██[38;2;170;56;91m██[38;2;65;65;65m██[38;2;248;194;212m██[38;2;209;153;176m██[38;2;248;194;212m████[38;2;209;153;176m██[38;2;65;65;65m██[38;2;197;83;118m██████[38;2;0;0;0m██
              ██[38;2;65;65;65m██[38;2;170;56;91m██[38;2;65;65;65m██[38;2;170;56;91m██[38;2;197;83;118m████[38;2;65;65;65m██[38;2;248;194;212m██[38;2;65;65;65m██████[38;2;197;83;118m████████[38;2;0;0;0m██
              ██[38;2;170;56;91m████[38;2;65;65;65m██[38;2;197;83;118m████████[38;2;65;65;65m██[38;2;170;56;91m██[38;2;197;83;118m██████████[38;2;170;56;91m██[38;2;0;0;0m██
                ██[38;2;170;56;91m████[38;2;65;65;65m██[38;2;170;56;91m██[38;2;197;83;118m██[38;2;170;56;91m████[38;2;65;65;65m██[38;2;170;56;91m██[38;2;197;83;118m██████[38;2;170;56;91m██[38;2;0;0;0m██  
              ██[38;2;209;153;176m████[38;2;170;56;91m████[38;2;0;0;0m████[38;2;170;56;91m██████[38;2;0;0;0m██[38;2;170;56;91m████████[38;2;65;65;65m██[38;2;0;0;0m██
                ████████    ██████  ████[38;2;170;56;91m████[38;2;197;83;118m██[38;2;0;0;0m██
                                      ██[38;2;248;194;212m████[38;2;0;0;0m██  
                                        ████    
[0m