                          [38;2;0;0;0m██████                          
                        ██[38;2;242;243;243m████[38;2;0;0;0m██                          
                      ██[38;2;242;243;243m████[38;2;66;65;66m██[38;2;160;171;165m██[38;2;0;0;0m██                        
                    ██[38;2;242;243;243m██████[38;2;66;65;66m██[38;2;160;171;165m██[38;2;0;0;0m██                        
                    ██[38;2;242;243;243m████[38;2;66;65;66m██[38;2;160;171;165m██████[38;2;0;0;0m██                      
              ██████  [38;2;0;16;16m██[38;2;131;135;135m██[38;2;66;65;66m████[38;2;160;171;165m████[38;2;0;0;0m██                      
            ██[38;2;199;214;213m██[38;2;66;65;66m██[38;2;203;215;213m██[38;2;66;65;66m████[38;2;199;214;213m██[38;2;66;65;66m██[38;2;210;222;221m██[38;2;66;69;66m██[38;2;128;138;131m██[38;2;135;142;137m██[38;2;0;0;0m██                    
            ██[38;2;199;214;213m████[38;2;66;65;66m██[38;2;127;137;136m██[38;2;66;65;66m██[38;2;199;214;213m██[38;2;66;65;66m██[38;2;210;222;221m██[38;2;166;176;168m██[38;2;66;69;66m██[38;2;135;142;137m██[38;2;0;0;0m██                    
          ██[38;2;199;214;213m██████[38;2;66;65;66m████[38;2;198;214;212m████[38;2;198;210;207m██[38;2;221;228;227m██[38;2;160;171;165m████[38;2;60;59;57m██[38;2;8;8;8m██                    
          [38;2;0;0;0m██[38;2;199;214;213m██████████[38;2;198;214;212m██[38;2;221;228;227m██[38;2;160;171;165m████[38;2;66;65;66m██[38;2;160;171;165m██[38;2;60;59;57m██[38;2;138;146;142m██[38;2;0;0;0m██                  
          ██[38;2;199;214;213m██████[38;2;198;214;212m██[38;2;221;228;227m████[38;2;160;170;165m██[38;2;160;171;165m████[38;2;66;65;66m██[38;2;160;171;165m██[38;2;153;166;163m██[38;2;66;69;66m██[38;2;0;0;0m██                  
        ██[38;2;199;214;213m████████[38;2;221;228;227m████[38;2;160;170;165m████[38;2;160;171;165m██[38;2;66;65;66m████[38;2;160;171;165m██[38;2;66;69;66m██[38;2;204;218;214m██[38;2;0;0;0m██                  
        ██[38;2;221;228;227m██████████[38;2;160;170;165m██[38;2;160;171;165m████[38;2;66;65;57m██[38;2;250;168;120m██[38;2;66;65;66m██[38;2;160;171;165m██[38;2;74;69;66m██[38;2;199;214;213m██[38;2;160;171;165m██[38;2;0;0;0m██                
        ██[38;2;221;228;227m██████[38;2;160;170;165m██████[38;2;160;171;165m██[38;2;0;0;0m██[38;2;157;113;86m██[38;2;250;168;120m██[38;2;66;65;66m████[38;2;199;214;213m██[38;2;128;139;137m██[38;2;160;171;165m██[38;2;0;0;0m██                
          ██[38;2;221;228;227m██[38;2;160;171;165m██████[38;2;66;65;66m████[38;2;169;104;71m██[38;2;151;123;110m██[38;2;66;65;57m██[38;2;153;166;163m██[38;2;66;69;66m██[38;2;199;214;213m██[38;2;136;142;137m██[38;2;135;141;137m██[38;2;160;171;165m██[38;2;0;0;0m██              
          ██[38;2;221;228;227m██[38;2;160;171;165m████[38;2;66;65;66m██[38;2;160;171;165m██[38;2;66;65;66m████[38;2;66;65;57m██[38;2;153;166;163m██[38;2;66;69;66m██[38;2;204;218;214m██[38;2;136;142;137m████[38;2;135;141;137m██[38;2;160;171;165m██[38;2;0;0;0m██              
          ██[38;2;66;67;66m██[38;2;221;228;227m██[38;2;162;172;172m██[38;2;66;65;66m████[38;2;154;168;167m██[38;2;51;60;80m██[38;2;105;113;138m██[38;2;49;51;80m██[38;2;199;214;213m██[38;2;129;140;141m██[38;2;136;142;137m████████[38;2;150;158;152m██[38;2;0;0;0m██            
            ██[38;2;66;65;66m██[38;2;221;228;227m██[38;2;66;65;66m██[38;2;160;171;165m██[38;2;51;60;80m██[38;2;93;103;117m██[38;2;49;51;80m██[38;2;192;208;213m██[38;2;85;89;96m████[38;2;136;142;137m████████[38;2;150;158;152m██[38;2;0;0;0m██            
            ██[38;2;155;167;164m██[38;2;74;69;66m██[38;2;66;65;66m██[38;2;160;171;165m██[38;2;66;65;66m████[38;2;199;214;213m██[38;2;136;142;137m██[38;2;135;143;137m████[38;2;85;91;96m██[38;2;135;143;137m██[38;2;126;135;131m██[38;2;160;171;165m██[38;2;153;166;163m████[38;2;0;0;0m██████      
      ██████[38;2;66;67;66m██[38;2;204;218;214m██[38;2;155;167;164m██[38;2;66;65;66m████[38;2;199;214;213m██████[38;2;136;142;137m██[38;2;135;143;137m██[38;2;85;91;96m██[38;2;135;143;137m████[38;2;74;69;66m██[38;2;160;171;165m██[38;2;206;221;216m██[38;2;91;95;96m██[38;2;85;93;98m██[38;2;57;59;63m██[38;2;199;214;213m██[38;2;0;0;0m██    
  ████[38;2;160;171;165m██████[38;2;66;65;66m██[38;2;221;228;227m████[38;2;198;214;212m████████[38;2;205;219;218m██[38;2;135;142;137m██[38;2;135;143;137m██[38;2;85;91;96m████[38;2;135;143;137m████[38;2;66;65;66m██[38;2;85;90;96m██[38;2;199;214;213m████[38;2;66;60;66m██[38;2;204;218;214m██[38;2;155;167;164m██[38;2;0;0;0m██  
██[38;2;160;171;165m██████████[38;2;66;65;66m██[38;2;198;214;212m████[38;2;221;228;227m████████[38;2;205;219;218m████[38;2;135;143;137m██████[38;2;85;91;96m██[38;2;135;143;137m██[38;2;66;65;66m██[38;2;199;214;213m██[38;2;85;90;96m██[38;2;89;94;96m██[38;2;199;214;213m██[38;2;74;69;66m██[38;2;155;167;164m██[38;2;136;144;138m██[38;2;0;0;0m██
██[38;2;52;60;90m████[38;2;160;171;165m████[38;2;153;166;163m██[38;2;66;69;66m██[38;2;211;225;221m████[38;2;198;214;212m████████████[38;2;135;141;137m████[38;2;135;143;137m██[38;2;85;91;96m██[38;2;127;137;136m██[38;2;66;65;66m██[38;2;85;89;96m██[38;2;221;228;227m██[38;2;199;214;213m████[38;2;66;65;66m██[38;2;160;171;165m██[38;2;136;144;138m██[38;2;0;0;0m██
  ██[38;2;78;90;134m██[38;2;66;65;66m██[38;2;160;171;165m██[38;2;66;69;66m██[38;2;204;218;214m██[38;2;66;65;66m██[38;2;211;225;221m██[38;2;221;228;227m████████████[38;2;160;171;165m██[38;2;135;141;137m██[38;2;85;91;96m██[38;2;135;143;137m██[38;2;66;65;66m██[38;2;203;215;213m██[38;2;221;228;227m████[38;2;199;214;213m████[38;2;160;171;165m██[38;2;66;65;66m██[38;2;0;0;0m██  
  ██[38;2;61;86;160m██[38;2;63;63;60m██[38;2;160;171;165m██[38;2;66;65;66m██[38;2;199;214;213m██[38;2;66;65;66m██[38;2;211;225;221m██[38;2;221;228;227m████[38;2;160;171;165m██████[38;2;66;65;66m██[38;2;160;171;165m██[38;2;135;141;137m██[38;2;101;106;132m██[38;2;71;67;66m██[38;2;211;225;221m████[38;2;221;228;227m████[38;2;66;65;66m████[38;2;160;171;165m██[38;2;0;0;0m██    
    ████[38;2;63;63;60m██[38;2;66;65;66m██[38;2;199;214;213m██[38;2;211;225;221m████[38;2;160;170;165m████[38;2;160;171;165m████[38;2;66;65;66m██[38;2;160;171;165m████[38;2;135;141;137m██[38;2;71;67;66m██[38;2;108;147;221m██[38;2;66;65;66m██[38;2;211;225;221m██[38;2;221;228;227m██[38;2;66;65;66m██[38;2;61;86;160m██[38;2;66;65;66m██[38;2;160;171;165m██[38;2;0;0;0m██    
        ██[38;2;66;69;66m██[38;2;204;218;214m██[38;2;66;65;66m████[38;2;160;171;165m████████████████[38;2;66;65;66m██[38;2;45;59;101m██[38;2;96;145;224m██[38;2;63;66;76m██[38;2;45;59;101m██[38;2;61;86;159m██[38;2;50;91;163m██[38;2;57;60;66m██[38;2;160;171;165m██[38;2;0;0;0m██    
      ██[38;2;160;171;165m██[38;2;153;166;163m██[38;2;66;69;66m██[38;2;96;145;224m████[38;2;66;65;66m████[38;2;160;171;165m████████████[38;2;66;65;66m██[38;2;45;59;101m██[38;2;63;66;76m██[38;2;96;145;224m██[38;2;45;59;101m████[38;2;52;64;100m████[38;2;0;0;0m██      
      ██[38;2;160;171;165m████[38;2;74;69;66m██[38;2;96;138;224m████[38;2;45;59;101m████[38;2;66;65;66m████[38;2;63;66;71m██[38;2;160;171;165m████[38;2;66;65;66m██[38;2;160;171;165m██[38;2;66;65;66m██[38;2;50;91;163m██[38;2;52;64;100m██[38;2;61;84;159m██[38;2;45;57;101m██[38;2;45;59;101m██[38;2;65;65;65m██[38;2;0;0;0m██      
    ██[38;2;160;171;165m██████[38;2;126;135;131m██[38;2;63;62;66m██[38;2;79;100;146m██[38;2;96;145;224m██[38;2;45;59;101m██████[38;2;63;66;71m████[38;2;66;65;66m████[38;2;160;171;165m██[38;2;66;65;66m██[38;2;57;60;66m██[38;2;52;64;100m██[38;2;61;84;159m████[38;2;65;65;65m████[38;2;160;171;165m██[38;2;0;0;0m██    
    ██[38;2;135;142;137m████[38;2;136;142;137m████[38;2;135;143;137m██[38;2;66;65;66m██[38;2;61;86;160m████████[38;2;45;62;101m████[38;2;55;69;84m████[38;2;160;171;165m████[38;2;151;166;163m██[38;2;66;69;66m██[38;2;66;65;66m████[38;2;199;214;213m████[38;2;160;171;165m██[38;2;0;0;0m██    
  ██[38;2;61;86;160m██[38;2;0;0;0m██[38;2;135;142;137m██[38;2;136;142;137m████[38;2;135;143;137m████[38;2;0;0;0m████████████████[38;2;160;171;165m████[38;2;200;217;213m████[38;2;199;214;213m████[38;2;160;171;165m██████[38;2;0;0;0m██    
  ████████████████                ██[38;2;160;171;165m██[38;2;138;151;149m██[38;2;206;221;220m██[38;2;200;217;213m██[38;2;151;166;163m██[38;2;66;65;66m████[38;2;160;171;165m██[38;2;0;0;0m██    
                                    ██[38;2;8;8;8m██[38;2;206;221;220m██[38;2;200;217;213m██[38;2;66;69;66m██[38;2;96;145;224m████[38;2;0;0;0m██      
                                        ████████████      
[0m