                      [38;2;0;0;0m██                                            
                    ██[38;2;214;205;164m██[38;2;0;0;0m██                                          
                  ██[38;2;187;171;135m██[38;2;214;205;164m██[38;2;0;0;0m██                                          
                ██[38;2;192;175;143m████[38;2;214;205;164m██[38;2;0;0;0m██                              ██████      
                ██[38;2;192;175;143m██[38;2;214;205;164m████[38;2;0;0;0m██                        ██████[38;2;214;205;164m████[38;2;0;0;0m██      
              ██[38;2;187;171;135m██[38;2;135;116;88m██[38;2;210;199;154m██[38;2;214;205;164m██[38;2;0;0;0m██                  ██████[38;2;214;205;164m████████[38;2;187;171;135m██[38;2;0;0;0m██      
              ██[38;2;187;171;135m██[38;2;42;35;37m██[38;2;210;199;154m██[38;2;214;205;164m██[38;2;0;0;0m██                ██[38;2;214;205;164m████████████[38;2;192;175;143m██[38;2;0;0;0m██        
              [38;2;8;0;0m██[38;2;194;175;141m██[38;2;66;65;66m██[38;2;214;205;164m██[38;2;203;193;155m██[38;2;0;0;0m██            ████[38;2;214;205;164m████████[38;2;222;212;172m██[38;2;183;166;131m██[38;2;191;174;141m████[38;2;0;0;0m██        
            ██[38;2;194;175;141m██[38;2;103;84;63m██[38;2;66;65;66m██[38;2;214;205;164m██[38;2;203;193;155m██[38;2;0;0;0m██          ██[38;2;214;205;164m████████[38;2;66;65;66m████[38;2;74;65;66m██[38;2;183;166;131m██[38;2;191;174;141m████[38;2;0;0;0m██        
            ██[38;2;194;175;141m██[38;2;118;100;79m██[38;2;74;65;66m██[38;2;219;209;170m██[38;2;187;171;135m██[38;2;0;0;0m██          ██[38;2;214;205;164m████[38;2;66;65;66m████[38;2;129;93;67m████[38;2;66;65;66m██[38;2;189;172;138m██[38;2;187;171;135m██[38;2;0;0;0m██          
            ██[38;2;194;175;141m██[38;2;45;40;38m██[38;2;219;209;170m██[38;2;175;164;125m██[38;2;0;0;0m██          ██[38;2;214;205;164m████[38;2;66;65;66m██[38;2;129;93;66m████[38;2;129;93;67m████[38;2;66;65;66m██[38;2;189;172;138m██[38;2;187;171;135m██[38;2;0;0;0m██          
            ██[38;2;189;172;138m██[38;2;66;65;66m██[38;2;191;174;141m████[38;2;0;0;0m██          ██[38;2;214;205;164m██[38;2;66;65;66m██[38;2;129;93;66m██[38;2;129;93;67m████[38;2;129;93;66m██[38;2;66;65;66m██[38;2;191;174;141m████[38;2;0;0;0m██            
            ██[38;2;189;172;138m██[38;2;66;65;66m██[38;2;191;174;141m████[38;2;0;0;0m██        ██[38;2;214;205;164m████[38;2;66;65;66m██[38;2;129;93;66m██[38;2;129;93;67m████[38;2;129;93;66m██[38;2;66;65;66m██[38;2;191;174;141m████[38;2;0;0;0m██            
            ██[38;2;187;171;135m████[38;2;149;136;90m██[38;2;24;23;24m██[38;2;0;0;0m██  ██    ██[38;2;214;205;164m██[38;2;66;65;66m██[38;2;129;93;67m████[38;2;129;93;66m████[38;2;66;65;66m██[38;2;189;172;138m██[38;2;187;171;135m██[38;2;0;0;0m██              
              ██[38;2;187;171;135m██[38;2;24;23;24m██[38;2;206;194;145m██[38;2;138;109;67m██[38;2;0;0;0m██[38;2;214;205;164m██[38;2;0;0;0m████[38;2;214;205;164m████[38;2;66;65;66m██[38;2;129;93;67m████[38;2;66;65;66m████[38;2;189;172;138m████[38;2;187;171;135m██[38;2;0;0;0m██              
              [38;2;8;0;0m██[38;2;200;184;147m██[38;2;23;22;21m██[38;2;145;131;90m██[38;2;214;205;164m██[38;2;192;175;143m██[38;2;213;205;165m██[38;2;184;168;122m██[38;2;0;0;0m██[38;2;202;191;154m██[38;2;43;40;37m██[38;2;210;200;154m██[38;2;66;65;66m████[38;2;191;174;141m████[38;2;187;171;135m████[38;2;0;0;0m██                
              [38;2;8;0;0m██[38;2;111;91;66m██[38;2;204;192;148m████[38;2;214;205;164m████[38;2;213;205;165m██[38;2;143;113;76m██[38;2;202;191;154m████[38;2;210;200;154m██[38;2;133;118;86m██[38;2;66;65;66m██[38;2;189;172;138m██[38;2;191;174;141m████[38;2;0;0;0m████      ██          
            ██[38;2;214;205;164m████████████████[38;2;192;175;143m████[38;2;141;122;89m██[38;2;66;65;57m██[38;2;187;171;135m████[38;2;0;0;0m████        ██[38;2;239;240;242m██[38;2;0;0;0m██        
            ██[38;2;214;205;164m██████████████████[38;2;192;175;143m██[38;2;191;172;131m████[38;2;0;0;0m████            ██[38;2;239;240;242m████[38;2;0;0;0m██      
          [38;2;8;0;0m██[38;2;71;69;67m██[38;2;184;171;133m██[38;2;213;204;163m██[38;2;214;205;164m██████████████[38;2;192;175;143m██[38;2;191;175;145m██[38;2;0;0;8m██              [38;2;0;0;0m██[38;2;197;202;205m██[38;2;239;240;242m██████[38;2;0;0;0m██    
          [38;2;8;0;0m██[38;2;255;255;254m██[38;2;88;76;64m██[38;2;213;204;163m██[38;2;214;205;164m████████████████[38;2;191;175;145m██[38;2;29;25;22m██[38;2;0;0;0m████      ████[38;2;198;203;206m██[38;2;197;202;205m██[38;2;239;240;242m██████[38;2;0;0;0m██    
    ██[38;2;0;0;8m████[38;2;207;196;159m██[38;2;8;0;8m██[38;2;24;24;24m██[38;2;214;205;164m██████[38;2;205;196;175m██[38;2;143;118;76m██[38;2;184;171;133m██[38;2;213;204;163m██[38;2;214;205;164m████[38;2;187;171;135m██[38;2;24;24;24m██[38;2;128;135;141m████[38;2;0;0;0m██  ██[38;2;138;109;69m██[38;2;198;203;206m████[38;2;239;240;242m████████[38;2;198;203;206m██[38;2;0;0;0m██  
  ██[38;2;198;203;206m██[38;2;128;133;139m██[38;2;46;43;34m██[38;2;207;196;159m██[38;2;74;62;49m██[38;2;76;69;56m██[38;2;214;205;164m██████[38;2;143;118;76m██[38;2;255;255;254m██[38;2;88;76;64m██[38;2;213;204;163m██[38;2;214;205;164m████[38;2;187;171;135m██[38;2;24;24;24m██[38;2;128;135;141m████[38;2;127;133;140m██[38;2;0;0;0m██[38;2;138;109;69m████[38;2;138;107;67m██[38;2;177;158;109m██[38;2;239;240;242m████████[38;2;198;203;206m██[38;2;0;0;0m██  
    [38;2;74;71;52m██[38;2;193;198;202m██[38;2;66;65;57m██[38;2;214;205;164m████████████[38;2;157;142;96m██[38;2;4;2;3m██[38;2;24;24;24m██[38;2;214;205;164m████[38;2;192;175;143m██[38;2;181;168;124m██[38;2;24;24;24m██[38;2;128;135;141m████[38;2;57;58;60m██[38;2;193;198;202m██[38;2;66;60;57m██[38;2;147;135;101m██[38;2;174;148;100m████[38;2;239;240;242m██████[38;2;197;202;205m██[38;2;198;203;206m██[38;2;0;0;0m██  
  ██[38;2;189;194;197m██[38;2;193;198;202m██[38;2;145;151;155m██[38;2;66;65;66m████[38;2;214;205;164m██[38;2;66;65;66m██[38;2;214;205;164m████[38;2;227;216;176m██[38;2;56;43;35m██[38;2;76;69;56m██[38;2;214;205;164m██[38;2;192;175;143m████[38;2;24;24;24m██[38;2;140;148;152m██[38;2;128;135;141m████[38;2;145;151;155m██[38;2;193;198;202m██[38;2;191;197;201m██[38;2;66;60;57m██[38;2;174;148;100m████[38;2;174;150;100m██[38;2;239;240;242m██[38;2;197;202;205m████[38;2;198;203;206m████[38;2;0;0;0m██
██[38;2;198;203;206m████████[38;2;195;198;200m██[38;2;47;45;35m██[38;2;214;205;164m████[38;2;216;205;159m████[38;2;214;205;164m████[38;2;187;184;171m██[38;2;74;65;57m██[38;2;189;172;138m████[38;2;50;46;34m██[38;2;119;123;126m██[38;2;125;132;139m██[38;2;204;207;210m██[38;2;198;203;206m████████[38;2;66;65;66m██[38;2;174;150;100m██[38;2;174;148;100m██[38;2;138;109;67m██[38;2;177;158;109m██[38;2;198;203;206m████[38;2;139;109;69m██[38;2;0;0;0m██
██[38;2;198;203;206m██████[38;2;130;137;142m██[38;2;232;234;236m██[38;2;195;198;200m██[38;2;66;65;66m████[38;2;74;60;57m██[38;2;172;156;113m██[38;2;174;150;100m████[38;2;74;65;57m██[38;2;236;237;239m██[38;2;66;65;66m████[38;2;234;235;237m██[38;2;197;200;202m██[38;2;238;239;241m██[38;2;125;132;139m██[38;2;130;137;142m██[38;2;198;203;206m██████[38;2;66;65;66m██[38;2;174;150;100m██[38;2;174;148;100m████[38;2;138;107;67m████[38;2;139;109;69m████[38;2;0;0;0m██
██[38;2;201;205;209m████[38;2;130;137;142m██[38;2;198;203;206m██[38;2;238;240;241m████[38;2;128;135;141m██[38;2;239;240;242m████[38;2;66;65;66m██[38;2;143;135;118m██[38;2;47;41;35m██[38;2;125;132;139m██[38;2;204;207;210m██[38;2;239;240;242m████████████[38;2;128;135;141m████[38;2;187;193;197m██[38;2;142;147;152m██[38;2;66;65;66m██[38;2;138;109;69m██[38;2;174;150;100m██[38;2;139;111;71m██[38;2;174;150;100m██[38;2;139;111;71m██[38;2;138;109;69m████[38;2;0;0;0m██
  [38;2;8;4;0m██[38;2;119;126;131m██[38;2;198;203;206m████[38;2;204;207;210m██[38;2;125;132;140m██[38;2;239;240;242m████████[38;2;47;41;35m██[38;2;236;237;239m██[38;2;238;239;241m██[38;2;125;132;139m██[38;2;197;202;205m████[38;2;239;240;242m██████████[38;2;128;135;141m██[38;2;142;147;152m██[38;2;66;65;57m██[38;2;138;109;69m████[38;2;139;111;71m██[38;2;174;150;100m██[38;2;139;111;71m████[38;2;138;109;69m██[38;2;0;0;0m██  
  ██[38;2;127;133;140m██[38;2;198;203;206m████[38;2;197;202;205m██[38;2;239;240;242m██████████[38;2;197;202;205m██[38;2;239;240;242m██[38;2;238;240;241m██[38;2;125;132;140m██[38;2;125;132;139m██[38;2;204;207;210m██[38;2;239;240;242m████████[38;2;234;235;237m██[38;2;119;123;126m██[38;2;123;133;140m██[38;2;66;65;66m██[38;2;139;111;71m████████████[38;2;138;109;67m██[38;2;0;0;0m██  
    ██[38;2;198;203;206m████[38;2;239;240;242m████████████████[38;2;238;240;241m██[38;2;204;207;210m██[38;2;238;239;241m██[38;2;125;132;139m██[38;2;197;202;205m██[38;2;239;240;242m██████[38;2;197;200;202m██[38;2;50;46;34m██[38;2;66;65;66m██[38;2;129;113;77m██[38;2;139;111;71m████████████[38;2;0;0;0m██    
    ██[38;2;204;208;212m██[38;2;124;131;136m██[38;2;239;240;242m██████████████████[38;2;197;202;205m██[38;2;238;240;241m██[38;2;125;132;140m██[38;2;197;202;205m██[38;2;239;240;242m████[38;2;197;202;205m██[38;2;191;197;201m██[38;2;66;60;57m██[38;2;138;109;69m████[38;2;139;111;71m████[38;2;138;109;69m████[38;2;138;109;67m██[38;2;0;0;0m██      
      [38;2;8;4;0m██[38;2;124;131;136m██[38;2;239;240;242m████████████████[38;2;197;202;205m██[38;2;239;240;242m██[38;2;238;240;241m██[38;2;204;207;210m██[38;2;197;202;205m████████[38;2;66;60;57m██[38;2;147;135;101m██[38;2;66;65;66m██[38;2;138;109;69m██[38;2;139;111;71m████[38;2;138;109;69m██[38;2;0;0;0m████        
        ██[38;2;166;170;172m██[38;2;232;234;236m██[38;2;239;240;242m████████████████[38;2;232;234;236m██[38;2;195;198;200m██[38;2;198;203;206m████[38;2;191;197;201m██[38;2;66;60;57m██[38;2;138;109;69m████[38;2;0;0;0m██████████            
          ████[38;2;197;202;205m██[38;2;239;240;242m██[38;2;197;202;205m██[38;2;239;240;242m██████████[38;2;195;198;200m██[38;2;47;45;35m██[38;2;66;65;66m████[38;2;66;60;57m██[38;2;147;135;101m██[38;2;138;109;69m██[38;2;0;0;0m██                      
              ████[38;2;198;203;206m████[38;2;201;204;209m██[38;2;117;122;127m██[38;2;185;192;196m██[38;2;41;35;34m██[38;2;66;65;66m██[38;2;131;107;74m██[38;2;152;124;81m████[38;2;66;65;66m██[38;2;0;0;0m████                        
                  ████████[38;2;180;165;122m████[38;2;66;65;66m██[38;2;178;150;95m██[38;2;152;124;81m██[38;2;0;0;0m████                            
                          ████  ████                                
[0m