              [38;2;0;0;0m██            
              ██            
                ██          
                ██          
              ██            
            ██              
          [38;2;8;0;0m██[38;2;79;57;69m██[38;2;0;0;0m████          
      ████[38;2;239;156;205m██[38;2;79;57;69m██[38;2;247;148;208m████[38;2;0;0;0m████      
    ██[38;2;247;148;208m████[38;2;247;148;207m████████████[38;2;0;0;0m██    
  ██[38;2;247;148;208m████[38;2;66;65;66m██[38;2;247;148;207m████████████[38;2;214;107;175m██[38;2;0;0;0m██  
  [38;2;8;0;0m██[38;2;82;54;69m██[38;2;74;57;68m██[38;2;164;148;161m██[38;2;247;148;208m██[38;2;66;65;66m██[38;2;255;148;212m████[38;2;255;140;215m██[38;2;192;115;166m██[38;2;214;107;175m██[38;2;0;0;0m██  
  [38;2;8;0;0m██[38;2;247;148;208m██[38;2;255;239;254m██[38;2;74;57;68m██[38;2;247;148;208m████[38;2;71;66;74m██[38;2;194;120;164m██[38;2;66;69;66m████[38;2;214;107;175m██[38;2;0;0;0m██  
  ██[38;2;214;107;175m██[38;2;74;66;72m██[38;2;164;160;164m██[38;2;168;144;162m████[38;2;74;57;68m██[38;2;255;239;254m██[38;2;66;65;66m██[38;2;214;107;175m████[38;2;0;0;0m██  
    ██[38;2;164;160;164m██[38;2;255;255;255m██[38;2;255;239;254m██[38;2;82;49;71m██[38;2;164;148;161m██[38;2;74;57;68m██[38;2;214;107;175m████[38;2;0;0;0m██    
      ██[38;2;134;27;95m██[38;2;132;25;93m██[38;2;214;107;175m██████[38;2;0;0;0m████      
        ██[38;2;132;25;93m████[38;2;71;46;61m██[38;2;16;4;0m██          
        [38;2;0;0;0m██[38;2;214;107;175m████[38;2;132;25;93m████[38;2;0;0;0m██        
      ██[38;2;214;107;175m██[38;2;255;255;255m████[38;2;214;107;175m██[38;2;132;25;93m██[38;2;0;0;0m██        
      ██[38;2;255;255;255m██████[38;2;172;136;164m██[38;2;126;19;87m██[38;2;133;26;94m██[38;2;0;0;0m██      
    ██[38;2;255;255;255m████████[38;2;255;231;253m██[38;2;172;136;164m██[38;2;133;26;94m██[38;2;0;0;0m██      
  ██[38;2;133;26;94m██[38;2;255;255;255m██████████[38;2;214;107;175m██[38;2;133;26;94m████[38;2;0;0;0m██    
██[38;2;133;26;94m████[38;2;255;255;255m████████[38;2;214;107;175m████[38;2;0;0;0m██[38;2;133;26;94m██[38;2;134;27;95m██[38;2;0;0;0m██  
  ████[38;2;255;255;255m████████████[38;2;165;107;146m██[38;2;0;0;0m██[38;2;133;26;94m████[38;2;0;0;0m██
      ██[38;2;255;255;255m██████[38;2;210;181;200m██[38;2;165;107;146m████[38;2;0;0;0m████████
      ██[38;2;207;189;207m██[38;2;206;189;205m████████[38;2;207;189;207m██[38;2;0;0;0m██      
  ████[38;2;68;63;69m████[38;2;206;189;205m████████[38;2;207;189;207m██[38;2;68;63;69m██[38;2;0;0;0m██    
██[38;2;189;141;49m████████[38;2;0;0;0m████[38;2;82;63;43m████[38;2;85;63;35m██[38;2;0;0;16m██      
  [38;2;0;0;0m████████    [38;2;0;0;24m██[38;2;247;190;82m██[38;2;255;189;74m████[38;2;0;0;0m██    
            ██[38;2;255;194;66m██[38;2;170;130;44m██[38;2;255;194;66m██[38;2;172;130;44m██[38;2;255;189;66m██[38;2;0;0;0m██  
              ████[38;2;255;194;66m██[38;2;8;4;0m██[38;2;0;0;0m██    
                  ██        
[0m