                [38;2;7;7;7m████████████                
            ████[38;2;224;209;52m██[38;2;246;232;66m██████████[38;2;7;7;7m████            
        ████[38;2;246;232;66m██[38;2;224;209;52m██[38;2;246;232;66m██████[38;2;224;209;52m██[38;2;246;232;66m██████[38;2;224;209;52m██[38;2;7;7;7m████        
      ██[38;2;246;232;66m██████[38;2;224;209;52m██[38;2;246;232;66m████████[38;2;224;209;52m██████[38;2;246;232;66m██████[38;2;7;7;7m██      
    ██[38;2;246;232;66m██████████[38;2;224;209;52m██[38;2;246;232;66m██████████████████[38;2;224;209;52m██[38;2;7;7;7m██    
    ██[38;2;224;209;52m██[38;2;246;232;66m██████████[38;2;224;209;52m████[38;2;246;232;66m██████████[38;2;224;209;52m████[38;2;246;232;66m██[38;2;7;7;7m██    
  ██[38;2;246;232;66m██[38;2;224;209;52m████[38;2;246;232;66m████████████████[38;2;224;209;52m██████[38;2;246;232;66m██████[38;2;224;209;52m██[38;2;7;7;7m██  
  ██[38;2;211;195;41m██[38;2;246;232;66m████████████████████████████████[38;2;224;209;52m██[38;2;7;7;7m██  
██[38;2;246;232;66m██[38;2;211;195;41m██[38;2;246;232;66m████████[38;2;224;209;52m██[38;2;246;232;66m████████[38;2;211;195;41m██[38;2;246;232;66m████████████[38;2;224;209;52m████[38;2;7;7;7m██
██[38;2;246;232;66m██[38;2;224;209;52m██[38;2;211;195;41m██[38;2;246;232;66m████████[38;2;224;209;52m████[38;2;246;232;66m██[38;2;211;195;41m██[38;2;246;232;66m██[38;2;211;195;41m██[38;2;246;232;66m████████[38;2;224;209;52m██████[38;2;7;7;7m██
██[38;2;224;209;52m██[38;2;246;232;66m██[38;2;167;163;18m██[38;2;224;209;52m██[38;2;246;232;66m██[38;2;211;195;41m██[38;2;246;232;66m████[38;2;211;195;41m████[38;2;224;209;52m██[38;2;246;232;66m██[38;2;211;195;41m██[38;2;246;232;66m████████[38;2;224;209;52m████[38;2;234;175;38m██[38;2;7;7;7m██
██[38;2;250;215;50m██[38;2;246;232;66m██[38;2;167;163;18m██[38;2;211;195;41m██[38;2;246;232;66m██[38;2;224;209;52m██[38;2;211;195;41m████[38;2;224;209;52m██[38;2;246;232;66m████[38;2;224;209;52m██[38;2;211;195;41m██[38;2;224;209;52m██[38;2;246;232;66m████[38;2;224;209;52m████[38;2;228;195;46m██[38;2;234;175;38m██[38;2;7;7;7m██
██[38;2;255;190;26m██[38;2;250;215;50m██[38;2;211;195;41m██[38;2;246;232;66m████[38;2;211;195;41m██[38;2;246;232;66m████[38;2;167;163;18m██[38;2;246;232;66m████[38;2;211;195;41m██[38;2;246;232;66m████[38;2;224;209;52m██████[38;2;228;195;46m██[38;2;234;175;38m████[38;2;7;7;7m██
██[38;2;255;190;26m████[38;2;250;215;50m██[38;2;224;209;52m██[38;2;246;232;66m██[38;2;224;209;52m██[38;2;211;195;41m██[38;2;224;209;52m██[38;2;167;163;18m██[38;2;246;232;66m██[38;2;211;195;41m████[38;2;246;232;66m██████[38;2;224;209;52m██[38;2;228;195;46m██[38;2;234;175;38m██████[38;2;7;7;7m██
  ██[38;2;188;184;38m████[38;2;250;215;50m██[38;2;224;209;52m██[38;2;246;232;66m████[38;2;211;195;41m██████[38;2;246;232;66m██████[38;2;224;209;52m████[38;2;228;195;46m██[38;2;234;175;38m██████[38;2;7;7;7m██  
  ██[38;2;252;248;103m████[38;2;231;227;82m██[38;2;188;184;38m██[38;2;255;190;26m██[38;2;250;215;50m████████[38;2;228;195;46m████████[38;2;234;175;38m██████████[38;2;7;7;7m██  
    ██[38;2;252;248;103m████[38;2;231;227;82m██[38;2;188;184;38m██[38;2;255;190;26m██████████[38;2;234;175;38m██████████████[38;2;7;7;7m██    
    ██[38;2;188;184;38m████[38;2;231;227;82m██[38;2;252;248;103m██[38;2;188;184;38m██[38;2;255;190;26m████████[38;2;234;175;38m██████████████[38;2;7;7;7m██    
      ██[38;2;234;175;38m██[38;2;188;184;38m████[38;2;252;248;103m██[38;2;188;184;38m██[38;2;255;190;26m████[38;2;234;175;38m██████████████[38;2;7;7;7m██      
        ████[38;2;234;175;38m██[38;2;188;184;38m████[38;2;234;175;38m██████████████[38;2;7;7;7m████        
            ████[38;2;234;175;38m██[38;2;188;184;38m██[38;2;234;175;38m████████[38;2;7;7;7m████            
                ████████████                
[0m