                          [38;2;0;0;0m████████                              
                      ████[38;2;255;130;223m████████[38;2;0;0;0m████                          
                  ████[38;2;255;130;223m██████[38;2;145;26;107m██████[38;2;212;40;164m██[38;2;208;41;162m██[38;2;0;0;0m████                      
                ██[38;2;255;130;223m██████[38;2;145;26;107m████[38;2;212;40;164m████████[38;2;208;41;162m██████[38;2;0;0;0m██                    
              ██[38;2;255;131;219m████[38;2;255;134;225m██[38;2;200;49;159m██[38;2;211;42;163m████████████████████[38;2;0;0;0m██                  
            ██[38;2;255;130;223m██[38;2;255;131;219m████[38;2;165;15;122m██[38;2;200;49;159m██[38;2;211;42;163m████████████████████[38;2;208;41;162m██[38;2;0;0;0m██                
            [38;2;8;0;0m██[38;2;255;130;218m██[38;2;255;130;223m██[38;2;145;26;107m██[38;2;211;42;163m████████[38;2;212;40;164m████████[38;2;211;42;163m████████[38;2;208;41;162m██[38;2;0;0;0m██                
          ██[38;2;255;130;218m██[38;2;184;73;151m██[38;2;255;130;223m██[38;2;145;26;107m██[38;2;211;42;163m████████[38;2;145;26;107m████████[38;2;211;42;163m████████[38;2;208;41;162m████[38;2;0;0;0m██              
          ██[38;2;211;39;168m██[38;2;255;130;223m██[38;2;211;42;163m████████[38;2;143;63;115m██[38;2;145;26;107m██[38;2;186;182;156m████[38;2;185;181;154m████[38;2;145;26;107m████[38;2;212;40;164m████[38;2;211;42;163m████[38;2;0;0;0m██              
          ██[38;2;255;130;223m██[38;2;211;39;168m██[38;2;211;42;163m████████[38;2;143;63;115m██[38;2;184;181;157m██[38;2;186;182;156m██[38;2;140;134;104m██[38;2;185;181;154m████████[38;2;145;26;107m██[38;2;212;40;164m██[38;2;211;42;163m████[38;2;0;0;0m██              
            ██[38;2;208;41;162m██[38;2;212;40;164m██[38;2;145;26;107m██[38;2;204;70;154m██[38;2;100;47;72m██[38;2;0;0;0m██[38;2;104;98;69m██[38;2;185;181;154m████[38;2;140;134;104m██[38;2;186;182;156m██[38;2;140;134;104m██[38;2;186;182;156m██[38;2;148;134;123m██[38;2;86;67;61m██[38;2;208;41;162m██[38;2;0;0;0m██                
            ██[38;2;208;41;162m██[38;2;212;40;164m██[38;2;145;26;107m██[38;2;100;47;72m██[38;2;0;24;8m██  [38;2;0;0;0m██[38;2;104;98;69m██[38;2;185;181;154m██[38;2;140;134;104m██[38;2;186;182;156m██[38;2;140;134;104m██[38;2;186;182;156m██[38;2;148;134;123m██[38;2;24;0;0m██[38;2;208;41;162m██[38;2;0;0;0m██                
              ██[38;2;208;41;162m████[38;2;0;0;0m██      [38;2;8;8;0m██[38;2;183;178;151m██[38;2;154;149;119m██[38;2;74;77;66m██[38;2;74;73;66m██[38;2;182;177;153m██[38;2;0;0;0m██  ██                  
                ██████    ██[38;2;237;234;219m██[38;2;74;71;63m██[38;2;74;77;66m██[38;2;232;229;212m██[38;2;235;233;219m██[38;2;74;73;66m██[38;2;0;0;0m██                      
                        [38;2;0;4;0m██[38;2;235;233;219m██[38;2;234;232;218m████████████[38;2;234;231;218m██[38;2;0;0;0m██  ██                
                      ██[38;2;134;129;101m████[38;2;234;232;218m██[38;2;140;133;99m████[38;2;234;232;218m██████[38;2;234;231;218m████[38;2;0;0;0m██[38;2;234;231;218m██[38;2;0;0;0m██              
                    ██[38;2;139;133;101m██[38;2;140;133;99m██[38;2;234;232;218m██[38;2;137;131;99m████[38;2;234;232;218m████[38;2;234;231;218m██████[38;2;71;70;68m██[38;2;234;232;218m████[38;2;0;0;0m██              
                    ██[38;2;139;133;101m██[38;2;234;232;218m████[38;2;137;131;99m██[38;2;234;231;218m██[38;2;234;232;218m████[38;2;66;65;66m████[38;2;71;70;68m████[38;2;234;232;218m████[38;2;234;231;218m██[38;2;0;0;0m██            
                  ██[38;2;237;234;219m████[38;2;235;233;219m████[38;2;234;231;218m██[38;2;71;70;68m██[38;2;74;56;66m████[38;2;231;255;99m████[38;2;66;65;66m██[38;2;234;231;218m██████[38;2;180;175;149m██[38;2;0;0;0m██        ████
                    [38;2;0;4;0m██[38;2;181;176;150m██[38;2;178;175;150m██[38;2;66;69;66m██[38;2;71;70;68m████[38;2;248;255;99m██[38;2;176;170;69m██[38;2;231;255;99m██[38;2;102;96;67m██[38;2;66;65;66m██[38;2;234;231;218m████[38;2;186;182;156m██[38;2;237;234;219m██[38;2;0;0;0m██      ██[38;2;234;231;218m██[38;2;0;0;0m██
                  ██[38;2;235;233;219m██[38;2;66;69;66m██[38;2;71;70;68m████[38;2;104;98;69m████[38;2;107;99;69m████[38;2;74;69;66m████[38;2;74;69;57m██[38;2;241;237;206m██[38;2;234;231;218m██[38;2;186;182;156m██[38;2;66;65;66m██[38;2;102;96;67m██[38;2;0;0;0m██  ██[38;2;234;231;218m████[38;2;0;0;0m██
              ████[38;2;66;65;66m██[38;2;235;233;219m██[38;2;178;175;150m██[38;2;71;70;68m██[38;2;234;231;218m██[38;2;104;98;69m████[38;2;107;99;69m██[38;2;255;255;255m██[38;2;74;69;66m██[38;2;174;213;46m██[38;2;159;174;109m██[38;2;74;69;57m██[38;2;234;231;218m██[38;2;186;182;156m██[38;2;66;65;66m██[38;2;102;96;67m██[38;2;104;98;69m██[38;2;0;0;0m██[38;2;66;65;63m████[38;2;234;231;218m██[38;2;0;0;0m██
            ██[38;2;234;231;218m████[38;2;66;65;66m██[38;2;186;182;156m██████[38;2;66;65;66m██[38;2;167;211;47m████[38;2;175;214;46m████████[38;2;144;146;63m██[38;2;82;65;57m██[38;2;235;233;219m██[38;2;178;175;150m██[38;2;237;234;219m██[38;2;66;65;66m████[38;2;234;231;218m██[38;2;234;232;218m████[38;2;0;0;0m██  
            ██[38;2;234;231;218m██████[38;2;66;65;66m██[38;2;186;182;156m██[38;2;66;65;66m████████[38;2;143;162;38m████████[38;2;231;255;99m████[38;2;66;69;66m██[38;2;235;233;219m██[38;2;180;175;150m██[38;2;66;65;66m██[38;2;234;231;218m████[38;2;234;232;218m██[38;2;251;249;240m██[38;2;234;231;218m██[38;2;0;0;0m██
              ██[38;2;234;231;218m████[38;2;66;65;66m████[38;2;234;231;218m████[38;2;234;232;218m████[38;2;74;69;57m██[38;2;159;174;109m██[38;2;177;201;73m██[38;2;224;255;91m██[38;2;145;193;40m████[38;2;6;184;60m██[38;2;35;55;82m██[38;2;0;0;0m██[38;2;66;65;66m██[38;2;228;175;200m██[38;2;95;46;88m████[38;2;228;175;200m██[38;2;234;231;218m██[38;2;0;0;0m██
            ██[38;2;208;41;162m██████[38;2;66;65;66m██[38;2;234;231;218m██[38;2;250;249;239m████[38;2;234;232;218m████[38;2;214;207;148m██[38;2;74;69;57m██[38;2;66;65;66m████[38;2;145;193;40m██[38;2;0;185;57m██[38;2;6;184;60m██[38;2;16;8;0m██  [38;2;0;0;0m██[38;2;95;46;88m██[38;2;139;89;125m████[38;2;95;46;88m██[38;2;234;231;218m██[38;2;0;0;0m██
          ██[38;2;234;231;218m████[38;2;211;42;161m██[38;2;66;65;66m██[38;2;234;232;218m██[38;2;251;249;240m████[38;2;234;232;218m██[38;2;234;231;218m████[38;2;104;98;69m██[38;2;185;181;154m██████[38;2;66;65;66m████[38;2;0;185;57m██[38;2;0;0;0m██    ██[38;2;234;231;218m██[38;2;156;104;136m██[38;2;82;51;69m██[38;2;0;0;0m██  
      ████[38;2;208;41;162m████[38;2;234;231;218m██[38;2;211;42;161m██[38;2;66;65;66m██[38;2;234;232;218m████████[38;2;234;231;218m██[38;2;102;96;67m██[38;2;185;181;154m██[38;2;104;98;69m██[38;2;185;181;154m████[38;2;186;182;156m████[38;2;0;0;0m██    ██[38;2;234;231;218m████[38;2;230;158;203m██[38;2;8;0;0m██    
    [38;2;16;0;0m██[38;2;252;137;213m██[38;2;214;190;189m██[38;2;123;95;94m██[38;2;208;41;162m██[38;2;0;0;0m██████[38;2;234;231;218m████[38;2;234;232;218m████[38;2;234;231;218m██[38;2;102;96;67m██[38;2;185;181;154m██[38;2;104;98;69m██[38;2;185;181;154m████[38;2;187;182;154m████[38;2;0;0;0m██    ██[38;2;211;42;163m████[38;2;234;231;218m██[38;2;0;0;0m██    
  ██[38;2;173;90;144m████[38;2;214;190;189m██[38;2;33;0;0m██[38;2;0;0;0m██      ██[38;2;234;231;218m██[38;2;234;232;218m████[38;2;183;178;151m████[38;2;104;98;69m██[38;2;185;181;154m██████[38;2;187;182;154m██[38;2;0;0;0m██      ██[38;2;211;42;163m████[38;2;0;0;0m██      
██[38;2;208;41;162m████[38;2;0;0;0m████          ██[38;2;184;181;157m██[38;2;185;181;154m████████████████[38;2;184;181;157m██[38;2;0;0;0m██      ██[38;2;214;190;189m██[38;2;123;95;94m██[38;2;0;0;0m██      
██████                ██[38;2;185;181;154m████████████████[38;2;0;0;0m██      ██[38;2;234;231;218m██[38;2;214;190;189m██[38;2;33;0;0m██        
                        [38;2;0;0;0m████[38;2;187;182;154m████████[38;2;0;0;0m████        ██[38;2;208;41;162m████[38;2;0;0;0m██        
                            ████████            ██[38;2;208;41;162m██[38;2;0;0;0m██          
                                                ██[38;2;208;41;162m██[38;2;0;0;0m██          
                                                ████            
[0m