                  [38;2;0;0;0m██                                          
                ██[38;2;82;134;247m██[38;2;0;0;0m██  ██                                    
                ██[38;2;82;134;247m██[38;2;39;109;180m██[38;2;0;0;0m██[38;2;82;134;247m██[38;2;0;0;0m██              ██                  
                ██[38;2;82;134;247m████[38;2;65;65;65m██[38;2;82;134;247m██[38;2;0;0;0m██        ██  ██[38;2;82;134;247m██[38;2;0;0;0m██                
            ████[38;2;39;109;180m██[38;2;82;134;247m████[38;2;39;109;180m██[38;2;82;134;247m██[38;2;0;0;0m██      ██[38;2;82;134;247m██[38;2;0;0;0m██[38;2;39;109;180m██[38;2;82;134;247m██[38;2;0;0;0m██                
            ██[38;2;82;134;247m██[38;2;39;109;180m████[38;2;82;134;247m██████[38;2;65;65;65m██[38;2;0;0;0m██    ██[38;2;82;134;247m██[38;2;65;65;65m██[38;2;82;134;247m████[38;2;0;0;0m██                
            ██[38;2;82;134;247m████[38;2;39;109;180m██[38;2;82;134;247m████[38;2;65;65;65m██[38;2;68;204;158m████[38;2;0;0;0m████[38;2;39;109;180m██[38;2;82;134;247m██[38;2;39;109;180m██[38;2;82;134;247m████[38;2;0;0;0m████              
              ██[38;2;82;134;247m██████[38;2;65;65;65m██[38;2;68;204;158m████████[38;2;65;65;65m████[38;2;82;134;247m██████[38;2;39;109;180m████[38;2;0;0;0m██              
              ██[38;2;65;65;65m██[38;2;82;134;247m██[38;2;65;65;65m██[38;2;68;204;158m████[38;2;65;65;65m██[38;2;68;204;158m██████[38;2;65;65;65m██[38;2;68;204;158m████[38;2;39;109;180m██████[38;2;0;0;0m██              
              ██[38;2;68;204;158m██[38;2;65;65;65m██[38;2;68;155;132m██[38;2;119;238;204m██[38;2;65;65;65m██[38;2;255;255;255m██[38;2;65;65;65m██[38;2;68;204;158m██████[38;2;68;155;132m██[38;2;68;204;158m████[38;2;39;109;180m██[38;2;0;0;0m██                
            ██[38;2;68;204;158m████[38;2;68;155;132m██[38;2;119;238;204m██[38;2;68;204;158m██[38;2;189;41;66m██[38;2;255;255;255m██[38;2;65;65;65m██[38;2;219;194;106m██[38;2;68;204;158m██████[38;2;68;155;132m██[38;2;65;65;65m████[38;2;0;0;0m██                
          ██[38;2;119;238;204m██[38;2;68;155;132m████[38;2;119;238;204m████[38;2;0;0;0m██[38;2;247;99;99m██[38;2;68;204;158m██[38;2;250;239;115m████[38;2;219;194;106m██[38;2;68;204;158m██[38;2;68;155;132m████[38;2;119;238;204m██[38;2;68;155;132m██[38;2;65;65;65m██[38;2;0;0;0m██    ██  ██    
          ██[38;2;119;238;204m████████[38;2;68;204;158m████[38;2;255;255;255m██[38;2;219;194;106m██[38;2;250;239;115m████[38;2;219;194;106m██[38;2;68;204;158m██[38;2;68;155;132m██[38;2;119;238;204m██[38;2;68;155;132m██[38;2;68;204;158m██████[38;2;0;0;0m████[38;2;39;109;180m██[38;2;0;0;0m██[38;2;39;109;180m██[38;2;0;0;0m██  
      ████[38;2;68;155;132m██[38;2;65;65;65m██[38;2;119;238;204m██[38;2;65;65;65m██[38;2;68;204;158m██[38;2;255;255;255m██[38;2;68;204;158m██[38;2;219;194;106m██[38;2;250;239;115m██████[38;2;68;204;158m████[38;2;65;65;65m████[38;2;68;204;158m██[38;2;68;155;132m████[38;2;68;204;158m██[38;2;68;155;132m██[38;2;65;65;65m██[38;2;39;109;180m██████[38;2;0;0;0m████
  ████[38;2;68;155;132m██████[38;2;65;65;65m██[38;2;68;204;158m██[38;2;250;239;115m████[38;2;219;194;106m██[38;2;250;239;115m████████[38;2;65;65;65m██[38;2;68;204;158m████████[38;2;65;65;65m██[38;2;119;238;204m████[38;2;68;155;132m██[38;2;68;204;158m██[38;2;65;65;65m██[38;2;39;109;180m████[38;2;65;65;65m██[38;2;68;155;132m██[38;2;0;0;0m██
██[38;2;189;189;181m██[38;2;65;65;65m██[38;2;68;155;132m████████[38;2;65;65;65m██[38;2;0;0;0m██[38;2;250;239;115m████████[38;2;65;65;65m████[38;2;68;204;158m████████[38;2;65;65;65m██[38;2;68;155;132m██████[38;2;68;204;158m████[38;2;65;65;65m██████[38;2;68;155;132m████[38;2;0;0;0m██
  ██[38;2;189;189;181m██[38;2;65;65;65m██[38;2;68;155;132m████[38;2;0;0;0m████  ████[38;2;65;65;65m██[38;2;68;204;158m██████████[38;2;68;155;132m██[38;2;68;204;158m██[38;2;65;65;65m██[38;2;119;238;204m████[38;2;68;155;132m██[38;2;68;204;158m██[38;2;65;65;65m██[38;2;68;155;132m████████[38;2;0;0;0m██  
    ████████        ██[38;2;68;155;132m██[38;2;65;65;65m██[38;2;68;155;132m██[38;2;68;204;158m██[38;2;68;155;132m████[38;2;68;204;158m██[38;2;65;65;65m██[38;2;255;255;255m██[38;2;68;155;132m████[38;2;68;204;158m██[38;2;65;65;65m████[38;2;68;155;132m████████[38;2;0;0;0m██  
                  ██[38;2;68;155;132m████[38;2;65;65;65m██[38;2;68;204;158m██████████[38;2;65;65;65m████[38;2;255;255;255m██[38;2;65;65;65m██[38;2;255;255;255m██[38;2;65;65;65m██[38;2;68;204;158m██[38;2;65;65;65m██[38;2;68;155;132m████[38;2;0;0;0m██    
                  ██[38;2;68;155;132m████[38;2;65;65;65m██[38;2;68;204;158m████████[38;2;68;155;132m██[38;2;250;239;115m██[38;2;65;65;65m████[38;2;68;204;158m██[38;2;65;65;65m██[38;2;68;204;158m████[38;2;65;65;65m██[38;2;0;0;0m████      
                    ██[38;2;68;155;132m████[38;2;65;65;65m██[38;2;219;194;106m██[38;2;68;204;158m██[38;2;68;155;132m██[38;2;250;239;115m████[38;2;68;155;132m██[38;2;68;204;158m██████████[38;2;0;0;0m██          
                  ██[38;2;189;189;181m██[38;2;68;155;132m██████[38;2;65;65;65m██[38;2;219;194;106m██[38;2;250;239;115m████[38;2;68;155;132m██[38;2;68;204;158m██[38;2;65;65;65m██[38;2;68;204;158m██████[38;2;0;0;0m██            
                  ██[38;2;65;65;65m██[38;2;189;189;181m██[38;2;0;0;0m██[38;2;189;189;181m██[38;2;0;0;0m████[38;2;219;194;106m██[38;2;68;155;132m██[38;2;68;204;158m██[38;2;65;65;65m██[38;2;68;204;158m██[38;2;65;65;65m██████[38;2;68;204;158m██[38;2;0;0;0m██          
                    ████  ██    ████████[38;2;65;65;65m██[38;2;68;204;158m████████[38;2;255;255;255m██[38;2;0;0;0m██        
                                        ████[38;2;255;255;255m██[38;2;65;65;65m██[38;2;255;255;255m██[38;2;65;65;65m██[38;2;0;0;0m██        
                                            ████████          
[0m