              [38;2;0;0;0m████          
          ████[38;2;90;131;82m██[38;2;98;172;98m██[38;2;0;0;0m██        
        ██[38;2;65;65;65m██[38;2;98;172;98m████[38;2;90;131;82m██[38;2;98;172;98m██[38;2;0;0;0m██      
  ████████[38;2;98;172;98m██████[38;2;90;131;82m██[38;2;98;172;98m██[38;2;0;0;0m██      
██[38;2;65;65;65m██[38;2;82;156;123m██[38;2;65;65;65m████[38;2;98;172;98m████████[38;2;90;131;82m██[38;2;98;172;98m██[38;2;0;0;0m██    
██[38;2;82;156;123m██[38;2;65;65;65m██[38;2;106;197;164m████[38;2;65;65;65m██[38;2;98;172;98m████[38;2;65;65;65m████[38;2;98;172;98m██[38;2;0;0;0m████  
  ██[38;2;65;65;65m██[38;2;82;156;123m████[38;2;106;197;164m██[38;2;65;65;65m████[38;2;106;197;164m████[38;2;65;65;65m██[38;2;82;156;123m██[38;2;106;197;164m██[38;2;0;0;0m██
  ██[38;2;82;156;123m██[38;2;65;65;65m██[38;2;82;156;123m████[38;2;106;197;164m████████[38;2;82;156;123m██[38;2;106;197;164m██[38;2;65;65;65m██[38;2;0;0;0m██
    ██[38;2;106;197;164m████████[38;2;65;65;65m██[38;2;106;197;164m████[38;2;65;65;65m██[38;2;106;197;164m██[38;2;0;0;0m██  
  ██[38;2;65;65;65m██[38;2;106;197;164m██████[38;2;65;65;65m████████[38;2;195;180;92m██[38;2;0;0;0m██    
  ██[38;2;0;147;119m██[38;2;65;65;65m██[38;2;106;197;164m██[38;2;65;65;65m████[38;2;255;255;255m██[38;2;195;180;92m██[38;2;232;217;131m████[38;2;0;0;0m██    
  ██[38;2;232;217;131m████[38;2;65;65;65m██[38;2;232;217;131m██[38;2;0;147;119m██████[38;2;232;217;131m████[38;2;0;0;0m██    
    ██[38;2;232;217;131m██████[38;2;72;190;161m██[38;2;0;147;119m██[38;2;72;190;161m██[38;2;232;217;131m██[38;2;65;65;65m██[38;2;0;0;0m██    
  ██[38;2;82;156;123m██[38;2;65;65;65m████[38;2;232;217;131m██████[38;2;65;65;65m██████[38;2;82;156;123m██[38;2;0;0;0m██  
██[38;2;197;197;197m██[38;2;82;156;123m████[38;2;65;65;65m████████[38;2;106;197;164m██████[38;2;65;65;65m██[38;2;82;156;123m██[38;2;0;0;0m██
██[38;2;197;197;197m██[38;2;0;0;0m██[38;2;65;65;65m██[38;2;195;180;92m██[38;2;65;65;65m██[38;2;137;182;4m██[38;2;65;65;65m██[38;2;106;197;164m██████[38;2;255;255;255m██[38;2;65;65;65m██[38;2;0;0;0m██
████  ██[38;2;195;180;92m██[38;2;95;140;0m████[38;2;137;182;4m██[38;2;65;65;65m██[38;2;255;255;255m██████[38;2;0;0;0m██  
        ██[38;2;195;180;92m██[38;2;0;0;0m████[38;2;232;217;131m██[38;2;65;65;65m██[38;2;255;255;255m██[38;2;0;0;0m██    
          ██    ██████      
[0m