              [38;2;0;0;0m████                              
            ██[38;2;89;89;89m██[38;2;0;0;0m██  ████                        
          ██[38;2;54;54;54m██[38;2;89;89;89m██[38;2;65;65;65m██[38;2;0;0;0m██[38;2;89;89;89m██[38;2;0;0;0m██                        
  ████    ██[38;2;89;89;89m████[38;2;48;48;48m██[38;2;89;89;89m██[38;2;0;0;0m██                          
  ██[38;2;89;89;89m██[38;2;0;0;0m████[38;2;89;89;89m██████████[38;2;65;65;65m██[38;2;0;0;0m████                      
  ██[38;2;54;54;54m██[38;2;89;89;89m██[38;2;48;48;48m████[38;2;89;89;89m██████████████[38;2;0;0;0m████                  
    ██[38;2;89;89;89m██████████████████[38;2;54;54;54m██████[38;2;0;0;0m██    ████        
████[38;2;65;65;65m██[38;2;48;48;48m██[38;2;89;89;89m██████████[38;2;65;65;65m████[38;2;54;54;54m████[38;2;65;65;65m██[38;2;0;0;0m██      ██[38;2;89;89;89m██[38;2;0;0;0m██      
██[38;2;89;89;89m████████████[38;2;48;48;48m██[38;2;65;65;65m██[38;2;89;89;89m██[38;2;65;65;65m██[38;2;54;54;54m████████[38;2;0;0;0m██    ██[38;2;89;89;89m██[38;2;0;0;0m██  ██  
  ██[38;2;89;89;89m██[38;2;48;48;48m██[38;2;89;89;89m██████████[38;2;65;65;65m██[38;2;54;54;54m██[38;2;89;89;89m██[38;2;65;65;65m██[38;2;54;54;54m██[38;2;0;0;0m██      ██[38;2;89;89;89m████[38;2;0;0;0m██[38;2;54;54;54m██[38;2;0;0;0m██
  ██[38;2;54;54;54m██[38;2;53;53;53m██[38;2;89;89;89m██████[38;2;124;84;193m████[38;2;89;89;89m██████[38;2;65;65;65m██[38;2;0;0;0m██      ██[38;2;89;89;89m██████[38;2;65;65;65m██[38;2;54;54;54m██[38;2;0;0;0m██
    ██[38;2;54;54;54m██[38;2;53;53;53m██[38;2;89;89;89m██[38;2;0;0;0m██[38;2;214;49;49m██[38;2;255;255;255m██[38;2;53;53;53m██[38;2;89;89;89m████[38;2;0;0;0m██        ██[38;2;89;89;89m██████[38;2;54;54;54m██[38;2;0;0;0m██  
    ██[38;2;165;173;140m██[38;2;222;230;206m██[38;2;53;53;53m██[38;2;255;255;255m████[38;2;53;53;53m████[38;2;89;89;89m██████[38;2;0;0;0m██  ████[38;2;54;54;54m██[38;2;89;89;89m████[38;2;54;54;54m████[38;2;0;0;0m██  
  ██[38;2;124;84;193m██[38;2;222;230;206m██████[38;2;53;53;53m████[38;2;165;173;140m██[38;2;53;53;53m██[38;2;89;89;89m██████[38;2;65;65;65m██[38;2;0;0;0m██[38;2;89;89;89m██████[38;2;65;65;65m██[38;2;54;54;54m████[38;2;0;0;0m██    
    ██[38;2;53;53;53m████[38;2;165;173;140m██[38;2;222;230;206m████[38;2;165;173;140m██[38;2;53;53;53m██[38;2;54;54;54m██[38;2;89;89;89m██████[38;2;65;65;65m████[38;2;89;89;89m████[38;2;54;54;54m██[38;2;65;65;65m██[38;2;0;0;0m██      
      ██[38;2;48;48;48m██[38;2;53;53;53m████[38;2;54;54;54m██[38;2;53;53;53m██[38;2;89;89;89m██[38;2;65;65;65m██[38;2;89;89;89m██████████[38;2;65;65;65m██[38;2;89;89;89m████[38;2;0;0;0m██        
      ██[38;2;48;48;48m████[38;2;53;53;53m██[38;2;54;54;54m██[38;2;48;48;48m██[38;2;89;89;89m██[38;2;65;65;65m██[38;2;89;89;89m██████[38;2;54;54;54m██[38;2;65;65;65m██[38;2;89;89;89m██████[38;2;54;54;54m██[38;2;0;0;0m██      
      ██[38;2;48;48;48m████[38;2;0;0;0m██[38;2;48;48;48m██[38;2;89;89;89m████[38;2;65;65;65m██[38;2;48;48;48m██[38;2;89;89;89m██[38;2;65;65;65m████[38;2;89;89;89m██[38;2;54;54;54m██[38;2;89;89;89m██████[38;2;0;0;0m██      
        ████  ██[38;2;89;89;89m██████[38;2;65;65;65m████[38;2;89;89;89m██[38;2;54;54;54m██[38;2;0;0;0m████[38;2;89;89;89m████[38;2;54;54;54m██[38;2;0;0;0m██      
            ██[38;2;54;54;54m████[38;2;89;89;89m████████[38;2;54;54;54m██[38;2;0;0;0m██    ██[38;2;54;54;54m██████[38;2;0;0;0m██    
            ██[38;2;54;54;54m████[38;2;65;65;65m██[38;2;89;89;89m██████[38;2;0;0;0m██      ██[38;2;54;54;54m██████[38;2;0;0;0m██    
          ██[38;2;54;54;54m██████[38;2;48;48;48m██[38;2;65;65;65m██[38;2;89;89;89m████[38;2;0;0;0m██    ██[38;2;54;54;54m██[38;2;65;65;65m████[38;2;54;54;54m██[38;2;0;0;0m██    
        ██[38;2;54;54;54m████████[38;2;0;0;0m████[38;2;89;89;89m██████[38;2;0;0;0m██  ████[38;2;65;65;65m████[38;2;0;0;0m██      
        ██[38;2;65;65;65m████[38;2;54;54;54m██[38;2;0;0;0m██  ██[38;2;89;89;89m██████[38;2;0;0;0m██    ██████        
          ██████  ██[38;2;89;89;89m██████[38;2;48;48;48m██[38;2;0;0;0m██                  
                  ██[38;2;65;65;65m████[38;2;89;89;89m██[38;2;0;0;0m██                    
                    ██████                      
[0m