      [38;2;0;4;0m██                                                
    ██[38;2;123;114;57m██[38;2;0;4;0m██                                              
  ██[38;2;123;115;57m████[38;2;0;4;0m██                                              
  ██[38;2;123;115;57m████[38;2;123;114;57m██[38;2;0;4;0m██  ████████            ██                    
  ██[38;2;123;115;57m████[38;2;109;123;66m██[38;2;66;56;66m██[38;2;0;4;0m██[38;2;156;155;66m██[38;2;154;156;66m████[38;2;156;155;66m██[38;2;0;4;0m████      ██[38;2;156;155;66m██[38;2;0;4;0m██                  
  ██[38;2;123;115;57m████[38;2;66;56;66m██[38;2;255;186;121m██[38;2;156;155;66m████[38;2;154;156;66m████[38;2;156;155;66m██████[38;2;0;4;0m██    ██[38;2;156;155;66m████[38;2;0;4;0m██                
    [38;2;0;0;8m██[38;2;60;79;30m██[38;2;255;199;144m██[38;2;122;99;61m██[38;2;66;65;66m████[38;2;154;156;66m████[38;2;156;155;66m██[38;2;255;192;132m██[38;2;255;196;139m████[38;2;0;4;0m████[38;2;154;156;66m████[38;2;156;155;66m██[38;2;0;4;0m██                
    [38;2;0;0;8m██[38;2;255;190;128m██[38;2;122;99;61m██[38;2;82;65;66m██[38;2;255;255;255m██[38;2;66;65;66m████[38;2;154;156;66m██[38;2;255;192;132m████[38;2;121;99;62m██[38;2;82;65;66m██[38;2;156;155;66m████[38;2;154;156;66m████[38;2;156;155;66m██[38;2;0;4;0m██                
    [38;2;8;12;0m██[38;2;158;174;137m██[38;2;66;65;66m████[38;2;184;175;151m██[38;2;74;65;57m██[38;2;156;155;66m██[38;2;255;192;132m████[38;2;156;155;66m██[38;2;66;65;66m██[38;2;154;156;66m██████████[38;2;156;155;66m██[38;2;0;4;0m██                
  ██[38;2;255;255;206m██[38;2;8;12;0m██[38;2;154;156;66m██[38;2;66;65;66m██[38;2;74;65;57m██[38;2;129;120;104m██[38;2;156;155;66m██[38;2;255;192;132m████[38;2;156;155;66m██[38;2;154;156;66m████████████[38;2;0;4;0m██                  
  ██[38;2;206;211;115m██[38;2;0;4;0m██[38;2;154;156;66m████████[38;2;158;174;137m██[38;2;8;12;0m██[38;2;255;176;102m██[38;2;132;159;57m██[38;2;154;156;66m████[38;2;156;155;66m██████[38;2;0;4;0m██                    
    ██[38;2;208;165;112m██[38;2;66;65;66m████[38;2;154;156;66m████[38;2;8;12;0m██[38;2;255;255;206m██[38;2;0;0;8m██[38;2;132;159;57m██[38;2;154;156;66m████[38;2;156;155;66m██[38;2;0;4;0m████                      
  ██[38;2;103;123;45m██[38;2;255;184;116m██[38;2;255;153;150m████[38;2;66;69;57m██[38;2;160;111;102m██[38;2;0;4;0m██[38;2;206;211;115m██[38;2;0;0;8m██[38;2;132;159;57m██[38;2;154;156;66m██[38;2;66;65;66m██[38;2;0;4;0m██                          
██[38;2;123;114;57m██[38;2;103;123;45m██[38;2;0;0;16m██[38;2;255;192;132m██[38;2;255;153;150m██[38;2;255;155;152m██[38;2;66;69;57m██[38;2;208;165;112m██[38;2;0;4;0m██[38;2;255;176;102m██[38;2;132;159;57m██[38;2;154;156;66m████[38;2;156;155;66m██[38;2;0;4;0m██                        
  ████  ██[38;2;255;153;150m██████[38;2;66;56;74m██[38;2;255;182;112m██[38;2;173;125;58m██[38;2;123;114;57m██[38;2;66;65;66m██[38;2;159;156;66m██[38;2;156;155;66m████[38;2;0;4;0m██                      
          ██[38;2;215;119;116m████[38;2;192;162;90m██[38;2;66;56;74m██[38;2;173;125;58m████[38;2;112;111;66m██[38;2;66;65;66m██[38;2;0;4;0m████    ████                
            ██[38;2;215;117;114m██[38;2;215;119;116m████[38;2;66;65;66m██[38;2;170;125;60m██[38;2;123;114;57m██[38;2;0;4;0m██      ██[38;2;156;155;66m████[38;2;0;4;0m██              
            ██[38;2;215;117;114m██[38;2;215;119;116m████[38;2;66;65;66m██[38;2;170;125;60m██[38;2;123;114;57m██[38;2;0;4;0m██    ██[38;2;123;114;57m██[38;2;112;109;66m██[38;2;68;61;66m██[38;2;0;4;0m██  ████        
            [38;2;16;0;33m██[38;2;203;123;121m██[38;2;215;119;116m████[38;2;66;60;66m██[38;2;178;133;71m██[38;2;123;114;57m██[38;2;155;156;65m██[38;2;0;4;0m████[38;2;154;156;66m████[38;2;156;155;66m████[38;2;112;110;49m██[38;2;8;8;0m██[38;2;123;115;57m████[38;2;0;4;0m██      
          ██[38;2;255;185;120m██[38;2;203;123;121m██[38;2;215;119;116m████[38;2;66;60;66m██[38;2;255;186;121m██[38;2;123;114;57m██[38;2;155;156;65m██[38;2;156;155;66m████[38;2;154;156;66m████[38;2;156;155;66m██[38;2;221;132;129m██[38;2;165;160;74m██[38;2;112;110;49m██[38;2;123;115;57m██[38;2;66;65;66m██[38;2;0;4;0m██      
          ██[38;2;255;192;132m██[38;2;255;153;150m██[38;2;192;121;119m██[38;2;66;65;66m██[38;2;255;192;132m██[38;2;123;114;57m██[38;2;154;156;66m████[38;2;155;156;65m██[38;2;255;153;150m████[38;2;155;156;65m██████[38;2;156;138;76m██[38;2;224;137;134m██[38;2;221;132;129m██[38;2;123;114;57m██[38;2;118;126;44m██[38;2;0;0;0m██    
        [38;2;0;4;0m██[38;2;255;192;132m██[38;2;255;153;150m████[38;2;255;151;148m██[38;2;66;65;66m██[38;2;255;192;132m██[38;2;123;114;57m██[38;2;154;156;66m████[38;2;155;156;65m████████[38;2;123;114;57m████[38;2;123;121;49m████[38;2;123;114;57m████[38;2;167;124;60m████[38;2;0;4;0m██  
        ██[38;2;255;153;150m██[38;2;255;151;148m████████[38;2;66;65;66m██[38;2;234;167;95m██[38;2;123;114;57m████[38;2;155;156;65m████[38;2;147;161;60m██[38;2;123;110;57m██[38;2;255;192;132m████[38;2;176;128;60m██[38;2;115;111;66m████[38;2;176;128;60m██[38;2;71;49;52m██[38;2;0;16;8m██    
        [38;2;0;4;0m██[38;2;255;153;150m██[38;2;255;151;148m████████[38;2;255;181;178m██[38;2;66;65;66m██[38;2;255;192;132m████[38;2;123;114;57m████[38;2;123;110;57m██[38;2;255;189;126m██[38;2;66;65;66m████[38;2;74;60;66m██[38;2;176;128;60m████[38;2;74;60;66m██[38;2;215;121;118m████[38;2;0;4;0m██  
      ██[38;2;215;117;114m██[38;2;66;65;66m██[38;2;255;153;150m████[38;2;255;151;148m████[38;2;255;153;150m████[38;2;66;65;66m████[38;2;255;192;132m████[38;2;255;182;112m██[38;2;66;56;74m██[38;2;215;119;116m████[38;2;215;117;114m██[38;2;66;65;66m████[38;2;215;117;114m████████[38;2;0;4;0m██
    ██[38;2;215;117;114m██████[38;2;215;119;116m████[38;2;255;151;148m████[38;2;215;119;116m████[38;2;255;153;150m████[38;2;66;65;66m████[38;2;66;56;74m██[38;2;233;134;131m██[38;2;215;119;116m████[38;2;215;117;114m████████[38;2;66;65;66m██[38;2;215;117;114m████[38;2;0;4;0m██
    ██[38;2;215;117;114m██████[38;2;0;4;0m████████[38;2;215;117;114m████[38;2;255;153;150m██████[38;2;215;119;116m██[38;2;215;117;114m████████[38;2;255;153;150m████[38;2;232;138;135m██[38;2;77;52;57m██[38;2;0;4;0m██████  
      ██████        ████[38;2;215;119;116m██[38;2;255;153;150m██████[38;2;215;117;114m██[38;2;0;4;0m████[38;2;215;117;114m██[38;2;215;119;116m██[38;2;255;153;150m██[38;2;232;138;135m██[38;2;0;12;8m██        
                        [38;2;0;4;0m██[38;2;255;153;150m██████[38;2;0;4;0m██    ████████          
                          ██████                        
[0m