                              [38;2;0;0;0m████                                  
                            ██[38;2;255;253;255m██[38;2;0;0;0m██                                  
                          ██[38;2;192;187;199m██[38;2;255;253;255m██[38;2;0;0;0m██                                  
                          ██[38;2;255;253;255m██[38;2;192;187;199m██[38;2;0;0;0m██                                  
                        ██[38;2;255;253;255m████[38;2;0;0;0m██  ████                              
                      ██[38;2;255;253;255m██████[38;2;0;0;0m████[38;2;255;253;255m██[38;2;0;0;0m██              ██████          
                      ██[38;2;255;253;255m██████[38;2;65;65;65m██[38;2;255;253;255m████[38;2;65;65;65m██[38;2;0;0;0m████      ████[38;2;255;253;255m████[38;2;0;0;0m██      ████
                    ██[38;2;255;253;255m██████[38;2;65;65;65m██[38;2;255;253;255m████[38;2;65;65;65m████[38;2;192;187;199m██[38;2;0;0;0m██  ████[38;2;255;253;255m██████[38;2;0;0;0m██      ██[38;2;255;253;255m██[38;2;0;0;0m██
                    ██[38;2;255;253;255m████[38;2;65;65;65m██[38;2;255;253;255m██████[38;2;65;65;65m██[38;2;192;187;199m████[38;2;0;0;0m████[38;2;255;253;255m████████[38;2;192;187;199m██[38;2;0;0;0m██  ████[38;2;255;253;255m████[38;2;0;0;0m██
                  ██[38;2;255;253;255m████████████[38;2;192;187;199m██████[38;2;65;65;65m████[38;2;255;253;255m██████████[38;2;0;0;0m██  ██[38;2;255;253;255m██[38;2;65;65;65m██[38;2;255;253;255m██[38;2;65;65;65m██[38;2;0;0;0m██
                  ██[38;2;255;253;255m██[38;2;255;234;157m██[38;2;255;214;58m██[38;2;255;234;157m██[38;2;255;253;255m██████[38;2;65;65;65m████[38;2;255;253;255m████████████[38;2;0;0;0m██    ██[38;2;255;253;255m██[38;2;65;65;65m██[38;2;192;187;199m██[38;2;0;0;0m██  
                  ██[38;2;255;253;255m██[38;2;255;214;58m██[38;2;239;123;115m██[38;2;255;214;58m██[38;2;255;253;255m████████████████████[38;2;65;65;65m██[38;2;0;0;0m██  ██[38;2;192;187;199m██[38;2;255;253;255m██[38;2;192;187;199m████[38;2;0;0;0m████
        ████    ██[38;2;173;168;170m██[38;2;255;253;255m██[38;2;255;214;58m██[38;2;199;80;74m██[38;2;255;214;58m██[38;2;255;253;255m██████████████████[38;2;65;65;65m██[38;2;192;187;199m██[38;2;65;65;65m██[38;2;0;0;0m██[38;2;65;65;65m██[38;2;192;187;199m██████[38;2;65;65;65m██[38;2;192;187;199m██[38;2;0;0;0m██
      ██[38;2;255;253;255m██[38;2;0;0;0m██    ██[38;2;157;149;148m██[38;2;255;253;255m██[38;2;255;234;157m██[38;2;255;214;58m██[38;2;255;234;157m██[38;2;255;253;255m████[38;2;157;149;148m██[38;2;255;253;255m████████████[38;2;65;65;65m████[38;2;255;253;255m████[38;2;65;65;65m██[38;2;192;187;199m██████████[38;2;0;0;0m██
      ██[38;2;255;253;255m██[38;2;0;0;0m██  ██[38;2;65;65;65m██[38;2;157;149;148m██[38;2;0;0;0m██[38;2;255;253;255m██████[38;2;0;0;0m██[38;2;157;149;148m████[38;2;173;168;170m██[38;2;255;253;255m██[38;2;192;187;199m██[38;2;255;253;255m████[38;2;65;65;65m██[38;2;255;253;255m██████[38;2;65;65;65m██[38;2;255;253;255m██████████[38;2;0;0;0m██  
  ████[38;2;192;187;199m██[38;2;255;253;255m██[38;2;0;0;0m████[38;2;192;187;199m██[38;2;65;65;65m██[38;2;255;253;255m████████[38;2;157;149;148m██[38;2;0;0;0m██[38;2;157;149;148m████[38;2;255;253;255m████[38;2;65;65;65m██[38;2;255;253;255m██████████[38;2;65;65;65m██[38;2;240;194;208m████████████[38;2;0;0;0m██  
██[38;2;255;253;255m██[38;2;65;65;65m██[38;2;255;253;255m██████[38;2;192;187;199m██[38;2;0;0;0m████[38;2;65;65;65m██[38;2;255;253;255m████████[38;2;157;149;148m████[38;2;255;253;255m████[38;2;65;65;65m██[38;2;255;255;255m██[38;2;65;65;65m██[38;2;255;253;255m████[38;2;240;194;208m████[38;2;225;136;162m██[38;2;65;65;65m██[38;2;232;165;185m████████[38;2;0;0;0m██    
██[38;2;240;194;208m██[38;2;65;65;65m██[38;2;240;194;208m██████[38;2;0;0;0m██  ██[38;2;189;173;181m██[38;2;65;65;65m████[38;2;255;253;255m████████[38;2;65;65;65m████[38;2;255;255;255m████[38;2;65;65;65m██[38;2;255;253;255m██[38;2;65;65;65m██[38;2;225;136;162m████[38;2;65;65;65m██[38;2;232;165;185m██████[38;2;225;136;162m██[38;2;65;65;65m██[38;2;0;0;0m██    
██[38;2;225;136;162m████████████[38;2;0;0;0m██  ██[38;2;189;173;181m██[38;2;240;194;208m██[38;2;65;65;65m████████[38;2;189;173;181m██[38;2;255;255;255m████[38;2;239;181;173m██[38;2;65;65;65m██[38;2;255;253;255m██[38;2;65;65;65m██[38;2;225;136;162m██[38;2;65;65;65m████[38;2;225;136;162m████[38;2;65;65;65m██[38;2;0;0;0m████      
  ██[38;2;225;136;162m████████[38;2;0;0;0m██    ██[38;2;225;136;162m██[38;2;240;194;208m██[38;2;255;255;255m████[38;2;189;173;181m██[38;2;255;255;255m██[38;2;189;173;181m██[38;2;255;255;255m██[38;2;239;181;173m██[38;2;65;65;65m██[38;2;255;253;255m████[38;2;65;65;65m████[38;2;255;253;255m██[38;2;0;0;0m████████          
  ██[38;2;192;187;199m██[38;2;225;136;162m████[38;2;192;187;199m██[38;2;0;0;0m██      ██[38;2;225;136;162m██[38;2;239;181;173m████[38;2;189;173;181m██[38;2;239;181;173m██[38;2;189;173;181m██[38;2;65;65;65m██[38;2;239;181;173m██[38;2;65;65;65m██[38;2;255;253;255m████[38;2;65;65;65m██[38;2;255;253;255m████[38;2;0;0;0m██                
    ████████          ██[38;2;225;136;162m████[38;2;239;181;173m████[38;2;65;65;65m██[38;2;255;253;255m██[38;2;65;65;65m██[38;2;255;253;255m████[38;2;65;65;65m██[38;2;255;253;255m████[38;2;0;0;0m██                  
                        ████[38;2;225;136;162m████[38;2;65;65;65m██[38;2;240;194;208m██[38;2;65;65;65m██[38;2;240;194;208m████[38;2;255;253;255m████[38;2;240;194;208m██[38;2;0;0;0m████                
                            ████[38;2;65;65;65m██[38;2;225;136;162m██████[38;2;240;194;208m██████[38;2;65;65;65m██[38;2;225;136;162m██[38;2;0;0;0m██                
                                ██[38;2;65;65;65m██[38;2;225;136;162m████████[38;2;65;65;65m██[38;2;225;136;162m██[38;2;0;0;0m██                  
                                ██[38;2;65;65;65m██[38;2;225;136;162m████████████[38;2;0;0;0m██                  
                                ██[38;2;225;136;162m████████████[38;2;0;0;0m██                    
                                  ████[38;2;225;136;162m████[38;2;0;0;0m████                      
                                      ████                          
[0m