                      [38;2;0;0;8m████  [38;2;0;0;0m██[38;2;0;4;0m████[38;2;0;0;0m██                                                
                    ██[38;2;207;211;213m██[38;2;72;71;68m██[38;2;0;0;0m██[38;2;253;222;149m██[38;2;254;227;164m██[38;2;66;66;66m██[38;2;204;208;210m██[38;2;0;0;0m██████                [38;2;65;64;65m████                      
              [38;2;0;0;8m████[38;2;0;0;0m██[38;2;204;208;210m██[38;2;65;64;65m████[38;2;254;219;154m████[38;2;253;222;149m██[38;2;78;78;77m██[38;2;204;208;210m████[38;2;65;64;65m██[38;2;204;208;210m██[38;2;0;0;0m████            [38;2;65;64;65m██[38;2;94;97;94m██[38;2;65;64;65m████                  
          [38;2;0;0;0m████[38;2;207;211;213m██[38;2;72;71;68m██[38;2;204;208;210m████[38;2;65;64;65m██[38;2;253;222;149m██[38;2;254;219;154m████[38;2;253;222;149m██[38;2;78;78;77m██[38;2;204;208;210m████[38;2;65;64;65m██[38;2;204;208;210m██████[38;2;0;0;0m████          [38;2;65;64;65m██[38;2;94;97;94m████[38;2;65;64;65m████              
        [38;2;0;0;0m██[38;2;204;208;210m████[38;2;65;64;65m██[38;2;204;208;210m████[38;2;65;64;65m██[38;2;254;219;154m████[38;2;253;222;149m████[38;2;65;64;65m██[38;2;204;208;210m████████[38;2;65;64;65m██[38;2;204;208;210m████████[38;2;0;0;8m████        [38;2;65;64;65m██[38;2;94;97;94m████[38;2;65;64;65m██              
      [38;2;0;0;0m██[38;2;139;143;147m██[38;2;141;145;149m██[38;2;204;208;210m██[38;2;65;64;65m██[38;2;204;208;210m████[38;2;65;64;65m██[38;2;254;219;154m████[38;2;65;64;65m████[38;2;204;208;210m██████████[38;2;65;64;65m██[38;2;204;208;210m████████[38;2;207;211;213m██[38;2;72;71;68m██[38;2;0;0;0m██      [38;2;65;64;65m██[38;2;94;97;94m██████[38;2;65;64;65m████          
        [38;2;8;4;8m██[38;2;147;151;154m████[38;2;65;64;65m██[38;2;202;206;207m██[38;2;204;208;210m████[38;2;65;64;65m████[38;2;204;208;210m████████████[38;2;65;64;65m██[38;2;204;208;210m██████[38;2;202;206;207m██[38;2;133;137;140m██[38;2;143;147;150m████[38;2;0;0;0m██      [38;2;65;64;65m██[38;2;94;97;94m██[38;2;95;97;95m████[38;2;94;97;94m██[38;2;65;64;65m████        
      [38;2;53;52;53m██[38;2;98;101;98m██[38;2;0;0;0m██[38;2;147;151;154m██[38;2;156;160;163m██[38;2;65;64;65m██[38;2;204;208;210m████████████████[38;2;65;64;65m████[38;2;204;208;210m████[38;2;141;145;149m████[38;2;155;159;162m████[38;2;143;147;150m██[38;2;0;0;0m██        [38;2;65;64;65m██[38;2;94;97;94m██[38;2;95;97;95m████[38;2;94;97;94m██████[38;2;65;64;65m██      
    ██[38;2;95;97;95m████[38;2;94;97;94m██[38;2;0;0;0m██[38;2;59;58;57m████[38;2;157;161;163m██[38;2;206;209;210m██[38;2;204;208;210m████[38;2;206;209;210m██[38;2;162;166;168m██[38;2;65;64;65m██████[38;2;204;208;210m████[38;2;141;145;149m██[38;2;152;156;158m████████[38;2;0;0;0m██      [38;2;65;64;65m████[38;2;95;97;95m████████████[38;2;94;97;94m██[38;2;65;64;65m██      
    ██[38;2;95;97;95m████[38;2;94;97;94m████[38;2;0;8;24m██[38;2;159;163;165m██[38;2;62;57;65m██[38;2;157;161;163m██[38;2;152;156;158m████[38;2;65;64;65m██[38;2;111;207;236m██[38;2;0;24;24m██[38;2;111;207;236m██[38;2;65;64;65m██[38;2;204;208;210m████[38;2;141;145;149m██[38;2;152;156;158m████[38;2;55;54;52m██[38;2;0;4;16m██      [38;2;65;64;65m██[38;2;94;97;94m████[38;2;95;97;95m████████████[38;2;94;97;94m████[38;2;65;64;65m██    
    ██[38;2;94;97;94m██[38;2;65;64;65m████[38;2;98;97;98m██[38;2;94;97;94m██[38;2;0;0;0m██[38;2;153;157;159m██[38;2;65;64;65m██[38;2;154;158;160m██[38;2;74;76;82m██[38;2;102;101;100m██[38;2;65;64;65m██[38;2;111;207;236m██[38;2;65;64;65m██[38;2;155;159;161m██[38;2;202;206;207m██[38;2;204;208;210m██[38;2;152;156;158m██[38;2;65;64;65m██[38;2;0;0;0m██          [38;2;65;64;65m██[38;2;95;97;95m████[38;2;94;97;94m████[38;2;0;0;0m████[38;2;98;101;98m██[38;2;53;52;53m██[38;2;94;97;94m████[38;2;65;64;65m██    
  ██[38;2;94;97;94m██[38;2;65;64;65m██  [38;2;0;0;0m████[38;2;94;97;94m██[38;2;0;0;0m██[38;2;153;157;159m██[38;2;65;64;65m██[38;2;103;102;100m████[38;2;79;74;79m██[38;2;102;101;100m██[38;2;65;64;65m██[38;2;153;157;159m██[38;2;62;57;65m██[38;2;202;206;207m██[38;2;152;156;158m████[38;2;0;0;0m██      [38;2;65;64;65m██████[38;2;94;97;94m██[38;2;95;97;95m████[38;2;94;97;94m██[38;2;0;0;0m██[38;2;95;203;235m████[38;2;8;4;8m██  [38;2;65;64;65m██[38;2;94;97;94m██[38;2;65;64;65m██    
██[38;2;94;97;94m██[38;2;65;64;65m██  [38;2;0;0;0m██[38;2;43;143;180m████[38;2;0;0;0m██[38;2;98;97;98m██[38;2;0;4;8m██[38;2;159;163;165m██[38;2;67;65;74m████[38;2;97;96;94m██[38;2;65;68;74m██[38;2;153;157;159m████[38;2;62;57;65m██[38;2;202;206;207m██[38;2;158;162;165m██[38;2;65;64;74m██[38;2;71;70;68m██[38;2;0;0;16m██  [38;2;53;52;53m██[38;2;95;97;95m████[38;2;94;97;94m████[38;2;95;97;95m██[38;2;0;4;8m██[38;2;0;24;24m██[38;2;51;71;77m██[38;2;95;203;235m████[38;2;0;0;0m██    [38;2;65;64;65m██[38;2;94;97;94m██[38;2;65;64;65m██  
██[38;2;94;97;94m██[38;2;65;64;65m██  [38;2;0;0;0m██[38;2;43;143;180m████[38;2;0;0;0m██[38;2;65;64;65m██[38;2;0;4;8m██[38;2;56;55;53m██[38;2;155;159;161m██[38;2;67;65;74m██[38;2;152;156;158m████[38;2;153;157;159m██[38;2;65;64;65m██[38;2;202;206;207m██[38;2;155;159;161m██[38;2;65;64;74m██[38;2;208;156;85m██[38;2;71;70;68m██[38;2;202;206;208m██[38;2;8;4;8m██[38;2;98;101;98m██[38;2;95;97;95m████[38;2;0;0;0m████[38;2;0;4;8m██[38;2;106;182;205m██[38;2;111;207;236m██[38;2;51;71;77m██[38;2;0;0;0m██[38;2;95;203;235m██[38;2;0;0;0m██    [38;2;65;64;65m██[38;2;94;97;94m██[38;2;65;64;65m██  
████    [38;2;0;0;0m██[38;2;41;140;180m██[38;2;0;0;0m██  ██[38;2;153;157;159m████[38;2;65;64;65m██[38;2;214;164;92m██[38;2;65;64;65m██████[38;2;43;143;180m██[38;2;65;64;65m████[38;2;214;164;92m████[38;2;65;64;65m██[38;2;204;208;210m██[38;2;211;215;216m██[38;2;0;0;0m██[38;2;98;97;98m██[38;2;0;0;0m██[38;2;97;203;235m████[38;2;48;73;74m██[38;2;111;207;236m██[38;2;95;203;235m██[38;2;0;0;0m██  ██[38;2;94;97;94m██[38;2;65;64;65m██    ████  
          [38;2;0;0;0m██  ██[38;2;204;208;210m██[38;2;153;157;159m██[38;2;65;64;65m████[38;2;214;164;92m██[38;2;43;143;180m████████[38;2;86;134;160m████[38;2;214;164;92m██[38;2;65;64;65m██[38;2;204;208;210m████[38;2;139;143;146m██[38;2;0;0;0m██[38;2;65;64;65m██[38;2;0;0;0m██[38;2;97;203;235m████[38;2;48;73;74m██[38;2;0;24;24m██[38;2;95;203;235m██[38;2;0;0;0m██    [38;2;65;64;65m████          
                [38;2;0;0;0m██[38;2;204;208;210m████[38;2;65;64;65m██[38;2;254;228;164m██[38;2;101;101;100m████████[38;2;107;106;103m██[38;2;57;60;65m██[38;2;62;57;65m██[38;2;202;206;207m██[38;2;206;209;210m██[38;2;157;161;163m██[38;2;59;58;57m██[38;2;0;8;24m██    [38;2;0;0;0m██[38;2;95;203;235m██[38;2;0;0;0m██  ██[38;2;65;64;65m██                  
                [38;2;0;0;0m██[38;2;65;64;65m██[38;2;204;208;210m██[38;2;198;202;206m██[38;2;65;64;65m██[38;2;101;101;100m████████[38;2;57;60;65m██[38;2;199;204;205m██[38;2;202;206;207m██[38;2;155;159;161m██[38;2;157;161;163m██[38;2;62;57;65m██[38;2;159;163;165m██[38;2;59;58;57m██[38;2;0;0;0m████████                          
              ██[38;2;152;156;158m██[38;2;157;161;163m██[38;2;62;57;65m██[38;2;56;81;82m██[38;2;174;219;232m██[38;2;97;203;235m████████[38;2;96;190;219m██[38;2;65;56;65m██[38;2;65;64;65m██████[38;2;153;157;159m██[38;2;65;64;65m████[38;2;253;222;149m██[38;2;214;164;92m██[38;2;253;223;151m██[38;2;65;68;65m██[38;2;0;0;0m██                        
                ██[38;2;157;161;163m██[38;2;206;209;210m██[38;2;56;81;82m██[38;2;118;149;159m██[38;2;97;203;235m████████[38;2;65;56;65m██[38;2;204;208;210m██████[38;2;153;157;159m██[38;2;65;64;65m██[38;2;153;157;159m██[38;2;65;64;65m██[38;2;253;222;149m████[38;2;208;157;88m██[38;2;253;223;151m██[38;2;253;222;149m██[38;2;0;0;0m████                    
              ██[38;2;152;156;158m██[38;2;65;64;65m████[38;2;253;221;147m██[38;2;103;103;102m██[38;2;101;101;100m████████[38;2;98;97;95m██[38;2;65;68;74m██[38;2;65;64;65m██████[38;2;153;157;159m██[38;2;65;68;65m██[38;2;253;223;151m██[38;2;253;222;149m████[38;2;214;164;92m████[38;2;253;222;149m████[38;2;211;161;91m██[38;2;0;4;0m██                  
                [38;2;0;0;0m██[38;2;153;157;159m████[38;2;57;60;57m██[38;2;103;103;102m██[38;2;101;101;100m████████[38;2;65;68;74m██[38;2;154;158;160m██[38;2;153;157;159m██████[38;2;65;64;65m██[38;2;208;157;88m██[38;2;253;223;151m██[38;2;253;222;149m██[38;2;214;164;92m██[38;2;253;222;149m████[38;2;214;164;92m████[38;2;254;227;164m████[38;2;0;0;0m██                
                  [38;2;8;0;0m██[38;2;74;63;68m██[38;2;248;215;135m██[38;2;88;164;187m██[38;2;96;200;231m████████[38;2;96;190;219m██[38;2;65;72;65m██[38;2;70;70;70m████[38;2;65;64;65m██[38;2;253;222;149m████[38;2;214;164;92m████[38;2;253;222;149m██[38;2;254;219;154m████[38;2;253;223;151m██[38;2;208;157;88m██[38;2;254;219;154m████[38;2;254;227;164m██[38;2;0;4;0m██              
                [38;2;0;0;0m██[38;2;254;227;164m██[38;2;74;63;68m██[38;2;134;170;183m██[38;2;44;158;192m██[38;2;41;140;180m████████[38;2;85;148;167m████[38;2;70;70;70m██[38;2;253;222;149m████████[38;2;123;81;45m██[38;2;253;222;149m████[38;2;254;219;154m████[38;2;253;223;151m██[38;2;65;68;65m██[38;2;254;219;154m████[38;2;254;227;164m██[38;2;211;161;91m██[38;2;0;0;0m██            
              ██[38;2;253;222;149m██████[38;2;78;78;77m██[38;2;136;136;135m██[38;2;101;101;100m████████[38;2;136;136;135m██[38;2;78;78;77m██[38;2;254;219;154m████████[38;2;253;222;149m████[38;2;65;64;65m██[38;2;253;222;149m██[38;2;254;223;151m████[38;2;111;110;107m██[38;2;57;60;74m██[38;2;214;164;92m████[38;2;120;97;64m██[38;2;207;211;213m██[38;2;210;214;216m██[38;2;0;8;24m██          
            [38;2;0;0;0m██[38;2;97;97;97m██[38;2;253;222;149m████[38;2;214;164;92m██[38;2;78;78;77m██[38;2;136;136;135m██[38;2;101;101;100m████████[38;2;136;136;135m██[38;2;78;78;77m██[38;2;254;219;154m████████[38;2;100;100;99m████[38;2;65;64;65m██[38;2;253;222;149m██[38;2;254;223;151m██[38;2;123;97;66m██[38;2;204;208;210m████[38;2;65;64;65m██[38;2;214;164;92m██[38;2;214;164;91m██[38;2;120;97;64m██[38;2;75;75;73m████[38;2;0;0;0m██        
          ██[38;2;152;156;158m██[38;2;159;163;165m██[38;2;106;109;106m██[38;2;216;166;94m████[38;2;103;102;99m██[38;2;74;76;82m██[38;2;134;139;144m██[38;2;102;102;101m████[38;2;134;139;144m██[38;2;83;83;82m████[38;2;100;100;99m██[38;2;254;228;164m██[38;2;254;227;164m██[38;2;102;102;100m██[38;2;204;208;210m██████[38;2;65;64;74m██[38;2;216;166;94m████[38;2;122;97;66m████[38;2;65;64;65m██[38;2;216;166;92m██[38;2;214;164;92m████[38;2;65;64;65m██[38;2;99;99;98m████[38;2;0;0;0m██████  
            ██[38;2;106;109;106m██[38;2;126;125;122m██[38;2;216;166;94m██[38;2;101;101;100m██[38;2;152;156;158m████[38;2;65;64;65m████████[38;2;83;83;82m██[38;2;204;208;210m██[38;2;198;202;206m██[38;2;122;96;65m██[38;2;213;163;91m████[38;2;122;96;65m████[38;2;65;64;74m██[38;2;133;138;142m██[38;2;122;97;66m██[38;2;216;166;94m██████[38;2;65;64;65m██[38;2;123;98;66m██[38;2;214;164;92m████[38;2;65;64;65m██[38;2;99;99;98m██████████[38;2;0;0;0m██
            ██[38;2;152;156;158m██[38;2;100;100;99m██[38;2;126;125;122m██[38;2;106;109;106m██[38;2;99;99;98m██[38;2;65;64;65m██[38;2;101;101;100m████[38;2;99;99;98m████[38;2;0;0;0m██[38;2;99;99;98m██[38;2;101;101;100m██[38;2;216;166;94m██[38;2;129;104;69m██[38;2;202;149;81m██[38;2;214;164;92m████[38;2;65;64;65m██[38;2;120;95;64m██[38;2;152;156;158m██[38;2;122;96;65m██[38;2;216;166;94m████[38;2;65;64;65m██[38;2;153;157;159m██[38;2;122;96;65m████[38;2;65;65;64m██[38;2;98;98;97m██[38;2;99;99;98m████[38;2;0;0;0m████  
            ██[38;2;152;156;158m██[38;2;100;100;99m██[38;2;106;109;106m██[38;2;159;163;165m██[38;2;99;99;98m██[38;2;65;64;65m██[38;2;101;101;100m████[38;2;99;99;98m██[38;2;0;0;0m██  ██[38;2;216;166;94m██[38;2;122;97;66m██[38;2;159;163;165m██[38;2;129;104;69m██[38;2;214;164;92m████[38;2;65;64;65m██[38;2;120;95;64m██[38;2;152;156;158m██[38;2;122;96;65m██[38;2;122;97;66m████[38;2;65;64;65m██[38;2;153;157;159m██[38;2;122;96;65m██[38;2;152;156;158m██[38;2;0;0;0m████████      
          ██[38;2;204;208;210m██[38;2;152;156;158m████[38;2;0;0;0m██[38;2;152;156;158m██[38;2;78;78;77m██[38;2;0;0;0m████████  [38;2;0;0;8m██[38;2;104;103;98m██[38;2;144;148;152m██[38;2;100;99;97m██[38;2;151;155;158m██[38;2;102;101;98m██[38;2;144;148;152m██[38;2;100;99;97m██[38;2;56;55;53m██[38;2;159;163;165m██[38;2;211;215;216m██[38;2;141;145;147m██[38;2;104;103;98m██[38;2;150;154;157m██[38;2;0;0;0m██[38;2;152;156;158m██[38;2;0;0;0m████              
            ██████  ████          [38;2;0;0;8m██[38;2;150;154;157m██[38;2;0;0;8m██[38;2;144;148;152m██[38;2;206;210;211m██[38;2;151;155;158m██[38;2;0;0;8m██[38;2;144;148;152m██[38;2;0;4;8m████[38;2;211;215;216m██[38;2;8;0;0m██[38;2;0;0;8m████  [38;2;0;0;0m██                  
                                    ██  ██[38;2;204;208;210m██[38;2;0;0;0m██  ██    ██                            
                                          ██                                        
[0m