        [38;2;0;4;0m██                                                              
      ██[38;2;159;184;196m██[38;2;0;4;0m██                                                            
      ██[38;2;159;184;196m████[38;2;0;4;0m██                              ██████                  ██  
      ██[38;2;66;102;178m██[38;2;159;184;196m██[38;2;0;4;0m██                        ██████[38;2;226;239;250m████[38;2;0;4;0m██                ██[38;2;40;126;198m██[38;2;0;4;0m██
      ██[38;2;51;101;187m██[38;2;159;184;196m████[38;2;0;4;0m██                  ████[38;2;226;239;250m██████[38;2;235;246;255m██[38;2;151;171;178m██[38;2;0;4;0m██              ██[38;2;40;126;198m████[38;2;0;4;0m██
      ██[38;2;51;101;187m████[38;2;159;184;196m██[38;2;0;4;0m██                ██[38;2;226;239;250m██████[38;2;62;99;177m████[38;2;151;171;178m██[38;2;8;12;8m██              [38;2;0;4;0m██[38;2;40;126;198m██████[38;2;0;4;0m██
        ██[38;2;48;103;192m██[38;2;159;184;196m██[38;2;0;4;0m██                [38;2;0;4;16m██[38;2;206;233;255m██[38;2;62;99;177m████[38;2;49;103;194m██[38;2;159;184;196m████[38;2;0;4;0m██            ██[38;2;40;126;198m██[38;2;42;125;200m████[38;2;40;126;198m██[38;2;0;4;0m██
        ██[38;2;48;103;192m██[38;2;159;184;196m██[38;2;0;4;0m██    ██████    ██[38;2;206;233;255m██[38;2;102;114;136m██[38;2;42;124;200m████[38;2;49;103;194m██[38;2;159;184;196m██[38;2;0;4;0m██            ██[38;2;40;126;198m████[38;2;42;125;200m████[38;2;40;126;198m██[38;2;0;4;0m██
          ██[38;2;146;174;208m████[38;2;8;4;0m████[38;2;226;239;250m██████[38;2;0;4;0m██[38;2;0;0;0m██[38;2;74;79;77m██[38;2;226;239;250m██[38;2;56;103;188m██[38;2;49;103;194m████[38;2;159;184;196m████[38;2;0;4;0m██            ██[38;2;44;124;202m████████[38;2;98;123;128m██[38;2;0;4;0m██
            [38;2;0;4;8m██[38;2;104;128;134m██[38;2;115;199;222m██[38;2;43;69;74m██[38;2;226;239;250m██[38;2;66;65;66m██[38;2;226;239;250m████[38;2;74;79;77m██[38;2;225;236;246m██[38;2;56;103;188m████[38;2;159;184;196m██████[38;2;0;4;0m██              ██[38;2;62;106;135m██[38;2;44;124;202m████[38;2;62;106;135m██[38;2;208;233;255m██[38;2;0;4;0m██
          ██[38;2;173;235;214m██[38;2;74;121;165m██[38;2;107;199;222m████[38;2;66;60;74m██[38;2;107;199;222m██[38;2;57;65;74m██[38;2;189;228;255m██[38;2;66;65;66m██[38;2;226;239;250m██[38;2;159;184;196m██████[38;2;0;4;0m████                ██[38;2;226;239;250m██[38;2;62;106;135m████[38;2;226;239;250m██[38;2;0;4;0m██  
        ██[38;2;107;199;222m██[38;2;74;121;165m██[38;2;173;235;214m██[38;2;173;233;211m██[38;2;107;199;222m██[38;2;86;129;148m██[38;2;107;199;222m██[38;2;145;189;194m██[38;2;57;65;74m██[38;2;226;239;250m████[38;2;66;65;66m████[38;2;0;4;0m██                    ██[38;2;226;239;250m████████[38;2;0;4;0m██  
        ██[38;2;66;162;173m██[38;2;71;127;150m██[38;2;74;158;189m██[38;2;118;191;200m██[38;2;165;239;222m██[38;2;94;145;156m██[38;2;148;231;231m██[38;2;123;215;222m████[38;2;66;65;66m██[38;2;231;244;255m██[38;2;0;4;0m██                      ██[38;2;226;239;250m██[38;2;225;240;252m████[38;2;226;239;250m██[38;2;0;4;0m██    
          ██[38;2;66;65;74m██[38;2;71;127;150m██[38;2;71;144;178m████[38;2;41;60;82m██[38;2;94;145;156m██[38;2;101;165;170m██[38;2;57;65;66m██[38;2;66;65;66m██[38;2;166;189;189m██[38;2;159;184;196m██[38;2;0;4;0m██                    ██[38;2;226;239;250m██[38;2;225;240;252m████[38;2;226;239;250m██[38;2;0;4;0m██    
          ██[38;2;166;189;189m██[38;2;66;65;66m██████[38;2;184;194;192m██[38;2;74;73;66m██[38;2;66;65;66m██[38;2;88;157;170m██[38;2;66;65;66m██[38;2;159;184;196m████[38;2;0;4;0m██                    ██[38;2;226;239;250m██████[38;2;0;4;0m██      
        ██[38;2;99;158;165m██[38;2;66;65;66m██[38;2;231;244;255m██[38;2;226;239;250m████[38;2;74;73;66m██[38;2;239;249;255m██[38;2;66;65;66m██[38;2;99;203;222m██[38;2;66;65;66m██[38;2;159;184;196m████[38;2;0;4;0m██                  ██[38;2;226;239;250m██████[38;2;0;4;0m██        
        [38;2;8;0;0m██[38;2;84;156;170m██[38;2;66;65;66m██[38;2;231;244;255m██[38;2;226;239;250m██[38;2;82;81;66m██[38;2;62;99;177m██[38;2;42;124;200m██[38;2;66;65;74m██[38;2;99;199;231m██[38;2;107;199;222m██[38;2;66;65;66m██[38;2;159;184;196m██[38;2;0;4;0m██                ██[38;2;159;184;196m██[38;2;151;174;169m██[38;2;244;250;255m██[38;2;0;4;0m██          
      ██[38;2;84;156;170m██[38;2;46;78;85m██[38;2;166;189;189m██[38;2;231;244;255m██[38;2;226;239;250m████[38;2;62;99;177m████[38;2;66;105;168m██[38;2;66;65;74m██[38;2;107;199;222m██[38;2;66;65;66m██[38;2;0;4;0m██        ██████  ██[38;2;159;184;196m████[38;2;0;8;0m████            
    [38;2;0;0;0m██[38;2;74;158;181m██[38;2;66;162;173m██[38;2;0;4;0m██[38;2;146;174;208m██[38;2;97;117;141m██[38;2;225;240;252m████[38;2;226;239;250m████[38;2;159;184;196m██[38;2;66;65;66m██[38;2;107;199;222m████[38;2;0;4;0m██  ████[38;2;0;8;0m██[38;2;81;142;191m██[38;2;62;106;135m██[38;2;226;239;250m██[38;2;0;8;0m██[38;2;151;174;169m██[38;2;0;4;0m████                
  ██[38;2;74;158;181m██[38;2;49;105;120m██[38;2;0;4;0m██  [38;2;0;4;8m██[38;2;146;174;208m██[38;2;225;240;252m████[38;2;226;239;250m██[38;2;158;184;196m██[38;2;159;184;196m████[38;2;66;65;66m██[38;2;107;199;222m████[38;2;0;4;0m██[38;2;208;233;255m██[38;2;98;123;128m██[38;2;54;98;127m████[38;2;226;239;250m████[38;2;244;250;255m██[38;2;0;8;0m██                    
[38;2;0;4;0m██[38;2;40;88;154m██[38;2;34;83;150m██[38;2;61;102;161m██[38;2;0;4;0m██    ██████[38;2;159;184;196m██████[38;2;66;65;66m████[38;2;132;195;206m██[38;2;107;199;222m████[38;2;57;65;66m██[38;2;217;237;255m██[38;2;225;240;252m████[38;2;226;239;250m██████[38;2;0;4;0m██                    
██[38;2;40;88;154m██[38;2;61;102;161m████[38;2;0;4;0m██          ████[38;2;159;184;196m████[38;2;114;169;224m██[38;2;66;65;66m██[38;2;107;199;222m██[38;2;61;102;161m██[38;2;131;151;182m██[38;2;57;65;66m██[38;2;225;240;252m████[38;2;62;106;135m██[38;2;226;239;250m████[38;2;0;4;0m██                    
██[38;2;61;102;161m████[38;2;0;4;0m██                ██[38;2;159;184;196m██[38;2;166;189;189m██[38;2;66;65;66m██[38;2;107;203;222m██[38;2;66;98;145m██[38;2;69;130;215m████[38;2;60;66;63m██[38;2;159;184;196m██[38;2;98;123;128m██[38;2;208;233;255m██[38;2;226;239;250m██[38;2;159;184;196m██[38;2;0;4;0m██                  
██[38;2;61;102;161m██[38;2;0;4;0m██                  ██[38;2;159;184;196m██[38;2;66;65;66m██[38;2;231;244;255m██[38;2;66;69;66m██[38;2;64;129;220m██[38;2;69;130;215m████[38;2;60;66;63m██[38;2;8;4;0m██[38;2;0;4;0m██[38;2;98;123;128m██[38;2;159;184;196m████[38;2;0;4;0m██                  
  ██                  ██[38;2;159;184;196m████[38;2;66;65;66m██[38;2;226;239;250m████[38;2;74;81;77m██[38;2;71;130;214m████[38;2;0;4;0m██    ██[38;2;52;104;136m██[38;2;144;178;205m██[38;2;0;4;0m██                  
                      ██[38;2;88;106;116m██[38;2;57;73;74m██[38;2;226;239;250m██████[38;2;0;0;0m██[38;2;0;4;0m██[38;2;71;130;214m██[38;2;0;4;0m██    ██[38;2;98;141;171m██[38;2;52;104;136m██[38;2;0;4;0m██                  
                    ██[38;2;62;106;135m██[38;2;69;102;127m██[38;2;66;69;66m██[38;2;52;104;136m██[38;2;207;241;250m██[38;2;0;4;0m██    ████    ██[38;2;76;135;181m████[38;2;0;4;0m██                  
                    ██[38;2;62;106;135m██[38;2;66;69;66m██[38;2;74;135;188m██[38;2;104;148;172m██[38;2;52;104;136m██[38;2;0;4;0m██              ████                    
                      ████[38;2;62;106;135m██[38;2;83;136;181m██[38;2;0;4;0m██                                        
                          ████                                          
[0m