                    [38;2;0;0;0m██                                                            
                  ██[38;2;61;101;1m██[38;2;0;0;0m██                                                          
                  ██[38;2;61;101;1m██[38;2;0;0;0m██                                                          
                  ██[38;2;61;101;1m████[38;2;0;0;0m██                    ██████                              
                    ██[38;2;61;101;1m██[38;2;0;0;0m██                  ██[38;2;114;172;28m██████[38;2;0;0;0m████████                      
                    ██[38;2;61;101;1m██[38;2;0;0;0m██                ██[38;2;114;172;28m████████████████[38;2;0;0;0m██████                
          ██        ██[38;2;61;101;1m██[38;2;194;91;104m██[38;2;0;0;0m██              ██[38;2;114;172;28m████[38;2;61;101;1m██████████[38;2;114;172;28m████████[38;2;0;0;0m██████          
        ██[38;2;92;150;6m██[38;2;0;0;0m██    ██[38;2;61;101;1m████[38;2;194;91;104m██[38;2;0;0;0m██              ██[38;2;114;172;28m██[38;2;61;101;1m██[38;2;167;65;79m██[38;2;241;133;146m██[38;2;194;91;104m██████[38;2;61;101;1m████████[38;2;92;150;6m██████[38;2;0;0;0m████      
      ██[38;2;194;91;104m██[38;2;92;150;6m██[38;2;61;101;1m██[38;2;0;0;0m██  ██[38;2;65;65;65m██[38;2;61;101;1m██[38;2;194;91;104m██[38;2;0;0;0m██            ██[38;2;114;172;28m████[38;2;61;101;1m██[38;2;241;133;146m██[38;2;167;65;79m██[38;2;241;133;146m████[38;2;194;91;104m██████████[38;2;61;101;1m██████[38;2;92;150;6m████[38;2;0;0;0m████  
      ██[38;2;92;150;6m██[38;2;114;172;28m██████[38;2;0;0;0m██[38;2;61;101;1m██[38;2;114;172;28m██[38;2;65;65;65m██[38;2;194;91;104m██[38;2;0;0;0m██            ██[38;2;114;172;28m████[38;2;61;101;1m██[38;2;241;133;146m████[38;2;167;65;79m██[38;2;241;133;146m██████[38;2;194;91;104m████████████[38;2;0;0;0m████[38;2;92;150;6m████[38;2;0;0;0m██
    ██[38;2;114;172;28m████████[38;2;61;101;1m████[38;2;114;172;28m██[38;2;241;133;146m██[38;2;114;172;28m██[38;2;0;0;0m██              ██[38;2;114;172;28m██[38;2;61;101;1m██[38;2;241;133;146m██████[38;2;167;65;79m██[38;2;241;133;146m██████████[38;2;194;91;104m████[38;2;0;0;0m████    ████  
  ██[38;2;92;150;6m██[38;2;114;172;28m██████████████[38;2;241;133;146m██[38;2;114;172;28m████[38;2;0;0;0m██          ██[38;2;114;172;28m████[38;2;61;101;1m██[38;2;241;133;146m████████[38;2;167;65;79m██[38;2;241;133;146m████████[38;2;0;0;0m████              
  ██[38;2;255;255;255m██[38;2;114;172;28m██████████[38;2;92;150;6m██[38;2;255;255;255m██[38;2;114;172;28m██████[38;2;92;150;6m██[38;2;0;0;0m██      ██[38;2;114;172;28m████[38;2;61;101;1m██[38;2;241;133;146m██████████[38;2;167;65;79m██[38;2;241;133;146m██████[38;2;0;0;0m██                  
██[38;2;114;172;28m██[38;2;255;255;255m██[38;2;92;150;6m██[38;2;114;172;28m████[38;2;92;150;6m██[38;2;0;0;0m██[38;2;255;255;255m████[38;2;114;172;28m██████[38;2;92;150;6m████[38;2;0;0;0m██  ██[38;2;114;172;28m████[38;2;61;101;1m██[38;2;241;133;146m████████████[38;2;167;65;79m██[38;2;241;133;146m██████[38;2;0;0;0m██                  
██[38;2;65;65;65m██[38;2;114;172;28m██████[38;2;92;150;6m██[38;2;255;255;255m██[38;2;0;0;0m██[38;2;255;255;255m██[38;2;92;150;6m██[38;2;114;172;28m████[38;2;92;150;6m██████[38;2;65;65;65m██[38;2;0;0;0m██[38;2;114;172;28m████[38;2;61;101;1m██[38;2;241;133;146m████████████████[38;2;167;65;79m██[38;2;241;133;146m██[38;2;0;0;0m██                    
  ██[38;2;65;65;65m████[38;2;114;172;28m████████████████[38;2;92;150;6m██[38;2;65;65;65m████[38;2;114;172;28m██████[38;2;61;101;1m██[38;2;194;91;104m██[38;2;241;133;146m████████████████[38;2;167;65;79m██[38;2;241;133;146m██[38;2;0;0;0m██                    
    ██[38;2;255;255;255m██[38;2;65;65;65m██████[38;2;255;255;255m████[38;2;65;65;65m██[38;2;114;172;28m██[38;2;92;150;6m████[38;2;114;172;28m██████[38;2;61;101;1m████[38;2;194;91;104m██████[38;2;241;133;146m██████████████[38;2;167;65;79m██[38;2;0;0;0m██                      
      ██[38;2;65;65;65m██████[38;2;255;255;255m██[38;2;65;65;65m██████[38;2;92;150;6m██████[38;2;61;101;1m████[38;2;194;91;104m██████████[38;2;0;0;0m██████████[38;2;241;133;146m████[38;2;167;65;79m██[38;2;0;0;0m██                      
        ██[38;2;92;150;6m██[38;2;65;65;65m████████████[38;2;92;150;6m████[38;2;167;65;79m██[38;2;194;91;104m████████[38;2;0;0;0m████          ██████                        
          ██[38;2;92;150;6m██[38;2;65;65;65m████████████[38;2;92;150;6m████[38;2;167;65;79m██[38;2;194;91;104m████[38;2;0;0;0m██                                            
          ██[38;2;92;150;6m██[38;2;65;65;65m████████████[38;2;92;150;6m████[38;2;167;65;79m██[38;2;194;91;104m██[38;2;0;0;0m██                                              
          ██[38;2;65;65;65m████████████████[38;2;92;150;6m████[38;2;65;65;65m██[38;2;0;0;0m██                                              
          ██[38;2;255;255;255m██[38;2;65;65;65m██████████████[38;2;92;150;6m██████[38;2;0;0;0m██                                              
          ██[38;2;189;189;197m██[38;2;65;65;65m██████[38;2;255;255;255m██[38;2;65;65;65m██████[38;2;92;150;6m██████[38;2;0;0;0m██  ████                                        
            ██[38;2;65;65;65m██████[38;2;189;189;197m██[38;2;255;255;255m██[38;2;65;65;65m██[38;2;114;172;28m██[38;2;92;150;6m██████[38;2;65;65;65m██[38;2;0;0;0m██[38;2;92;150;6m████[38;2;0;0;0m██                                      
            ██[38;2;114;172;28m██[38;2;65;65;65m██████[38;2;114;172;28m████[38;2;92;150;6m██████[38;2;65;65;65m██[38;2;92;150;6m████████[38;2;0;0;0m██                                      
              ██[38;2;114;172;28m████████[38;2;92;150;6m██[38;2;65;65;65m██[38;2;0;0;0m████[38;2;92;150;6m████[38;2;65;65;65m██[38;2;92;150;6m████[38;2;0;0;0m██                                      
                ██████[38;2;65;65;65m████[38;2;0;0;0m██    ██[38;2;65;65;65m██[38;2;92;150;6m████[38;2;0;0;0m██                                        
                    ██[38;2;61;101;1m████[38;2;0;0;0m██      ██[38;2;92;150;6m████[38;2;0;0;0m██                                        
                      ████      ██[38;2;114;172;28m████[38;2;0;0;0m██                                          
                                ██[38;2;114;172;28m████[38;2;0;0;0m██                                          
                                ██[38;2;114;172;28m████[38;2;0;0;0m██                                          
                                  ████                                            
[0m