                        [38;2;0;0;0m████                        
                    ████[38;2;140;132;255m██[38;2;0;0;0m██                        
                ████[38;2;140;132;255m████[38;2;0;0;0m██                          
              ██[38;2;251;215;0m██[38;2;140;132;255m████[38;2;0;0;0m██                            
            ██[38;2;251;215;0m██████[38;2;0;0;0m██                              
          ██[38;2;251;215;0m████[38;2;0;0;0m████                                
          ██[38;2;251;215;0m██[38;2;0;0;0m██  ██████                    ██████  
        ██[38;2;251;215;0m██[38;2;222;156;0m██[38;2;0;0;0m████[38;2;251;215;0m██████[38;2;0;0;0m████              ██[38;2;65;65;65m██[38;2;140;132;255m██[38;2;65;65;65m██[38;2;0;0;0m██
        ██[38;2;251;215;0m██████████████████[38;2;0;0;0m██            ██[38;2;115;99;206m██[38;2;140;132;255m██[38;2;115;99;206m██[38;2;0;0;0m██
      ██[38;2;251;215;0m██████[38;2;65;65;65m██[38;2;251;215;0m██████████████[38;2;0;0;0m██          ██[38;2;140;132;255m██████[38;2;0;0;0m██
      ██[38;2;251;215;0m██████[38;2;255;255;255m██[38;2;222;156;0m██[38;2;65;65;65m██[38;2;251;215;0m██████████[38;2;0;0;0m██          ██[38;2;115;99;206m██[38;2;140;132;255m██[38;2;115;99;206m██[38;2;0;0;0m██
  ████[38;2;251;215;0m██████[38;2;255;255;255m██[38;2;0;0;0m██[38;2;255;255;255m██[38;2;251;215;0m██████████████[38;2;0;0;0m██      ██[38;2;222;156;0m██[38;2;65;65;65m██[38;2;140;132;255m██[38;2;65;65;65m██[38;2;0;0;0m██
██[38;2;251;215;0m██████████[38;2;255;255;255m██[38;2;0;0;0m██[38;2;255;255;255m██[38;2;251;215;0m██████████████[38;2;0;0;0m██    ██[38;2;222;156;0m██[38;2;0;0;0m████████  
  ██████[38;2;251;215;0m██████[38;2;255;255;255m██[38;2;251;215;0m████[38;2;222;156;0m████[38;2;251;215;0m██████████[38;2;0;0;0m██  ██[38;2;206;206;206m██[38;2;0;0;0m██        
        ██[38;2;65;65;65m██[38;2;222;156;0m██[38;2;251;215;0m████[38;2;65;65;65m████[38;2;115;99;206m██[38;2;222;156;0m██[38;2;65;65;65m████[38;2;251;215;0m██████[38;2;0;0;0m██[38;2;222;156;0m████[38;2;0;0;0m██        
          ██████[38;2;222;156;0m████[38;2;65;65;65m██[38;2;115;99;206m██[38;2;65;65;65m██[38;2;140;132;255m████[38;2;65;65;65m██[38;2;251;215;0m████[38;2;222;156;0m██[38;2;206;206;206m██[38;2;0;0;0m██          
                ██[38;2;222;156;0m██[38;2;0;0;0m██████[38;2;140;132;255m████[38;2;65;65;65m██[38;2;251;215;0m██████[38;2;222;156;0m██[38;2;0;0;0m██          
                  ██      ██[38;2;65;65;65m██[38;2;222;156;0m██[38;2;251;215;0m██████[38;2;0;0;0m██            
                            ██[38;2;222;156;0m████[38;2;251;215;0m████[38;2;0;0;0m██            
                              ██[38;2;222;156;0m████[38;2;0;0;0m██              
                                ████                
[0m