        [38;2;0;0;0m██                                
      ██[38;2;216;166;83m██[38;2;0;0;0m██                              
      ██[38;2;216;166;83m██[38;2;0;0;0m██                              
    ██[38;2;216;166;83m██████[38;2;0;0;0m██                            
    ██[38;2;179;118;32m██[38;2;216;166;83m██[38;2;65;65;65m██[38;2;0;0;0m██          ██████            
████[38;2;179;118;32m████[38;2;65;65;65m██[38;2;239;214;140m██[38;2;0;0;0m██      ████[38;2;216;166;83m████[38;2;0;0;0m██      ██    
██[38;2;239;214;140m██[38;2;65;65;65m██[38;2;179;118;32m██[38;2;239;214;140m████[38;2;179;118;32m██[38;2;0;0;0m██  ██[38;2;216;166;83m██████[38;2;0;0;0m██      ██[38;2;139;143;148m██[38;2;0;0;0m██  
██[38;2;239;214;140m██[38;2;197;165;115m██[38;2;65;65;65m██[38;2;239;214;140m████[38;2;179;118;32m████[38;2;0;0;0m██[38;2;216;166;83m██[38;2;179;118;32m████[38;2;0;0;0m██        ██[38;2;139;143;148m██[38;2;0;0;0m██  
██[38;2;239;214;140m██[38;2;197;165;115m██[38;2;239;214;140m████[38;2;179;118;32m██[38;2;239;214;140m██████[38;2;65;65;65m██[38;2;179;118;32m████[38;2;216;166;83m██[38;2;0;0;0m██    ██[38;2;139;143;148m██[38;2;123;126;132m██[38;2;0;0;0m██  
  ██[38;2;239;214;140m██████████[38;2;197;165;115m██[38;2;65;65;65m██[38;2;179;118;32m████[38;2;216;166;83m██[38;2;0;0;0m██      ██[38;2;139;143;148m██[38;2;123;126;132m████[38;2;0;0;0m██
  ██[38;2;197;165;115m██[38;2;239;214;140m██████[38;2;123;123;123m██[38;2;65;65;65m██[38;2;216;166;83m██[38;2;179;118;32m████[38;2;0;0;0m██  ██████[38;2;65;65;65m██[38;2;123;126;132m████[38;2;0;0;0m██  
██[38;2;123;123;123m██[38;2;65;65;65m██[38;2;197;165;115m████[38;2;123;123;123m██[38;2;255;255;255m██[38;2;216;166;83m██████████[38;2;0;0;0m██[38;2;139;143;148m██████[38;2;123;126;132m██[38;2;65;65;65m██[38;2;0;0;0m██    
████[38;2;65;65;65m██[38;2;239;214;140m██[38;2;197;165;115m██[38;2;0;0;0m██[38;2;255;255;255m██[38;2;216;166;83m██████[38;2;179;118;32m██[38;2;65;65;65m██[38;2;139;143;148m████████[38;2;123;126;132m██████[38;2;0;0;0m██  
██[38;2;239;214;140m██████████[38;2;197;165;115m██[38;2;179;118;32m████[38;2;216;166;83m████[38;2;65;65;65m██[38;2;139;143;148m████[38;2;123;126;132m██████[38;2;65;65;65m██[38;2;123;126;132m████[38;2;0;0;0m██
██[38;2;239;214;140m██[38;2;0;0;0m████[38;2;239;214;140m████████[38;2;197;165;115m██[38;2;65;65;65m████[38;2;123;126;132m██████████████[38;2;65;65;65m██[38;2;0;0;0m████
  ██    ██[38;2;239;214;140m██[38;2;65;65;65m██[38;2;239;214;140m████[38;2;65;65;65m██[38;2;123;126;132m██████████[38;2;65;65;65m██[38;2;123;126;132m██████[38;2;0;0;0m██  
      ██[38;2;216;166;83m██[38;2;65;65;65m██[38;2;216;166;83m██[38;2;65;65;65m██[38;2;239;214;140m██[38;2;179;118;32m██[38;2;65;65;65m██[38;2;123;126;132m████[38;2;65;65;65m██[38;2;123;126;132m████[38;2;65;65;65m████[38;2;0;0;0m██    
      ██[38;2;216;166;83m████[38;2;0;0;0m████[38;2;179;118;32m██[38;2;216;166;83m████[38;2;65;65;65m██[38;2;123;126;132m████[38;2;0;0;0m████[38;2;216;166;83m████[38;2;0;0;0m██    
    ██[38;2;216;166;83m████[38;2;0;0;0m██    ██[38;2;216;166;83m████[38;2;179;118;32m██[38;2;0;0;0m██████  ██[38;2;216;166;83m██[38;2;0;0;0m██    
      ████        ██[38;2;216;166;83m██[38;2;0;0;0m██        ████      
                ██[38;2;216;166;83m████[38;2;0;0;0m██                  
                  ████                    
[0m