                                [38;2;0;0;0m████                                
                              ██[38;2;186;215;40m████[38;2;0;0;0m██                              
                            ██[38;2;65;65;65m██[38;2;186;215;40m████[38;2;0;0;0m██    ████                      
                          ██[38;2;156;185;10m██[38;2;105;125;1m██[38;2;186;215;40m████[38;2;0;0;0m██  ██[38;2;186;215;40m████[38;2;0;0;0m██                    
                          ██[38;2;156;185;10m██[38;2;105;125;1m██[38;2;186;215;40m████[38;2;0;0;0m██  ██[38;2;186;215;40m████[38;2;0;0;0m██                    
                        ██[38;2;156;185;10m██[38;2;105;125;1m██[38;2;186;215;40m██████[38;2;105;125;1m██[38;2;0;0;0m██[38;2;105;125;1m██[38;2;186;215;40m████[38;2;0;0;0m██  ████              
                        ██[38;2;156;185;10m██[38;2;105;125;1m██[38;2;186;215;40m██████[38;2;105;125;1m██[38;2;65;65;65m██[38;2;186;215;40m██████[38;2;0;0;0m████[38;2;156;185;10m████[38;2;0;0;0m██            
                        ██[38;2;156;185;10m██[38;2;105;125;1m██[38;2;186;215;40m██████[38;2;105;125;1m██[38;2;65;65;65m██[38;2;186;215;40m████[38;2;0;0;0m██  ██[38;2;156;185;10m████[38;2;0;0;0m██            
                        ██[38;2;156;185;10m██[38;2;105;125;1m██[38;2;186;215;40m██████[38;2;105;125;1m██[38;2;186;215;40m██████[38;2;0;0;0m████[38;2;156;185;10m████[38;2;0;0;0m██              
                      ██[38;2;156;185;10m██[38;2;105;125;1m██[38;2;186;215;40m████████[38;2;156;185;10m██[38;2;186;215;40m██████[38;2;65;65;65m██[38;2;156;185;10m██████[38;2;0;0;0m██              
                      ██[38;2;156;185;10m██[38;2;186;215;40m██████████████████[38;2;156;185;10m██████[38;2;0;0;0m██                
                  ████[38;2;65;65;65m██[38;2;186;215;40m██████████████████[38;2;156;185;10m████████[38;2;0;0;0m██                
                ██[38;2;156;185;10m████[38;2;65;65;65m██[38;2;186;215;40m████████████████[38;2;82;90;106m██[38;2;156;185;10m██████[38;2;0;0;0m██                  
                ██[38;2;156;185;10m████[38;2;65;65;65m██[38;2;186;215;40m██████████████[38;2;82;90;106m██[38;2;105;125;1m██[38;2;156;185;10m██████[38;2;65;65;65m██[38;2;0;0;0m██                
                  ██[38;2;156;185;10m██[38;2;65;65;65m██[38;2;186;215;40m██████████[38;2;65;65;65m██[38;2;82;90;106m██[38;2;255;255;255m██[38;2;105;125;1m██[38;2;156;185;10m████[38;2;65;65;65m██[38;2;164;156;222m██[38;2;65;65;65m██[38;2;0;0;0m████            
        ██████      ██[38;2;65;65;65m██[38;2;186;215;40m████████[38;2;255;255;255m██[38;2;0;0;0m██[38;2;255;255;255m████[38;2;105;125;1m██[38;2;156;185;10m████[38;2;65;65;65m████[38;2;156;185;10m████[38;2;186;215;40m██[38;2;0;0;0m██████      
    ████[38;2;70;164;215m██[38;2;29;123;174m████[38;2;0;0;0m████    ██[38;2;65;65;65m██[38;2;186;215;40m████[38;2;156;185;10m██[38;2;0;0;0m██[38;2;65;65;65m██[38;2;255;255;255m████[38;2;156;185;10m████[38;2;65;65;65m██[38;2;156;185;10m██████[38;2;186;215;40m██████████[38;2;0;0;0m████  
  ██[38;2;29;123;174m██[38;2;70;164;215m██████[38;2;65;65;65m██[38;2;29;123;174m████[38;2;0;0;0m████  ██[38;2;156;185;10m████████████████[38;2;65;65;65m████████[38;2;186;215;40m████████████████[38;2;0;0;0m██
██[38;2;29;123;174m██[38;2;70;164;215m████████[38;2;29;123;174m██[38;2;65;65;65m██[38;2;29;123;174m████[38;2;65;65;65m██[38;2;0;0;0m██[38;2;156;185;10m██[38;2;65;65;65m██[38;2;156;185;10m██[38;2;105;125;1m██████[38;2;156;185;10m████[38;2;65;65;65m██[38;2;29;123;174m██[38;2;70;164;215m████[38;2;29;123;174m██[38;2;65;65;65m██[38;2;186;215;40m████████[38;2;65;65;65m██████[38;2;0;0;0m██
██[38;2;70;164;215m████████[38;2;29;123;174m████[38;2;65;65;65m██[38;2;70;164;215m██[38;2;29;123;174m██[38;2;65;65;65m██[38;2;156;185;10m████[38;2;0;0;0m████[38;2;65;65;65m██[38;2;156;185;10m████[38;2;105;125;1m██[38;2;65;65;65m██[38;2;29;123;174m██[38;2;70;164;215m████████[38;2;29;123;174m██[38;2;65;65;65m██[38;2;186;215;40m██[38;2;65;65;65m████[38;2;105;125;1m████[38;2;0;0;0m██  
██[38;2;70;164;215m██████[38;2;29;123;174m████[38;2;65;65;65m██[38;2;70;164;215m████[38;2;0;0;0m██[38;2;156;185;10m██[38;2;0;0;0m████    ████[38;2;65;65;65m████[38;2;29;123;174m██[38;2;70;164;215m██████████[38;2;29;123;174m██[38;2;65;65;65m████[38;2;186;215;40m██[38;2;0;0;0m██████    
██[38;2;29;123;174m████████[38;2;65;65;65m██[38;2;70;164;215m████[38;2;0;0;0m██████          ██[38;2;164;156;222m██[38;2;65;65;65m██[38;2;29;123;174m██[38;2;70;164;215m████████[38;2;29;123;174m████[38;2;65;65;65m██[38;2;186;215;40m████[38;2;0;0;0m██        
  ██[38;2;29;123;174m████[38;2;65;65;65m██[38;2;0;0;0m██████                  ██[38;2;65;65;65m██[38;2;29;123;174m████[38;2;70;164;215m████[38;2;29;123;174m████████[38;2;65;65;65m██[38;2;186;215;40m██[38;2;0;0;0m██        
    ██████                    ████[38;2;131;115;189m██[38;2;222;213;246m██[38;2;65;65;65m██[38;2;29;123;174m██████████████[38;2;65;65;65m██[38;2;105;125;1m██[38;2;186;215;40m██[38;2;0;0;0m██      
                            ██[38;2;131;115;189m██[38;2;222;213;246m████[38;2;131;115;189m██[38;2;222;213;246m██[38;2;65;65;65m██████[38;2;29;123;174m██████[38;2;65;65;65m██[38;2;156;185;10m████[38;2;105;125;1m██[38;2;0;0;0m██      
                              ██[38;2;65;65;65m████[38;2;222;213;246m██████[38;2;164;156;222m██[38;2;131;115;189m██[38;2;65;65;65m██████[38;2;156;185;10m████████[38;2;0;0;0m██      
                          ████[38;2;137;163;1m██████[38;2;0;0;0m████[38;2;164;156;222m████[38;2;131;115;189m██[38;2;164;156;222m██[38;2;131;115;189m██[38;2;164;156;222m██[38;2;65;65;65m██[38;2;156;185;10m████[38;2;0;0;0m██        
                        ██[38;2;105;125;1m██[38;2;137;163;1m██████[38;2;0;0;0m██    ██[38;2;65;65;65m████[38;2;164;156;222m██[38;2;131;115;189m██[38;2;0;0;0m████████          
                        ██[38;2;137;163;1m████[38;2;0;0;0m████        ██[38;2;186;215;40m██[38;2;65;65;65m██[38;2;0;0;0m██                  
                    ████[38;2;164;156;222m██[38;2;105;125;1m██[38;2;0;0;0m██            ██[38;2;105;125;1m██[38;2;186;215;40m████[38;2;0;0;0m████              
                  ██[38;2;164;156;222m████████[38;2;0;0;0m██              ██[38;2;65;65;65m██[38;2;105;125;1m████[38;2;164;156;222m██[38;2;0;0;0m██            
                  ██[38;2;164;156;222m██████[38;2;0;0;0m██                  ██[38;2;164;156;222m██████[38;2;0;0;0m██            
                    ██████                  ██[38;2;82;90;106m██[38;2;222;213;246m████[38;2;0;0;0m██              
                                            ██[38;2;222;213;246m████[38;2;164;156;222m██[38;2;0;0;0m██              
                                              ██████                
[0m