                        [38;2;0;4;0m██████████                      
                    ████[38;2;193;222;47m████████[38;2;172;201;26m██[38;2;0;4;0m████                  
                  ██[38;2;177;206;31m████[38;2;193;222;47m████████[38;2;172;201;26m████[38;2;164;193;18m██[38;2;0;4;0m██                
                [38;2;8;8;0m██[38;2;164;193;18m██[38;2;163;192;17m████[38;2;193;222;47m████████[38;2;164;193;18m██[38;2;193;222;47m██[38;2;164;193;18m████[38;2;0;4;0m██              
              ██[38;2;86;102;1m██[38;2;164;193;18m██[38;2;163;192;17m████[38;2;164;193;18m████[38;2;193;222;47m██[38;2;164;193;18m██[38;2;193;222;47m██[38;2;164;193;18m██[38;2;193;222;47m██[38;2;164;193;18m████[38;2;0;4;0m██            
            [38;2;8;8;0m██[38;2;89;106;1m██[38;2;164;193;18m████[38;2;163;192;17m████████[38;2;164;193;18m██[38;2;193;222;47m██[38;2;164;193;18m██[38;2;193;222;47m██[38;2;163;192;17m████[38;2;164;193;18m██[38;2;0;4;0m██            
          ██[38;2;130;155;1m██[38;2;89;106;1m██[38;2;66;65;66m██[38;2;164;193;18m██[38;2;163;192;17m████████[38;2;164;193;18m████████[38;2;163;192;17m████[38;2;164;193;18m████[38;2;0;4;0m██          
          ██[38;2;122;145;1m██[38;2;66;65;66m██[38;2;79;75;71m██[38;2;151;180;5m██[38;2;163;192;17m████████████[38;2;164;193;18m████████████[38;2;86;102;1m██[38;2;8;8;0m██        
          [38;2;0;4;0m██[38;2;122;145;1m██[38;2;66;65;66m██[38;2;239;227;214m██[38;2;0;0;0m██[38;2;163;192;17m████████████[38;2;164;193;18m██[38;2;66;65;66m████[38;2;164;193;18m████[38;2;98;117;1m██[38;2;164;193;18m████[38;2;0;4;0m██      
          ██[38;2;122;145;1m██[38;2;68;62;57m██[38;2;222;223;214m██[38;2;0;0;0m██[38;2;66;65;66m██[38;2;164;193;18m██[38;2;163;192;17m████[38;2;0;4;0m██[38;2;255;255;255m██[38;2;66;65;66m██[38;2;82;78;68m██[38;2;66;65;66m██[38;2;164;193;18m██[38;2;163;192;17m████[38;2;193;222;47m████[38;2;164;193;18m██[38;2;0;4;0m██    
            [38;2;0;8;0m██[38;2;122;145;1m██[38;2;74;74;71m██[38;2;222;223;214m██[38;2;66;65;66m██[38;2;164;193;18m██[38;2;163;192;17m██[38;2;255;255;255m██[38;2;0;4;0m██[38;2;255;255;255m██[38;2;82;78;68m████[38;2;66;65;66m██[38;2;164;193;18m██[38;2;163;192;17m████[38;2;193;222;47m████[38;2;164;193;18m██[38;2;0;4;0m██    
              ██[38;2;66;65;66m██[38;2;162;191;16m██[38;2;163;192;17m████[38;2;164;193;18m██[38;2;82;81;66m██[38;2;255;251;239m██[38;2;90;73;57m██[38;2;74;73;66m████[38;2;163;192;17m████[38;2;164;193;18m████[38;2;163;192;17m████[38;2;170;199;24m██[38;2;0;8;8m██    
    [38;2;0;4;0m████      ██[38;2;130;155;1m██[38;2;66;65;66m██[38;2;163;192;17m████[38;2;164;193;18m████[38;2;162;191;16m████[38;2;163;192;17m████████[38;2;164;193;18m██[38;2;66;65;66m██[38;2;163;192;17m████[38;2;116;138;1m████[38;2;0;4;0m██  
  ██[38;2;74;77;82m██[38;2;255;255;255m██[38;2;0;4;8m████    [38;2;0;4;0m██[38;2;182;211;36m██[38;2;66;65;66m██[38;2;164;193;18m██[38;2;66;65;66m████[38;2;164;193;18m████[38;2;163;192;17m████████[38;2;122;145;1m████[38;2;68;60;57m██[38;2;123;146;1m██[38;2;122;145;1m████[38;2;0;4;0m██  
██[38;2;255;255;255m██[38;2;74;77;82m██[38;2;255;255;255m██[38;2;85;87;90m██[38;2;255;255;255m██[38;2;0;4;0m██  ██[38;2;182;211;36m██[38;2;66;65;66m████[38;2;149;125;59m██[38;2;255;245;219m██[38;2;66;65;66m████[38;2;163;192;17m████████[38;2;122;145;1m████[38;2;0;4;0m████[38;2;122;145;1m████[38;2;0;4;0m██  
██[38;2;255;255;255m██[38;2;79;89;104m████[38;2;82;81;90m██[38;2;255;247;247m██[38;2;86;102;1m██[38;2;0;8;16m██[38;2;0;0;0m██[38;2;82;81;60m██[38;2;152;128;62m██[38;2;255;245;219m████[38;2;152;128;62m██[38;2;255;245;219m██[38;2;152;128;62m██[38;2;66;65;66m██[38;2;174;203;28m██[38;2;122;145;1m████[38;2;121;144;1m██[38;2;0;4;0m██    [38;2;16;8;8m██[38;2;89;106;1m██[38;2;128;152;1m██[38;2;0;8;0m██
  [38;2;0;4;0m██[38;2;121;144;1m████[38;2;138;164;1m██[38;2;82;81;90m██[38;2;164;193;18m████[38;2;82;81;60m██[38;2;251;237;199m██[38;2;255;245;219m██[38;2;152;128;62m██[38;2;255;245;219m██[38;2;152;128;62m██[38;2;255;245;219m██[38;2;152;128;62m██[38;2;207;170;117m██[38;2;66;65;66m██[38;2;163;192;17m██[38;2;122;145;1m██[38;2;121;144;1m██[38;2;0;4;0m██  ██[38;2;255;249;234m██[38;2;193;169;103m██[38;2;87;104;1m██[38;2;0;8;0m██
  [38;2;0;4;0m██[38;2;121;144;1m████████[38;2;122;145;1m██[38;2;163;192;17m██[38;2;79;90;104m██[38;2;150;126;60m██[38;2;255;245;219m██[38;2;149;125;59m██[38;2;68;63;63m████[38;2;217;180;127m██[38;2;150;126;60m██[38;2;215;178;125m██[38;2;66;65;66m██[38;2;163;192;17m██[38;2;122;145;1m██[38;2;130;155;1m██[38;2;66;65;66m██[38;2;0;0;0m██[38;2;247;233;195m██[38;2;190;166;100m██[38;2;255;245;219m██[38;2;0;4;0m██  
    ██[38;2;121;144;1m██[38;2;79;89;104m████[38;2;122;145;1m██[38;2;163;192;17m████[38;2;79;90;104m██[38;2;255;245;219m██[38;2;0;8;8m████[38;2;124;148;1m██[38;2;66;69;66m██[38;2;217;180;127m██[38;2;66;65;66m████[38;2;122;145;1m████[38;2;66;65;66m██[38;2;162;191;16m██[38;2;164;193;18m████[38;2;255;245;219m██[38;2;8;8;8m██    
    [38;2;0;4;0m██[38;2;78;89;107m██[38;2;255;235;57m████[38;2;82;89;107m██[38;2;120;118;93m██[38;2;164;193;18m██[38;2;79;90;104m██[38;2;0;4;0m██    ██[38;2;66;69;74m████[38;2;66;65;66m██[38;2;122;145;1m██[38;2;123;146;1m██[38;2;68;60;57m██[38;2;164;193;18m██[38;2;98;117;1m██[38;2;164;193;18m████[38;2;0;4;0m██      
      ██[38;2;82;89;99m██[38;2;197;186;71m██[38;2;198;178;66m██[38;2;82;89;107m██[38;2;164;193;18m██[38;2;0;8;16m██    [38;2;0;4;0m██[38;2;78;89;107m██[38;2;90;85;87m██[38;2;124;148;1m██[38;2;122;145;1m████[38;2;0;4;0m████[38;2;98;117;1m██[38;2;164;193;18m██[38;2;98;117;1m██[38;2;164;193;18m██[38;2;0;4;0m██      
        ██[38;2;78;89;107m██[38;2;88;83;82m██[38;2;125;149;1m██[38;2;0;4;0m██    ██[38;2;214;190;124m██████[38;2;68;72;68m██[38;2;0;4;0m████    ██[38;2;164;193;18m██[38;2;0;4;0m██[38;2;95;113;1m██[38;2;164;193;18m██[38;2;0;4;0m██    
          ██[38;2;0;8;0m████      [38;2;0;4;0m██[38;2;152;128;62m██████[38;2;0;16;24m██          [38;2;0;4;0m██  ████      
                        ██[38;2;214;190;124m██████[38;2;0;4;16m████                    
                          [38;2;0;4;0m██[38;2;79;88;104m██████[38;2;189;178;90m██[38;2;0;4;0m██                  
                      ██[38;2;0;0;0m██[38;2;111;109;111m██[38;2;121;144;1m████[38;2;71;70;60m██[38;2;198;178;99m██[38;2;0;4;0m██                  
                    ██[38;2;222;223;222m██[38;2;111;109;111m██[38;2;222;219;222m██[38;2;79;89;104m██[38;2;121;144;1m██[38;2;134;124;79m██[38;2;8;16;41m██                    
                      [38;2;0;4;0m██[38;2;222;227;222m██[38;2;74;81;79m██[38;2;222;227;222m██[38;2;74;81;79m██[38;2;121;144;1m██[38;2;0;4;0m██                    
                        [38;2;0;8;8m████████[38;2;0;4;0m██                      
[0m