                [38;2;0;0;0m████                
              ██[38;2;224;75;95m████[38;2;0;0;0m████            
              ██[38;2;224;75;95m██[38;2;0;0;0m██[38;2;224;75;95m████[38;2;0;0;0m██          
            ██[38;2;224;75;95m██[38;2;0;0;0m██  ██[38;2;224;75;95m████[38;2;0;0;0m██        
            ████      ██[38;2;224;75;95m██[38;2;188;39;59m██[38;2;0;0;0m██      
          ██[38;2;135;135;127m██[38;2;182;184;177m██[38;2;0;0;0m██      ██[38;2;224;75;95m██[38;2;0;0;0m██      
          ██[38;2;182;184;177m██[38;2;135;135;127m██[38;2;0;0;0m██      ██[38;2;224;75;95m████[38;2;0;0;0m██    
      ████[38;2;182;184;177m████[38;2;0;0;0m██          ██[38;2;224;75;95m██[38;2;188;39;59m██[38;2;0;0;0m██  
  ████[38;2;182;184;177m██[38;2;65;65;65m████[38;2;182;184;177m██[38;2;135;135;127m██[38;2;0;0;0m██        ██[38;2;224;75;95m████[38;2;0;0;0m██  
██[38;2;182;184;177m████[38;2;65;65;65m██[38;2;105;117;192m██[38;2;145;157;232m██[38;2;65;65;65m██[38;2;182;184;177m██[38;2;135;135;127m██[38;2;0;0;0m██        ██[38;2;224;75;95m████[38;2;0;0;0m██
██[38;2;182;184;177m██[38;2;65;65;65m████[38;2;145;157;232m██[38;2;105;117;192m██[38;2;65;65;65m██[38;2;182;184;177m████[38;2;0;0;0m██        ██[38;2;224;75;95m████[38;2;0;0;0m██
  ██[38;2;187;60;72m██[38;2;227;77;92m██[38;2;107;82;49m████[38;2;132;107;82m██[38;2;65;65;65m██[38;2;182;184;177m████[38;2;0;0;0m██    ██[38;2;224;75;95m██████[38;2;0;0;0m██
  ██[38;2;227;77;92m██[38;2;187;60;72m██[38;2;107;82;49m██[38;2;132;107;82m██[38;2;227;77;92m██[38;2;187;60;72m██[38;2;65;65;65m██[38;2;135;135;127m██[38;2;0;0;0m██  ██[38;2;145;157;232m████[38;2;224;75;95m██[38;2;0;0;0m██  
    ██[38;2;107;82;49m██[38;2;132;107;82m████[38;2;187;60;72m██[38;2;227;77;92m██[38;2;0;0;0m████  ██[38;2;145;157;232m██[38;2;188;39;59m██[38;2;145;157;232m██[38;2;188;39;59m██[38;2;0;0;0m██  
    ██[38;2;227;77;92m██[38;2;187;60;72m██[38;2;132;107;82m██[38;2;107;82;49m██[38;2;0;0;0m██    ██[38;2;145;157;232m██████[38;2;188;39;59m██[38;2;0;0;0m██    
    ██[38;2;173;140;107m████[38;2;227;77;92m██[38;2;0;0;0m██      ██[38;2;145;157;232m██████[38;2;0;0;0m██      
    ██[38;2;173;140;107m██[38;2;132;107;82m██[38;2;173;140;107m██[38;2;0;0;0m██    ██[38;2;145;157;232m████████[38;2;0;0;0m██      
  ██[38;2;173;140;107m██[38;2;132;107;82m██[38;2;65;65;65m██[38;2;173;140;107m██[38;2;0;0;0m██    ██[38;2;145;157;232m██[38;2;105;117;192m██[38;2;145;157;232m██[38;2;105;117;192m██[38;2;145;157;232m██[38;2;0;0;0m██    
  ██[38;2;173;140;107m██[38;2;132;107;82m████[38;2;173;140;107m██[38;2;0;0;0m██      ██[38;2;145;157;232m██[38;2;105;117;192m██[38;2;145;157;232m██[38;2;105;117;192m██[38;2;145;157;232m██[38;2;0;0;0m██  
  ██[38;2;173;140;107m██████[38;2;65;65;65m██[38;2;0;0;0m██      ██[38;2;145;157;232m██[38;2;105;117;192m██[38;2;145;157;232m██[38;2;0;0;0m████    
  ██[38;2;132;107;82m██[38;2;65;65;65m██[38;2;173;140;107m██[38;2;0;0;0m██          ██████        
  ██[38;2;132;107;82m██[38;2;65;65;65m██[38;2;132;107;82m██[38;2;0;0;0m██                        
    ██[38;2;132;107;82m████[38;2;0;0;0m██                        
      ████                          
[0m