          [38;2;0;0;0m██                      
          ████                    
          ██████          ████    
          ██████      ████████    
            ████████████████      
        ████[38;2;65;65;65m██[38;2;217;166;35m██[38;2;239;216;26m████[38;2;65;65;65m██[38;2;0;0;0m████        
      ██[38;2;65;65;65m██[38;2;247;99;82m██[38;2;65;65;65m██[38;2;239;216;26m████[38;2;65;65;65m████[38;2;239;216;26m████[38;2;0;0;0m██      
      ██[38;2;247;99;82m████[38;2;65;65;65m██[38;2;239;216;26m██[38;2;65;65;65m████████[38;2;239;216;26m████[38;2;0;0;0m██    
  ████[38;2;65;65;65m██[38;2;0;0;0m██[38;2;247;99;82m██[38;2;65;65;65m██████[38;2;247;99;82m████[38;2;65;65;65m████[38;2;239;216;26m██[38;2;0;0;0m██    
██[38;2;239;216;26m██[38;2;0;0;0m██[38;2;65;65;65m██[38;2;247;99;82m██[38;2;239;197;230m██[38;2;222;156;206m██[38;2;65;65;65m██[38;2;247;99;82m████████[38;2;65;65;65m██[38;2;239;216;26m████[38;2;0;0;0m██  
  ████[38;2;245;255;193m██[38;2;65;65;65m██[38;2;222;156;206m██[38;2;65;65;65m████[38;2;247;99;82m██[38;2;0;0;0m██[38;2;247;99;82m████[38;2;65;65;65m██[38;2;239;216;26m████[38;2;0;0;0m██  
    ██[38;2;245;255;193m████[38;2;65;65;65m██[38;2;245;255;193m██[38;2;65;65;65m████[38;2;247;99;82m████[38;2;65;65;65m████[38;2;239;216;26m██[38;2;65;65;65m██[38;2;0;0;0m██  
      ██[38;2;245;255;193m████████[38;2;65;65;65m████████[38;2;217;166;35m██[38;2;65;65;65m██[38;2;239;216;26m████[38;2;0;0;0m██
      ██[38;2;245;255;193m████████████[38;2;230;223;126m██[38;2;217;166;35m██████[38;2;0;0;0m████  
        ██[38;2;245;255;193m████████[38;2;230;223;126m████[38;2;217;166;35m████[38;2;0;0;0m██      
          ██[38;2;239;216;26m██[38;2;230;223;126m██████[38;2;217;166;35m████[38;2;0;0;0m██        
            ██[38;2;65;65;65m████████[38;2;0;0;0m██          
          ██[38;2;255;255;255m██[38;2;156;107;140m██[38;2;222;156;206m██████[38;2;156;107;140m██[38;2;0;0;0m██        
          ████[38;2;255;255;255m██[38;2;222;156;206m██[38;2;0;0;0m██[38;2;222;156;206m██[38;2;255;255;255m██[38;2;0;0;0m██        
              ████  ████          
[0m