                                [38;2;0;4;0m██    ██                    
                              ██[38;2;231;243;255m██[38;2;0;4;0m████[38;2;231;243;255m██[38;2;0;4;0m██                  
                              ██[38;2;162;211;224m██[38;2;231;243;255m██[38;2;86;135;148m██[38;2;162;211;224m██[38;2;0;4;0m██                  
                              ██[38;2;97;146;159m██[38;2;231;243;255m████[38;2;97;146;159m██[38;2;0;4;0m██                  
                          ████[38;2;66;65;66m████[38;2;170;219;232m████[38;2;0;4;0m██                    
                      ████[38;2;231;243;255m████[38;2;66;215;143m██[38;2;66;65;66m██[38;2;170;219;232m████[38;2;66;64;66m██[38;2;0;4;0m██                  
                  ████[38;2;113;255;187m██[38;2;68;217;145m██████[38;2;231;243;255m████[38;2;84;133;146m████[38;2;231;243;255m████[38;2;0;0;0m████              
              [38;2;0;4;0m████[38;2;113;255;187m████████[38;2;68;217;145m██[38;2;231;243;255m████[38;2;68;217;145m██[38;2;66;215;143m████[38;2;68;217;145m██[38;2;231;243;255m██[38;2;231;239;247m██[38;2;77;79;82m██[38;2;0;4;0m██            
            ██[38;2;113;255;187m████████[38;2;110;255;185m████[38;2;68;217;145m██████[38;2;113;255;187m██[38;2;110;255;185m████[38;2;113;255;187m██[38;2;68;217;145m████[38;2;113;255;187m████[38;2;0;4;0m██          
          ██[38;2;113;255;187m████[38;2;18;167;95m██[38;2;113;255;187m██[38;2;18;167;95m██[38;2;110;255;185m████[38;2;113;255;187m████████[38;2;110;255;185m████[38;2;113;255;187m████████████[38;2;0;4;0m██        
        ██[38;2;231;243;255m██[38;2;68;217;145m██[38;2;113;255;187m████[38;2;117;117;134m██[38;2;255;255;255m██[38;2;18;167;95m██[38;2;113;255;187m██████[38;2;17;166;94m██[38;2;166;215;228m██[38;2;18;167;95m██[38;2;113;255;187m██[38;2;110;255;185m████████████[38;2;106;255;183m██[38;2;8;0;0m██      
      [38;2;0;4;0m██[38;2;231;243;255m██████[38;2;68;217;145m████[38;2;117;117;134m████[38;2;18;167;95m██[38;2;113;255;187m████[38;2;18;167;95m██[38;2;231;255;255m██[38;2;17;166;94m██[38;2;113;255;187m████[38;2;110;255;185m████████████[38;2;106;255;183m██[38;2;52;74;85m██[38;2;0;4;0m██    
      ██[38;2;214;235;247m██[38;2;228;244;255m████████[38;2;65;214;142m██[38;2;24;173;101m██[38;2;110;255;185m████[38;2;113;255;187m██[38;2;18;167;95m██[38;2;181;85;57m██[38;2;115;152;178m██[38;2;110;255;185m████████████████[38;2;113;255;187m██[38;2;68;217;145m██[38;2;170;219;232m██[38;2;0;4;0m██  
    ██[38;2;214;235;247m████[38;2;228;244;255m████████[38;2;222;251;255m██[38;2;65;214;142m██[38;2;110;255;185m████[38;2;113;255;187m████[38;2;115;152;178m██[38;2;65;214;142m██[38;2;110;255;185m████████████████[38;2;68;217;145m████[38;2;170;219;232m██[38;2;0;4;0m██  
    ██[38;2;169;218;231m██[38;2;231;243;255m██[38;2;228;244;255m████████████[38;2;68;217;145m██[38;2;113;255;187m██[38;2;68;217;145m████████[38;2;71;220;148m██[38;2;97;246;174m██[38;2;113;255;187m████[38;2;110;255;185m████[38;2;113;255;187m████[38;2;68;217;145m██[38;2;231;243;255m██[38;2;170;219;232m████[38;2;0;4;0m██
    ██[38;2;169;218;231m████[38;2;228;244;255m████████████[38;2;68;217;145m████[38;2;231;243;255m████████[38;2;231;251;255m██[38;2;71;220;148m██[38;2;68;217;145m██[38;2;113;255;187m██[38;2;110;255;185m████[38;2;113;255;187m██[38;2;68;217;145m██[38;2;231;243;255m████[38;2;170;219;232m████[38;2;0;4;0m██
      ██[38;2;170;219;232m██████[38;2;231;243;255m████████[38;2;228;244;255m████████████████[38;2;231;243;255m██[38;2;68;217;145m████████[38;2;231;243;255m████[38;2;169;218;231m██[38;2;170;219;232m████[38;2;0;4;0m██
      ██[38;2;170;219;232m██████████████[38;2;228;244;255m████████████████[38;2;231;243;255m████████████[38;2;169;218;231m████[38;2;170;219;232m██[38;2;0;4;0m██  
        ██[38;2;170;219;232m████████████[38;2;169;218;231m██[38;2;231;243;255m██████[38;2;228;244;255m████████████[38;2;231;243;255m██████[38;2;169;218;231m██[38;2;170;219;232m██████[38;2;0;4;0m██  
          ██[38;2;170;219;232m██████████[38;2;169;218;231m████[38;2;170;219;232m████[38;2;228;244;255m████████████[38;2;231;243;255m██[38;2;170;219;232m██[38;2;169;218;231m████[38;2;170;219;232m████[38;2;0;4;0m██    
            ████[38;2;170;219;232m████[38;2;66;65;66m██[38;2;170;219;232m██████████████████████████████[38;2;0;4;0m██      
  ████████      ██[38;2;66;65;66m██████[38;2;170;219;232m████████████████████████[38;2;0;4;0m████        
██[38;2;66;65;66m██[38;2;138;255;199m██[38;2;110;255;185m████[38;2;0;4;0m██████[38;2;66;215;143m████[38;2;66;69;74m██[38;2;127;255;193m██[38;2;57;69;82m██[38;2;66;69;74m██[38;2;172;221;234m██[38;2;170;219;232m██████████[38;2;0;4;0m████████            
██[38;2;138;255;199m████[38;2;110;255;185m████[38;2;113;255;187m████[38;2;66;215;143m██[38;2;0;4;0m██[38;2;66;69;74m██[38;2;124;255;192m██[38;2;65;214;142m████[38;2;66;215;143m██[38;2;66;69;74m██[38;2;66;65;66m████████[38;2;0;4;0m██                    
  ██[38;2;200;255;229m██[38;2;113;255;187m████[38;2;200;255;229m██[38;2;0;4;0m████  [38;2;0;12;16m██[38;2;55;204;132m██[38;2;66;215;143m██[38;2;66;65;66m██[38;2;66;215;143m████[38;2;170;219;232m██[38;2;66;65;66m██[38;2;66;215;143m████[38;2;49;63;74m██[38;2;16;4;0m██    [38;2;0;4;0m████          
    ██[38;2;200;255;229m████[38;2;0;4;0m██    ██[38;2;166;255;213m████[38;2;66;65;66m██████[38;2;66;215;143m██[38;2;170;219;232m████[38;2;66;65;66m██[38;2;66;215;143m██[38;2;70;219;147m████[38;2;0;4;0m████[38;2;158;255;208m████[38;2;0;4;0m████      
      ████      ██[38;2;138;255;199m████[38;2;66;64;66m██[38;2;0;4;0m████[38;2;113;255;187m██[38;2;77;226;154m██[38;2;144;255;202m██[38;2;115;255;188m██[38;2;60;73;79m██[38;2;0;4;0m██[38;2;66;215;143m██[38;2;113;255;187m████[38;2;110;255;185m████[38;2;113;255;187m██[38;2;200;255;229m██[38;2;0;4;0m██    
                  ██[38;2;138;255;199m██[38;2;0;4;0m██    ██[38;2;98;247;175m████[38;2;115;255;188m██[38;2;8;0;0m██  [38;2;0;4;0m██[38;2;200;255;229m██[38;2;113;255;187m██[38;2;110;255;185m████[38;2;113;255;187m██[38;2;200;255;229m██[38;2;0;4;0m██    
                    ██        ██[38;2;200;255;229m██[38;2;113;255;187m██[38;2;0;4;0m██  ██[38;2;200;255;229m████[38;2;113;255;187m██[38;2;200;255;229m████[38;2;0;4;0m██      
                              ██[38;2;200;255;229m██[38;2;0;4;0m██      ████[38;2;200;255;229m████[38;2;0;4;0m██        
                                [38;2;66;65;66m██            [38;2;0;4;0m████          
[0m