                    [38;2;0;0;0m████                    
                  ██[38;2;255;247;115m██[38;2;224;184;35m██[38;2;0;0;0m██                  
                ██[38;2;65;65;65m████[38;2;255;247;115m██[38;2;0;0;0m██                  
              ██[38;2;65;65;65m██[38;2;228;57;0m██[38;2;65;65;65m██[38;2;255;247;115m██[38;2;224;184;35m██[38;2;0;0;0m██                
          ████[38;2;179;129;1m██[38;2;65;65;65m██[38;2;228;57;0m██[38;2;65;65;65m██[38;2;255;247;115m████[38;2;0;0;0m██                
      ████[38;2;224;184;35m████[38;2;179;129;1m██[38;2;65;65;65m██[38;2;228;57;0m██[38;2;65;65;65m██[38;2;255;247;115m████[38;2;179;129;1m██[38;2;0;0;0m██              
  [38;2;65;65;65m██[38;2;0;0;0m██[38;2;224;184;35m████████[38;2;255;247;115m██[38;2;65;65;65m████[38;2;255;247;115m████[38;2;179;129;1m██[38;2;255;247;115m████[38;2;0;0;0m██            
[38;2;65;65;65m██[38;2;228;57;0m██[38;2;65;65;65m██[38;2;0;0;0m██[38;2;224;184;35m██████[38;2;255;247;115m██████████████████[38;2;0;0;0m████        
[38;2;65;65;65m██[38;2;228;57;0m██[38;2;65;65;65m██  [38;2;0;0;0m██[38;2;224;184;35m██[38;2;179;129;1m██[38;2;224;184;35m██[38;2;255;247;115m████[38;2;179;129;1m██[38;2;224;184;35m██[38;2;255;247;115m██████████[38;2;179;129;1m██[38;2;0;0;0m██      
[38;2;65;65;65m██[38;2;228;57;0m██[38;2;65;65;65m██[38;2;0;0;0m██[38;2;224;184;35m████[38;2;0;0;0m██[38;2;248;222;222m██[38;2;179;129;1m████[38;2;248;222;222m████[38;2;224;184;35m██[38;2;255;247;115m██████████[38;2;65;65;65m██[38;2;0;0;0m██    
[38;2;65;65;65m████  [38;2;0;0;0m██[38;2;224;184;35m██[38;2;179;129;1m██[38;2;65;65;65m██[38;2;248;222;222m██████[38;2;0;0;0m██[38;2;248;222;222m██[38;2;179;129;1m██[38;2;255;247;115m██[38;2;179;129;1m██[38;2;255;247;115m██[38;2;224;184;35m██[38;2;65;65;65m██[38;2;228;57;0m██[38;2;65;65;65m██    
        [38;2;0;0;0m████[38;2;248;222;222m████████[38;2;65;65;65m██[38;2;248;222;222m██[38;2;179;129;1m██[38;2;255;247;115m██[38;2;179;129;1m██[38;2;0;0;0m████[38;2;65;65;65m██[38;2;228;57;0m██[38;2;65;65;65m██    
            [38;2;0;0;0m██[38;2;248;222;222m██[38;2;65;65;65m██[38;2;248;222;222m████████[38;2;65;65;65m██[38;2;0;0;0m██    [38;2;65;65;65m██[38;2;228;57;0m██[38;2;65;65;65m██    
            [38;2;0;0;0m██[38;2;65;65;65m██[38;2;225;172;180m██[38;2;248;222;222m████[38;2;225;172;180m██[38;2;65;65;65m████[38;2;224;184;35m██[38;2;0;0;0m████[38;2;65;65;65m████      
        [38;2;0;0;0m████[38;2;224;184;35m████[38;2;65;65;65m████[38;2;225;172;180m██[38;2;248;222;222m████[38;2;225;172;180m██[38;2;65;65;65m██[38;2;224;184;35m████[38;2;0;0;0m████      
      ██[38;2;224;184;35m██████[38;2;65;65;65m██[38;2;248;222;222m██[38;2;0;0;0m██[38;2;248;222;222m████[38;2;65;65;65m██[38;2;248;222;222m████[38;2;65;65;65m██[38;2;224;184;35m██[38;2;255;247;115m████[38;2;0;0;0m████  
        ██[38;2;224;184;35m████[38;2;0;0;0m████  ██[38;2;225;172;180m████[38;2;0;0;0m██[38;2;65;65;65m██[38;2;224;184;35m██[38;2;255;247;115m██████████[38;2;0;0;0m██
          ████        ████  ██[38;2;255;247;115m████[38;2;224;184;35m██[38;2;255;247;115m████[38;2;0;0;0m██  
                              ██[38;2;255;247;115m████[38;2;0;0;0m████    
                                ████        
[0m