        [38;2;0;0;0m██                                              
      ██[38;2;146;222;82m██[38;2;0;0;0m██                                            
      ██[38;2;146;222;82m██[38;2;0;0;0m██                            ██              
      ██[38;2;146;222;82m████[38;2;0;0;0m██                      ████[38;2;160;255;66m██[38;2;0;0;0m██            
      ██[38;2;79;79;71m██[38;2;146;222;82m██[38;2;0;0;0m██                    ██[38;2;160;255;66m██████[38;2;0;0;0m██            
      ██[38;2;79;79;71m██[38;2;146;222;82m████[38;2;0;0;0m██                [38;2;0;0;16m██[38;2;160;255;66m██[38;2;74;73;66m██[38;2;160;255;66m██[38;2;0;0;0m██              
      ██[38;2;79;79;71m████[38;2;146;222;82m██[38;2;0;0;0m██              ██[38;2;160;255;66m██[38;2;50;85;32m██[38;2;74;73;66m██[38;2;160;255;66m██[38;2;0;0;0m██              
        ██[38;2;82;79;68m██[38;2;146;222;82m██[38;2;0;0;0m██            [38;2;0;0;16m██[38;2;160;255;66m██[38;2;66;65;66m██[38;2;82;78;68m██[38;2;85;79;38m██[38;2;160;255;66m██[38;2;0;0;0m██              
        ██[38;2;82;79;68m██[38;2;146;222;82m██[38;2;0;0;0m██    ██    ██[38;2;160;255;66m██[38;2;50;85;32m██[38;2;82;78;68m████[38;2;160;255;66m██[38;2;0;0;24m██                
        [38;2;0;0;0m██[38;2;82;79;70m██[38;2;54;82;40m██[38;2;0;0;24m██  [38;2;0;0;0m██[38;2;160;255;66m██[38;2;0;0;16m██  [38;2;0;0;0m██[38;2;160;255;66m██[38;2;74;69;66m██[38;2;82;79;68m████[38;2;160;255;66m██[38;2;0;0;16m██  [38;2;0;0;0m██████        
          ██[38;2;158;247;74m██[38;2;54;82;40m██[38;2;0;0;0m██[38;2;160;255;66m████[38;2;50;85;32m██[38;2;0;0;0m██[38;2;160;255;66m██[38;2;74;69;66m████[38;2;82;79;68m████[38;2;160;255;66m██[38;2;50;85;32m██[38;2;0;0;0m██[38;2;146;222;82m████[38;2;0;0;0m██        
          ██[38;2;160;255;66m██[38;2;130;193;66m██[38;2;158;255;63m████[38;2;111;192;66m██[38;2;163;255;66m██[38;2;66;65;66m██[38;2;160;255;66m██[38;2;66;65;66m██[38;2;82;78;68m██[38;2;82;81;66m██[38;2;160;255;66m██████[38;2;66;65;66m██[38;2;146;222;82m██[38;2;0;0;0m██  ████    
        ██[38;2;160;255;66m██████[38;2;158;255;63m████[38;2;163;255;66m██[38;2;66;60;66m██[38;2;160;255;66m██[38;2;66;65;66m██[38;2;82;78;68m████[38;2;82;81;66m██[38;2;160;255;66m██[38;2;66;65;66m████[38;2;146;222;82m████[38;2;66;65;66m██[38;2;0;0;0m██[38;2;160;255;66m██[38;2;0;0;0m██    
  ████  ██[38;2;206;255;132m██[38;2;224;255;170m██████[38;2;160;255;66m██[38;2;158;255;63m████[38;2;82;81;66m████[38;2;74;73;66m██[38;2;160;255;66m██[38;2;160;194;148m██[38;2;74;69;49m██[38;2;90;85;57m██[38;2;149;172;139m██[38;2;104;194;66m██[38;2;74;69;66m██[38;2;160;255;66m████[38;2;0;0;0m██      
  ██[38;2;198;195;189m██[38;2;0;0;0m██[38;2;206;255;132m████[38;2;224;255;170m████████[38;2;158;255;63m████[38;2;160;255;66m██[38;2;82;81;66m██[38;2;160;255;66m██[38;2;74;73;66m██[38;2;74;69;49m██[38;2;252;249;243m██[38;2;254;251;245m██[38;2;90;85;57m██[38;2;155;255;66m████[38;2;160;255;66m██[38;2;130;193;66m██[38;2;0;0;0m██      
  ██[38;2;206;195;198m██[38;2;74;65;76m██[38;2;160;255;66m██[38;2;224;255;170m██████[38;2;160;255;66m████████████[38;2;66;65;66m████[38;2;255;255;255m████[38;2;82;77;66m████[38;2;160;255;66m████[38;2;165;255;74m██[38;2;8;0;8m██        
    [38;2;8;0;16m██[38;2;74;65;76m██[38;2;160;255;66m████████[38;2;66;65;66m██████[38;2;160;255;66m██[38;2;136;200;68m██[38;2;90;81;74m██[38;2;66;65;66m██[38;2;255;255;255m████[38;2;131;128;122m██[38;2;139;136;130m██[38;2;255;255;247m██[38;2;82;81;66m██[38;2;160;255;66m██[38;2;93;172;52m████[38;2;0;0;0m██████  
  ██[38;2;66;65;66m██[38;2;160;255;66m████████[38;2;66;65;66m██[38;2;82;69;82m██[38;2;255;255;255m██[38;2;107;65;115m██[38;2;155;255;66m██[38;2;146;222;82m████[38;2;170;214;132m██[38;2;66;65;66m██[38;2;255;255;255m████[38;2;252;249;243m██[38;2;90;85;57m██[38;2;158;255;63m████████[38;2;160;255;66m██████[38;2;0;0;0m██
██[38;2;255;255;255m██[38;2;66;65;66m██[38;2;160;255;66m██[38;2;82;81;66m██[38;2;160;255;66m████[38;2;66;65;66m██[38;2;82;69;82m████[38;2;155;255;66m██[38;2;155;205;82m██[38;2;146;222;82m██[38;2;79;79;71m██[38;2;66;65;66m██[38;2;197;194;188m██[38;2;255;255;255m████[38;2;90;85;57m██[38;2;164;200;151m██[38;2;158;255;63m████████[38;2;160;255;66m██[38;2;0;0;0m████  
  ██[38;2;255;255;255m██[38;2;90;90;85m██[38;2;160;255;66m████████[38;2;165;255;74m██[38;2;147;208;74m██[38;2;146;222;82m████████[38;2;66;65;66m██[38;2;198;195;189m██[38;2;197;195;192m██[38;2;255;255;255m██[38;2;252;249;243m██[38;2;90;85;57m██[38;2;160;255;66m████[38;2;161;255;74m██[38;2;74;69;74m██[38;2;0;0;0m██      
    [38;2;8;8;0m██[38;2;90;90;85m██[38;2;66;65;66m████[38;2;147;225;79m████[38;2;105;115;74m██[38;2;147;208;74m██[38;2;146;222;82m██[38;2;66;65;66m██████[38;2;198;195;189m████[38;2;197;195;192m██[38;2;82;77;66m██[38;2;90;85;57m██[38;2;164;200;151m██[38;2;160;255;66m██[38;2;130;193;66m██[38;2;111;194;74m████[38;2;146;222;82m██[38;2;0;0;0m██    
      ██[38;2;255;255;255m████[38;2;66;65;66m██████████[38;2;198;195;189m██[38;2;200;195;189m████████[38;2;74;69;49m██[38;2;160;194;148m██[38;2;158;255;63m████████[38;2;125;181;74m██[38;2;90;77;41m██[38;2;0;0;0m██      
    ██[38;2;255;255;255m████████[38;2;192;191;192m██[38;2;198;195;189m████████[38;2;200;195;189m██████[38;2;255;255;255m██[38;2;252;249;243m██[38;2;74;69;49m██[38;2;158;255;63m████████[38;2;0;0;8m██          
  [38;2;0;0;0m██[38;2;255;255;255m██[38;2;170;171;170m██[38;2;0;0;0m██[38;2;82;79;70m██[38;2;255;255;255m████[38;2;132;129;123m██[38;2;198;195;189m██[38;2;201;198;192m██[38;2;123;120;114m██[38;2;255;255;255m██[38;2;200;195;189m██[38;2;66;65;66m██[38;2;0;0;0m██[38;2;255;255;255m████[38;2;0;0;0m██[38;2;160;255;66m██[38;2;163;255;66m██[38;2;135;216;82m██[38;2;115;148;74m██[38;2;0;0;8m██        
    [38;2;0;4;0m████  [38;2;0;0;0m██[38;2;255;255;255m██[38;2;82;81;66m██[38;2;132;129;123m██[38;2;198;195;189m██[38;2;201;198;192m██[38;2;82;85;66m██[38;2;255;255;255m████[38;2;0;0;0m██  ████  ██[38;2;140;113;115m██[38;2;135;216;82m██[38;2;169;222;107m██[38;2;0;0;8m██        
            [38;2;0;0;0m██[38;2;125;189;66m██[38;2;82;78;68m██[38;2;198;195;189m██[38;2;120;117;111m██[38;2;82;81;74m██[38;2;74;69;49m██[38;2;254;251;245m██[38;2;0;0;0m██          [38;2;0;0;16m██[38;2;146;231;90m██[38;2;136;239;74m██[38;2;0;0;0m██        
              ██[38;2;82;78;68m██[38;2;198;195;189m██[38;2;82;81;74m██[38;2;147;222;90m██[38;2;164;162;135m██[38;2;74;69;49m██[38;2;0;0;0m██        ██[38;2;146;231;90m██[38;2;102;154;65m██[38;2;136;239;74m██[38;2;0;0;0m██        
              ██[38;2;125;192;60m██[38;2;82;81;66m██[38;2;79;79;71m██[38;2;146;222;82m████[38;2;0;0;0m██            ██████          
            ██[38;2;125;189;66m██[38;2;125;192;60m██[38;2;82;81;66m██[38;2;146;222;82m██████[38;2;0;0;0m██                            
              ████[38;2;160;255;66m██[38;2;78;127;53m██[38;2;174;255;90m██[38;2;0;0;0m██                              
                  ██[38;2;0;0;16m████                                
[0m