                                        [38;2;0;0;0m████                                            
                                    ████[38;2;255;250;180m████[38;2;0;0;0m████    ██████                              
                                  ██[38;2;255;250;180m██████████[38;2;205;178;148m██[38;2;0;0;0m████[38;2;255;250;180m██[38;2;255;255;197m██[38;2;169;169;131m██[38;2;0;0;0m██                            
                                ██[38;2;255;255;255m██[38;2;255;248;180m██[38;2;255;250;180m██████[38;2;202;180;148m████[38;2;255;250;180m██[38;2;254;249;180m████████[38;2;255;250;205m██[38;2;0;0;0m██                          
                              ██[38;2;255;255;255m██████[38;2;255;250;180m██[38;2;65;64;65m██[38;2;202;180;148m████[38;2;255;250;180m████[38;2;254;249;180m████████[38;2;255;250;205m████[38;2;0;0;0m██                        
                            ██[38;2;255;250;180m████[38;2;255;255;246m████[38;2;68;62;68m██[38;2;205;178;148m██[38;2;65;64;65m██[38;2;255;246;180m██[38;2;65;64;65m████[38;2;255;250;180m████[38;2;255;248;180m████[38;2;255;255;255m████[38;2;255;250;222m██[38;2;0;0;0m██                      
                          ██[38;2;255;250;180m██[38;2;202;180;148m██[38;2;255;250;180m██[38;2;219;211;200m██[38;2;148;125;106m██[38;2;205;178;148m██[38;2;137;120;106m██[38;2;191;186;142m██[38;2;65;64;65m██[38;2;205;178;148m████[38;2;65;64;65m██[38;2;255;250;180m██[38;2;255;255;255m████████[38;2;255;250;222m██[38;2;0;0;0m██                      
                        ██[38;2;255;246;180m██[38;2;197;180;148m██[38;2;255;250;180m████[38;2;145;107;137m██[38;2;200;179;148m██[38;2;203;165;205m██[38;2;152;101;152m██[38;2;150;101;153m████[38;2;201;180;148m██[38;2;148;105;139m██[38;2;65;64;65m██[38;2;255;246;180m██[38;2;255;248;180m██[38;2;255;255;255m██[38;2;255;250;180m████[38;2;254;249;180m████[38;2;0;0;0m██                    
                        ██[38;2;139;114;137m██[38;2;255;246;180m██[38;2;255;250;180m██[38;2;65;64;65m██[38;2;200;179;148m██[38;2;145;107;137m██[38;2;152;101;152m██[38;2;203;165;205m██[38;2;205;149;213m████[38;2;148;105;139m████[38;2;191;186;142m██[38;2;65;64;65m██[38;2;255;248;180m████[38;2;202;180;148m██[38;2;255;250;180m██[38;2;254;249;180m████[38;2;0;0;0m██                    
                      ██[38;2;205;178;156m██[38;2;139;115;135m██[38;2;255;250;180m██[38;2;255;242;197m██[38;2;74;56;74m██[38;2;131;125;131m██[38;2;255;250;255m██[38;2;255;194;245m██[38;2;208;149;211m██████[38;2;213;145;213m████[38;2;139;105;139m██[38;2;65;64;65m██[38;2;254;249;180m████[38;2;255;250;180m██[38;2;202;180;148m██[38;2;254;249;180m████[38;2;255;250;180m██[38;2;0;0;0m██                  
        ████          ██[38;2;137;118;104m██[38;2;255;250;180m████[38;2;74;56;74m██[38;2;134;115;129m██[38;2;255;250;255m██[38;2;8;0;8m██[38;2;208;149;211m██████[38;2;255;194;245m██[38;2;255;250;255m██[38;2;234;198;234m██[38;2;213;145;213m██[38;2;65;64;65m██[38;2;254;249;180m████[38;2;255;250;180m██[38;2;202;180;148m██[38;2;254;249;180m████[38;2;255;250;180m██[38;2;0;0;0m██                  
      ██[38;2;205;149;213m██[38;2;142;99;142m██[38;2;0;0;0m██      ██[38;2;205;180;148m██[38;2;139;113;138m██[38;2;254;249;180m████[38;2;65;64;65m██[38;2;205;149;213m██[38;2;209;149;213m██[38;2;255;255;255m██[38;2;205;149;213m████[38;2;205;161;205m██[38;2;255;238;255m██[38;2;0;0;0m██[38;2;255;234;252m██[38;2;208;149;213m████[38;2;65;64;65m██[38;2;255;250;180m██[38;2;254;249;180m████[38;2;202;180;148m██[38;2;255;250;180m██[38;2;255;250;189m██[38;2;8;4;8m██                  
      [38;2;0;0;0m██[38;2;205;149;213m██[38;2;213;149;213m██[38;2;0;0;0m██      ██[38;2;205;180;148m██[38;2;139;113;138m██[38;2;254;249;180m████[38;2;65;64;65m██[38;2;205;149;213m██[38;2;209;149;213m████[38;2;150;101;153m████[38;2;156;85;156m██[38;2;205;161;205m██[38;2;255;234;252m████[38;2;208;149;213m████[38;2;65;64;65m██[38;2;255;250;180m██[38;2;254;249;180m████[38;2;202;180;148m██[38;2;255;250;180m██[38;2;255;250;189m██[38;2;172;168;128m██[38;2;0;0;0m██                
  ████[38;2;65;64;65m██[38;2;152;99;152m██[38;2;205;149;213m██[38;2;150;101;153m██[38;2;0;0;0m██  [38;2;0;4;8m██[38;2;205;182;148m██[38;2;139;115;135m██[38;2;255;250;180m████[38;2;65;64;65m██[38;2;128;75;117m██[38;2;150;98;153m██[38;2;213;149;196m██[38;2;148;101;156m██[38;2;255;246;255m██[38;2;194;186;192m██[38;2;244;174;255m██[38;2;156;97;148m██[38;2;148;101;156m██[38;2;213;149;196m██[38;2;208;149;213m████[38;2;65;64;65m██[38;2;255;250;180m██[38;2;254;249;180m████[38;2;202;180;148m██[38;2;255;250;180m██[38;2;139;113;138m██[38;2;205;180;148m██[38;2;0;0;0m██        ████    
██[38;2;205;149;213m████[38;2;152;99;152m██[38;2;65;64;65m██[38;2;150;101;153m████[38;2;148;101;148m██[38;2;0;0;0m██[38;2;68;63;54m██[38;2;205;182;148m██[38;2;139;115;135m██[38;2;255;250;180m████[38;2;65;64;65m██[38;2;128;75;117m██[38;2;150;98;153m██[38;2;148;101;156m██[38;2;246;174;238m██[38;2;74;64;74m████[38;2;222;148;221m██[38;2;244;174;255m██[38;2;246;174;238m██[38;2;148;101;156m██[38;2;208;149;213m██[38;2;148;101;148m██[38;2;65;64;65m██[38;2;255;250;180m██[38;2;254;249;180m████[38;2;202;180;148m██[38;2;255;250;180m██[38;2;139;113;138m██[38;2;205;180;148m██[38;2;65;64;65m██[38;2;0;0;0m██    ██[38;2;148;101;148m██[38;2;205;149;213m██[38;2;0;0;0m██  
██[38;2;68;53;71m██[38;2;205;153;213m██[38;2;213;145;222m██[38;2;143;103;148m██[38;2;152;99;152m████[38;2;150;101;153m████[38;2;65;64;65m██[38;2;205;178;148m██[38;2;139;113;138m██[38;2;205;180;148m██[38;2;255;246;180m██[38;2;65;64;65m██[38;2;205;178;148m██[38;2;115;94;117m██[38;2;156;99;153m██[38;2;115;82;109m██[38;2;230;137;246m██[38;2;65;60;74m████[38;2;230;137;246m██[38;2;131;76;125m██[38;2;152;99;152m██[38;2;150;99;150m████[38;2;65;64;65m██[38;2;255;250;180m██████[38;2;197;180;148m██[38;2;255;246;180m██[38;2;139;111;132m██[38;2;65;64;65m██[38;2;208;149;213m██[38;2;148;101;148m██[38;2;0;0;0m██  ██[38;2;213;149;213m██[38;2;205;149;213m██[38;2;0;0;0m██  
  [38;2;0;4;0m████[38;2;74;60;74m██[38;2;143;103;148m██[38;2;152;99;152m██[38;2;65;64;65m██[38;2;205;149;213m██[38;2;150;101;153m██[38;2;65;64;65m██[38;2;205;178;148m██[38;2;139;113;138m██[38;2;205;180;148m██[38;2;191;186;142m██[38;2;65;64;65m██[38;2;205;178;148m██[38;2;74;52;74m██[38;2;74;64;74m██[38;2;156;99;153m██[38;2;126;86;125m██[38;2;230;137;246m████[38;2;126;86;125m██[38;2;152;99;152m████[38;2;150;99;150m████[38;2;65;64;65m██[38;2;255;250;180m██[38;2;202;180;148m██[38;2;255;250;180m██[38;2;139;114;137m██[38;2;197;180;148m██[38;2;139;111;132m██[38;2;65;64;65m██[38;2;208;149;213m████[38;2;65;64;65m██[38;2;0;0;0m██[38;2;142;99;142m██[38;2;213;149;213m██[38;2;0;0;0m██    
      ██[38;2;148;101;148m██[38;2;68;55;71m██[38;2;205;149;213m██[38;2;213;145;222m██[38;2;143;103;148m██[38;2;65;64;65m████[38;2;139;113;138m██[38;2;205;180;148m██[38;2;205;178;148m██[38;2;65;64;65m██[38;2;82;48;74m██[38;2;255;210;115m████[38;2;82;48;74m██[38;2;156;93;148m██[38;2;126;83;120m██[38;2;65;64;65m████████[38;2;152;99;152m████[38;2;65;64;65m██[38;2;205;178;148m██[38;2;205;180;148m████[38;2;139;113;138m██[38;2;205;180;148m██[38;2;139;113;138m██[38;2;205;180;148m██[38;2;65;64;65m██[38;2;213;145;213m██[38;2;150;99;150m████[38;2;150;101;153m████[38;2;68;56;71m██[38;2;0;8;0m██  
        [38;2;0;0;0m██[38;2;0;8;0m██[38;2;205;149;213m██[38;2;143;103;148m██[38;2;74;60;74m██[38;2;197;194;189m██[38;2;65;64;65m██[38;2;205;180;148m██[38;2;139;113;138m██[38;2;205;178;148m██[38;2;65;64;65m██[38;2;255;210;115m██[38;2;168;129;94m████[38;2;255;210;115m██[38;2;65;64;65m████[38;2;246;218;106m████████[38;2;65;64;65m████[38;2;205;178;148m████[38;2;205;180;148m██[38;2;139;113;138m██[38;2;205;180;148m████[38;2;139;113;138m██[38;2;205;180;148m██[38;2;65;64;65m██[38;2;139;105;139m██[38;2;150;99;150m████[38;2;150;101;153m██[38;2;205;149;213m██[38;2;205;153;213m██[38;2;68;56;71m██[38;2;0;0;0m██
            ██[38;2;94;93;90m██[38;2;189;186;180m██[38;2;197;194;189m████[38;2;65;64;65m██[38;2;139;111;132m██[38;2;205;178;148m██[38;2;65;64;65m██[38;2;209;87;189m████████[38;2;246;218;106m████[38;2;211;88;188m████[38;2;225;88;193m██[38;2;246;218;106m██[38;2;255;222;131m██[38;2;65;64;74m██[38;2;202;180;148m████[38;2;205;180;148m██[38;2;139;113;138m██[38;2;202;180;148m████[38;2;139;113;138m██[38;2;205;180;148m██[38;2;197;186;164m██[38;2;65;64;65m██[38;2;68;60;71m██[38;2;137;121;134m██[38;2;148;101;148m██[38;2;0;0;0m██[38;2;205;149;213m████[38;2;0;0;0m██
                ██[38;2;139;139;127m██[38;2;197;194;189m██[38;2;65;64;65m██[38;2;139;111;132m██[38;2;205;178;148m████[38;2;65;64;65m██[38;2;209;87;189m████[38;2;191;178;63m██[38;2;246;218;106m██[38;2;210;88;190m██[38;2;255;57;194m████[38;2;225;88;193m████[38;2;191;169;112m██[38;2;65;64;74m██[38;2;202;180;148m████[38;2;139;113;138m██[38;2;205;180;148m██[38;2;202;180;148m████[38;2;139;113;138m██[38;2;205;180;148m██[38;2;65;64;65m██[38;2;197;186;164m██[38;2;205;182;200m██[38;2;68;60;71m██[38;2;0;0;0m██  ████  
                ██[38;2;205;198;189m██[38;2;137;132;126m██[38;2;197;194;189m██[38;2;0;0;0m██[38;2;205;178;148m████[38;2;65;64;65m██[38;2;197;178;106m██[38;2;205;169;65m██[38;2;80;56;82m██[38;2;74;56;73m██[38;2;255;201;115m██[38;2;209;87;189m████[38;2;161;130;93m██[38;2;205;170;106m██[38;2;65;64;65m██[38;2;205;178;148m██████[38;2;65;64;65m██[38;2;205;178;148m██[38;2;205;180;148m██[38;2;139;113;138m██[38;2;191;188;178m██[38;2;65;64;57m██[38;2;255;255;255m██[38;2;197;196;191m██[38;2;197;194;189m██[38;2;0;0;0m██          
                  ██████  ██[38;2;205;178;148m██[38;2;197;178;106m██[38;2;65;64;65m██[38;2;80;56;82m██[38;2;123;94;65m██[38;2;164;129;90m██[38;2;74;56;73m██[38;2;191;178;63m████[38;2;205;170;106m██[38;2;74;52;70m██[38;2;65;64;65m██[38;2;205;178;148m████[38;2;65;64;65m████[38;2;205;178;148m██[38;2;205;180;148m██[38;2;139;113;138m██[38;2;65;64;57m██[38;2;255;250;238m██[38;2;255;255;255m██[38;2;139;138;128m██[38;2;0;0;0m██            
                          [38;2;0;20;32m██[38;2;82;46;75m██[38;2;205;178;148m██[38;2;65;64;65m██[38;2;209;87;189m██[38;2;174;55;154m██[38;2;211;88;188m████[38;2;65;60;65m████[38;2;65;64;65m████[38;2;205;178;148m████[38;2;65;64;65m██[38;2;209;87;189m██[38;2;65;64;65m██[38;2;205;178;148m████[38;2;0;0;0m████[38;2;255;255;255m██[38;2;137;132;126m██[38;2;205;198;189m██[38;2;0;0;0m██            
                        ██[38;2;82;46;75m██[38;2;246;74;193m██[38;2;65;64;65m████[38;2;209;87;189m██[38;2;174;55;154m██[38;2;255;57;194m██[38;2;211;88;188m██[38;2;173;64;154m██[38;2;207;80;187m██[38;2;65;64;65m██[38;2;205;178;148m██[38;2;137;120;106m██[38;2;68;62;68m██[38;2;209;87;189m██[38;2;65;64;65m██[38;2;205;178;148m████[38;2;0;0;0m██    ██████              
                    ██[38;2;0;8;8m██[38;2;207;89;185m██[38;2;65;64;65m██[38;2;255;57;194m██[38;2;254;60;196m████[38;2;176;56;155m██[38;2;255;57;194m████[38;2;176;56;155m██[38;2;212;89;189m████[38;2;65;64;74m████[38;2;65;68;82m██[38;2;204;80;176m██[38;2;209;87;189m██[38;2;65;64;65m██[38;2;222;139;195m██[38;2;73;60;74m██[38;2;0;0;0m██                        
                  ██[38;2;209;87;189m██[38;2;207;89;185m██[38;2;93;52;94m██[38;2;255;57;194m████[38;2;254;60;196m████[38;2;176;56;155m██[38;2;255;57;194m████[38;2;176;56;155m██[38;2;212;89;189m████[38;2;255;82;218m██[38;2;191;79;169m██[38;2;255;90;227m██[38;2;204;80;176m██[38;2;209;87;189m████[38;2;73;60;74m██[38;2;172;115;156m██[38;2;209;87;189m██[38;2;0;0;0m██                      
                    ██[38;2;65;64;65m██[38;2;255;57;194m██[38;2;254;60;196m████[38;2;255;57;194m██[38;2;176;56;155m██[38;2;254;60;196m████[38;2;255;74;209m██[38;2;172;57;152m██[38;2;212;89;189m████[38;2;211;88;188m██[38;2;255;57;194m██[38;2;211;88;188m██[38;2;255;57;194m██[38;2;174;55;154m██[38;2;209;87;189m██[38;2;212;89;189m████[38;2;211;89;190m████[38;2;0;0;0m████                  
                  ██[38;2;65;64;65m██[38;2;255;57;194m████[38;2;254;60;196m████[38;2;255;57;194m██[38;2;176;56;155m██[38;2;254;60;196m████[38;2;172;57;152m██[38;2;211;74;179m██[38;2;212;89;189m████[38;2;255;57;194m██[38;2;211;88;188m██[38;2;255;57;194m████[38;2;174;55;154m██[38;2;209;87;189m██[38;2;212;89;189m████[38;2;173;55;152m██[38;2;211;89;190m██[38;2;209;87;189m████[38;2;0;0;0m██                
                ██[38;2;255;57;194m████████████[38;2;176;56;155m██[38;2;255;57;194m██[38;2;254;60;196m████[38;2;172;57;152m██[38;2;211;74;179m██[38;2;212;89;189m████[38;2;211;88;188m██[38;2;255;57;194m██[38;2;254;60;196m████[38;2;255;57;194m██[38;2;176;56;155m██[38;2;212;89;189m████[38;2;211;89;190m██[38;2;173;55;152m██[38;2;93;52;94m██[38;2;0;8;8m██                  
                  [38;2;0;0;0m████████[38;2;255;57;194m██[38;2;176;56;155m██[38;2;255;57;194m████[38;2;254;60;196m████[38;2;255;74;209m██[38;2;172;57;152m██[38;2;212;89;189m████[38;2;211;88;188m████[38;2;254;60;196m████[38;2;255;57;194m████[38;2;212;89;189m████[38;2;211;89;190m████[38;2;207;89;185m████[38;2;0;0;0m██                
                          ████[38;2;255;57;194m██████████[38;2;0;0;0m██████[38;2;209;87;189m████[38;2;255;57;194m██████[38;2;0;0;0m██████████████                  
                              ██████████      ██████████                                
[0m