            [38;2;0;0;0m██████                                          
            ██[38;2;197;181;107m████[38;2;0;0;0m██                                        
              ██[38;2;197;181;107m████[38;2;0;0;0m██████    ██████                        
              ██[38;2;65;65;65m██[38;2;110;138;46m████████[38;2;0;0;0m████[38;2;247;239;173m██████[38;2;0;0;0m██                      
            ██[38;2;110;138;46m████████████[38;2;65;65;65m██[38;2;247;239;173m██[38;2;197;181;107m████[38;2;0;0;0m██                        
    ████████[38;2;110;138;46m██████████████[38;2;65;65;65m██[38;2;197;181;107m████[38;2;0;0;0m██                          
  ██[38;2;160;143;124m██[38;2;255;255;255m██[38;2;160;143;124m██[38;2;65;65;65m██[38;2;110;138;46m████████████[38;2;65;65;65m██[38;2;126;109;90m██[38;2;65;65;65m██[38;2;160;143;124m██[38;2;0;0;0m██                          
██[38;2;160;143;124m████[38;2;126;109;90m██[38;2;65;65;65m██[38;2;110;138;46m████████[38;2;73;101;9m██[38;2;65;65;65m████[38;2;255;255;255m██[38;2;126;109;90m██[38;2;160;143;124m████[38;2;0;0;0m██                          
██[38;2;160;143;124m██[38;2;126;109;90m████[38;2;65;65;65m██[38;2;190;173;154m██[38;2;65;65;65m██████[38;2;190;173;154m██[38;2;0;0;0m██[38;2;197;66;66m██[38;2;255;255;255m██[38;2;126;109;90m██[38;2;160;143;124m██[38;2;65;65;65m██[38;2;255;255;255m██[38;2;0;0;0m██      ████              
██[38;2;126;109;90m██████[38;2;65;65;65m██[38;2;190;173;154m████████████[38;2;160;143;124m██████[38;2;65;65;65m██[38;2;160;143;124m██████[38;2;0;0;0m██    ██[38;2;197;181;107m██[38;2;0;0;0m██████        
  ████[38;2;126;109;90m██[38;2;65;65;65m████[38;2;190;173;154m██[38;2;160;143;124m██[38;2;190;173;154m████[38;2;160;143;124m████[38;2;65;65;65m██[38;2;160;143;124m██[38;2;65;65;65m██[38;2;255;255;255m██[38;2;160;143;124m██[38;2;126;109;90m██[38;2;160;143;124m██[38;2;0;0;0m██  ██[38;2;197;181;107m██[38;2;65;65;65m██[38;2;110;138;46m████[38;2;0;0;0m████    
      ████[38;2;65;65;65m████████[38;2;255;255;255m██[38;2;65;65;65m████[38;2;160;143;124m██[38;2;126;109;90m██[38;2;65;65;65m██[38;2;160;143;124m████[38;2;126;109;90m██[38;2;160;143;124m██[38;2;0;0;0m██  ██[38;2;73;101;9m██[38;2;110;138;46m████[38;2;65;65;65m██[38;2;247;239;173m████[38;2;0;0;0m██  
          ██[38;2;65;65;65m██[38;2;197;181;107m████[38;2;65;65;65m████[38;2;197;181;107m██[38;2;160;143;124m██[38;2;126;109;90m██[38;2;160;143;124m██[38;2;65;65;65m██[38;2;160;143;124m████[38;2;65;65;65m██[38;2;126;109;90m██[38;2;0;0;0m██[38;2;110;138;46m██████[38;2;65;65;65m██[38;2;197;181;107m██[38;2;247;239;173m██[38;2;0;0;0m██    
        ██[38;2;126;109;90m██[38;2;160;143;124m██[38;2;65;65;65m██[38;2;247;239;173m████████[38;2;190;173;154m██[38;2;160;143;124m██[38;2;126;109;90m██████[38;2;65;65;65m██[38;2;126;109;90m████[38;2;0;0;0m██[38;2;65;65;65m██[38;2;110;138;46m██[38;2;65;65;65m██[38;2;255;255;255m██[38;2;167;117;161m██[38;2;0;0;0m██      
        ██[38;2;160;143;124m██[38;2;65;65;65m██[38;2;173;156;82m██[38;2;247;239;173m██████████[38;2;160;143;124m████████[38;2;65;65;65m██[38;2;126;109;90m████[38;2;65;65;65m██[38;2;201;151;195m████[38;2;197;66;66m██[38;2;255;255;255m██[38;2;201;151;195m████[38;2;0;0;0m██    
        ██[38;2;160;143;124m██[38;2;65;65;65m██[38;2;247;239;173m██[38;2;173;156;82m██████[38;2;247;239;173m██[38;2;65;65;65m██[38;2;190;173;154m████[38;2;160;143;124m██[38;2;126;109;90m████[38;2;65;65;65m██[38;2;0;0;0m██[38;2;167;117;161m██[38;2;65;65;65m██[38;2;201;151;195m██████[38;2;167;117;161m██[38;2;65;65;65m██[38;2;0;0;0m██    
          ██[38;2;126;109;90m██[38;2;65;65;65m██[38;2;247;239;173m██████[38;2;65;65;65m██[38;2;190;173;154m██████[38;2;126;109;90m██[38;2;160;143;124m████[38;2;0;0;0m████[38;2;65;65;65m██[38;2;167;117;161m██[38;2;65;65;65m██[38;2;247;239;173m████[38;2;201;151;195m██████[38;2;0;0;0m██  
            ██████[38;2;197;181;107m████[38;2;65;65;65m██[38;2;160;143;124m██[38;2;190;173;154m████[38;2;126;109;90m██[38;2;65;65;65m██[38;2;0;0;0m██    ██[38;2;65;65;65m██[38;2;247;239;173m██████[38;2;197;181;107m██[38;2;201;151;195m██[38;2;167;117;161m██[38;2;0;0;0m██  
                  ██████[38;2;160;143;124m██████████[38;2;0;0;0m██    ██[38;2;167;117;161m██[38;2;197;181;107m██[38;2;247;239;173m████[38;2;167;117;161m██[38;2;65;65;65m████[38;2;167;117;161m██[38;2;0;0;0m██
                        ██[38;2;255;255;255m██[38;2;126;109;90m██[38;2;255;255;255m██[38;2;0;0;0m██      ██[38;2;167;117;161m██[38;2;65;65;65m██[38;2;197;181;107m██[38;2;167;117;161m██[38;2;201;151;195m████[38;2;0;0;0m████  
                          ██████          ████████[38;2;201;151;195m████[38;2;0;0;0m██    
                                                  ████      
[0m