                                [38;2;7;7;7m████                                
                              ██[38;2;121;131;151m██[38;2;7;7;7m██                                
                            ██[38;2;121;131;151m████[38;2;7;7;7m██                                
                          ██[38;2;66;66;66m██[38;2;121;131;151m██[38;2;66;66;66m██[38;2;7;7;7m██                                
                          ██[38;2;121;131;151m██[38;2;66;66;66m██[38;2;82;90;106m██[38;2;7;7;7m██                                
                        ██[38;2;66;66;66m██[38;2;121;131;151m██[38;2;66;66;66m██[38;2;7;7;7m██                                  
                        ██[38;2;121;131;151m██[38;2;66;66;66m██[38;2;82;90;106m██[38;2;66;66;66m██[38;2;7;7;7m██              ████              
                        ██[38;2;82;90;106m██[38;2;66;66;66m██[38;2;82;90;106m██[38;2;66;66;66m██[38;2;171;198;111m██[38;2;7;7;7m████        ██[38;2;248;248;248m██[38;2;7;7;7m██              
              ████    ██[38;2;206;221;170m██[38;2;66;66;66m██[38;2;82;90;106m██[38;2;66;66;66m██[38;2;171;198;111m████████[38;2;7;7;7m████    ██[38;2;248;248;248m██[38;2;189;205;205m██[38;2;7;7;7m████          
              ██[38;2;121;131;151m██[38;2;7;7;7m████[38;2;171;198;111m██[38;2;206;221;170m████[38;2;66;66;66m██[38;2;206;221;170m██[38;2;171;198;111m████[38;2;66;66;66m████[38;2;82;90;106m██[38;2;7;7;7m██  ██[38;2;248;248;248m████[38;2;189;205;205m██[38;2;248;248;248m██[38;2;7;7;7m██          
              ██[38;2;82;90;106m██[38;2;121;131;151m██[38;2;66;66;66m██[38;2;171;198;111m████[38;2;206;221;170m████[38;2;171;198;111m████[38;2;66;66;66m██[38;2;82;90;106m████[38;2;66;66;66m██[38;2;7;7;7m██  ██[38;2;248;248;248m██[38;2;189;205;205m██[38;2;248;248;248m████[38;2;7;7;7m██          
                ██[38;2;82;90;106m██[38;2;121;131;151m██[38;2;66;66;66m██[38;2;171;198;111m██████[38;2;66;66;66m████[38;2;121;131;151m██[38;2;66;66;66m████[38;2;7;7;7m██  ██[38;2;248;248;248m████[38;2;66;66;66m██[38;2;248;248;248m██[38;2;7;7;7m██            
                ██[38;2;82;90;106m██[38;2;121;131;151m██[38;2;66;66;66m██[38;2;171;198;111m████[38;2;66;66;66m██[38;2;121;131;151m████[38;2;66;66;66m██[38;2;82;90;106m██[38;2;66;66;66m██[38;2;89;95;63m██[38;2;7;7;7m██[38;2;66;66;66m██[38;2;248;248;248m██[38;2;66;66;66m██[38;2;82;90;106m██[38;2;66;66;66m██[38;2;7;7;7m██            
                ██[38;2;66;66;66m██[38;2;82;90;106m██[38;2;121;131;151m██[38;2;66;66;66m████[38;2;121;131;151m██[38;2;66;66;66m████[38;2;82;90;106m██[38;2;66;66;66m██[38;2;82;90;106m██[38;2;66;66;66m██[38;2;89;95;63m██[38;2;66;66;66m████[38;2;82;90;106m████[38;2;66;66;66m████[38;2;7;7;7m██          
              ██[38;2;132;137;95m██[38;2;66;66;66m████[38;2;82;90;106m██[38;2;66;66;66m██[38;2;121;131;151m██[38;2;66;66;66m██[38;2;82;90;106m████[38;2;66;66;66m██[38;2;171;198;111m██[38;2;66;66;66m██[38;2;82;90;106m██[38;2;66;66;66m██[38;2;82;90;106m████[38;2;66;66;66m██[38;2;82;90;106m██[38;2;66;66;66m██[38;2;82;90;106m██[38;2;7;7;7m██          
              ██[38;2;132;137;95m██[38;2;66;66;66m██[38;2;82;90;106m██[38;2;66;66;66m██[38;2;82;90;106m██[38;2;66;66;66m██[38;2;82;90;106m██[38;2;66;66;66m████[38;2;248;248;248m██[38;2;171;198;111m██[38;2;66;66;66m██████[38;2;82;90;106m██[38;2;66;66;66m██[38;2;171;198;111m██[38;2;66;66;66m██[38;2;171;198;111m██[38;2;66;66;66m██[38;2;82;90;106m██[38;2;7;7;7m██        
              ██[38;2;66;66;66m██[38;2;82;90;106m██[38;2;66;66;66m████[38;2;82;90;106m██[38;2;66;66;66m████[38;2;7;7;7m██[38;2;248;248;248m██[38;2;171;198;111m██[38;2;66;66;66m██[38;2;82;90;106m████[38;2;66;66;66m████[38;2;82;90;106m██[38;2;206;221;170m████[38;2;132;137;95m██[38;2;66;66;66m██[38;2;82;90;106m██[38;2;66;66;66m██[38;2;7;7;7m██      
                ██[38;2;66;66;66m████[38;2;171;198;111m██[38;2;66;66;66m██[38;2;132;137;95m██[38;2;171;198;111m██████[38;2;66;66;66m██[38;2;82;90;106m██[38;2;66;66;66m██[38;2;82;90;106m██████[38;2;66;66;66m██[38;2;206;221;170m██[38;2;132;137;95m██[38;2;171;198;111m██[38;2;132;137;95m██[38;2;66;66;66m██[38;2;82;90;106m██[38;2;7;7;7m██      
                ██[38;2;82;90;106m██[38;2;66;66;66m██[38;2;171;198;111m██████████[38;2;66;66;66m██[38;2;82;90;106m████[38;2;66;66;66m████████[38;2;82;90;106m██[38;2;66;66;66m██[38;2;132;137;95m██[38;2;171;198;111m██[38;2;132;137;95m██[38;2;66;66;66m██[38;2;7;7;7m██        
                  ██[38;2;82;90;106m██[38;2;66;66;66m██[38;2;132;137;95m██[38;2;171;198;111m██[38;2;66;66;66m████[38;2;82;90;106m██[38;2;66;66;66m████[38;2;213;155;91m██[38;2;147;117;87m██[38;2;66;66;66m██[38;2;82;90;106m██[38;2;66;66;66m██[38;2;171;198;111m████[38;2;132;137;95m██[38;2;171;198;111m██[38;2;7;7;7m██          
  ██████        ██[38;2;132;137;95m██[38;2;66;66;66m██[38;2;82;90;106m██[38;2;66;66;66m████[38;2;82;90;106m██████[38;2;66;66;66m██[38;2;213;155;91m██[38;2;147;117;87m██[38;2;171;198;111m██[38;2;66;66;66m██[38;2;82;90;106m████[38;2;66;66;66m██████[38;2;171;198;111m██[38;2;132;137;95m██[38;2;7;7;7m██        
  ██[38;2;82;90;106m████[38;2;7;7;7m██    ██[38;2;171;198;111m██[38;2;66;66;66m████[38;2;82;90;106m████████[38;2;66;66;66m████[38;2;213;155;91m████[38;2;171;198;111m██████[38;2;66;66;66m██[38;2;82;90;106m██[38;2;66;66;66m██[38;2;82;90;106m██[38;2;66;66;66m██[38;2;132;137;95m██[38;2;171;198;111m██[38;2;7;7;7m██        
  ██[38;2;82;90;106m██████[38;2;7;7;7m████[38;2;171;198;111m████[38;2;7;7;7m████[38;2;66;66;66m████[38;2;82;90;106m██[38;2;66;66;66m████[38;2;132;137;95m████████████[38;2;66;66;66m██████[38;2;82;90;106m████[38;2;7;7;7m██[38;2;171;198;111m████[38;2;7;7;7m██      
    ██[38;2;82;90;106m██████[38;2;66;66;66m██[38;2;171;198;111m██[38;2;7;7;7m██    ██[38;2;89;95;63m██[38;2;66;66;66m██[38;2;89;95;63m██[38;2;132;137;95m██[38;2;66;66;66m████████[38;2;132;137;95m██[38;2;66;66;66m████[38;2;82;90;106m████[38;2;66;66;66m██[38;2;7;7;7m██  ██[38;2;132;137;95m██[38;2;171;198;111m██[38;2;7;7;7m██    
  ██[38;2;132;137;95m██[38;2;82;90;106m████████[38;2;66;66;66m██[38;2;7;7;7m██  ██[38;2;66;66;66m██[38;2;132;137;95m██████[38;2;66;66;66m████[38;2;147;117;87m██████[38;2;66;66;66m██[38;2;89;95;63m██[38;2;66;66;66m██[38;2;82;90;106m████████[38;2;7;7;7m██[38;2;171;198;111m██████[38;2;7;7;7m██    
██[38;2;171;198;111m██[38;2;132;137;95m██[38;2;66;66;66m██[38;2;82;90;106m██████████[38;2;7;7;7m██[38;2;82;90;106m██[38;2;66;66;66m██[38;2;89;95;63m██[38;2;132;137;95m██[38;2;89;95;63m██[38;2;132;137;95m██[38;2;66;66;66m██[38;2;132;137;95m██[38;2;171;198;111m████[38;2;89;95;63m██[38;2;132;137;95m████[38;2;66;66;66m██[38;2;82;90;106m████████[38;2;66;66;66m██[38;2;171;198;111m██[38;2;7;7;7m██      
██████[38;2;66;66;66m██[38;2;82;90;106m██████████████[38;2;66;66;66m██[38;2;89;95;63m████[38;2;132;137;95m██[38;2;66;66;66m██[38;2;132;137;95m██[38;2;89;95;63m██████[38;2;132;137;95m██[38;2;89;95;63m██[38;2;66;66;66m██████[38;2;82;90;106m████████[38;2;7;7;7m██    ████
      ██[38;2;66;66;66m██[38;2;82;90;106m████████████[38;2;7;7;7m██[38;2;82;90;106m██[38;2;132;137;95m██[38;2;89;95;63m██[38;2;66;66;66m██[38;2;7;7;7m██[38;2;132;137;95m████████[38;2;66;66;66m██[38;2;171;198;111m████[38;2;66;66;66m██[38;2;82;90;106m██████████[38;2;7;7;7m████[38;2;82;90;106m██[38;2;7;7;7m██
        ██[38;2;82;90;106m████████[38;2;66;66;66m██[38;2;7;7;7m██  ██[38;2;82;90;106m████[38;2;7;7;7m██  ██[38;2;132;137;95m████[38;2;7;7;7m██████[38;2;66;66;66m██[38;2;82;90;106m██████████████████[38;2;7;7;7m██
    ████[38;2;82;90;106m████[38;2;66;66;66m████[38;2;82;90;106m██[38;2;7;7;7m██      ██[38;2;147;117;87m██[38;2;82;90;106m██[38;2;7;7;7m██  ████      ██[38;2;82;90;106m████████████████[38;2;7;7;7m██  
    ██[38;2;82;90;106m████[38;2;66;66;66m██[38;2;82;90;106m██[38;2;7;7;7m████        ██[38;2;82;90;106m██[38;2;132;137;95m████[38;2;7;7;7m██      ████[38;2;66;66;66m██[38;2;82;90;106m████████████[38;2;66;66;66m██[38;2;82;90;106m██[38;2;7;7;7m██  
      ████████          ██[38;2;66;66;66m██[38;2;132;137;95m██[38;2;66;66;66m██[38;2;132;137;95m██[38;2;7;7;7m██      ██[38;2;82;90;106m██████████████████[38;2;7;7;7m██    
                        ██[38;2;82;90;106m██[38;2;66;66;66m██[38;2;82;90;106m██[38;2;66;66;66m██[38;2;7;7;7m██        ██[38;2;66;66;66m████[38;2;82;90;106m████████[38;2;7;7;7m████      
                        ██[38;2;82;90;106m██[38;2;7;7;7m██[38;2;82;90;106m██[38;2;7;7;7m██            ██[38;2;82;90;106m██[38;2;66;66;66m██████[38;2;7;7;7m██          
                        ██[38;2;82;90;106m██[38;2;7;7;7m██[38;2;82;90;106m██[38;2;7;7;7m██            ██[38;2;82;90;106m██[38;2;7;7;7m██[38;2;82;90;106m██[38;2;7;7;7m██            
                          ██  ██              ██[38;2;82;90;106m██[38;2;7;7;7m██[38;2;82;90;106m██[38;2;7;7;7m██            
                                                ██  ██              
[0m