        [38;2;0;0;0m██████              ████████                            
      ██[38;2;65;65;65m██[38;2;141;74;205m████[38;2;0;0;0m██        ████[38;2;212;173;255m████[38;2;200;128;255m████[38;2;0;0;0m██                          
      ██[38;2;141;74;205m████████[38;2;0;0;0m██    ██[38;2;200;128;255m██[38;2;212;173;255m████████[38;2;200;128;255m████[38;2;0;0;0m██                        
  ████[38;2;65;65;65m██[38;2;141;74;205m██[38;2;65;65;65m██[38;2;141;74;205m████[38;2;0;0;0m██████[38;2;200;128;255m██████[38;2;212;173;255m████[38;2;200;128;255m██████[38;2;0;0;0m██                        
██[38;2;200;128;255m████[38;2;65;65;65m████[38;2;141;74;205m██[38;2;65;65;65m████[38;2;212;173;255m████[38;2;65;65;65m██[38;2;200;128;255m██████[38;2;65;65;65m████[38;2;200;128;255m██████[38;2;0;0;0m██                        
██[38;2;141;74;205m██[38;2;200;128;255m████[38;2;141;74;205m██[38;2;65;65;65m██[38;2;212;173;255m██████[38;2;200;128;255m████████[38;2;65;65;65m██[38;2;200;128;255m████[38;2;141;74;205m██[38;2;200;128;255m████[38;2;0;0;0m██                        
  ██[38;2;141;74;205m██[38;2;200;128;255m████████████████████[38;2;65;65;65m██[38;2;200;128;255m████████[38;2;0;0;0m██                          
    ██[38;2;200;128;255m██████████[38;2;141;74;205m██[38;2;200;128;255m████[38;2;65;65;65m██[38;2;141;74;205m██[38;2;65;65;65m██[38;2;141;74;205m██[38;2;200;128;255m████[38;2;141;74;205m██[38;2;0;0;0m██                          
      ██[38;2;200;128;255m██████[38;2;141;74;205m██[38;2;200;128;255m████[38;2;65;65;65m██[38;2;255;255;255m██[38;2;141;74;205m████[38;2;65;65;65m██[38;2;0;0;0m██████                            
    ██[38;2;141;74;205m██[38;2;212;173;255m██[38;2;200;128;255m████[38;2;141;74;205m██[38;2;200;128;255m██[38;2;255;255;255m██[38;2;0;0;0m██[38;2;255;255;255m████[38;2;200;128;255m██[38;2;141;74;205m████[38;2;0;0;0m██                              
    ██[38;2;212;173;255m████[38;2;200;128;255m██████[38;2;141;74;205m██[38;2;0;0;0m██[38;2;65;65;65m██[38;2;255;255;255m██[38;2;200;128;255m██████[38;2;141;74;205m██[38;2;0;0;0m██                              
  ██[38;2;212;173;255m██████[38;2;200;128;255m██████[38;2;65;65;65m████[38;2;255;255;255m██[38;2;200;128;255m██████[38;2;141;74;205m████[38;2;0;0;0m██                              
  ██[38;2;212;173;255m████[38;2;200;128;255m██████████████████[38;2;65;65;65m██[38;2;141;74;205m████[38;2;0;0;0m██                              
  ██[38;2;212;173;255m██[38;2;200;128;255m████[38;2;128;38;167m██[38;2;200;128;255m██████████[38;2;65;65;65m████[38;2;194;153;118m██[38;2;141;74;205m██[38;2;0;0;0m██                                
    ██[38;2;141;74;205m██[38;2;200;128;255m██████[38;2;65;65;65m████████[38;2;194;153;118m██████[38;2;141;74;205m██[38;2;65;65;65m██[38;2;0;0;0m██      ████                    
      ████[38;2;141;74;205m████[38;2;194;153;118m████████████[38;2;141;74;205m████[38;2;65;65;65m██[38;2;139;139;131m██[38;2;0;0;0m██  ██[38;2;180;180;180m██[38;2;98;115;131m██[38;2;0;0;0m██                  
          ████████[38;2;194;153;118m██████[38;2;255;209;160m██[38;2;200;128;255m██[38;2;65;65;65m██[38;2;139;139;131m████[38;2;65;65;65m██[38;2;0;0;0m██[38;2;180;180;180m██████[38;2;0;0;0m██                  
                  ██[38;2;255;209;160m██████[38;2;200;128;255m██[38;2;65;65;65m██[38;2;139;139;131m██[38;2;180;180;180m██████████[38;2;65;65;65m██[38;2;139;139;131m██[38;2;0;0;0m██                
                  ██[38;2;255;209;160m██████[38;2;200;128;255m██[38;2;65;65;65m██[38;2;180;180;180m██████[38;2;65;65;65m████[38;2;180;180;180m████[38;2;139;139;131m████[38;2;0;0;0m██████          
              ████[38;2;255;209;160m██████[38;2;200;128;255m████[38;2;65;65;65m██[38;2;98;115;131m██[38;2;180;180;180m██[38;2;65;65;65m██[38;2;180;180;180m████[38;2;65;65;65m██[38;2;180;180;180m████[38;2;139;139;131m██[38;2;65;65;65m██[38;2;139;139;131m██[38;2;98;115;131m██[38;2;0;0;0m██        
            ██[38;2;180;180;180m██[38;2;65;65;65m██[38;2;255;209;160m██████[38;2;200;128;255m████[38;2;65;65;65m██[38;2;180;180;180m██[38;2;98;115;131m██[38;2;180;180;180m██████[38;2;65;65;65m██[38;2;180;180;180m██████[38;2;139;139;131m██████[38;2;0;0;0m██        
            ██[38;2;65;65;65m██[38;2;255;209;160m████████[38;2;200;128;255m██████[38;2;65;65;65m██[38;2;180;180;180m██[38;2;98;115;131m████[38;2;180;180;180m████████[38;2;139;139;131m██████[38;2;0;0;0m██          
          ██[38;2;139;139;131m██[38;2;65;65;65m██[38;2;255;209;160m████████[38;2;200;128;255m██████[38;2;65;65;65m████[38;2;180;180;180m████[38;2;98;115;131m██[38;2;180;180;180m██████[38;2;139;139;131m████[38;2;0;0;0m██            
          ██[38;2;139;139;131m██[38;2;65;65;65m██[38;2;255;209;160m████████[38;2;200;128;255m████████[38;2;65;65;65m████[38;2;180;180;180m████[38;2;98;115;131m██[38;2;180;180;180m██[38;2;139;139;131m██████[38;2;65;65;65m██[38;2;0;0;0m██          
          ██[38;2;65;65;65m██[38;2;255;209;160m██████████[38;2;200;128;255m██████[38;2;149;66;205m██[38;2;200;128;255m██[38;2;65;65;65m████[38;2;180;180;180m██[38;2;65;65;65m██[38;2;139;139;131m██████[38;2;65;65;65m██[38;2;139;139;131m██[38;2;0;0;0m██          
            ██[38;2;255;209;160m████████████[38;2;200;128;255m████[38;2;149;66;205m████[38;2;200;128;255m██[38;2;65;65;65m██[38;2;180;180;180m████[38;2;65;65;65m██████[38;2;139;139;131m██[38;2;0;0;0m██            
            ██[38;2;255;209;160m████████████[38;2;200;128;255m████[38;2;149;66;205m████[38;2;200;128;255m████[38;2;65;65;65m████[38;2;139;139;131m██████[38;2;65;65;65m████[38;2;0;0;0m██          
            ██[38;2;255;209;160m████████████[38;2;200;128;255m██████[38;2;149;66;205m██[38;2;200;128;255m████[38;2;141;74;205m████[38;2;65;65;65m██████[38;2;141;74;205m██████[38;2;0;0;0m████      
          ██[38;2;65;65;65m████[38;2;255;209;160m████████████[38;2;200;128;255m████████[38;2;141;74;205m██████████████████████[38;2;0;0;0m██    
    ██████[38;2;141;74;205m████[38;2;65;65;65m██[38;2;255;209;160m██████████████[38;2;200;128;255m████[38;2;141;74;205m██████████[38;2;65;65;65m██[38;2;194;153;118m████[38;2;0;0;0m████████      
  ██[38;2;200;128;255m████[38;2;141;74;205m████████[38;2;65;65;65m██[38;2;255;209;160m██████████[38;2;194;153;118m████[38;2;141;74;205m████████[38;2;65;65;65m████████[38;2;0;0;0m██              
██[38;2;200;128;255m██[38;2;141;74;205m████████████[38;2;194;153;118m████[38;2;0;0;0m██[38;2;194;153;118m████████████[38;2;65;65;65m██[38;2;141;74;205m██████[38;2;200;128;255m████████[38;2;0;0;0m████████████  
  ████[38;2;194;153;118m██████████[38;2;0;0;0m████  ████████████[38;2;255;209;160m██[38;2;141;74;205m████[38;2;200;128;255m██████████████████████[38;2;0;0;0m██
      ██████████                  ██[38;2;255;209;160m████[38;2;141;74;205m████████████[38;2;200;128;255m██████[38;2;0;0;0m████  
                                    ████[38;2;255;209;160m████████████[38;2;0;0;0m██████      
                                        ████████████            
[0m