              [38;2;0;0;0m████████████            
          ████[38;2;105;157;184m██████████[38;2;0;0;0m██            
    ████  ██[38;2;105;157;184m████[38;2;60;112;139m████████[38;2;0;0;0m██            
  ██[38;2;147;199;226m██[38;2;105;157;184m██[38;2;0;0;0m████[38;2;60;112;139m████[38;2;105;157;184m██[38;2;147;199;226m████[38;2;0;0;0m██    ██████████
██[38;2;147;199;226m██[38;2;105;157;184m██[38;2;60;112;139m████████[38;2;147;199;226m████[38;2;105;157;184m██[38;2;65;65;65m██[38;2;0;0;0m██████[38;2;105;157;184m████[38;2;65;65;65m██[38;2;147;199;226m██[38;2;0;0;0m██
██[38;2;147;199;226m██[38;2;65;65;65m██[38;2;60;112;139m██[38;2;105;157;184m██[38;2;147;199;226m████[38;2;60;112;139m████[38;2;147;199;226m██████[38;2;60;112;139m████[38;2;65;65;65m████[38;2;147;199;226m██[38;2;105;157;184m██[38;2;0;0;0m██
██[38;2;105;157;184m██[38;2;147;199;226m██[38;2;65;65;65m████[38;2;60;112;139m████████[38;2;105;157;184m████[38;2;65;65;65m██████[38;2;147;199;226m████[38;2;105;157;184m████[38;2;0;0;0m██
██[38;2;60;112;139m██[38;2;105;157;184m██[38;2;147;199;226m████[38;2;65;65;65m██████████████[38;2;147;199;226m████[38;2;105;157;184m██████[38;2;0;0;0m██  
  ██[38;2;60;112;139m██[38;2;105;157;184m████[38;2;147;199;226m██████████████[38;2;105;157;184m██████[38;2;60;112;139m██[38;2;0;0;0m██    
    ████[38;2;65;65;65m██[38;2;105;157;184m████████████████[38;2;65;65;65m██[38;2;0;0;0m████      
      ██[38;2;255;131;49m██[38;2;65;65;65m████████████████[38;2;60;112;139m██[38;2;0;0;0m██        
      ██[38;2;255;131;49m██████[38;2;101;186;61m██[38;2;255;255;255m██[38;2;0;0;0m██[38;2;255;255;255m██[38;2;214;214;214m██[38;2;105;157;184m██[38;2;120;231;82m██[38;2;0;0;0m██        
        ██[38;2;160;255;124m████[38;2;255;131;49m██[38;2;160;255;124m██[38;2;255;255;255m████[38;2;105;157;184m████[38;2;0;0;0m██          
        ██[38;2;65;65;65m██[38;2;101;186;61m██[38;2;160;255;124m██████[38;2;105;157;184m██[38;2;65;65;65m████[38;2;0;0;0m██          
    ████[38;2;120;231;82m██[38;2;101;186;61m██[38;2;0;0;0m██████[38;2;65;65;65m████[38;2;120;231;82m████[38;2;101;186;61m██[38;2;0;0;0m██        
  ██[38;2;255;131;49m██[38;2;120;231;82m████[38;2;0;0;0m██    ██[38;2;105;157;184m████[38;2;160;255;124m██[38;2;101;186;61m██[38;2;160;255;124m██[38;2;120;231;82m██[38;2;0;0;0m████    
  ████[38;2;255;131;49m██[38;2;0;0;0m██    ██[38;2;65;65;65m██[38;2;105;157;184m████[38;2;160;255;124m████[38;2;65;65;65m██[38;2;160;255;124m████[38;2;101;186;61m██[38;2;0;0;0m██  
    ████    ██[38;2;255;131;49m██[38;2;105;157;184m██[38;2;65;65;65m██[38;2;105;157;184m████[38;2;120;231;82m████[38;2;65;65;65m██[38;2;160;255;124m████[38;2;255;131;49m██[38;2;0;0;0m██
            ████[38;2;255;131;49m██[38;2;0;0;0m████[38;2;60;112;139m██[38;2;105;157;184m██[38;2;60;112;139m██[38;2;65;65;65m████[38;2;255;131;49m██[38;2;0;0;0m████
              ████    ██[38;2;255;131;49m██[38;2;105;157;184m████[38;2;0;0;0m████    
                      ████[38;2;255;131;49m██[38;2;0;0;0m████      
                        ████          
[0m