            [38;2;0;0;0m██          ██                                      
          ██[38;2;115;91;71m██[38;2;0;0;0m██      ██[38;2;115;91;71m██[38;2;0;0;0m██                                    
          ██[38;2;115;91;71m██[38;2;0;0;0m██      ██[38;2;115;91;71m██[38;2;0;0;0m██          ████      ████            
          [38;2;0;4;0m██[38;2;102;74;74m██[38;2;109;91;82m██[38;2;0;0;0m██    [38;2;0;4;0m██[38;2;102;74;74m██[38;2;115;91;71m██[38;2;0;0;0m██    ████[38;2;255;255;255m██[38;2;0;0;0m██  ████[38;2;115;91;71m██[38;2;0;0;0m██            
          [38;2;0;4;0m██[38;2;205;145;148m██[38;2;87;107;142m██[38;2;0;0;0m██    [38;2;0;4;0m██[38;2;205;145;148m██[38;2;115;91;71m██[38;2;0;0;0m██  ██[38;2;255;255;255m████████[38;2;0;0;0m██[38;2;111;91;74m██[38;2;115;91;71m██[38;2;0;0;0m██              
          ██[38;2;205;137;148m██[38;2;85;105;139m████[38;2;0;0;0m████[38;2;74;72;65m██[38;2;205;137;148m██[38;2;84;104;138m██[38;2;117;141;189m██[38;2;0;0;0m██[38;2;255;250;255m██[38;2;255;255;255m████[38;2;65;64;65m████[38;2;112;91;74m████[38;2;0;0;0m██                
          ██[38;2;205;137;148m██[38;2;85;105;139m████[38;2;117;141;189m████[38;2;74;72;65m██[38;2;205;137;148m██[38;2;84;104;138m██[38;2;117;141;189m██[38;2;84;83;84m██[38;2;255;250;255m██[38;2;255;255;255m██[38;2;65;64;65m██[38;2;112;91;71m████[38;2;112;91;74m██[38;2;93;74;74m██[38;2;65;64;65m██[38;2;0;0;0m████            
          [38;2;8;4;8m██[38;2;78;97;130m██[38;2;117;141;189m██████████[38;2;84;104;138m████[38;2;117;141;189m██[38;2;65;64;65m██[38;2;255;255;255m████████[38;2;82;72;65m██[38;2;65;64;65m████[38;2;255;255;255m████[38;2;255;255;246m██[38;2;0;0;0m██          
        ██[38;2;78;97;130m██[38;2;126;153;207m██[38;2;117;141;189m████[38;2;84;104;138m████[38;2;117;141;189m████████[38;2;65;64;65m██[38;2;255;255;255m██████[38;2;82;72;65m████[38;2;255;255;255m████████[38;2;84;84;82m████[38;2;0;0;0m██        
        ██[38;2;65;64;65m██[38;2;117;141;189m████[38;2;84;104;138m██[38;2;255;255;255m████[38;2;84;104;138m████[38;2;117;141;189m██████[38;2;65;64;65m██[38;2;65;64;57m██[38;2;255;250;238m██[38;2;255;255;255m██████████[38;2;82;80;65m██[38;2;197;194;189m██████[38;2;0;0;0m████    
      ██[38;2;86;106;140m██[38;2;65;64;65m██[38;2;87;107;142m██[38;2;117;141;189m██[38;2;84;104;138m██[38;2;255;255;255m██[38;2;82;80;65m██[38;2;72;205;35m████[38;2;84;104;138m██[38;2;117;141;189m██████[38;2;121;146;197m██[38;2;65;64;57m██[38;2;65;64;65m██[38;2;255;255;255m██████████[38;2;65;64;65m██[38;2;197;194;189m████████[38;2;0;0;0m██  
  ████[38;2;78;97;130m██[38;2;74;68;65m██[38;2;255;255;255m██[38;2;84;104;138m██[38;2;112;141;189m████[38;2;152;222;79m██[38;2;0;0;0m██[38;2;178;236;78m████[38;2;255;255;255m██[38;2;84;104;138m██[38;2;117;141;189m████████[38;2;121;146;197m██[38;2;65;64;57m██[38;2;255;255;255m██████████[38;2;65;64;65m██[38;2;200;194;189m████[38;2;0;0;0m██    
██[38;2;85;105;139m████[38;2;74;68;65m██[38;2;255;255;255m██████████[38;2;152;222;79m████[38;2;178;236;78m██[38;2;255;255;255m████[38;2;84;104;138m██[38;2;117;141;189m████[38;2;74;72;65m████[38;2;65;64;57m██[38;2;255;250;238m██[38;2;255;255;255m██████[38;2;65;64;65m████[38;2;191;191;191m██[38;2;200;194;189m████[38;2;197;194;189m██[38;2;0;0;0m██  
  ██[38;2;65;64;65m██[38;2;82;78;68m████[38;2;82;76;65m██[38;2;255;255;255m██████████████[38;2;84;104;138m██[38;2;117;141;189m████████[38;2;65;64;65m██[38;2;255;255;255m██████[38;2;82;80;65m██[38;2;71;70;68m██[38;2;197;194;189m██[38;2;200;194;189m████████[38;2;197;194;189m██[38;2;0;0;0m██  
    ██[38;2;65;64;65m████[38;2;197;195;191m████[38;2;200;202;200m██[38;2;90;97;90m████[38;2;200;202;200m██[38;2;84;104;138m████[38;2;117;141;189m████████████[38;2;65;64;65m██[38;2;255;255;255m██████[38;2;71;70;68m████[38;2;200;194;189m████████[38;2;197;194;189m██[38;2;0;0;0m██  
  ██[38;2;86;106;140m██[38;2;85;105;139m████[38;2;65;64;65m██████[38;2;197;194;189m████████[38;2;65;64;65m██[38;2;117;141;189m██████[38;2;82;80;65m██[38;2;117;141;189m██████[38;2;65;64;65m██[38;2;82;78;68m████[38;2;84;104;138m██[38;2;65;64;65m██[38;2;197;194;189m████████[38;2;0;0;0m██    
    ██████[38;2;84;104;138m██[38;2;65;64;65m██[38;2;197;194;189m████[38;2;82;78;68m██[38;2;197;194;189m██████[38;2;65;64;65m████[38;2;117;141;189m████[38;2;65;64;65m████████[38;2;85;105;139m████[38;2;84;104;138m████[38;2;65;64;65m██[38;2;197;194;189m████[38;2;0;0;0m██      
          ██[38;2;94;74;74m██[38;2;98;80;82m██[38;2;65;53;54m██[38;2;85;105;139m██[38;2;82;78;68m██[38;2;200;195;189m████[38;2;200;194;189m████[38;2;74;68;65m████[38;2;197;190;180m██[38;2;109;103;98m██[38;2;112;91;74m██[38;2;93;74;74m██[38;2;74;64;65m██[38;2;87;107;142m██[38;2;85;105;139m████[38;2;65;64;65m██[38;2;197;194;189m████[38;2;0;0;0m██      
        ██[38;2;94;74;74m████[38;2;0;0;0m████[38;2;85;105;139m██[38;2;82;78;68m██[38;2;255;255;255m██[38;2;200;195;189m██[38;2;200;194;189m████[38;2;74;68;65m██[38;2;85;105;139m██[38;2;65;60;57m████[38;2;112;91;74m████[38;2;104;89;84m██[38;2;74;64;65m██[38;2;85;105;139m████[38;2;65;64;65m██[38;2;197;194;189m████[38;2;0;0;0m██      
        ██████    ██[38;2;255;255;255m████████[38;2;84;84;84m██[38;2;87;107;142m████[38;2;117;141;189m████[38;2;68;63;57m████[38;2;76;67;63m██[38;2;84;103;137m██[38;2;84;104;138m██[38;2;61;81;110m██[38;2;117;107;106m██[38;2;74;64;65m██[38;2;200;194;189m████[38;2;0;0;0m██    
                  ██[38;2;255;255;255m████████[38;2;0;0;0m██[38;2;65;64;65m██[38;2;118;142;190m██[38;2;117;141;189m████[38;2;120;144;193m██[38;2;0;4;8m██[38;2;0;0;0m██[38;2;84;103;137m██[38;2;84;104;138m██[38;2;61;81;110m██[38;2;205;194;189m██[38;2;74;64;65m██[38;2;200;194;189m████[38;2;197;194;189m██[38;2;0;0;0m██  
                ██[38;2;255;250;255m████[38;2;255;255;255m██[38;2;74;68;65m██[38;2;0;0;0m██  ██[38;2;117;141;189m██████[38;2;0;0;0m██    ████[38;2;197;194;189m████[38;2;65;64;63m██[38;2;0;0;0m██[38;2;197;194;189m██████[38;2;0;0;0m██
                  ██[38;2;84;83;84m██[38;2;74;68;65m██[38;2;134;130;128m██[38;2;0;0;0m██    ██[38;2;84;104;138m██[38;2;117;141;189m██[38;2;0;0;0m██        ██[38;2;197;194;189m██[38;2;0;0;0m██  ██████  
                    ██[38;2;205;194;180m██[38;2;106;97;90m██[38;2;0;0;0m██    ██[38;2;255;255;255m██[38;2;131;129;127m██[38;2;0;0;0m██      [38;2;0;0;8m██[38;2;71;62;57m██[38;2;197;194;180m████[38;2;0;0;0m██        
                ████[38;2;197;194;189m██[38;2;205;194;180m██[38;2;8;0;0m██      [38;2;0;0;0m██[38;2;255;255;255m██[38;2;8;4;0m██      [38;2;0;0;0m██[38;2;71;62;57m██[38;2;106;93;82m██[38;2;65;56;49m██[38;2;109;102;93m██[38;2;0;0;0m██        
              ██[38;2;111;91;74m██[38;2;71;62;54m██[38;2;106;93;82m██[38;2;197;194;189m██[38;2;0;0;0m██    ██[38;2;255;250;246m██[38;2;255;255;255m██[38;2;8;0;0m██        [38;2;0;0;0m████████          
                ████████    ██[38;2;84;83;82m████[38;2;90;84;84m██[38;2;8;0;0m██                          
                              [38;2;0;0;0m██████                            
[0m