                          [38;2;0;0;0m████                                  
                          ██[38;2;255;255;255m██[38;2;0;0;0m██                                
                  ████    ██[38;2;255;255;255m████[38;2;0;0;0m██                              
                  ██[38;2;197;194;189m██[38;2;0;0;0m████  ██[38;2;255;255;255m████[38;2;0;0;0m██                            
                    ██[38;2;197;194;189m████[38;2;0;0;0m██[38;2;65;64;63m██[38;2;255;255;255m████[38;2;0;0;0m██                            
                    ██[38;2;197;194;189m██[38;2;65;64;65m██[38;2;197;194;189m████[38;2;255;255;255m██████[38;2;0;0;0m██                          
            ████████  [38;2;0;0;8m██[38;2;115;91;71m██[38;2;65;64;65m██[38;2;255;255;255m██████[38;2;255;250;255m██[38;2;0;0;0m██  ██                      
      ██████[38;2;111;91;74m██[38;2;115;91;71m████[38;2;111;91;74m██[38;2;0;0;0m██[38;2;71;62;52m██[38;2;115;91;71m██[38;2;65;64;65m██[38;2;255;255;255m██████[38;2;255;250;255m██[38;2;84;83;84m██[38;2;0;0;0m██[38;2;255;255;255m██[38;2;0;0;0m██    ████            
    ██[38;2;115;91;71m████[38;2;112;91;71m████████[38;2;112;93;71m████[38;2;65;64;57m██[38;2;102;74;74m██[38;2;115;91;71m██[38;2;65;64;65m██[38;2;255;255;255m████[38;2;65;64;65m████[38;2;255;255;255m████[38;2;71;62;57m██[38;2;0;0;8m██[38;2;0;0;0m██[38;2;115;91;71m██[38;2;0;0;0m██            
      ████[38;2;65;64;65m████████[38;2;112;93;71m████[38;2;65;64;57m██[38;2;205;145;148m██[38;2;115;91;71m██[38;2;65;64;65m██[38;2;255;255;255m██████████[38;2;200;195;189m██[38;2;71;62;57m██[38;2;106;93;82m██[38;2;115;91;71m██[38;2;0;0;0m██              
          ██[38;2;205;137;148m██[38;2;47;92;145m██[38;2;65;64;65m██████[38;2;74;72;65m██[38;2;205;137;148m██[38;2;47;91;144m██[38;2;79;128;183m██[38;2;65;64;65m██[38;2;255;250;255m██[38;2;255;255;255m████[38;2;197;190;180m██[38;2;65;60;57m██[38;2;112;91;74m████[38;2;82;82;82m██[38;2;0;0;0m██              
          ██[38;2;205;137;148m██[38;2;47;92;145m████[38;2;79;128;183m████[38;2;74;72;65m██[38;2;205;137;148m██[38;2;47;91;144m██[38;2;79;128;183m██[38;2;65;64;65m██[38;2;255;250;255m██[38;2;255;255;255m██[38;2;65;64;65m██[38;2;65;60;57m██[38;2;109;103;98m██[38;2;112;91;74m██[38;2;93;74;74m██[38;2;82;82;82m██[38;2;246;246;246m██[38;2;0;0;0m██            
          [38;2;8;4;8m██[38;2;41;85;137m██[38;2;79;128;183m██████████[38;2;47;91;144m████[38;2;79;128;183m██[38;2;65;64;65m██[38;2;255;255;255m████[38;2;200;195;189m██[38;2;197;194;189m████[38;2;65;64;65m████[38;2;255;255;255m████[38;2;0;0;0m██            
        ██[38;2;41;85;137m██[38;2;90;141;196m██[38;2;79;128;183m████[38;2;47;91;144m████[38;2;79;128;183m████████[38;2;65;64;65m██[38;2;255;255;255m██████[38;2;65;64;65m████[38;2;255;255;255m██████[38;2;82;80;65m██[38;2;82;78;69m██[38;2;0;0;0m████        
        ██[38;2;65;64;65m██[38;2;79;128;183m████[38;2;47;91;144m██[38;2;255;255;255m████[38;2;47;91;144m████[38;2;79;128;183m██████[38;2;65;64;65m██[38;2;65;64;57m██[38;2;255;250;238m██[38;2;255;255;255m████████[38;2;82;80;65m████[38;2;197;194;189m██████[38;2;0;0;0m████    
      ██[38;2;48;93;146m██[38;2;65;64;65m██[38;2;49;94;147m██[38;2;79;128;183m██[38;2;47;91;144m██[38;2;255;255;255m██[38;2;82;80;65m██[38;2;0;207;147m████[38;2;47;91;144m██[38;2;79;128;183m██████[38;2;84;133;188m██[38;2;65;64;57m██[38;2;65;64;65m██[38;2;255;255;255m██████████[38;2;65;64;65m██[38;2;197;194;189m████████[38;2;0;0;0m██  
  ████[38;2;41;85;137m██[38;2;74;68;65m██[38;2;255;255;255m██[38;2;47;91;144m██[38;2;78;127;181m████[38;2;0;224;163m██[38;2;0;0;0m██[38;2;0;236;156m████[38;2;255;255;255m██[38;2;47;91;144m██[38;2;79;128;183m████████[38;2;84;133;188m██[38;2;65;64;57m██[38;2;255;255;255m██████████[38;2;65;64;65m██[38;2;200;194;189m████[38;2;0;0;0m██    
██[38;2;47;92;145m████[38;2;74;68;65m██[38;2;255;255;255m██████████[38;2;0;224;163m████[38;2;0;236;156m██[38;2;255;255;255m████[38;2;47;91;144m██[38;2;79;128;183m████[38;2;74;72;65m████[38;2;65;64;57m██[38;2;197;194;189m██[38;2;200;195;189m████[38;2;255;255;255m██[38;2;65;64;65m████[38;2;191;191;191m██[38;2;200;194;189m████[38;2;197;194;189m██[38;2;0;0;0m██  
  ██[38;2;65;64;65m██[38;2;82;78;68m████[38;2;82;76;65m██[38;2;255;255;255m██████████████[38;2;47;91;144m██[38;2;79;128;183m████████[38;2;65;64;65m██[38;2;197;194;189m██████[38;2;82;80;65m██[38;2;71;70;68m██[38;2;197;194;189m██[38;2;200;194;189m████████[38;2;197;194;189m██[38;2;0;0;0m██  
    ██[38;2;65;64;65m████[38;2;197;195;191m████[38;2;200;202;200m██[38;2;90;97;90m████[38;2;200;202;200m██[38;2;47;91;144m████[38;2;79;128;183m████████████[38;2;65;64;65m██[38;2;197;194;189m██████[38;2;71;70;68m████[38;2;200;194;189m████████[38;2;197;194;189m██[38;2;0;0;0m██  
  ██[38;2;48;93;146m██[38;2;47;92;145m████[38;2;65;64;65m██████[38;2;197;194;189m████████[38;2;65;64;65m██[38;2;79;128;183m██████[38;2;82;80;65m██[38;2;79;128;183m██████[38;2;65;64;65m██[38;2;82;78;68m████[38;2;47;91;144m██[38;2;65;64;65m██[38;2;197;194;189m████████[38;2;0;0;0m██    
    ██████[38;2;47;91;144m██[38;2;65;64;65m██[38;2;197;194;189m████[38;2;82;78;68m██[38;2;197;194;189m██████[38;2;65;64;65m████[38;2;79;128;183m████[38;2;65;64;65m████████[38;2;47;92;145m████[38;2;47;91;144m████[38;2;65;64;65m██[38;2;197;194;189m████[38;2;0;0;0m██      
          ██[38;2;94;74;74m██[38;2;98;80;82m██[38;2;65;53;54m██[38;2;47;92;145m██[38;2;82;78;68m██[38;2;200;195;189m████[38;2;200;194;189m████[38;2;74;68;65m████[38;2;197;190;180m██[38;2;109;103;98m██[38;2;112;91;74m██[38;2;93;74;74m██[38;2;74;64;65m██[38;2;49;94;147m██[38;2;47;92;145m████[38;2;65;64;65m██[38;2;197;194;189m████[38;2;0;0;0m██      
        ██[38;2;94;74;74m████[38;2;0;0;0m████[38;2;47;92;145m██[38;2;82;78;68m██[38;2;255;255;255m██[38;2;200;195;189m██[38;2;200;194;189m████[38;2;74;68;65m██[38;2;47;92;145m██[38;2;65;60;57m████[38;2;112;91;74m████[38;2;104;89;84m██[38;2;74;64;65m██[38;2;47;92;145m████[38;2;65;64;65m██[38;2;197;194;189m████[38;2;0;0;0m██      
        ██████    ██[38;2;255;255;255m████████[38;2;84;84;84m██[38;2;49;94;147m████[38;2;79;128;183m████[38;2;68;63;57m████[38;2;76;67;63m██[38;2;46;90;143m██[38;2;47;91;144m██[38;2;27;69;119m██[38;2;117;107;106m██[38;2;74;64;65m██[38;2;200;194;189m████[38;2;0;0;0m██    
                  ██[38;2;255;255;255m████████[38;2;0;0;0m██[38;2;65;64;65m██[38;2;80;129;184m██[38;2;79;128;183m████[38;2;82;131;186m██[38;2;0;4;8m██[38;2;0;0;0m██[38;2;46;90;143m██[38;2;47;91;144m██[38;2;27;69;119m██[38;2;205;194;189m██[38;2;74;64;65m██[38;2;200;194;189m████[38;2;197;194;189m██[38;2;0;0;0m██  
                ██[38;2;255;250;255m████[38;2;255;255;255m██[38;2;74;68;65m██[38;2;0;0;0m██  ██[38;2;79;128;183m██████[38;2;0;0;0m██    ████[38;2;197;194;189m████[38;2;65;64;63m██[38;2;0;0;0m██[38;2;197;194;189m██████[38;2;0;0;0m██
                  ██[38;2;84;83;84m██[38;2;74;68;65m██[38;2;134;130;128m██[38;2;0;0;0m██    ██[38;2;47;91;144m██[38;2;79;128;183m██[38;2;0;0;0m██        ██[38;2;197;194;189m██[38;2;0;0;0m██  ██████  
                    ██[38;2;205;194;180m██[38;2;106;97;90m██[38;2;0;0;0m██    ██[38;2;255;255;255m██[38;2;106;93;84m██[38;2;0;0;0m██      [38;2;0;0;8m██[38;2;71;62;57m██[38;2;197;194;180m████[38;2;0;0;0m██        
                ████[38;2;197;194;189m██[38;2;205;194;180m██[38;2;8;0;0m██      [38;2;0;0;0m██[38;2;255;255;255m██[38;2;8;4;0m██      [38;2;0;0;0m██[38;2;71;62;57m██[38;2;106;93;82m██[38;2;65;56;49m██[38;2;109;102;93m██[38;2;0;0;0m██        
              ██[38;2;111;91;74m██[38;2;71;62;54m██[38;2;106;93;82m██[38;2;197;194;189m██[38;2;0;0;0m██    ██[38;2;255;250;246m██[38;2;255;255;255m██[38;2;8;0;0m██        [38;2;0;0;0m████████          
                ████████    ██[38;2;84;83;82m████[38;2;90;84;84m██[38;2;8;0;0m██                          
                              [38;2;0;0;0m██████                            
[0m