                                      [38;2;0;4;0m██[38;2;8;8;0m████                                            
                                    [38;2;0;4;0m██[38;2;206;178;148m██[38;2;82;86;85m██[38;2;147;184;84m██[38;2;0;4;0m██                                          
                                  ██[38;2;206;178;148m██[38;2;156;135;127m██[38;2;206;178;148m██[38;2;112;91;71m██[38;2;142;179;79m██[38;2;0;4;0m██                                        
                                  ██[38;2;206;178;148m██[38;2;156;135;127m██[38;2;206;178;148m██[38;2;112;91;71m██[38;2;142;179;79m██[38;2;0;4;0m██                                        
                                ██[38;2;206;178;148m██[38;2;156;135;127m██[38;2;206;178;148m████[38;2;112;91;71m██[38;2;142;179;79m████[38;2;0;4;0m██                                      
                                ██[38;2;206;178;148m██[38;2;156;135;127m██[38;2;206;178;148m████[38;2;112;91;71m██[38;2;142;179;79m████[38;2;0;4;0m██                                      
        ██████                  ██[38;2;206;178;148m██[38;2;156;135;127m██[38;2;206;178;148m████[38;2;112;91;71m██[38;2;142;179;79m████[38;2;0;4;0m██                                      
    ████[38;2;255;138;82m████[38;2;127;71;49m██[38;2;0;4;0m████            [38;2;66;65;66m██[38;2;206;178;148m██████████[38;2;112;91;71m██[38;2;97;134;34m██[38;2;142;179;79m██[38;2;0;4;0m██                  ████  ████          
  ██[38;2;123;73;49m██[38;2;255;138;82m██████[38;2;123;73;49m██[38;2;255;138;82m██[38;2;255;142;90m██[38;2;0;12;8m██[38;2;0;4;0m██      [38;2;0;4;8m██[38;2;68;63;57m██[38;2;206;178;148m██[38;2;156;135;127m██[38;2;203;179;150m████[38;2;112;91;74m██[38;2;191;228;128m██[38;2;202;239;139m██[38;2;74;69;66m██[38;2;66;65;66m████              [38;2;0;4;0m██[38;2;255;138;82m████[38;2;0;4;0m██[38;2;255;138;82m████[38;2;0;4;0m██        
██[38;2;255;138;82m██[38;2;123;73;49m██[38;2;255;138;82m████[38;2;123;73;49m██[38;2;255;138;82m████[38;2;255;142;90m██[38;2;170;98;62m██[38;2;165;121;90m██[38;2;0;4;0m██  ██[38;2;206;182;156m██[38;2;68;63;57m██[38;2;206;178;148m██[38;2;156;135;127m██[38;2;203;179;150m██[38;2;115;93;74m██[38;2;191;228;128m████[38;2;74;69;66m██[38;2;153;190;90m██[38;2;206;178;148m██[38;2;159;140;120m██[38;2;0;4;0m██          ██[38;2;255;138;82m████[38;2;123;73;49m██[38;2;255;138;82m██████[38;2;127;71;41m██[38;2;0;4;0m██      
██[38;2;255;138;82m██[38;2;255;142;90m██[38;2;90;58;40m██[38;2;66;65;66m████[38;2;255;138;82m████[38;2;66;65;66m████[38;2;165;121;90m████[38;2;0;4;8m██[38;2;68;63;57m██[38;2;206;178;148m██[38;2;66;65;66m██[38;2;206;178;148m██[38;2;156;135;127m██[38;2;175;174;164m██[38;2;115;93;66m██[38;2;202;239;139m██[38;2;74;69;66m██[38;2;206;178;148m██[38;2;156;135;127m██[38;2;156;136;127m████[38;2;159;136;126m██[38;2;0;4;0m██        ██[38;2;165;121;90m██[38;2;231;154;123m██[38;2;115;94;85m██[38;2;186;112;79m██[38;2;247;138;90m██[38;2;123;73;49m██[38;2;255;138;82m██[38;2;255;142;90m██[38;2;0;12;8m██    
  [38;2;0;4;0m██[38;2;8;16;16m██[38;2;90;58;40m██[38;2;165;121;90m████[38;2;66;65;66m████[38;2;97;134;34m██[38;2;66;65;66m████[38;2;165;121;90m██[38;2;68;63;57m██[38;2;206;182;156m██[38;2;159;140;120m██[38;2;66;65;66m██[38;2;206;178;148m██[38;2;156;135;127m██[38;2;115;93;66m██[38;2;197;234;134m██[38;2;74;69;66m██[38;2;153;190;90m██[38;2;156;135;127m██[38;2;206;178;148m██[38;2;66;65;66m██[38;2;156;136;127m██[38;2;159;136;126m██[38;2;0;4;0m██          ██[38;2;52;81;1m██[38;2;173;124;104m██[38;2;66;60;57m██[38;2;126;86;68m██[38;2;255;138;82m████[38;2;255;142;90m██[38;2;170;98;62m██[38;2;0;4;0m██  
      ██[38;2;66;65;66m████[38;2;176;147;104m██[38;2;116;153;53m██[38;2;66;69;66m██[38;2;160;105;78m██[38;2;255;138;82m████[38;2;66;65;66m██[38;2;206;178;148m██[38;2;156;136;127m██[38;2;66;65;66m██[38;2;203;180;148m████[38;2;95;83;74m██[38;2;191;228;128m██[38;2;66;65;66m██[38;2;159;140;126m██[38;2;198;182;156m██[38;2;66;69;74m██[38;2;66;65;66m████[38;2;154;136;126m██[38;2;0;4;0m██        [38;2;0;8;8m██[38;2;247;142;90m██[38;2;255;138;82m██[38;2;74;111;11m██[38;2;143;180;80m██[38;2;66;65;66m██[38;2;160;105;78m██[38;2;255;142;90m██[38;2;90;69;57m██[38;2;102;139;39m██[38;2;0;4;0m██  
      ██[38;2;143;180;80m████[38;2;116;153;53m██[38;2;231;162;57m██[38;2;66;69;66m██[38;2;255;142;90m██[38;2;255;138;82m██[38;2;66;65;66m████[38;2;206;178;148m██[38;2;156;136;127m██[38;2;66;65;66m██[38;2;203;180;148m████[38;2;95;83;74m████[38;2;159;140;126m██[38;2;206;178;156m██[38;2;66;69;74m██[38;2;110;106;101m██[38;2;191;228;128m██[38;2;66;65;66m██[38;2;154;136;126m██[38;2;77;70;63m██[38;2;0;4;0m████    [38;2;0;8;8m██[38;2;82;52;35m██[38;2;255;138;82m████[38;2;66;65;66m██[38;2;143;180;80m██[38;2;66;69;66m████[38;2;145;182;82m████[38;2;0;4;0m██  
        ██[38;2;239;195;66m██[38;2;142;179;79m██[38;2;239;195;66m██[38;2;96;133;33m██[38;2;66;65;66m██[38;2;64;101;1m██[38;2;231;186;82m██[38;2;143;180;80m██[38;2;66;65;66m██[38;2;156;136;127m██[38;2;66;65;66m██[38;2;206;178;148m██[38;2;156;135;127m██[38;2;192;229;129m██[38;2;74;65;66m██[38;2;192;181;90m██[38;2;66;65;74m██[38;2;255;239;63m████[38;2;103;140;40m██[38;2;178;186;129m██[38;2;66;65;66m██[38;2;143;180;80m██[38;2;142;179;79m████[38;2;0;4;0m██    ██[38;2;66;65;66m████[38;2;214;172;104m██[38;2;145;182;82m██[38;2;143;180;80m████[38;2;148;133;94m██[38;2;64;101;1m██[38;2;231;178;66m██[38;2;0;4;0m██
        ██[38;2;239;195;66m████[38;2;142;179;79m██████[38;2;148;133;94m██[38;2;231;186;82m██[38;2;143;180;80m██[38;2;66;65;66m██[38;2;156;136;127m██[38;2;66;65;66m██[38;2;206;178;148m██[38;2;156;135;127m██[38;2;74;65;66m██[38;2;123;160;60m██[38;2;66;65;74m██[38;2;255;239;99m██[38;2;255;239;63m████[38;2;255;251;107m██[38;2;103;140;40m██[38;2;66;65;66m██[38;2;143;180;80m██[38;2;142;179;79m██████[38;2;0;4;0m████[38;2;191;228;128m████[38;2;66;65;66m██[38;2;247;178;66m██[38;2;145;182;82m██[38;2;143;180;80m██[38;2;231;178;66m██[38;2;231;186;82m████[38;2;231;178;66m██[38;2;0;4;0m██
          ██[38;2;247;211;66m████[38;2;142;179;79m████[38;2;247;211;66m████[38;2;239;223;123m██[38;2;131;168;68m██[38;2;66;65;66m████[38;2;206;178;148m██[38;2;156;135;127m██[38;2;66;65;66m██[38;2;155;192;92m██[38;2;66;65;66m██[38;2;255;239;66m██████[38;2;255;239;82m██[38;2;102;139;39m██[38;2;206;178;148m██[38;2;66;65;66m██[38;2;143;180;80m████[38;2;142;179;79m██████[38;2;191;228;128m████[38;2;66;65;66m██[38;2;109;110;104m██[38;2;214;186;115m██[38;2;239;195;66m██[38;2;142;179;79m██[38;2;143;180;80m██[38;2;247;211;66m████[38;2;0;4;0m██
            ████████[38;2;247;211;66m██[38;2;143;180;80m██[38;2;131;168;68m██[38;2;62;97;1m██[38;2;206;178;148m██[38;2;66;65;66m██[38;2;206;178;148m██[38;2;156;135;127m██[38;2;155;192;92m██[38;2;66;65;66m██[38;2;255;239;66m██████[38;2;230;176;66m██[38;2;102;139;39m██[38;2;181;178;111m██[38;2;206;178;148m██[38;2;53;83;1m██[38;2;66;65;66m██[38;2;143;180;80m██[38;2;142;179;79m████[38;2;191;228;128m██[38;2;94;131;31m██[38;2;191;228;128m████[38;2;58;91;1m██[38;2;161;148;109m██[38;2;239;195;66m██[38;2;142;179;79m██[38;2;143;180;80m██[38;2;247;211;66m████[38;2;0;4;0m██
                    ██████[38;2;66;64;66m██[38;2;255;251;181m██[38;2;66;65;66m██[38;2;203;179;153m██[38;2;159;136;117m██[38;2;66;65;66m██[38;2;142;179;79m██[38;2;97;134;34m██████[38;2;255;251;181m██[38;2;255;239;181m██[38;2;197;187;153m██[38;2;79;88;104m██[38;2;72;109;9m██[38;2;66;65;66m██[38;2;144;181;81m██[38;2;191;228;128m████████[38;2;97;134;34m██[38;2;192;229;129m██[38;2;247;211;66m██[38;2;143;180;80m██[38;2;247;211;66m██[38;2;143;180;80m████[38;2;247;211;66m██[38;2;0;4;0m██  
                          ██[38;2;255;251;181m██[38;2;66;65;66m██[38;2;203;179;153m██[38;2;115;93;82m██[38;2;66;65;66m██[38;2;96;133;33m██[38;2;255;251;181m████████[38;2;197;187;153m██[38;2;82;85;99m██[38;2;206;178;148m██[38;2;72;109;9m██[38;2;66;65;66m██[38;2;192;229;129m██[38;2;191;228;128m████████[38;2;66;65;66m████[38;2;247;211;66m██[38;2;143;180;80m████[38;2;247;211;66m██[38;2;143;180;80m████[38;2;0;4;0m██  
                        ██[38;2;142;179;79m██[38;2;66;65;74m██[38;2;247;251;198m██[38;2;66;65;66m████[38;2;255;251;181m████████[38;2;255;243;181m██[38;2;99;89;90m██[38;2;98;99;98m██[38;2;198;178;148m██[38;2;53;83;1m████[38;2;191;228;128m██████████[38;2;222;255;165m████[38;2;191;228;128m██[38;2;66;65;66m██[38;2;144;181;81m██[38;2;142;179;79m████[38;2;0;4;0m████    
                      ██[38;2;142;179;79m████[38;2;140;177;77m██[38;2;66;65;74m██[38;2;255;251;181m██████[38;2;112;91;71m██████[38;2;99;89;90m██[38;2;203;191;150m██[38;2;198;178;148m██[38;2;48;74;1m██[38;2;73;110;10m██[38;2;66;65;66m██[38;2;191;228;128m████████[38;2;222;255;165m████████[38;2;192;229;129m██[38;2;66;65;66m██[38;2;0;4;0m████        
                      ██[38;2;142;179;79m████████[38;2;66;65;66m████[38;2;112;99;84m██[38;2;206;178;140m██[38;2;206;178;148m████[38;2;198;178;148m██[38;2;49;77;1m██[38;2;53;83;1m██[38;2;73;110;10m██[38;2;66;65;66m██[38;2;191;228;128m████[38;2;142;179;79m██[38;2;191;228;128m██████[38;2;222;255;165m██[38;2;231;255;188m██[38;2;182;219;119m██[38;2;191;228;128m██[38;2;66;65;66m██            
                      [38;2;0;4;0m██[38;2;142;179;79m██[38;2;97;134;34m██[38;2;142;179;79m████[38;2;191;228;128m████[38;2;66;60;57m██[38;2;50;78;1m██[38;2;53;83;1m████[38;2;49;77;1m██[38;2;85;122;22m██[38;2;66;65;66m████[38;2;191;228;128m████████[38;2;142;179;79m██[38;2;191;228;128m██████[38;2;98;135;35m████[38;2;191;228;128m██[38;2;66;65;66m██            
                    [38;2;0;4;0m██[38;2;142;179;79m██[38;2;97;134;34m██[38;2;142;179;79m██[38;2;66;65;66m██[38;2;191;228;128m████████[38;2;66;65;66m██[38;2;73;110;10m██[38;2;53;83;1m██[38;2;66;65;66m████[38;2;142;179;79m██[38;2;191;228;128m██████████████████████████[38;2;0;4;0m██          
                    ██[38;2;142;179;79m██[38;2;97;134;34m██[38;2;142;179;79m██[38;2;66;65;66m██[38;2;191;228;128m██████████[38;2;66;65;66m████[38;2;191;228;128m████████████████[38;2;94;131;31m██[38;2;142;179;79m██[38;2;96;133;33m██[38;2;191;228;128m██████[38;2;96;133;33m██[38;2;191;228;128m████[38;2;0;4;0m██        
                    [38;2;0;8;16m██[38;2;126;163;63m██[38;2;127;164;64m████[38;2;142;179;79m██[38;2;52;59;60m██[38;2;191;228;128m██████████████████████[38;2;222;255;165m██[38;2;239;255;211m██[38;2;186;223;123m██[38;2;142;179;79m████[38;2;145;182;82m██[38;2;92;129;29m██[38;2;191;228;128m██████[38;2;96;133;33m██[38;2;191;228;128m██[38;2;0;4;0m██        
                  ██[38;2;194;231;131m████[38;2;247;211;66m██[38;2;127;164;64m██[38;2;142;179;79m██[38;2;8;8;0m██[38;2;66;65;66m██[38;2;191;228;128m██████[38;2;96;133;33m██[38;2;191;228;128m██████[38;2;222;255;165m████████[38;2;186;223;123m██[38;2;102;139;39m██[38;2;142;179;79m████[38;2;0;4;0m████[38;2;191;228;128m██████[38;2;96;133;33m██[38;2;191;228;128m████[38;2;0;4;0m██      
                ██[38;2;247;211;66m██[38;2;191;228;128m██████[38;2;247;211;66m██[38;2;0;4;0m██  ████[38;2;194;231;131m██[38;2;92;129;29m██[38;2;97;134;34m████[38;2;191;228;128m██████████[38;2;98;135;35m██[38;2;97;134;34m██[38;2;142;179;79m████[38;2;0;4;0m██    ████[38;2;190;227;127m████[38;2;191;228;128m████[38;2;0;4;0m██      
              ██[38;2;247;211;66m██████[38;2;191;228;128m██████[38;2;0;4;0m██      [38;2;0;8;8m██[38;2;92;129;29m██[38;2;142;179;79m██████[38;2;94;131;31m██[38;2;96;133;33m████[38;2;98;135;35m██[38;2;144;181;81m██[38;2;142;179;79m████[38;2;0;4;0m██          ██[38;2;190;227;127m██[38;2;191;228;128m██[38;2;247;211;66m████[38;2;0;4;0m██    
              ██[38;2;239;162;74m████[38;2;191;228;128m██[38;2;247;158;74m██[38;2;191;228;128m██[38;2;247;174;74m██[38;2;239;195;66m██[38;2;0;4;0m██    ██[38;2;142;179;79m██[38;2;143;180;80m████[38;2;142;179;79m██████████[38;2;97;134;34m██[38;2;157;194;94m████[38;2;0;4;0m██          [38;2;0;0;24m██[38;2;142;132;79m██[38;2;247;211;66m████[38;2;222;211;115m██[38;2;0;4;0m██    
              ██[38;2;239;162;74m██[38;2;191;228;128m████[38;2;247;158;74m██[38;2;247;174;74m██[38;2;191;228;128m██[38;2;239;195;66m██[38;2;0;4;0m██      ██[38;2;247;211;66m██[38;2;143;180;80m██[38;2;97;134;34m██████[38;2;142;179;79m██████[38;2;157;194;94m██[38;2;0;4;0m██          ██[38;2;71;66;51m██[38;2;214;199;107m██[38;2;191;228;128m████[38;2;222;211;115m████[38;2;0;4;0m██  
            ██[38;2;191;228;128m██[38;2;255;138;82m██[38;2;191;228;128m██[38;2;206;129;93m████[38;2;191;228;128m████[38;2;255;138;82m██[38;2;0;4;0m██      ██[38;2;74;111;11m████[38;2;183;114;98m██[38;2;255;239;66m██[38;2;164;142;86m██[38;2;72;109;9m██[38;2;247;211;66m██[38;2;74;111;11m██[38;2;82;77;46m██[38;2;0;8;24m██          [38;2;0;4;0m██[38;2;230;177;62m████[38;2;191;228;128m████████[38;2;247;158;74m██[38;2;0;4;0m██
            ██[38;2;191;228;128m██████[38;2;198;85;33m██[38;2;204;241;141m██[38;2;191;228;128m██[38;2;255;138;82m██[38;2;0;4;0m██        ██[38;2;247;211;66m██[38;2;74;111;11m██[38;2;255;239;66m██[38;2;183;114;98m██[38;2;247;199;66m██[38;2;72;109;9m██[38;2;74;111;11m████[38;2;247;215;90m██[38;2;0;8;24m██        [38;2;0;4;0m██[38;2;231;178;66m██[38;2;230;177;62m██[38;2;255;138;82m████[38;2;191;228;128m██████[38;2;247;158;74m██[38;2;0;4;0m██
            ██[38;2;255;138;82m██[38;2;191;228;128m██[38;2;255;138;82m████[38;2;123;73;49m██[38;2;188;225;125m██[38;2;8;4;0m██        [38;2;0;4;0m██[38;2;53;83;1m██[38;2;66;65;66m██[38;2;73;110;10m██[38;2;164;142;86m██[38;2;247;199;66m██[38;2;165;121;90m██[38;2;72;109;9m██[38;2;255;239;66m██[38;2;74;73;82m██[38;2;66;65;66m██[38;2;73;110;10m██[38;2;0;4;0m██      ██[38;2;231;178;66m██[38;2;255;138;82m██[38;2;191;228;128m██[38;2;255;138;82m████[38;2;191;228;128m██[38;2;255;138;82m████[38;2;0;4;0m██
            ██[38;2;255;138;82m████████[38;2;123;73;49m██[38;2;122;159;59m██[38;2;8;4;0m██      [38;2;0;4;0m██[38;2;53;83;1m██████[38;2;66;65;66m██[38;2;72;109;9m████████[38;2;74;73;82m██[38;2;61;95;1m██[38;2;73;110;10m██████[38;2;0;4;0m██      ██[38;2;191;228;128m██████[38;2;255;138;82m██[38;2;191;228;128m████[38;2;255;138;82m██[38;2;0;4;0m██
              ██[38;2;255;136;85m████[38;2;126;72;46m████[38;2;165;121;90m██[38;2;0;4;0m██      ██[38;2;53;83;1m████[38;2;73;110;10m██[38;2;53;83;1m██[38;2;66;64;66m██[38;2;0;4;0m████[38;2;66;64;66m██[38;2;73;110;10m████████[38;2;53;83;1m██[38;2;73;110;10m██[38;2;0;4;0m██    ██[38;2;227;129;84m██[38;2;191;228;128m██[38;2;255;136;85m████[38;2;191;228;128m████[38;2;0;4;0m██  
              ██[38;2;255;136;85m████[38;2;126;72;46m██[38;2;165;121;90m██[38;2;0;4;0m██      ██[38;2;53;83;1m████[38;2;73;110;10m██[38;2;53;83;1m████[38;2;0;4;0m██    ██[38;2;53;83;1m██[38;2;73;110;10m██████[38;2;53;83;1m██[38;2;73;110;10m██[38;2;0;4;0m██  ██[38;2;255;138;82m██[38;2;227;129;84m████[38;2;255;136;85m████[38;2;255;138;82m████[38;2;0;4;0m██  
                ████[38;2;165;121;90m████[38;2;0;4;0m██      ██[38;2;53;83;1m████████[38;2;0;4;0m██      ██[38;2;76;113;13m██[38;2;50;78;1m██[38;2;73;110;10m████[38;2;74;111;11m██[38;2;0;4;0m██    ██[38;2;255;138;82m████[38;2;123;73;49m██[38;2;255;138;82m██████[38;2;127;71;41m██[38;2;0;4;0m██  
                    ████          ██[38;2;53;83;1m██████[38;2;0;4;0m██        ████[38;2;73;110;10m████[38;2;49;76;1m██[38;2;74;111;11m██[38;2;0;4;0m██    ██[38;2;255;138;82m██[38;2;123;73;49m██[38;2;255;138;82m██[38;2;123;73;49m██[38;2;255;138;82m██[38;2;0;4;0m██    
                                [38;2;8;8;0m██[38;2;47;73;1m██[38;2;53;83;1m██[38;2;81;118;18m██[38;2;143;180;80m██[38;2;53;83;1m██[38;2;0;4;0m██          ██[38;2;73;110;10m██[38;2;49;77;1m██[38;2;77;114;14m██[38;2;0;4;0m██      ████[38;2;255;138;90m██[38;2;127;71;45m██[38;2;0;4;0m██      
                              ██[38;2;142;179;79m████[38;2;53;83;1m██[38;2;142;179;79m██[38;2;143;180;80m████[38;2;0;4;0m██            ██[38;2;142;179;79m████[38;2;0;4;0m██          ████        
                                ████[38;2;142;179;79m██████[38;2;0;4;0m██              ██[38;2;191;228;128m██████[38;2;0;4;0m██                    
                                    ██████              ██[38;2;191;228;128m██████████[38;2;0;4;0m██                  
                                                        ██[38;2;191;228;128m████[38;2;0;4;0m██[38;2;191;228;128m████[38;2;0;4;0m██                  
                                                          ████  ████                    
[0m