          [38;2;0;0;0m████                                
        ██[38;2;138;251;131m██[38;2;107;220;100m██[38;2;0;0;0m██      ██████                  
      ██[38;2;247;99;82m██[38;2;197;41;33m██[38;2;138;251;131m██[38;2;0;0;0m██    ██[38;2;138;251;131m████[38;2;76;189;69m██[38;2;0;0;0m██                
      ██[38;2;247;99;82m██[38;2;197;41;33m██[38;2;76;189;69m██[38;2;65;65;65m██[38;2;0;0;0m████[38;2;138;251;131m████[38;2;197;41;33m████[38;2;76;189;69m██[38;2;0;0;0m██              
        ██[38;2;76;189;69m██[38;2;138;251;131m████[38;2;76;189;69m██[38;2;65;65;65m██[38;2;138;251;131m██[38;2;197;41;33m██[38;2;247;99;82m████[38;2;197;41;33m██[38;2;0;0;0m██              
      ██[38;2;255;255;255m██[38;2;138;251;131m████████████[38;2;247;99;82m██████[38;2;197;41;33m██[38;2;0;0;0m██              
    ██[38;2;107;220;100m██[38;2;0;0;0m██[38;2;107;220;100m██[38;2;138;251;131m████[38;2;255;255;255m██[38;2;76;189;69m██[38;2;138;251;131m████[38;2;247;99;82m████[38;2;0;0;0m██      ██████    
  ████[38;2;138;251;131m████[38;2;173;107;132m████[38;2;138;251;131m██[38;2;0;0;0m██[38;2;76;189;69m██[38;2;138;251;131m████[38;2;65;65;65m██[38;2;0;0;0m██      ██[38;2;138;251;131m██████[38;2;0;0;0m██  
██[38;2;107;220;100m██[38;2;65;65;65m██[38;2;138;251;131m██████[38;2;222;148;197m██[38;2;138;251;131m████████████[38;2;107;220;100m██[38;2;0;0;0m██  ██[38;2;138;251;131m██[38;2;181;255;177m██[38;2;138;251;131m██████[38;2;0;0;0m██
  ████[38;2;189;189;181m██[38;2;255;255;255m████████[38;2;181;255;177m██[38;2;138;251;131m████[38;2;65;65;65m██[38;2;107;220;100m██[38;2;76;189;69m██[38;2;0;0;0m██  ██[38;2;138;251;131m██████████[38;2;0;0;0m██
    ██[38;2;189;189;181m██[38;2;255;255;255m██████████[38;2;181;255;177m██[38;2;138;251;131m████[38;2;65;65;65m██[38;2;76;189;69m██[38;2;0;0;0m██  ██[38;2;76;189;69m██[38;2;138;251;131m██████[38;2;76;189;69m██[38;2;0;0;0m██
      ██[38;2;255;255;255m████████████[38;2;107;220;100m██[38;2;65;65;65m████[38;2;76;189;69m██[38;2;0;0;0m██    ██[38;2;76;189;69m██[38;2;65;65;65m██[38;2;76;189;69m██[38;2;0;0;0m██  
      ██[38;2;65;65;65m██[38;2;255;255;255m████████[38;2;189;189;181m██[38;2;76;189;69m██████[38;2;0;0;0m██        ██████    
    ██[38;2;76;189;69m████[38;2;0;0;0m██[38;2;189;189;181m██████[38;2;76;189;69m██████[38;2;0;0;0m████    ████  ██      
      ████  ██████[38;2;65;65;65m████[38;2;0;0;0m████  ██  ██  ██        
                ██[38;2;76;189;69m████[38;2;0;0;0m██      ████            
                  ████                        
[0m