                  [38;2;57;93;74m██                                                  
                ██[38;2;172;234;213m██[38;2;57;93;74m██                                                
              ██[38;2;169;234;213m████[38;2;57;93;74m██                                                
            ██[38;2;172;234;213m██[38;2;169;234;213m██[38;2;115;210;213m██[38;2;57;93;74m██                                                
            ██[38;2;172;234;213m██[38;2;139;222;213m██[38;2;57;93;74m██                                                  
    ██      ██[38;2;172;234;213m██[38;2;139;222;213m██[38;2;57;93;74m██                                                  
  ██[38;2;172;234;213m██[38;2;57;93;74m██  ██[38;2;115;210;213m██[38;2;169;234;213m██[38;2;115;210;213m████[38;2;57;93;74m██                                                
██[38;2;172;234;213m████[38;2;57;93;74m████[38;2;115;210;213m██████[38;2;169;234;213m██[38;2;115;210;213m████[38;2;57;93;74m██                                              
██[38;2;172;234;213m██[38;2;115;210;213m██[38;2;94;155;168m██[38;2;115;210;213m██████████████[38;2;57;93;74m██                                              
  ██[38;2;115;210;213m██████[38;2;120;161;148m████[38;2;115;210;213m██[38;2;120;161;148m████[38;2;115;210;213m████[38;2;57;93;74m██    [38;2;0;0;0m██                                      
    [38;2;57;89;74m██[38;2;123;206;205m██[38;2;123;161;148m██[38;2;172;234;213m████[38;2;123;161;148m██[38;2;169;234;211m████[38;2;93;160;172m██[38;2;128;199;197m██[38;2;115;210;213m██[38;2;57;93;74m██[38;2;0;0;0m██[38;2;197;194;189m██[38;2;0;0;0m██                      ████          
    [38;2;57;89;74m██[38;2;101;167;161m██[38;2;172;234;213m████████[38;2;169;234;211m████[38;2;164;238;222m██[38;2;93;160;172m██[38;2;57;93;74m██  [38;2;0;0;0m██[38;2;197;194;189m████[38;2;0;0;0m██  ████████      ████[38;2;230;234;238m██[38;2;0;0;0m██          
  [38;2;57;93;74m██[38;2;115;210;213m██[38;2;120;161;148m██[38;2;172;234;213m████[38;2;169;234;211m████████[38;2;164;238;222m██[38;2;93;160;172m██[38;2;57;93;74m██  [38;2;0;0;0m██[38;2;197;194;189m██[38;2;197;196;189m██[38;2;131;129;106m██[38;2;0;0;0m██[38;2;230;234;238m██[38;2;233;234;235m████[38;2;230;234;238m██[38;2;0;0;0m██[38;2;0;4;0m████[38;2;233;234;235m████[38;2;230;234;238m██[38;2;0;0;0m██          
  [38;2;57;93;74m██[38;2;115;210;213m████[38;2;123;161;148m██[38;2;172;234;213m██[38;2;169;234;211m████████[38;2;93;160;172m██[38;2;128;199;197m██[38;2;57;93;74m██  [38;2;0;0;0m██[38;2;197;194;189m██[38;2;131;129;106m██[38;2;197;196;189m██[38;2;230;234;238m████[38;2;233;234;235m████[38;2;230;234;238m████[38;2;119;121;115m██[38;2;238;238;230m██[38;2;233;234;235m████[38;2;0;0;0m██            
    [38;2;57;93;74m██[38;2;115;210;213m██[38;2;115;206;213m██[38;2;95;167;167m██[38;2;172;234;213m██████[38;2;94;157;168m██[38;2;115;210;213m██[38;2;57;93;74m██    [38;2;0;0;0m██[38;2;197;186;180m██[38;2;230;234;238m██[38;2;119;121;115m██[38;2;197;196;189m██[38;2;230;234;238m██[38;2;197;196;189m██[38;2;233;234;235m██████████[38;2;230;234;238m████[38;2;0;0;0m██            
      [38;2;57;93;74m██[38;2;57;89;74m██[38;2;115;206;213m██[38;2;94;157;168m██[38;2;172;234;213m████[38;2;94;157;168m██[38;2;57;93;74m██      [38;2;0;0;0m██[38;2;98;93;90m██[38;2;119;121;115m██[38;2;42;40;40m██[38;2;119;121;115m██[38;2;42;40;40m██[38;2;197;196;189m██[38;2;233;234;235m██████████[38;2;230;234;238m██[38;2;0;0;0m██              
          [38;2;57;93;74m██[38;2;104;156;156m██[38;2;156;234;230m██[38;2;164;234;222m██[38;2;0;0;0m██      ██[38;2;230;234;238m██[38;2;42;40;40m██[38;2;43;41;41m████[38;2;42;40;40m████[38;2;233;234;235m████[38;2;230;234;238m████[38;2;246;242;238m██[38;2;81;80;78m██[38;2;197;194;189m██[38;2;0;0;0m██              
            [38;2;0;0;8m██[38;2;104;156;156m██[38;2;109;156;148m██[38;2;0;0;0m██      ██[38;2;230;234;238m██[38;2;42;40;40m██[38;2;52;48;50m████[38;2;42;40;40m██[38;2;119;121;115m██[38;2;233;234;235m████[38;2;230;234;238m██[38;2;65;64;65m██[38;2;74;68;57m██[38;2;189;184;178m██[38;2;197;194;189m██[38;2;0;0;0m██              
            ██[38;2;230;234;238m████[38;2;0;0;0m██    ██[38;2;197;194;189m██[38;2;0;0;0m██[38;2;42;40;40m██[38;2;45;43;43m████[38;2;90;76;65m██[38;2;230;234;230m██[38;2;230;230;230m██[38;2;76;76;76m██[38;2;65;64;65m██[38;2;255;255;255m██[38;2;131;131;106m██[38;2;197;194;189m██[38;2;200;194;189m████[38;2;0;0;0m██            
            ██[38;2;230;234;238m████[38;2;0;0;0m██    ██[38;2;197;194;189m██[38;2;0;0;0m██[38;2;42;40;40m██[38;2;119;121;115m██[38;2;45;43;43m██[38;2;90;76;65m██[38;2;137;129;120m██[38;2;76;76;76m██[38;2;0;0;0m██[38;2;255;255;255m████[38;2;131;131;106m██[38;2;197;194;189m██[38;2;200;194;189m████[38;2;197;194;189m██[38;2;0;0;0m██          
            ██[38;2;230;234;238m██[38;2;233;234;235m████[38;2;0;0;0m██  ██[38;2;197;194;189m██[38;2;131;132;106m██[38;2;197;196;189m██[38;2;233;234;235m██[38;2;98;93;90m██[38;2;131;129;119m██[38;2;65;64;57m██[38;2;255;255;246m██[38;2;169;172;172m██[38;2;120;126;120m██[38;2;82;93;90m██[38;2;197;194;189m████████[38;2;131;129;106m██[38;2;0;0;0m██          
              ██[38;2;233;234;235m████[38;2;0;0;0m██    ██[38;2;131;132;106m██[38;2;230;234;238m██[38;2;233;234;235m████[38;2;131;129;119m██[38;2;197;194;180m██[38;2;84;90;98m████[38;2;197;194;180m████[38;2;197;194;189m██[38;2;131;131;106m██████[38;2;0;0;0m██            
            ██[38;2;92;85;155m██[38;2;65;64;65m██[38;2;230;234;238m██[38;2;0;0;0m██    ██[38;2;131;132;106m██[38;2;230;234;238m████[38;2;131;132;106m██[38;2;200;194;189m████████████[38;2;131;129;119m██[38;2;197;194;180m██[38;2;65;64;65m██[38;2;0;0;0m██              
            ██[38;2;92;85;155m██[38;2;65;64;65m██[38;2;230;234;238m██[38;2;65;64;65m██[38;2;0;0;0m████[38;2;65;64;65m██[38;2;230;234;238m██████[38;2;131;132;106m██[38;2;200;194;189m████████████[38;2;197;194;180m██[38;2;65;64;57m██[38;2;0;0;0m██                
    [38;2;57;93;74m██      [38;2;0;0;0m██[38;2;65;64;65m██[38;2;74;68;65m██[38;2;246;246;238m██[38;2;76;67;68m████[38;2;74;68;68m████[38;2;233;234;235m████[38;2;65;64;65m██[38;2;197;194;189m██████[38;2;65;64;65m████[38;2;131;129;120m██[38;2;197;194;180m██[38;2;65;64;65m██[38;2;77;70;140m████[38;2;0;0;0m████            
  [38;2;57;93;74m██[38;2;172;234;213m██[38;2;57;93;74m████    [38;2;0;0;0m██[38;2;189;187;180m████[38;2;197;194;189m██[38;2;76;67;68m██[38;2;8;4;8m██[38;2;205;198;189m██[38;2;233;234;235m████[38;2;65;64;65m██[38;2;197;194;189m██[38;2;65;64;65m████[38;2;50;43;36m████[38;2;65;64;60m████[38;2;77;70;140m████████[38;2;92;85;155m██[38;2;0;0;0m██          
  [38;2;57;93;74m██[38;2;164;238;222m████[38;2;172;234;213m██[38;2;57;93;74m██    [38;2;0;0;0m██[38;2;197;194;189m████[38;2;0;0;0m██  ██[38;2;197;194;189m██████[38;2;0;0;0m██[38;2;35;35;35m████[38;2;50;44;36m████[38;2;48;43;39m██[38;2;82;77;76m██[38;2;35;35;35m██[38;2;78;71;141m██[38;2;65;64;65m██[38;2;92;85;155m██████[38;2;0;0;0m████      
  [38;2;57;93;74m██[38;2;49;97;82m██[38;2;126;191;175m██[38;2;172;234;213m████[38;2;57;93;74m████[38;2;0;0;0m██[38;2;197;194;189m████[38;2;0;0;0m██    ██████  [38;2;8;4;16m██[38;2;50;44;38m██[38;2;83;78;78m████[38;2;82;77;76m██[38;2;62;58;52m██[38;2;35;35;35m██[38;2;93;86;156m██[38;2;92;85;155m██[38;2;65;64;65m██[38;2;0;0;0m██[38;2;92;85;155m██████[38;2;0;0;0m██    
    [38;2;57;93;74m████[38;2;126;191;175m██[38;2;164;238;222m██[38;2;115;210;213m████[38;2;49;93;82m██[38;2;180;214;205m██[38;2;180;218;205m██[38;2;0;4;8m██            [38;2;8;4;0m██[38;2;42;40;36m██[38;2;50;44;36m████[38;2;61;58;53m████[38;2;62;58;54m██[38;2;35;35;35m██[38;2;92;85;155m██[38;2;0;0;0m██  ██[38;2;95;88;158m████[38;2;92;85;155m██[38;2;0;0;0m██  
        [38;2;49;97;82m██[38;2;164;238;222m██[38;2;115;210;213m██[38;2;94;155;168m██[38;2;180;214;205m██[38;2;115;153;143m██[38;2;120;147;139m██[38;2;180;218;205m██[38;2;57;93;74m████      [38;2;0;0;0m██[38;2;62;59;54m████[38;2;62;58;54m████[38;2;61;58;53m████[38;2;62;58;54m██[38;2;35;35;35m██[38;2;92;85;155m██[38;2;0;0;0m██    [38;2;0;4;0m██[38;2;63;56;126m██[38;2;92;85;155m████[38;2;0;0;0m██
      [38;2;57;93;74m██[38;2;115;210;211m████[38;2;115;210;213m██[38;2;120;161;148m██[38;2;169;234;211m████████[38;2;93;160;172m██[38;2;128;199;197m██[38;2;57;91;74m██  [38;2;0;4;8m██[38;2;35;35;35m██[38;2;83;78;78m██[38;2;62;58;54m██████████[38;2;83;78;78m████[38;2;35;35;35m██[38;2;93;86;156m██[38;2;0;0;0m██  ██[38;2;197;194;189m██[38;2;100;93;163m██[38;2;66;59;129m██[38;2;0;0;0m██
    [38;2;57;93;74m██[38;2;115;210;213m██[38;2;115;210;211m████[38;2;115;210;213m██[38;2;120;161;148m██[38;2;169;234;211m████████[38;2;164;238;222m██[38;2;93;160;172m██[38;2;57;91;74m██[38;2;0;0;0m██[38;2;86;79;149m██[38;2;35;35;35m██[38;2;62;58;54m██[38;2;83;78;78m██████████[38;2;50;44;36m████[38;2;35;35;35m██[38;2;93;86;156m██[38;2;65;64;65m██[38;2;0;0;0m██  ██[38;2;0;4;0m████  
    [38;2;57;89;74m██[38;2;115;206;213m██[38;2;115;210;211m████[38;2;106;157;156m██[38;2;172;234;213m██[38;2;169;234;211m████[38;2;172;234;213m██████[38;2;94;157;168m██[38;2;0;0;0m██[38;2;54;47;117m██[38;2;77;70;140m████[38;2;35;35;35m██[38;2;62;58;52m██[38;2;62;58;54m████[38;2;62;58;52m██[38;2;48;43;39m██[38;2;80;75;73m██[38;2;35;35;35m████[38;2;93;86;156m██[38;2;92;85;155m██[38;2;65;64;65m██[38;2;0;0;0m████      
    [38;2;57;89;74m██[38;2;95;167;167m██[38;2;115;210;211m████[38;2;106;157;156m██[38;2;172;234;213m██[38;2;169;234;211m████[38;2;172;234;213m██[38;2;123;161;148m██[38;2;172;234;213m██[38;2;94;157;168m██[38;2;0;0;0m██[38;2;83;76;146m██[38;2;77;70;140m████[38;2;35;35;35m██[38;2;79;78;77m██[38;2;83;78;78m████[38;2;82;77;76m████[38;2;50;43;38m██[38;2;35;35;35m██[38;2;93;86;156m████[38;2;92;85;155m██[38;2;65;64;65m██[38;2;77;70;140m████[38;2;0;0;0m████  
      [38;2;57;93;74m████[38;2;115;210;213m██[38;2;115;206;213m██[38;2;95;167;167m██[38;2;172;234;213m████[38;2;164;238;222m██[38;2;93;160;172m██[38;2;94;157;164m██[38;2;57;93;74m██[38;2;0;0;0m██[38;2;77;70;140m████████[38;2;0;0;0m████[38;2;50;43;36m██████[38;2;60;56;54m██[38;2;35;35;35m██[38;2;92;85;155m████████[38;2;65;58;57m██[38;2;86;79;149m██[38;2;77;70;140m████[38;2;0;0;0m██
          [38;2;57;93;74m██[38;2;57;89;74m██[38;2;115;206;213m██[38;2;94;157;168m████[38;2;93;160;172m██[38;2;128;199;197m██[38;2;57;93;74m██    [38;2;0;0;0m██[38;2;77;70;140m████[38;2;0;0;0m██    ██████████[38;2;92;85;155m████████[38;2;65;58;57m██[38;2;0;4;8m██[38;2;0;0;0m████  
              [38;2;57;93;74m██████████    [38;2;0;0;0m██[38;2;197;194;189m████[38;2;0;0;0m██                ██[38;2;92;85;155m██[38;2;77;70;140m████[38;2;0;0;0m██        
                              ████                    ██[38;2;255;255;255m████[38;2;0;0;0m██        
                                                        ████          
[0m