          [38;2;0;0;0m████████████            
      ████[38;2;178;120;77m████████[38;2;253;157;84m████[38;2;0;0;0m██          
    ██[38;2;130;94;77m██[38;2;253;157;84m██████████[38;2;130;94;77m██[38;2;253;157;84m████[38;2;0;0;0m██        
    ██[38;2;253;195;154m████[38;2;130;94;77m██[38;2;0;0;0m████[38;2;253;157;84m████[38;2;130;94;77m██[38;2;253;157;84m████[38;2;0;0;0m██      
  ██[38;2;253;195;154m████[38;2;65;65;65m██[38;2;0;0;0m██    ██[38;2;253;157;84m████[38;2;130;94;77m██[38;2;253;157;84m██[38;2;0;0;0m██      
██[38;2;130;94;77m██[38;2;253;157;84m██[38;2;65;65;65m██[38;2;255;255;255m██[38;2;82;82;115m██[38;2;0;0;0m██    ██[38;2;253;157;84m██[38;2;178;120;77m██[38;2;130;94;77m██[38;2;178;120;77m██[38;2;0;0;0m██    
██[38;2;253;157;84m████[38;2;65;65;65m██[38;2;82;82;115m████[38;2;0;0;0m██    ██[38;2;253;157;84m████[38;2;130;94;77m██[38;2;253;157;84m██[38;2;0;0;0m██    
██[38;2;130;94;77m██[38;2;253;157;84m██[38;2;130;94;77m██[38;2;65;65;65m██[38;2;0;0;0m██    ██[38;2;130;94;77m██[38;2;253;157;84m██[38;2;178;120;77m██[38;2;130;94;77m██[38;2;178;120;77m██[38;2;0;0;0m██    
  ██[38;2;253;157;84m████[38;2;130;94;77m██[38;2;65;65;65m██[38;2;0;0;0m████[38;2;130;94;77m██[38;2;253;195;154m████[38;2;130;94;77m██[38;2;178;120;77m██[38;2;0;0;0m██      
    ██[38;2;253;157;84m████[38;2;130;94;77m██████[38;2;253;195;154m████[38;2;130;94;77m██[38;2;178;120;77m██[38;2;0;0;0m██        
      ██[38;2;253;157;84m██████████[38;2;130;94;77m██[38;2;65;65;65m██[38;2;0;0;0m██          
        ██[38;2;65;65;65m██████████[38;2;123;131;139m██[38;2;180;180;189m██[38;2;0;0;0m██  ████  
          ██[38;2;180;180;189m██[38;2;123;131;139m██████████[38;2;65;65;65m██[38;2;0;0;0m██[38;2;48;117;210m██[38;2;65;65;65m██[38;2;0;0;0m██
        ██[38;2;180;180;189m████████[38;2;123;131;139m████[38;2;65;65;65m████[38;2;6;69;154m██[38;2;0;0;0m████  
      ██[38;2;255;255;255m██[38;2;180;180;189m██████[38;2;255;255;255m██[38;2;180;180;189m██[38;2;123;131;139m████[38;2;0;0;0m████      
        ████[38;2;255;255;255m████[38;2;123;131;139m████[38;2;0;0;0m████          
            ████████              
[0m