          [38;2;0;0;0m██                              
        ██[38;2;255;209;147m██[38;2;0;0;0m██    ██                      
      ████[38;2;223;179;89m██[38;2;0;0;0m██  ██[38;2;255;209;147m██[38;2;0;0;0m██████                
      ██[38;2;65;65;65m██[38;2;223;179;89m██[38;2;0;0;0m██████[38;2;255;209;147m██[38;2;0;0;0m██[38;2;65;65;65m████[38;2;0;0;0m██              
████  ██[38;2;65;65;65m██[38;2;186;142;62m████[38;2;115;115;115m██[38;2;223;179;89m████[38;2;65;65;65m██[38;2;213;84;118m██[38;2;65;65;65m██[38;2;0;0;0m██              
██[38;2;223;179;89m██[38;2;0;0;0m████[38;2;186;142;62m██[38;2;248;209;52m████[38;2;186;142;62m██[38;2;255;209;147m██[38;2;65;65;65m██[38;2;213;84;118m████[38;2;65;65;65m██[38;2;0;0;0m██              
  ██[38;2;223;179;89m████[38;2;186;142;62m████████[38;2;255;209;147m██[38;2;65;65;65m██[38;2;213;84;118m██[38;2;65;65;65m██[38;2;0;0;0m██                
████[38;2;65;65;65m████[38;2;186;142;62m██[38;2;248;209;52m████[38;2;186;142;62m██[38;2;223;179;89m████[38;2;255;209;147m██[38;2;65;65;65m██[38;2;0;0;0m██  ██████        
██[38;2;186;142;62m████[38;2;0;0;0m██[38;2;255;209;147m██[38;2;186;142;62m████[38;2;223;179;89m██[38;2;255;255;255m████[38;2;223;179;89m████[38;2;0;0;0m████[38;2;255;209;147m████[38;2;0;0;0m██        
  ██[38;2;65;65;65m██[38;2;0;0;0m██[38;2;255;209;147m██████[38;2;255;255;255m██[38;2;0;0;0m██[38;2;255;255;255m████[38;2;186;142;62m██[38;2;255;209;147m████[38;2;65;65;65m██[38;2;0;0;0m██  ████    
    ██[38;2;255;209;147m██████[38;2;223;179;89m██[38;2;255;255;255m██[38;2;0;0;0m██[38;2;255;255;255m██[38;2;223;179;89m████[38;2;186;142;62m██[38;2;65;65;65m██[38;2;0;0;0m██  ██[38;2;213;84;118m████[38;2;0;0;0m██  
      ██[38;2;223;179;89m██[38;2;255;209;147m████[38;2;186;142;62m██████[38;2;223;179;89m██[38;2;65;65;65m██[38;2;223;179;89m██████[38;2;0;0;0m██[38;2;213;84;118m████[38;2;160;73;107m██[38;2;213;84;118m██[38;2;0;0;0m██
    ██[38;2;223;179;89m██[38;2;65;65;65m████[38;2;223;179;89m████[38;2;65;65;65m██[38;2;223;179;89m██[38;2;65;65;65m██[38;2;0;0;0m██████████[38;2;213;84;118m████[38;2;160;73;107m██[38;2;213;84;118m██[38;2;0;0;0m██
  ██[38;2;223;179;89m██[38;2;255;209;147m██[38;2;223;179;89m██[38;2;186;142;62m██[38;2;65;65;65m████[38;2;223;179;89m██[38;2;65;65;65m██[38;2;0;0;0m████        ██[38;2;160;73;107m██[38;2;213;84;118m██[38;2;0;0;0m██  
  ██[38;2;65;65;65m██[38;2;223;179;89m██[38;2;0;0;0m██████[38;2;223;179;89m██[38;2;65;65;65m████[38;2;255;209;147m████[38;2;0;0;0m██    ██[38;2;213;84;118m████[38;2;0;0;0m██    
    ████    ██[38;2;223;179;89m██[38;2;65;65;65m██[38;2;255;209;147m██[38;2;223;179;89m██[38;2;65;65;65m██[38;2;0;0;0m██████[38;2;223;179;89m████[38;2;0;0;0m██      
          ██[38;2;65;65;65m████[38;2;223;179;89m██[38;2;65;65;65m██████[38;2;186;142;62m██████[38;2;0;0;0m████        
        ██[38;2;160;73;107m████[38;2;0;0;0m████[38;2;223;179;89m██[38;2;65;65;65m██[38;2;223;179;89m██[38;2;0;0;0m██████            
          ████    ██[38;2;213;84;118m████[38;2;0;0;0m██                
                ██[38;2;213;84;118m████[38;2;0;0;0m██                  
                  ████                    
[0m