          [38;2;0;0;0m██                              
        ██[38;2;99;99;99m██[38;2;0;0;0m██    ██                      
      ██[38;2;57;56;57m██[38;2;120;119;120m██[38;2;0;0;0m██  ██[38;2;186;126;30m██[38;2;0;0;0m██████                
      ██[38;2;247;247;247m██[38;2;57;56;57m██[38;2;227;213;92m██[38;2;0;0;0m██[38;2;224;210;88m██[38;2;186;126;30m██[38;2;66;66;66m████[38;2;66;67;66m██[38;2;0;0;0m██              
    [38;2;8;8;8m██[38;2;123;87;32m██[38;2;247;247;247m██[38;2;57;56;57m██[38;2;66;65;66m██[38;2;227;213;92m██████[38;2;66;65;66m██[38;2;255;255;255m██[38;2;66;66;66m██[38;2;0;0;0m██              
  ██[38;2;230;217;96m██[38;2;195;136;37m██[38;2;57;56;57m██[38;2;120;119;120m██[38;2;101;96;93m██[38;2;66;65;66m██[38;2;227;213;92m██[38;2;66;65;66m██[38;2;255;255;255m████[38;2;66;66;66m██[38;2;0;0;0m██              
  ██[38;2;223;209;87m██[38;2;239;238;236m██[38;2;66;66;66m████████[38;2;225;211;89m██████[38;2;255;255;255m██[38;2;57;58;54m██[38;2;0;8;8m██              
[38;2;0;0;0m██[38;2;66;67;66m██[38;2;159;156;151m██[38;2;0;0;16m██[38;2;66;66;66m██[38;2;99;100;99m████[38;2;66;66;66m██[38;2;255;255;255m██[38;2;227;213;92m██[38;2;225;211;89m████[38;2;227;213;92m████[38;2;0;0;0m██████        
██[38;2;200;158;43m██[38;2;214;214;213m██[38;2;0;0;8m██[38;2;227;213;92m██[38;2;66;65;66m██[38;2;57;69;90m██[38;2;247;247;247m██[38;2;85;82;79m██[38;2;255;255;255m██[38;2;226;212;91m████[38;2;227;213;92m██[38;2;201;160;44m██[38;2;229;216;95m████[38;2;0;0;0m██        
  ██[38;2;195;187;65m██[38;2;214;214;213m██[38;2;227;213;92m████[38;2;234;219;104m██[38;2;247;247;247m██[38;2;0;0;16m██[38;2;255;255;255m██[38;2;226;212;91m████[38;2;227;213;92m████[38;2;192;132;35m██[38;2;8;4;0m██  [38;2;0;0;0m████    
██[38;2;200;158;43m██[38;2;198;156;41m██[38;2;74;69;66m██[38;2;217;195;80m████████[38;2;218;197;81m████[38;2;226;212;91m████[38;2;227;213;92m██[38;2;201;160;44m██[38;2;229;216;95m████[38;2;0;0;0m██[38;2;99;99;99m██[38;2;99;97;99m██[38;2;0;0;0m██  
  ██[38;2;198;156;41m██[38;2;229;216;95m██[38;2;255;255;255m██[38;2;200;190;183m██[38;2;255;255;255m██[38;2;200;190;183m██[38;2;255;255;231m██[38;2;123;87;32m██[38;2;226;212;91m████[38;2;227;213;92m████[38;2;192;132;35m██[38;2;8;4;0m██[38;2;99;99;99m████[38;2;66;64;66m██[38;2;99;97;99m██[38;2;0;0;0m██
    ██[38;2;230;217;96m██[38;2;215;194;78m██[38;2;255;255;255m██[38;2;200;190;183m██[38;2;255;255;255m██[38;2;216;194;79m██[38;2;226;212;91m██[38;2;227;213;92m████[38;2;71;66;65m██[38;2;229;216;95m██[38;2;66;67;66m██[38;2;0;0;0m██[38;2;99;97;99m████[38;2;66;64;66m██[38;2;99;97;99m██[38;2;0;0;0m██
  ██[38;2;120;108;98m██[38;2;0;0;0m██[38;2;225;211;89m██[38;2;215;194;78m██[38;2;217;195;80m████[38;2;226;212;91m████[38;2;227;213;92m██[38;2;201;160;44m██[38;2;197;155;40m██[38;2;71;66;65m██[38;2;0;0;0m██  ██[38;2;66;64;66m██[38;2;99;97;99m██[38;2;0;0;0m██  
  ██[38;2;200;158;43m██[38;2;0;0;0m██[38;2;195;136;37m██[38;2;233;220;99m██[38;2;227;213;92m████[38;2;201;160;44m██[38;2;227;213;92m██[38;2;201;160;44m████[38;2;66;65;66m██[38;2;227;213;92m██[38;2;195;136;37m██[38;2;8;8;8m██[38;2;205;165;47m██[38;2;142;122;32m██[38;2;0;0;0m██    
    ██  [38;2;8;4;0m██[38;2;195;136;37m██[38;2;227;213;92m██[38;2;201;160;44m██[38;2;227;213;92m██[38;2;201;160;44m██████[38;2;66;65;66m████[38;2;230;217;96m██[38;2;123;87;32m██[38;2;205;165;47m██[38;2;0;4;8m██      
          [38;2;0;0;0m██[38;2;128;90;31m██[38;2;204;163;47m██[38;2;200;158;43m████[38;2;201;160;44m██[38;2;66;65;66m██[38;2;0;4;8m██[38;2;227;213;92m████[38;2;0;0;0m████        
        ██[38;2;66;67;66m██[38;2;128;90;31m██[38;2;0;4;8m██[38;2;0;0;0m████[38;2;66;65;66m██[38;2;201;160;44m██[38;2;57;55;54m██[38;2;0;4;8m██[38;2;0;0;0m██            
          ████      ██[38;2;99;99;99m████[38;2;0;0;0m██              
                  ██[38;2;99;99;99m████[38;2;0;0;0m██                
                    ████                  
[0m