              [38;2;0;0;0m██████    
          ████[38;2;255;120;75m████[38;2;0;0;0m██    
        ██[38;2;255;120;75m██████[38;2;0;0;0m██      
      ██[38;2;255;120;75m██████[38;2;212;83;27m██[38;2;0;0;0m██      
    ██[38;2;255;120;75m██████[38;2;212;83;27m████[38;2;0;0;0m██      
    ██[38;2;255;120;75m████[38;2;212;83;27m██[38;2;255;120;75m████[38;2;0;0;0m██      
  ██[38;2;212;83;27m██[38;2;255;120;75m██[38;2;212;83;27m██[38;2;255;255;255m██[38;2;0;0;0m██[38;2;255;120;75m██[38;2;212;83;27m██[38;2;0;0;0m██    
  ██[38;2;212;83;27m████[38;2;255;120;75m████[38;2;255;255;255m████[38;2;255;120;75m██[38;2;0;0;0m██    
██[38;2;212;83;27m██[38;2;255;120;75m██[38;2;212;83;27m██[38;2;255;120;75m██████████[38;2;212;83;27m██[38;2;0;0;0m██  
██[38;2;255;120;75m██████[38;2;212;83;27m██[38;2;255;120;75m████████████[38;2;0;0;0m██
██[38;2;212;83;27m██[38;2;255;120;75m████[38;2;212;83;27m██[38;2;255;120;75m██████[38;2;212;83;27m██[38;2;0;0;0m████  
  ██[38;2;255;120;75m██[38;2;212;83;27m██[38;2;255;120;75m████████[38;2;0;0;0m██      
  ██[38;2;212;83;27m██[38;2;255;120;75m████████[38;2;65;65;65m██[38;2;0;0;0m██      
    ██[38;2;212;83;27m██[38;2;255;120;75m████[38;2;212;83;27m████[38;2;0;0;0m██      
    ██[38;2;212;83;27m██████[38;2;255;120;75m████[38;2;0;0;0m██      
      ██[38;2;255;120;75m██████[38;2;212;83;27m████[38;2;0;0;0m██    
        ████[38;2;212;83;27m██████[38;2;0;0;0m██    
            ██████      
[0m