                [38;2;0;0;0m████              
              ██[38;2;255;255;255m██[38;2;243;168;172m██[38;2;0;0;0m██            
            ██[38;2;243;168;172m██[38;2;255;255;255m████[38;2;159;85;106m██[38;2;0;0;0m██          
      ██████[38;2;159;85;106m██[38;2;238;115;135m██[38;2;243;168;172m████[38;2;238;115;135m██[38;2;0;0;0m██          
    ██[38;2;251;218;220m██[38;2;210;95;117m██[38;2;159;85;106m██[38;2;238;115;135m██[38;2;207;84;104m██████[38;2;238;115;135m██[38;2;159;85;106m██[38;2;0;0;0m██        
    ██[38;2;210;95;117m██[38;2;65;65;65m██[38;2;238;115;135m██[38;2;207;84;104m██[38;2;161;38;58m██[38;2;181;58;78m██[38;2;159;85;106m████[38;2;238;115;135m██[38;2;210;95;117m██[38;2;0;0;0m██      
  ██[38;2;210;95;117m██[38;2;65;65;65m██[38;2;238;115;135m██[38;2;207;84;104m██[38;2;137;63;84m██[38;2;210;95;117m██[38;2;161;38;58m████[38;2;181;58;78m██[38;2;207;84;104m██[38;2;238;115;135m██[38;2;159;85;106m██[38;2;0;0;0m████  
  ██[38;2;251;218;220m██[38;2;159;85;106m██[38;2;207;84;104m██[38;2;181;58;78m██[38;2;137;63;84m████[38;2;161;38;58m██[38;2;210;95;117m██[38;2;161;38;58m██[38;2;181;58;78m██[38;2;207;84;104m██[38;2;238;115;135m██[38;2;255;255;255m██[38;2;159;85;106m██[38;2;0;0;0m██
██[38;2;243;168;172m██[38;2;251;218;220m████[38;2;210;95;117m██[38;2;161;38;58m██████[38;2;210;95;117m██[38;2;251;218;220m██[38;2;210;95;117m██[38;2;161;38;58m██[38;2;207;84;104m██[38;2;238;115;135m██[38;2;251;218;220m██[38;2;255;255;255m██[38;2;0;0;0m██
██[38;2;243;168;172m██[38;2;255;255;255m██[38;2;251;218;220m██[38;2;210;95;117m██[38;2;161;38;58m████[38;2;210;95;117m██████[38;2;251;218;220m██[38;2;210;95;117m██[38;2;181;58;78m██[38;2;207;84;104m██[38;2;251;218;220m██[38;2;65;65;65m██[38;2;0;0;0m██
██[38;2;159;85;106m██[38;2;255;255;255m██[38;2;251;218;220m██[38;2;210;95;117m██[38;2;161;38;58m██[38;2;210;95;117m██[38;2;251;218;220m████[38;2;210;95;117m██[38;2;243;168;172m██[38;2;251;218;220m██[38;2;183;68;90m██[38;2;159;85;106m████[38;2;0;0;0m██  
  ██[38;2;251;218;220m██[38;2;210;95;117m██[38;2;251;218;220m██[38;2;210;95;117m██[38;2;251;218;220m██[38;2;255;255;255m████[38;2;251;218;220m██[38;2;243;168;172m██[38;2;251;218;220m██[38;2;162;47;69m██[38;2;210;95;117m██[38;2;0;0;0m██    
    ██[38;2;210;95;117m██[38;2;238;115;135m██[38;2;210;95;117m██[38;2;251;218;220m██[38;2;255;255;255m████[38;2;251;218;220m████[38;2;210;95;117m██[38;2;183;68;90m██[38;2;210;95;117m██[38;2;0;0;0m██    
    ██[38;2;251;218;220m██[38;2;159;85;106m██[38;2;238;115;135m██[38;2;210;95;117m██[38;2;251;218;220m██████[38;2;210;95;117m██[38;2;181;58;78m██[38;2;207;84;104m██[38;2;159;85;106m██[38;2;0;0;0m██    
      ██[38;2;243;168;172m██[38;2;159;85;106m████[38;2;210;95;117m██████[38;2;207;84;104m████[38;2;238;115;135m██[38;2;0;0;0m██      
        ██████[38;2;65;65;65m██[38;2;159;85;106m██[38;2;210;95;117m████[38;2;238;115;135m██[38;2;255;255;255m██[38;2;0;0;0m██      
              ██████[38;2;255;255;255m████[38;2;159;85;106m██[38;2;0;0;0m██      
                    ██████        
[0m