                [38;2;0;0;0m████              
              ██[38;2;255;255;255m██[38;2;229;174;252m██[38;2;0;0;0m██            
            ██[38;2;229;174;252m██[38;2;255;255;255m████[38;2;134;93;176m██[38;2;0;0;0m██          
      ██████[38;2;134;93;176m██[38;2;197;132;229m██[38;2;229;174;252m████[38;2;197;132;229m██[38;2;0;0;0m██          
    ██[38;2;247;224;255m██[38;2;154;117;202m██[38;2;134;93;176m██[38;2;197;132;229m██[38;2;159;102;196m██████[38;2;197;132;229m██[38;2;134;93;176m██[38;2;0;0;0m██        
    ██[38;2;154;117;202m██[38;2;65;65;65m██[38;2;197;132;229m██[38;2;159;102;196m██[38;2;104;58;148m██[38;2;127;78;169m██[38;2;134;93;176m████[38;2;197;132;229m██[38;2;154;117;202m██[38;2;0;0;0m██      
  ██[38;2;154;117;202m██[38;2;65;65;65m██[38;2;197;132;229m██[38;2;159;102;196m██[38;2;108;72;153m██[38;2;154;117;202m██[38;2;104;58;148m██[38;2;103;58;148m██[38;2;127;78;169m██[38;2;159;102;196m██[38;2;197;132;229m██[38;2;134;93;176m██[38;2;0;0;0m████  
  ██[38;2;247;224;255m██[38;2;134;93;176m██[38;2;159;102;196m██[38;2;128;77;169m██[38;2;108;72;153m████[38;2;104;58;148m██[38;2;154;117;202m██[38;2;104;58;148m██[38;2;127;78;169m██[38;2;159;102;196m██[38;2;197;132;229m██[38;2;255;255;255m██[38;2;134;93;176m██[38;2;0;0;0m██
██[38;2;229;174;252m██[38;2;247;224;255m████[38;2;154;117;202m██[38;2;104;58;148m██[38;2;103;58;148m████[38;2;154;117;202m██[38;2;247;224;255m██[38;2;154;117;202m██[38;2;103;58;148m██[38;2;159;102;196m██[38;2;197;132;229m██[38;2;247;224;255m██[38;2;255;255;255m██[38;2;0;0;0m██
██[38;2;229;174;252m██[38;2;255;255;255m██[38;2;247;224;255m██[38;2;154;117;202m██[38;2;103;58;148m██[38;2;104;58;148m██[38;2;154;117;202m██████[38;2;247;224;255m██[38;2;154;117;202m██[38;2;127;78;169m██[38;2;159;102;196m██[38;2;247;224;255m██[38;2;65;65;65m██[38;2;0;0;0m██
██[38;2;134;93;176m██[38;2;255;255;255m██[38;2;247;224;255m██[38;2;154;117;202m██[38;2;104;58;148m██[38;2;154;117;202m██[38;2;247;224;255m████[38;2;154;117;202m██[38;2;229;174;252m██[38;2;247;224;255m██[38;2;122;92;174m██[38;2;134;93;176m████[38;2;0;0;0m██  
  ██[38;2;247;224;255m██[38;2;154;117;202m██[38;2;247;224;255m██[38;2;154;117;202m██[38;2;247;224;255m██[38;2;255;255;255m████[38;2;247;224;255m██[38;2;229;174;252m██[38;2;247;224;255m██[38;2;98;71;152m██[38;2;154;117;202m██[38;2;0;0;0m██    
    ██[38;2;154;117;202m██[38;2;197;132;229m██[38;2;154;117;202m██[38;2;247;224;255m██[38;2;255;255;255m████[38;2;247;224;255m████[38;2;154;117;202m██[38;2;122;92;174m██[38;2;154;117;202m██[38;2;0;0;0m██    
    ██[38;2;247;224;255m██[38;2;134;93;176m██[38;2;197;132;229m██[38;2;154;117;202m██[38;2;247;224;255m██████[38;2;154;117;202m██[38;2;127;78;169m██[38;2;159;102;196m██[38;2;134;93;176m██[38;2;0;0;0m██    
      ██[38;2;229;174;252m██[38;2;134;93;176m████[38;2;154;117;202m██████[38;2;159;102;196m████[38;2;197;132;229m██[38;2;0;0;0m██      
        ██████[38;2;65;65;65m██[38;2;134;93;176m██[38;2;154;117;202m████[38;2;197;132;229m██[38;2;255;255;255m██[38;2;0;0;0m██      
              ██████[38;2;255;255;255m████[38;2;134;93;176m██[38;2;0;0;0m██      
                    ██████        
[0m