          [38;2;0;0;0m████                  
        ██[38;2;72;212;118m████[38;2;0;0;0m██                
      ██[38;2;72;212;118m██████[38;2;0;0;0m██                
    ██[38;2;39;154;77m██[38;2;72;212;118m████[38;2;39;154;77m██[38;2;0;0;0m██                
    ██[38;2;72;212;118m████[38;2;39;154;77m██[38;2;0;0;0m██        ████████  
    ██[38;2;255;255;123m██[38;2;39;154;77m██[38;2;0;0;0m██      ████[38;2;72;212;118m████████[38;2;0;0;0m██
  ██[38;2;189;165;66m████[38;2;255;255;123m████[38;2;0;0;0m██████[38;2;72;212;118m██████████[38;2;39;154;77m██[38;2;0;0;0m██
  ██[38;2;255;255;123m██████████[38;2;65;65;65m██[38;2;255;255;123m████[38;2;72;212;118m██████[38;2;39;154;77m██[38;2;0;0;0m██  
██[38;2;255;255;123m████████████[38;2;189;165;66m██[38;2;255;255;123m██[38;2;222;214;90m██[38;2;39;154;77m████[38;2;0;0;0m████    
████[38;2;255;255;123m████████████[38;2;189;165;66m██[38;2;65;65;65m████[38;2;0;0;0m██        
████[38;2;255;255;123m██████[38;2;0;0;0m██[38;2;255;255;123m██[38;2;222;214;90m████[38;2;189;165;66m██[38;2;0;0;0m██          
██[38;2;255;255;123m██[38;2;189;165;66m██[38;2;255;255;123m████[38;2;0;0;0m██[38;2;72;212;118m████[38;2;222;214;90m██[38;2;189;165;66m██[38;2;0;0;0m██          
  ██[38;2;255;255;123m██████[38;2;72;212;118m██[38;2;222;214;90m████[38;2;39;154;77m██[38;2;0;0;0m██            
██[38;2;39;154;77m██[38;2;65;65;65m██[38;2;189;165;66m██[38;2;222;214;90m████[38;2;39;154;77m██[38;2;0;0;0m████  ████        
  ██[38;2;189;165;66m██[38;2;255;255;123m████[38;2;222;214;90m██[38;2;189;165;66m██[38;2;255;255;123m██[38;2;72;212;118m██[38;2;0;0;0m██[38;2;72;212;118m██[38;2;0;0;0m██        
    ██[38;2;189;165;66m██[38;2;255;255;123m████[38;2;222;214;90m██[38;2;65;65;65m████[38;2;189;165;66m██[38;2;72;212;118m██[38;2;0;0;0m██        
    ██[38;2;222;214;90m██[38;2;189;165;66m██[38;2;222;214;90m██[38;2;189;165;66m██████[38;2;65;65;65m██[38;2;39;154;77m██[38;2;0;0;0m██        
      ██████[38;2;255;255;123m████[38;2;0;0;0m██████          
            ████                
[0m