        [38;2;0;4;0m████  ████████  ██████                                    
        ██[38;2;29;73;120m██[38;2;0;4;0m██[38;2;66;64;66m██[38;2;255;113;74m████[38;2;29;73;120m██[38;2;0;4;0m██[38;2;7;48;93m██[38;2;33;77;125m██[38;2;29;73;120m██[38;2;0;4;0m██                                  
        ██[38;2;29;73;120m██[38;2;74;77;82m██[38;2;255;113;74m████[38;2;31;75;123m██[38;2;66;65;66m██[38;2;32;76;124m██[38;2;255;192;86m██[38;2;66;65;66m██[38;2;30;74;122m████[38;2;0;4;0m████                              
          ██[38;2;255;113;74m██[38;2;74;77;82m██[38;2;31;75;123m████[38;2;66;65;66m██[38;2;54;101;150m██[38;2;255;192;86m██[38;2;66;65;66m██[38;2;30;74;122m████[38;2;7;48;93m██[38;2;33;77;125m██[38;2;0;4;0m██                            
          ██[38;2;255;130;99m██[38;2;85;67;65m██[38;2;30;74;122m████[38;2;66;65;66m██[38;2;54;101;150m██[38;2;32;76;124m██[38;2;66;65;66m██[38;2;30;74;122m████████[38;2;31;75;123m██[38;2;0;4;0m██                          
            [38;2;0;36;49m██[38;2;85;67;65m██[38;2;30;74;122m████[38;2;66;65;66m██[38;2;32;76;124m██[38;2;66;65;66m██[38;2;54;101;150m██[38;2;30;74;122m████████[38;2;6;47;91m██[38;2;31;75;123m██[38;2;0;4;0m██                        
            ██[38;2;29;73;120m██[38;2;31;75;123m██[38;2;66;65;66m██[38;2;59;106;155m██[38;2;30;74;122m██[38;2;66;65;66m██[38;2;56;103;153m██[38;2;55;102;151m████[38;2;30;74;122m████████[38;2;0;4;0m██                        
          ██[38;2;29;73;120m████[38;2;52;98;148m████[38;2;59;106;155m████[38;2;56;103;153m████[38;2;55;102;151m████[38;2;59;106;155m██[38;2;30;74;122m██████[38;2;29;73;120m██[38;2;0;4;0m██                      
        ██[38;2;33;77;125m██[38;2;39;84;133m████[38;2;7;48;93m██[38;2;120;123;129m██[38;2;34;79;127m████[38;2;56;103;153m████[38;2;30;74;122m██[38;2;59;106;155m██[38;2;55;102;151m████[38;2;30;74;122m██[38;2;65;64;71m██[38;2;33;77;125m██[38;2;0;4;0m██                      
        ██[38;2;7;48;93m██[38;2;255;113;74m██[38;2;39;84;133m██[38;2;7;48;93m██[38;2;247;251;255m██[38;2;0;12;16m██[38;2;255;255;255m██[38;2;56;103;153m██[38;2;66;65;66m██[38;2;59;106;155m████[38;2;55;102;151m████[38;2;52;98;148m██[38;2;30;74;122m██[38;2;7;48;93m██[38;2;0;4;0m██                      
      ██[38;2;30;74;122m██[38;2;66;65;66m██[38;2;255;113;74m██[38;2;42;88;137m██[38;2;56;103;153m██[38;2;0;4;0m██[38;2;148;65;41m██[38;2;255;251;247m██[38;2;56;103;153m██[38;2;66;65;66m██[38;2;55;102;151m████[38;2;66;65;66m██[38;2;54;101;150m██[38;2;66;65;66m██[38;2;56;103;153m██[38;2;0;4;0m██                        
    ██[38;2;29;73;120m██[38;2;30;74;122m██[38;2;66;65;66m██[38;2;255;113;74m██[38;2;42;88;137m██[38;2;56;103;153m████[38;2;183;127;109m██[38;2;148;65;41m██[38;2;56;103;153m██[38;2;66;65;66m██[38;2;55;102;151m████[38;2;66;65;66m██[38;2;32;76;124m██[38;2;56;103;153m██[38;2;66;65;66m██[38;2;29;73;120m██[38;2;0;4;0m██                      
  ██[38;2;30;74;122m████[38;2;66;65;66m██[38;2;255;113;74m██[38;2;255;101;66m██[38;2;165;109;82m██[38;2;26;70;117m██[38;2;50;96;145m██[38;2;59;106;155m████[38;2;63;110;160m██[38;2;74;65;57m██[38;2;31;75;123m██[38;2;52;98;148m██[38;2;56;103;153m██[38;2;66;65;66m██[38;2;56;103;153m██[38;2;66;65;66m██[38;2;30;74;122m██[38;2;66;65;66m██[38;2;0;4;0m██                    
  ██[38;2;30;74;122m████[38;2;66;65;66m██[38;2;255;113;74m██[38;2;195;106;76m██[38;2;165;109;82m██[38;2;210;138;19m██[38;2;26;70;117m██[38;2;30;74;122m██[38;2;59;106;155m██[38;2;74;65;57m██[38;2;148;93;1m██[38;2;66;65;66m██[38;2;52;98;148m██[38;2;56;103;153m██[38;2;66;65;66m██[38;2;56;103;153m████[38;2;66;65;66m██[38;2;30;74;122m██[38;2;66;64;66m██[38;2;0;4;0m████                
██[38;2;181;73;41m██[38;2;181;73;44m██[38;2;66;65;66m██[38;2;255;113;74m████[38;2;66;65;66m██[38;2;176;97;66m██[38;2;206;134;15m████[38;2;155;98;1m██[38;2;66;65;66m██[38;2;155;98;1m████[38;2;57;73;82m██[38;2;120;89;84m██[38;2;39;84;133m████[38;2;66;65;66m██[38;2;56;103;153m██[38;2;120;89;84m██[38;2;57;73;82m██[38;2;30;74;122m██[38;2;66;65;66m██[38;2;206;134;15m██[38;2;0;4;8m██[38;2;0;4;0m██████        
██[38;2;181;73;41m██[38;2;181;73;44m██[38;2;66;65;66m██[38;2;255;113;74m██[38;2;66;65;66m████[38;2;176;97;66m██[38;2;206;134;15m██[38;2;0;4;0m██[38;2;66;65;66m██[38;2;155;98;1m██████[38;2;57;73;82m██[38;2;247;121;90m██[38;2;39;84;133m██[38;2;255;113;74m██[38;2;66;65;66m██[38;2;56;103;153m██[38;2;247;121;90m██[38;2;57;73;82m██[38;2;30;74;122m████[38;2;109;69;1m██[38;2;206;134;15m██[38;2;6;47;91m██[38;2;62;109;159m██[38;2;56;103;153m██[38;2;0;4;0m████    
  ████[38;2;66;64;66m██[38;2;255;117;82m██[38;2;85;49;38m██[38;2;112;82;60m██[38;2;255;109;66m██[38;2;0;4;0m██  ██[38;2;155;98;1m██[38;2;158;100;1m██[38;2;207;135;16m██[38;2;206;134;15m██[38;2;66;65;66m██[38;2;255;113;74m████[38;2;247;101;57m██[38;2;66;60;66m██[38;2;255;109;66m████[38;2;66;65;66m██[38;2;181;73;44m██[38;2;176;97;66m██[38;2;66;65;66m██[38;2;206;134;15m██[38;2;66;65;66m██[38;2;59;106;155m████[38;2;255;117;82m██[38;2;0;24;33m██  
      [38;2;0;4;0m██[38;2;0;16;16m██[38;2;255;117;82m██[38;2;255;109;66m██[38;2;183;95;63m██[38;2;0;4;0m██  ██[38;2;155;98;1m██[38;2;158;100;1m██[38;2;207;135;16m██[38;2;206;134;15m██[38;2;66;65;66m██[38;2;255;113;74m██[38;2;181;73;41m██[38;2;186;87;60m██[38;2;66;60;66m██[38;2;74;60;57m██[38;2;164;84;61m██[38;2;181;73;44m██[38;2;66;65;66m████[38;2;191;119;0m██[38;2;206;134;15m██[38;2;66;65;66m██[38;2;30;74;122m████[38;2;85;55;49m██[38;2;170;86;65m██[38;2;0;4;0m██
          ██████    ██[38;2;155;98;1m██████[38;2;207;135;16m████[38;2;66;65;66m██████[38;2;206;134;15m██[38;2;66;65;66m████[38;2;65;64;62m██[38;2;206;134;15m██[38;2;207;135;16m████[38;2;206;134;15m██[38;2;66;65;66m██[38;2;26;70;117m████[38;2;181;73;44m████[38;2;0;4;0m██
                  ██[38;2;155;98;1m████████[38;2;207;135;16m████[38;2;206;134;15m████████████[38;2;158;100;1m██[38;2;206;134;15m██[38;2;207;135;16m████[38;2;206;134;15m██[38;2;66;65;66m██[38;2;181;73;41m██[38;2;26;70;117m██[38;2;181;73;44m██[38;2;66;65;66m██[38;2;0;4;0m██
                  ██[38;2;155;98;1m████[38;2;127;80;1m██[38;2;157;99;1m██[38;2;115;73;1m██[38;2;209;137;18m██[38;2;207;135;16m████████[38;2;155;98;1m██[38;2;0;4;0m██[38;2;71;63;52m██[38;2;155;98;1m██[38;2;207;135;16m████[38;2;155;98;1m██[38;2;71;63;52m██[38;2;181;73;41m████[38;2;66;64;66m██[38;2;0;4;0m██  
                  ██[38;2;155;98;1m████[38;2;157;99;1m██[38;2;82;78;68m██[38;2;0;12;8m██[38;2;209;137;18m██[38;2;207;135;16m██████[38;2;158;100;1m██[38;2;0;4;0m██  [38;2;0;4;8m██[38;2;155;98;1m██[38;2;158;100;1m████[38;2;155;98;1m██[38;2;0;4;8m██[38;2;0;4;0m██████    
                    [38;2;0;8;8m██[38;2;120;62;46m████[38;2;0;8;8m██  [38;2;0;4;0m██[38;2;207;135;16m████[38;2;66;65;66m████[38;2;126;71;49m██[38;2;0;4;0m██  ██[38;2;181;73;41m████[38;2;0;4;0m██            
                    [38;2;0;8;8m██[38;2;181;89;66m████[38;2;0;8;8m██  [38;2;0;4;0m██[38;2;158;100;1m████[38;2;66;65;66m██[38;2;126;71;46m██[38;2;126;71;49m██[38;2;0;4;0m██  ██[38;2;126;73;46m████[38;2;127;71;49m██[38;2;0;4;0m██          
                  ██[38;2;159;64;74m████████[38;2;0;12;16m██[38;2;255;113;74m██████[38;2;66;65;66m██[38;2;126;71;46m██[38;2;126;72;49m████[38;2;0;24;24m██[38;2;181;85;57m██[38;2;181;73;41m████[38;2;181;81;49m██[38;2;0;8;0m██          
                  [38;2;0;4;0m██[38;2;181;73;41m████████[38;2;85;45;35m██[38;2;170;79;54m██[38;2;181;73;41m████[38;2;66;65;66m██[38;2;126;71;46m██[38;2;126;72;49m████[38;2;60;44;35m██[38;2;120;64;46m██[38;2;126;73;46m████[38;2;120;56;32m██[38;2;0;8;0m██          
                    [38;2;0;4;0m██[38;2;173;69;49m██[38;2;148;67;54m██[38;2;66;65;66m██[38;2;255;113;74m████[38;2;255;105;66m████[38;2;255;113;74m██[38;2;85;45;35m██[38;2;0;4;0m██████[38;2;181;73;41m██[38;2;239;125;99m██[38;2;119;68;57m██[38;2;255;113;74m██[38;2;0;4;0m██          
                  ██[38;2;173;69;49m████[38;2;189;69;49m██[38;2;66;65;66m██[38;2;181;73;41m████[38;2;194;97;77m██[38;2;74;81;99m██[38;2;170;79;54m██[38;2;0;12;16m██      [38;2;0;4;0m██[38;2;0;12;16m████[38;2;0;4;0m██            
                    ████████[38;2;82;47;32m██[38;2;247;117;82m██[38;2;239;125;99m██[38;2;119;68;57m██[38;2;255;113;74m██[38;2;0;4;0m██                          
                            [38;2;0;12;8m████[38;2;0;12;16m████[38;2;0;4;0m██                            
[0m