          [38;2;0;0;0m████              
        ██[38;2;55;93;194m████[38;2;0;0;0m████          
      ██[38;2;65;65;65m██[38;2;55;93;194m██[38;2;65;65;65m██[38;2;55;93;194m██[38;2;71;137;238m██[38;2;0;0;0m██        
      ██[38;2;55;93;194m██[38;2;71;137;238m██[38;2;65;65;65m██[38;2;71;137;238m████[38;2;55;93;194m██[38;2;0;0;0m██      
    ██[38;2;71;137;238m████[38;2;65;65;65m██[38;2;71;137;238m████████[38;2;0;0;0m██      
  ██[38;2;173;197;214m██[38;2;71;137;238m████████████████[38;2;0;0;0m██    
██[38;2;55;93;194m██[38;2;71;137;238m██████[38;2;255;255;255m██[38;2;173;197;214m██[38;2;71;137;238m████████[38;2;55;93;194m██[38;2;0;0;0m██  
██[38;2;71;137;238m██████[38;2;173;197;214m██[38;2;0;0;0m██[38;2;255;255;255m██[38;2;71;137;238m██████████[38;2;0;0;0m██  
██[38;2;197;173;99m██[38;2;71;137;238m██████[38;2;255;255;255m██[38;2;173;197;214m██[38;2;71;137;238m████████[38;2;197;173;99m██[38;2;0;0;0m██  
██[38;2;65;65;65m██[38;2;242;227;130m██[38;2;197;173;99m██[38;2;71;137;238m██████████[38;2;197;173;99m██[38;2;242;227;130m██[38;2;65;65;65m██[38;2;0;0;0m██  
  ██[38;2;197;173;99m██[38;2;242;227;130m██████████████[38;2;197;173;99m██[38;2;0;0;0m██    
    ██[38;2;65;65;65m██[38;2;197;173;99m██[38;2;242;227;130m██████[38;2;197;173;99m██[38;2;65;65;65m████[38;2;71;137;238m██[38;2;0;0;0m██  
    ██[38;2;242;227;130m██[38;2;65;65;65m██████████[38;2;71;137;238m████████[38;2;0;0;0m██
  ██[38;2;71;137;238m████[38;2;242;227;130m████[38;2;197;173;99m██[38;2;71;137;238m██████[38;2;65;65;65m██[38;2;71;137;238m████[38;2;0;0;0m██
  ██[38;2;65;65;65m██[38;2;55;93;194m██[38;2;71;137;238m██████████████[38;2;65;65;65m██[38;2;0;0;0m██  
  ██[38;2;242;227;130m████[38;2;65;65;65m██[38;2;71;137;238m██████████████[38;2;0;0;0m██  
    ██[38;2;197;173;99m██[38;2;242;227;130m██[38;2;65;65;65m██[38;2;71;137;238m██████████[38;2;0;0;0m██    
      ████████[38;2;71;137;238m██[38;2;65;65;65m██[38;2;71;137;238m██[38;2;0;0;0m████    
              ██████        
[0m