              [38;2;0;0;0m██                                                      
            ██[38;2;117;159;37m██[38;2;0;0;0m██                                                    
            ██[38;2;117;159;37m████[38;2;0;0;0m██                          ████████                
            ██[38;2;99;56;65m██[38;2;117;159;37m██[38;2;0;0;0m██      ██              ████[38;2;180;222;100m██████[38;2;117;159;37m██[38;2;0;0;0m██              
            ██[38;2;128;82;93m██[38;2;99;56;65m██[38;2;117;159;37m██[38;2;0;0;0m██  ██[38;2;180;222;100m██[38;2;0;0;0m██        ████[38;2;180;222;100m████████[38;2;117;159;37m██[38;2;0;0;0m██                
              ██[38;2;99;56;65m██[38;2;117;159;37m██[38;2;65;65;65m██[38;2;0;0;0m██[38;2;180;222;100m████[38;2;0;0;0m██      ██[38;2;180;222;100m██████[38;2;99;56;65m████[38;2;180;222;100m██[38;2;0;0;0m██                  
              ██[38;2;99;56;65m██[38;2;117;159;37m██[38;2;86;128;6m████[38;2;180;222;100m████[38;2;86;128;6m██[38;2;0;0;0m██  ██[38;2;180;222;100m████[38;2;99;56;65m████[38;2;156;74;78m████[38;2;99;56;65m██[38;2;180;222;100m██[38;2;0;0;0m██                
                ██[38;2;86;128;6m██[38;2;223;239;117m████████[38;2;180;222;100m██[38;2;86;128;6m██[38;2;0;0;0m██[38;2;180;222;100m████[38;2;99;56;65m██[38;2;128;82;93m████[38;2;99;56;65m██[38;2;156;74;78m████[38;2;99;56;65m██[38;2;0;0;0m██                
              ██[38;2;180;222;100m██[38;2;223;239;117m██████[38;2;180;222;100m████████████[38;2;99;56;65m██[38;2;128;82;93m████████[38;2;99;56;65m██[38;2;156;74;78m██[38;2;99;56;65m██[38;2;0;0;0m██                
        ██████[38;2;180;222;100m██[38;2;117;159;37m██[38;2;223;239;117m████[38;2;180;222;100m████████████[38;2;99;56;65m██[38;2;128;82;93m██████████[38;2;99;56;65m██[38;2;156;74;78m██[38;2;99;56;65m██[38;2;0;0;0m██                
      ██[38;2;180;222;100m██████████[38;2;117;159;37m██[38;2;180;222;100m██████████████[38;2;99;56;65m██[38;2;128;82;93m██████████[38;2;99;56;65m██[38;2;156;74;78m██[38;2;0;0;0m██                  
        ██[38;2;117;159;37m██[38;2;180;222;100m████[38;2;117;159;37m████[38;2;180;222;100m████████████████[38;2;99;56;65m██[38;2;128;82;93m██████[38;2;99;56;65m██[38;2;156;74;78m██[38;2;99;56;65m██[38;2;0;0;0m██                  
          ██[38;2;117;159;37m██████[38;2;180;222;100m████████████████████[38;2;128;82;93m██[38;2;99;56;65m████[38;2;156;74;78m██[38;2;0;0;0m████                    
          ██[38;2;180;222;100m██████████[38;2;117;159;37m██[38;2;180;222;100m████[38;2;86;128;6m████[38;2;180;222;100m██████[38;2;86;128;6m██████[38;2;0;0;0m██                        
        ██[38;2;180;222;100m██████████[38;2;117;159;37m██[38;2;180;222;100m████[38;2;65;65;65m██[38;2;86;128;6m██[38;2;255;255;255m██[38;2;180;222;100m██████████[38;2;0;0;0m██                          
        ██[38;2;223;239;117m████[38;2;180;222;100m██████[38;2;117;159;37m██[38;2;180;222;100m██[38;2;117;159;37m██[38;2;0;0;0m██[38;2;255;255;255m██████[38;2;180;222;100m██████████[38;2;0;0;0m██████                    
        ██[38;2;223;239;117m██[38;2;180;222;100m████████[38;2;117;159;37m██[38;2;180;222;100m██[38;2;65;65;65m██[38;2;0;0;0m██[38;2;255;255;255m████[38;2;180;222;100m████[38;2;82;96;106m██[38;2;180;222;100m████[38;2;86;128;6m██[38;2;180;222;100m████[38;2;65;65;65m██[38;2;0;0;0m██                  
          ██[38;2;180;222;100m████████████████████[38;2;82;96;106m████[38;2;202;116;121m██[38;2;117;159;37m██[38;2;65;65;65m██[38;2;180;222;100m██[38;2;223;239;117m████[38;2;180;222;100m██[38;2;65;65;65m██[38;2;0;0;0m██                
          ██[38;2;180;222;100m████[38;2;117;159;37m██[38;2;180;222;100m██████[38;2;82;96;106m████████[38;2;202;116;121m████[38;2;65;65;65m██[38;2;117;159;37m██[38;2;65;65;65m██[38;2;180;222;100m████[38;2;223;239;117m████[38;2;180;222;100m██[38;2;0;0;0m██                
        ██[38;2;117;159;37m██[38;2;65;65;65m██[38;2;180;222;100m████[38;2;82;96;106m██████[38;2;252;166;171m██████[38;2;202;116;121m████[38;2;65;65;65m██[38;2;117;159;37m████[38;2;65;65;65m██[38;2;180;222;100m████████[38;2;117;159;37m██[38;2;0;0;0m██                
      ██[38;2;65;65;65m██[38;2;117;159;37m████[38;2;65;65;65m████[38;2;252;166;171m██████████[38;2;202;116;121m██[38;2;65;65;65m████[38;2;117;159;37m████[38;2;156;74;78m██[38;2;252;166;171m██[38;2;65;65;65m██[38;2;180;222;100m██[38;2;65;65;65m██████[38;2;117;159;37m██[38;2;0;0;0m██              
  ████[38;2;117;159;37m██████████[38;2;0;0;0m██[38;2;65;65;65m████████████[38;2;117;159;37m████[38;2;156;74;78m████[38;2;252;166;171m████[38;2;156;74;78m██[38;2;65;65;65m██[38;2;117;159;37m████[38;2;65;65;65m██[38;2;117;159;37m████[38;2;0;0;0m██████        
██[38;2;65;65;65m██[38;2;117;159;37m██████████[38;2;0;0;0m██  ██[38;2;202;116;121m██[38;2;156;74;78m██[38;2;117;159;37m██████[38;2;156;74;78m████[38;2;252;166;171m████████[38;2;65;65;65m██████[38;2;117;159;37m██[38;2;65;65;65m██[38;2;117;159;37m████[38;2;65;65;65m██[38;2;117;159;37m██[38;2;86;128;6m██[38;2;0;0;0m██████  
██[38;2;117;159;37m██[38;2;255;255;255m██[38;2;86;128;6m██[38;2;255;255;255m██[38;2;86;128;6m██[38;2;0;0;0m██    ██[38;2;202;116;121m████[38;2;156;74;78m██[38;2;180;222;100m██[38;2;156;74;78m██[38;2;252;166;171m██████████[38;2;65;65;65m██[38;2;117;159;37m██[38;2;180;222;100m████[38;2;65;65;65m████[38;2;117;159;37m██████[38;2;65;65;65m██[38;2;117;159;37m██[38;2;86;128;6m██[38;2;117;159;37m████[38;2;0;0;0m██
██[38;2;86;128;6m████[38;2;117;159;37m██[38;2;86;128;6m██[38;2;117;159;37m██[38;2;0;0;0m██  ██[38;2;117;159;37m██[38;2;65;65;65m██[38;2;202;116;121m██[38;2;156;74;78m██[38;2;180;222;100m██[38;2;156;74;78m████[38;2;252;166;171m████[38;2;156;74;78m██[38;2;65;65;65m██[38;2;180;222;100m██████████[38;2;65;65;65m██[38;2;180;222;100m██[38;2;117;159;37m████[38;2;65;65;65m██[38;2;117;159;37m████[38;2;86;128;6m██[38;2;117;159;37m██[38;2;0;0;0m██
  ██[38;2;213;213;213m██[38;2;86;128;6m██[38;2;117;159;37m██[38;2;0;0;0m██  ██[38;2;117;159;37m████[38;2;65;65;65m██[38;2;156;74;78m██[38;2;180;222;100m██████[38;2;156;74;78m██████[38;2;65;65;65m██[38;2;180;222;100m██████████[38;2;65;65;65m██[38;2;180;222;100m██████[38;2;117;159;37m████████[38;2;86;128;6m██[38;2;0;0;0m██  
    ██████  ██[38;2;117;159;37m████████[38;2;65;65;65m██[38;2;156;74;78m██[38;2;180;222;100m████████[38;2;65;65;65m██[38;2;255;255;255m██[38;2;86;128;6m██[38;2;255;255;255m██[38;2;117;159;37m██[38;2;180;222;100m██[38;2;117;159;37m██[38;2;65;65;65m██[38;2;180;222;100m██████[38;2;117;159;37m██[38;2;65;65;65m██[38;2;117;159;37m██[38;2;0;0;0m████    
            ██[38;2;117;159;37m██████[38;2;86;128;6m██[38;2;65;65;65m██[38;2;252;166;171m██[38;2;156;74;78m██████████[38;2;65;65;65m██[38;2;117;159;37m████[38;2;180;222;100m████[38;2;65;65;65m██[38;2;180;222;100m██████[38;2;86;128;6m██[38;2;117;159;37m██[38;2;65;65;65m██[38;2;0;0;0m██        
            ██[38;2;65;65;65m██[38;2;86;128;6m████[38;2;117;159;37m████[38;2;65;65;65m██[38;2;252;166;171m████████[38;2;202;116;121m████[38;2;65;65;65m██[38;2;255;255;255m██[38;2;117;159;37m██[38;2;65;65;65m██[38;2;86;128;6m████████[38;2;117;159;37m██[38;2;65;65;65m██[38;2;0;0;0m██          
              ██[38;2;117;159;37m██████████[38;2;65;65;65m████[38;2;156;74;78m██████████[38;2;65;65;65m████[38;2;180;222;100m████████[38;2;117;159;37m████[38;2;0;0;0m██            
                ██[38;2;86;128;6m██[38;2;117;159;37m████[38;2;86;128;6m████[38;2;117;159;37m██[38;2;0;0;0m████[38;2;202;116;121m██████[38;2;65;65;65m██[38;2;180;222;100m████████[38;2;117;159;37m████[38;2;0;0;0m██              
              ██[38;2;213;213;213m██[38;2;117;159;37m██[38;2;86;128;6m████[38;2;117;159;37m████[38;2;0;0;0m██    ██████████[38;2;86;128;6m██████████[38;2;117;159;37m██[38;2;0;0;0m██            
                ████[38;2;117;159;37m██[38;2;213;213;213m██[38;2;0;0;0m████                ██[38;2;180;222;100m████[38;2;117;159;37m██████[38;2;0;0;0m██            
                    ████                  ██[38;2;255;255;255m██[38;2;86;128;6m██[38;2;117;159;37m██[38;2;65;65;65m██[38;2;255;255;255m██[38;2;0;0;0m██              
                                            ██████████                
[0m