                      [38;2;8;7;0m████████[38;2;0;0;0m██████                      
                  ████[38;2;172;168;163m██[38;2;255;250;246m████[38;2;172;168;163m██[38;2;242;184;145m██████[38;2;0;0;0m████                  
                ██[38;2;242;184;145m████[38;2;255;255;255m████[38;2;241;176;136m████████████[38;2;242;184;145m██[38;2;0;0;0m██                
              ██[38;2;205;156;102m██[38;2;242;184;145m██[38;2;206;154;99m██[38;2;241;177;133m██[38;2;213;152;99m██[38;2;241;176;136m████████████[38;2;242;184;145m████[38;2;0;0;0m██              
              [38;2;4;8;0m██[38;2;248;218;199m██[38;2;207;154;101m██[38;2;254;250;248m██[38;2;207;154;101m██[38;2;254;250;248m██[38;2;206;154;99m██[38;2;242;184;145m██[38;2;209;152;100m██[38;2;242;187;148m██[38;2;209;152;100m██[38;2;242;187;148m██[38;2;209;152;100m██[38;2;242;187;148m██[38;2;0;0;0m██              
            ██[38;2;248;218;199m██[38;2;185;135;102m██[38;2;254;250;248m██████[38;2;207;154;101m██[38;2;242;184;145m██[38;2;206;154;99m██[38;2;252;239;232m██[38;2;209;152;100m██[38;2;252;239;232m██[38;2;209;152;100m██[38;2;252;239;232m██[38;2;209;152;100m██[38;2;242;184;145m██[38;2;0;0;0m██            
            ██[38;2;242;184;145m████[38;2;207;154;101m██[38;2;254;250;248m██[38;2;209;152;100m██[38;2;242;187;148m██[38;2;242;184;145m████[38;2;203;155;102m██[38;2;254;249;245m██[38;2;254;250;248m████[38;2;206;154;99m██[38;2;242;184;145m████[38;2;0;0;0m██            
    ██████  ██[38;2;242;184;145m██[38;2;206;154;99m██[38;2;254;250;248m████[38;2;252;239;232m██[38;2;209;152;100m██[38;2;240;188;127m████[38;2;232;178;129m██[38;2;203;155;102m██[38;2;254;250;248m██[38;2;207;154;101m██[38;2;242;184;145m██████[38;2;0;0;0m██  ██████    
  [38;2;0;4;8m██[38;2;191;154;62m██[38;2;255;223;78m██[38;2;224;172;74m██[38;2;0;0;0m██[38;2;84;83;75m██[38;2;74;75;56m██[38;2;253;244;239m██[38;2;203;155;102m██[38;2;254;249;245m██[38;2;203;155;102m██[38;2;254;249;245m██[38;2;209;157;104m██[38;2;240;186;124m██[38;2;207;154;101m██[38;2;254;250;248m██████[38;2;209;152;100m██[38;2;242;187;148m██[38;2;64;65;64m████[38;2;4;8;0m██[38;2;197;154;102m██[38;2;255;233;140m██[38;2;216;170;80m██[38;2;0;0;0m██  
  [38;2;0;4;8m██[38;2;255;236;163m██[38;2;224;172;74m██[38;2;255;243;225m██[38;2;255;252;247m████[38;2;74;75;56m██[38;2;187;142;109m██[38;2;232;178;129m██[38;2;203;155;102m██[38;2;232;178;129m██[38;2;203;155;102m██[38;2;240;186;124m██[38;2;209;157;104m██[38;2;254;250;248m██[38;2;207;154;101m██[38;2;254;250;248m██[38;2;207;154;101m██[38;2;252;239;232m██[38;2;209;152;100m██[38;2;64;65;64m██[38;2;255;252;247m██[38;2;255;248;235m████[38;2;216;170;80m██[38;2;255;233;140m██[38;2;0;0;0m██  
██[38;2;255;232;169m██[38;2;217;170;75m██[38;2;255;252;247m██[38;2;255;245;200m████[38;2;255;252;247m████[38;2;64;65;64m██[38;2;248;220;193m██[38;2;243;199;149m██[38;2;240;188;127m████████[38;2;209;157;104m██[38;2;240;186;124m██[38;2;225;159;91m██[38;2;241;180;132m██[38;2;172;155;127m██[38;2;78;75;52m██[38;2;255;248;235m████[38;2;255;245;200m████[38;2;255;252;247m██[38;2;217;172;80m██[38;2;255;233;140m██[38;2;0;0;0m██
██[38;2;255;224;109m██[38;2;217;170;75m██[38;2;255;252;247m████████████[38;2;255;248;235m████[38;2;249;229;206m██[38;2;240;188;127m██████[38;2;240;186;124m████[38;2;246;211;182m██[38;2;255;250;241m██[38;2;255;248;235m████████[38;2;255;252;247m██████[38;2;217;172;80m██[38;2;255;233;140m██[38;2;0;0;0m██
██[38;2;191;154;62m██[38;2;255;236;163m██[38;2;224;172;74m██[38;2;255;243;225m██[38;2;255;252;247m████[38;2;217;170;75m████[38;2;224;172;74m██[38;2;255;243;225m██[38;2;255;252;247m████[38;2;255;248;235m████████[38;2;255;252;247m████[38;2;217;170;75m████[38;2;224;172;74m██[38;2;255;243;225m██[38;2;255;252;247m████[38;2;195;140;55m██[38;2;255;236;161m██[38;2;215;172;83m██[38;2;0;0;0m██
  [38;2;0;4;8m████[38;2;255;223;78m██[38;2;224;172;74m██[38;2;255;252;247m██[38;2;217;172;80m██[38;2;255;224;109m██[38;2;255;232;169m██[38;2;255;223;78m██[38;2;224;172;74m██[38;2;217;172;80m██[38;2;255;252;247m██[38;2;255;248;235m████████[38;2;217;172;80m████[38;2;255;232;169m██[38;2;255;224;109m██[38;2;255;223;78m██[38;2;224;172;74m██[38;2;255;252;247m██[38;2;217;172;80m██[38;2;255;236;161m██[38;2;4;8;6m██[38;2;0;0;0m██  
      ██[38;2;255;233;140m██[38;2;216;170;80m██[38;2;255;233;140m██[38;2;252;223;32m██[38;2;61;63;53m██[38;2;250;213;14m██[38;2;255;237;163m██[38;2;255;233;140m██[38;2;216;170;80m██[38;2;255;252;247m████[38;2;255;243;225m██[38;2;224;172;74m██[38;2;255;233;140m████[38;2;219;173;79m██[38;2;64;65;64m██[38;2;218;165;74m██[38;2;255;239;172m██[38;2;195;140;55m██[38;2;255;236;161m██[38;2;0;0;0m██      
        ██[38;2;255;233;140m██[38;2;216;170;80m██[38;2;1;1;12m██[38;2;61;63;53m██[38;2;64;65;64m████[38;2;255;233;140m████[38;2;217;172;80m████[38;2;224;172;74m██[38;2;255;223;78m██[38;2;255;233;140m██[38;2;64;65;64m██████[38;2;59;73;74m██[38;2;218;165;74m██[38;2;255;236;161m██[38;2;4;8;6m██        
          [38;2;0;0;0m████  ██[38;2;252;196;182m████[38;2;64;65;64m████[38;2;255;233;140m██████[38;2;64;65;64m████[38;2;252;196;182m██████[38;2;64;65;64m██[38;2;0;0;0m████          
                ██[38;2;252;196;182m████[38;2;64;65;64m██[38;2;140;107;66m██[38;2;64;65;64m████████[38;2;252;196;182m████[38;2;64;65;64m██[38;2;252;196;182m██[38;2;0;0;0m██              
              [38;2;0;0;8m██[38;2;189;123;121m██[38;2;254;227;231m████[38;2;60;65;55m██[38;2;147;109;85m██[38;2;141;111;67m████[38;2;64;65;64m██[38;2;254;231;231m██[38;2;253;206;199m████[38;2;64;65;64m██[38;2;252;196;182m██[38;2;0;0;0m██              
              [38;2;0;0;8m██[38;2;63;47;45m██[38;2;254;227;231m████[38;2;254;226;223m██[38;2;60;65;55m██[38;2;212;163;96m████[38;2;64;65;64m██[38;2;254;231;231m██[38;2;253;206;199m██[38;2;64;65;64m██[38;2;252;196;182m████[38;2;0;0;0m██              
              [38;2;8;7;0m██[38;2;252;192;182m██[38;2;64;65;64m██[38;2;253;213;206m██[38;2;238;193;170m██[38;2;64;65;64m██[38;2;198;153;99m██[38;2;64;65;64m██[38;2;254;231;231m████[38;2;253;213;206m██[38;2;64;65;64m██[38;2;252;196;182m██████[38;2;0;0;0m██            
            ██[38;2;172;126;119m██[38;2;252;192;182m██[38;2;253;213;206m██[38;2;64;65;64m████[38;2;255;190;150m██[38;2;255;201;135m██[38;2;64;65;64m██[38;2;252;196;182m██[38;2;254;231;231m██[38;2;64;65;64m██[38;2;253;213;206m██[38;2;252;196;182m██[38;2;64;65;64m██[38;2;252;196;182m██[38;2;0;0;0m██            
          ██[38;2;252;196;182m██[38;2;64;65;64m██[38;2;252;196;182m████[38;2;64;65;64m██[38;2;255;198;171m██[38;2;255;192;146m██████[38;2;64;65;64m████[38;2;252;196;182m██████[38;2;64;65;64m██[38;2;252;196;182m██[38;2;254;231;231m██[38;2;0;0;0m██          
        ██[38;2;252;196;182m██████[38;2;64;65;64m████[38;2;252;196;182m████████[38;2;255;198;171m████[38;2;64;65;64m██[38;2;252;196;182m████[38;2;64;65;64m██[38;2;252;196;182m██[38;2;254;231;231m██████[38;2;0;0;0m██        
      ██[38;2;253;213;206m██[38;2;252;195;181m████[38;2;252;196;182m██[38;2;0;0;0m██[38;2;172;126;119m██[38;2;252;192;182m██[38;2;252;196;182m██[38;2;189;121;118m██[38;2;252;196;182m██[38;2;189;121;118m██[38;2;252;196;182m████[38;2;64;65;64m████[38;2;252;196;182m██[38;2;189;121;118m██[38;2;254;231;231m██████[38;2;0;0;0m██        
      ██[38;2;253;213;206m██[38;2;254;231;231m██[38;2;252;195;181m██[38;2;0;0;0m██  [38;2;8;7;0m██[38;2;252;192;182m██[38;2;252;196;182m██[38;2;189;121;118m██[38;2;252;196;182m████[38;2;189;121;118m██[38;2;252;196;182m██[38;2;252;188;175m██[38;2;192;146;136m██[38;2;252;196;182m████[38;2;189;121;118m██[38;2;254;231;231m██████[38;2;0;0;0m██      
    ██[38;2;254;238;242m██[38;2;230;182;179m██[38;2;254;231;231m████[38;2;0;0;0m██  ██[38;2;252;196;182m████[38;2;0;0;0m██[38;2;252;196;182m████[38;2;64;65;64m██[38;2;252;196;182m██[38;2;252;192;182m██[38;2;172;126;119m██[38;2;252;196;182m████[38;2;189;127;121m██[38;2;254;223;223m██[38;2;252;196;182m██[38;2;254;235;230m██[38;2;0;0;0m██      
    ██[38;2;206;132;121m██[38;2;254;238;242m██[38;2;254;231;231m██[38;2;0;0;0m██      ████  ██[38;2;252;196;182m██[38;2;64;65;64m██[38;2;252;196;182m██[38;2;252;192;182m██[38;2;8;7;0m██[38;2;252;196;182m████[38;2;189;127;121m██[38;2;233;188;187m██[38;2;255;255;255m██[38;2;252;196;182m██[38;2;0;0;0m██      
      ██████              ██[38;2;252;196;182m██[38;2;65;61;56m██[38;2;252;184;175m██[38;2;0;0;0m██  ████[38;2;172;136;138m██[38;2;253;206;210m██[38;2;235;185;186m██[38;2;254;223;227m██[38;2;0;0;0m██      
                            ██[38;2;252;184;175m██[38;2;192;139;133m██[38;2;0;0;0m██      [38;2;4;8;0m██[38;2;172;136;138m██[38;2;254;223;227m██[38;2;198;119;113m██[38;2;0;0;0m██      
                              ████          ██████        
[0m