            [38;2;0;0;0m██████                
        ████[38;2;42;48;60m██[38;2;255;255;255m██[38;2;42;48;60m██[38;2;0;0;0m██              
      ██[38;2;87;87;101m██████[38;2;42;48;60m██[38;2;180;180;172m██[38;2;0;0;0m██              
    ██[38;2;87;87;101m██████[38;2;151;109;233m██[38;2;87;87;101m██[38;2;0;0;0m██                
    ██[38;2;68;68;73m██[38;2;87;87;101m██[38;2;68;68;73m██[38;2;255;255;255m██[38;2;68;68;73m████[38;2;0;0;0m████            
  ██[38;2;255;189;189m████[38;2;68;68;73m██[38;2;87;87;101m██[38;2;0;0;0m██[38;2;68;68;73m██[38;2;255;255;255m██[38;2;42;48;60m██[38;2;180;180;172m██[38;2;0;0;0m██          
██[38;2;255;189;189m████[38;2;42;48;60m████[38;2;87;87;101m██████[38;2;68;68;73m██[38;2;255;255;255m██[38;2;0;0;0m██            
██[38;2;255;189;189m██[38;2;42;48;60m██[38;2;87;87;101m██████████[38;2;191;50;52m██[38;2;87;87;101m██[38;2;0;0;0m██            
██[38;2;42;48;60m████[38;2;87;87;101m████████[38;2;191;50;52m██[38;2;87;87;101m██████[38;2;0;0;0m██          
  ██[38;2;68;68;73m██[38;2;42;48;60m██[38;2;87;87;101m██████[38;2;142;34;35m██[38;2;87;87;101m████[38;2;142;34;35m██[38;2;191;50;52m██[38;2;0;0;0m██        
  ██[38;2;68;68;73m██[38;2;42;48;60m██[38;2;87;87;101m██████[38;2;42;48;60m██[38;2;142;34;35m██[38;2;191;50;52m████[38;2;87;87;101m██[38;2;0;0;0m██████    
    ██[38;2;68;68;73m██[38;2;42;48;60m██[38;2;87;87;101m████[38;2;68;68;73m██[38;2;42;48;60m██[38;2;87;87;101m████[38;2;142;34;35m██[38;2;191;50;52m██[38;2;87;87;101m████[38;2;0;0;0m██  
      ████[38;2;42;48;60m██[38;2;68;68;73m██████[38;2;42;48;60m██[38;2;191;50;52m████[38;2;87;87;101m████[38;2;0;0;0m██    
          ██[38;2;42;48;60m████[38;2;68;68;73m████[38;2;42;48;60m████████[38;2;0;0;0m██    
        ████[38;2;197;139;139m██[38;2;42;48;60m████[38;2;197;139;139m██[38;2;68;68;73m████[38;2;142;34;35m██[38;2;87;87;101m██[38;2;191;50;52m██[38;2;0;0;0m██  
      ██[38;2;197;139;139m████[38;2;0;0;0m██[38;2;68;68;73m██[38;2;42;48;60m██[38;2;197;139;139m██[38;2;0;0;0m████[38;2;68;68;73m██[38;2;142;34;35m██[38;2;191;50;52m██[38;2;87;87;101m██[38;2;0;0;0m██
        ████  ██[38;2;255;189;189m██[38;2;0;0;0m██    ████[38;2;87;87;101m██[38;2;191;50;52m██[38;2;0;0;0m██
            ██[38;2;255;189;189m██[38;2;197;139;139m██[38;2;255;189;189m██[38;2;0;0;0m██      ████  
              ██████              
[0m