      [38;2;7;7;7m██████████                                                                            
      ██[38;2;248;248;248m████████[38;2;7;7;7m██████                                                                      
        ██[38;2;255;223;232m████████████[38;2;7;7;7m████                                                                  
        ██[38;2;255;223;232m████████████████[38;2;7;7;7m████                                                              
          ██[38;2;255;223;232m██████████████████[38;2;7;7;7m██        ██████                                              
          ██[38;2;255;223;232m████████████████████[38;2;7;7;7m██  ████[38;2;197;153;166m████[38;2;7;7;7m██                                              
        ██[38;2;255;223;232m██[38;2;132;132;104m██████████[38;2;255;223;232m██████████[38;2;232;234;235m██[38;2;7;7;7m██[38;2;197;153;166m████████[38;2;7;7;7m██                                              
      ██[38;2;255;223;232m██████████████[38;2;132;132;104m████[38;2;255;223;232m██████[38;2;232;234;235m██[38;2;1;6;8m██[38;2;197;153;166m████[38;2;132;132;104m██[38;2;7;7;7m██                                                
      ██[38;2;197;153;166m████████[38;2;66;66;66m██████[38;2;255;223;232m████[38;2;66;66;66m██[38;2;132;132;104m████[38;2;255;223;232m██[38;2;197;153;166m██[38;2;1;6;8m██[38;2;123;119;118m██[38;2;197;153;166m██[38;2;7;7;7m██                ██████████                      
        ██[38;2;197;153;166m██[38;2;132;40;53m██[38;2;66;66;66m██[38;2;255;97;58m██[38;2;7;7;7m██[38;2;255;97;58m██[38;2;66;66;66m████[38;2;255;223;232m██[38;2;66;66;66m██[38;2;255;223;232m██[38;2;66;66;66m██[38;2;197;153;166m██[38;2;7;7;7m██[38;2;66;66;66m██[38;2;7;7;7m██        ██████████[38;2;248;248;248m████████[38;2;7;7;7m██                      
████    ██[38;2;197;153;166m██[38;2;132;40;53m████[38;2;66;66;66m██[38;2;255;97;58m██[38;2;66;66;66m██[38;2;255;223;232m██[38;2;66;66;66m██[38;2;255;223;232m████[38;2;66;66;66m██[38;2;197;153;166m██████[38;2;7;7;7m██  ████████[38;2;123;119;118m██[38;2;255;223;232m████[38;2;248;248;248m██[38;2;255;223;232m██[38;2;248;248;248m██████[38;2;7;7;7m██                        
██[38;2;197;153;166m██[38;2;7;7;7m████  ██[38;2;228;113;161m██████[38;2;66;66;66m██[38;2;255;223;232m██[38;2;66;66;66m██[38;2;255;223;232m████[38;2;66;66;66m████[38;2;228;113;161m██[38;2;197;153;166m████[38;2;7;7;7m████[38;2;255;223;232m██████[38;2;123;119;118m██[38;2;255;223;232m████[38;2;248;248;248m██[38;2;255;223;232m██[38;2;248;248;248m████████[38;2;7;7;7m██                        
  ██[38;2;197;153;166m██[38;2;7;7;7m██  ██[38;2;66;66;66m██[38;2;164;71;79m██████[38;2;66;66;66m██[38;2;255;223;232m██████[38;2;66;66;66m██[38;2;197;153;166m██[38;2;228;113;161m████[38;2;7;7;7m██[38;2;66;66;66m██████[38;2;123;119;118m████[38;2;255;223;232m████████[38;2;248;248;248m██[38;2;123;119;118m██████[38;2;7;7;7m██                          
  ██[38;2;197;153;166m████[38;2;7;7;7m██[38;2;66;66;66m████████[38;2;255;223;232m████████[38;2;66;66;66m██[38;2;197;153;166m██████[38;2;7;7;7m██[38;2;255;138;99m████[38;2;228;113;161m████[38;2;66;66;66m██[38;2;255;223;232m██[38;2;66;66;66m██[38;2;123;119;118m████████[38;2;248;248;248m████[38;2;7;7;7m██                ██          
    ██[38;2;197;153;166m████[38;2;255;223;232m████████████[38;2;66;66;66m████[38;2;197;153;166m██████[38;2;66;66;66m██[38;2;228;113;161m████[38;2;255;186;165m████[38;2;228;113;161m████[38;2;66;66;66m██[38;2;255;223;232m████████[38;2;248;248;248m██[38;2;123;119;118m██[38;2;7;7;7m██                ██[38;2;255;223;232m██[38;2;7;7;7m██        
      ████[38;2;197;153;166m██[38;2;255;223;232m████[38;2;66;66;66m██████[38;2;197;153;166m████████[38;2;164;71;79m██[38;2;66;66;66m██[38;2;228;113;161m██████[38;2;255;138;99m██[38;2;255;186;165m██[38;2;228;113;161m██[38;2;255;138;99m██[38;2;66;66;66m██[38;2;123;119;118m████████[38;2;248;248;248m██[38;2;7;7;7m██                ██[38;2;255;223;232m██[38;2;7;7;7m██        
          ██████[38;2;197;153;166m██[38;2;164;71;79m██[38;2;66;66;66m████[38;2;197;153;166m██████[38;2;66;66;66m██[38;2;255;138;99m██[38;2;255;186;165m██[38;2;228;113;161m██[38;2;255;138;99m██[38;2;255;186;165m████[38;2;255;138;99m████[38;2;66;66;66m██[38;2;255;223;232m██████[38;2;66;66;66m██[38;2;7;7;7m██                  ██[38;2;255;223;232m██[38;2;197;153;166m██[38;2;7;7;7m██      
              ██[38;2;197;153;166m██[38;2;66;66;66m██[38;2;132;132;104m████[38;2;66;66;66m██[38;2;197;153;166m██[38;2;164;71;79m██[38;2;66;66;66m██[38;2;255;138;99m██[38;2;255;186;165m████████████[38;2;228;113;161m████[38;2;66;66;66m██████[38;2;7;7;7m██                  ██[38;2;197;153;166m██[38;2;255;223;232m██[38;2;197;153;166m██[38;2;7;7;7m██      
            ██[38;2;164;71;79m██[38;2;66;66;66m██[38;2;132;132;104m██████[38;2;66;66;66m██[38;2;164;71;79m████[38;2;66;66;66m████[38;2;255;138;99m██[38;2;228;113;161m██[38;2;255;138;99m██[38;2;255;186;165m████[38;2;255;138;99m██[38;2;228;113;161m████[38;2;7;7;7m████[38;2;228;113;161m████[38;2;7;7;7m██            ██  ██[38;2;255;223;232m████[38;2;66;66;66m██[38;2;255;223;232m██[38;2;7;7;7m██    
            ██[38;2;164;71;79m██[38;2;66;66;66m██[38;2;132;132;104m████[38;2;66;66;66m████[38;2;164;71;79m██[38;2;66;66;66m██[38;2;255;223;232m██[38;2;66;66;66m██[38;2;228;113;161m██████[38;2;255;138;99m██[38;2;255;186;165m██[38;2;228;113;161m██[38;2;255;138;99m██[38;2;7;7;7m██    ██[38;2;228;113;161m██[38;2;164;71;79m██[38;2;7;7;7m██        ██[38;2;197;153;166m██[38;2;7;7;7m██[38;2;255;223;232m████[38;2;197;153;166m██[38;2;66;66;66m██[38;2;255;223;232m██[38;2;7;7;7m██    
            ██[38;2;164;71;79m████[38;2;66;66;66m██[38;2;132;132;104m██[38;2;66;66;66m██[38;2;255;223;232m██[38;2;66;66;66m██[38;2;255;223;232m██[38;2;132;132;104m██[38;2;255;223;232m██[38;2;66;66;66m██[38;2;228;113;161m████[38;2;255;186;165m██[38;2;228;113;161m████[38;2;255;138;99m██[38;2;7;7;7m██  ██[38;2;66;66;66m████[38;2;228;113;161m██[38;2;7;7;7m██        ██[38;2;197;153;166m██[38;2;132;132;104m██[38;2;255;223;232m██[38;2;197;153;166m██[38;2;66;66;66m██[38;2;255;223;232m████[38;2;197;153;166m██[38;2;7;7;7m██  
              ██[38;2;197;153;166m██[38;2;164;71;79m██[38;2;66;66;66m██[38;2;255;223;232m██[38;2;132;132;104m██[38;2;255;223;232m██[38;2;132;132;104m██[38;2;255;223;232m██[38;2;197;153;166m██[38;2;66;66;66m████[38;2;255;138;99m████[38;2;228;113;161m██[38;2;66;66;66m████[38;2;7;7;7m████[38;2;255;223;232m████[38;2;66;66;66m██[38;2;228;113;161m████[38;2;7;7;7m████  ██[38;2;132;132;104m████[38;2;197;153;166m████[38;2;66;66;66m████[38;2;255;223;232m██[38;2;197;153;166m████[38;2;66;66;66m██[38;2;7;7;7m██
              ████[38;2;197;153;166m██[38;2;66;66;66m██[38;2;197;153;166m██[38;2;132;132;104m██[38;2;255;223;232m██[38;2;132;132;104m██[38;2;66;66;66m████[38;2;255;223;232m████[38;2;66;66;66m██████[38;2;164;71;79m██[38;2;228;113;161m██[38;2;66;66;66m████[38;2;255;223;232m████[38;2;197;153;166m██[38;2;66;66;66m██[38;2;228;113;161m██[38;2;164;71;79m██[38;2;66;66;66m██[38;2;7;7;7m██[38;2;132;132;104m██[38;2;197;153;166m████[38;2;66;66;66m████[38;2;255;223;232m████[38;2;197;153;166m████[38;2;66;66;66m██[38;2;255;223;232m██[38;2;7;7;7m██
                  ████[38;2;66;66;66m██[38;2;132;132;104m██[38;2;255;223;232m██[38;2;66;66;66m██[38;2;255;223;232m████[38;2;197;153;166m████[38;2;255;223;232m████████[38;2;164;71;79m██[38;2;228;113;161m██[38;2;66;66;66m██[38;2;197;153;166m██[38;2;255;223;232m████[38;2;66;66;66m██[38;2;228;113;161m██[38;2;164;71;79m██[38;2;255;223;232m██[38;2;66;66;66m██[38;2;197;153;166m██[38;2;66;66;66m████[38;2;255;223;232m██████[38;2;197;153;166m██[38;2;66;66;66m████[38;2;255;223;232m██[38;2;7;7;7m██  
                      ██[38;2;66;66;66m████[38;2;255;223;232m████[38;2;197;153;166m██[38;2;255;223;232m████████████[38;2;164;71;79m██[38;2;228;113;161m████[38;2;66;66;66m████[38;2;255;223;232m██[38;2;66;66;66m██[38;2;228;113;161m██[38;2;164;71;79m██[38;2;255;223;232m████[38;2;66;66;66m██[38;2;197;153;166m████[38;2;66;66;66m████████[38;2;255;223;232m████[38;2;197;153;166m██[38;2;7;7;7m██  
                      ██[38;2;255;223;232m████[38;2;197;153;166m████[38;2;255;223;232m████████████████[38;2;164;71;79m██[38;2;228;113;161m██[38;2;66;66;66m██[38;2;228;113;161m██[38;2;66;66;66m██[38;2;164;71;79m██[38;2;228;113;161m██[38;2;164;71;79m██[38;2;255;223;232m████[38;2;66;66;66m████[38;2;197;153;166m██████[38;2;255;223;232m██████[38;2;197;153;166m██[38;2;7;7;7m██    
                ████    ██[38;2;197;153;166m██[38;2;255;223;232m██████████████[38;2;66;66;66m████[38;2;255;223;232m██[38;2;164;71;79m██[38;2;228;113;161m██[38;2;66;66;66m██[38;2;228;113;161m████[38;2;164;71;79m██[38;2;228;113;161m██[38;2;164;71;79m██[38;2;255;223;232m██████[38;2;66;66;66m██[38;2;7;7;7m██[38;2;197;153;166m████████[38;2;7;7;7m████      
                ██[38;2;255;223;232m██[38;2;0;5;7m██[38;2;7;7;7m████[38;2;255;223;232m██████[38;2;228;113;161m██[38;2;66;66;66m████[38;2;255;223;232m██[38;2;66;66;66m██[38;2;255;223;232m██[38;2;66;66;66m██[38;2;255;223;232m██[38;2;66;66;66m██[38;2;228;113;161m██[38;2;66;66;66m██[38;2;164;71;79m██[38;2;66;66;66m██[38;2;164;71;79m██[38;2;228;113;161m██[38;2;164;71;79m██[38;2;255;223;232m██████[38;2;7;7;7m██  ████████          
                  [38;2;0;5;7m██[38;2;255;223;232m██[38;2;132;132;104m██[38;2;197;153;166m██[38;2;66;66;66m██[38;2;255;223;232m██[38;2;228;113;161m████[38;2;66;66;66m██[38;2;255;223;232m██[38;2;66;66;66m████[38;2;255;223;232m██[38;2;66;66;66m██[38;2;255;223;232m██[38;2;66;66;66m██[38;2;164;71;79m██[38;2;66;66;66m██[38;2;7;7;7m████[38;2;228;113;161m████[38;2;164;71;79m██[38;2;255;223;232m████[38;2;197;153;166m██[38;2;7;7;7m██                    
                  [38;2;0;5;7m██[38;2;255;223;232m████[38;2;197;153;166m██[38;2;66;66;66m██[38;2;197;153;166m████[38;2;228;113;161m██[38;2;66;66;66m██[38;2;255;223;232m██[38;2;132;132;104m██[38;2;255;223;232m████[38;2;66;66;66m████[38;2;164;71;79m████[38;2;7;7;7m██  ██[38;2;228;113;161m██[38;2;164;71;79m██[38;2;197;153;166m██████████[38;2;7;7;7m██                  
                    [38;2;0;5;7m██[38;2;132;132;104m██[38;2;197;153;166m████[38;2;66;66;66m██[38;2;197;153;166m██[38;2;164;71;79m████[38;2;66;66;66m██[38;2;255;223;232m██████[38;2;66;66;66m████[38;2;164;71;79m██[38;2;7;7;7m██  ██[38;2;228;113;161m████[38;2;7;7;7m████[38;2;197;153;166m████[38;2;65;65;65m██[38;2;197;153;166m██[38;2;7;7;7m██                  
                    [38;2;0;5;7m██[38;2;197;153;166m████████[38;2;66;66;66m██[38;2;197;153;166m██[38;2;164;71;79m██[38;2;66;66;66m██[38;2;255;223;232m██[38;2;132;132;104m██[38;2;255;223;232m██[38;2;66;66;66m██[38;2;164;71;79m██[38;2;66;66;66m██[38;2;7;7;7m████[38;2;228;113;161m██[38;2;164;71;79m██[38;2;7;7;7m██    ██[38;2;65;65;65m██[38;2;197;153;166m██[38;2;255;223;232m██[38;2;7;7;7m██                  
                      ██[38;2;197;153;166m██████[38;2;66;66;66m██[38;2;7;7;7m████[38;2;164;71;79m██[38;2;66;66;66m██[38;2;197;153;166m██[38;2;132;132;104m██[38;2;197;153;166m██[38;2;66;66;66m██[38;2;197;153;166m██[38;2;66;66;66m██[38;2;164;71;79m████[38;2;7;7;7m██        [38;2;65;65;65m██[38;2;197;153;166m████[38;2;255;223;232m██[38;2;7;7;7m██                
                      ██[38;2;197;153;166m██[38;2;255;223;232m██[38;2;197;153;166m██[38;2;7;7;7m██    ██[38;2;66;66;66m██[38;2;197;153;166m██[38;2;132;132;104m██[38;2;197;153;166m██[38;2;66;66;66m██[38;2;197;153;166m██[38;2;66;66;66m██[38;2;7;7;7m████            [38;2;65;65;65m██[38;2;255;223;232m██[38;2;197;153;166m██[38;2;7;7;7m██                
                      ██[38;2;255;223;232m██[38;2;197;153;166m██[38;2;7;7;7m██        ██[38;2;197;153;166m██████████[38;2;7;7;7m██              [38;2;65;65;65m██[38;2;197;153;166m██[38;2;132;132;104m██[38;2;255;223;232m██[38;2;248;248;248m██[38;2;7;7;7m██              
                      ██[38;2;255;223;232m████[38;2;7;7;7m██          ██[38;2;197;153;166m██████[38;2;7;7;7m██                [38;2;65;65;65m██[38;2;255;223;232m██[38;2;132;132;104m██[38;2;248;248;248m██████[38;2;7;7;7m██            
                    ██[38;2;197;153;166m██[38;2;248;248;248m██[38;2;255;223;232m██[38;2;7;7;7m██          ██[38;2;197;153;166m██[38;2;255;223;232m██[38;2;197;153;166m██[38;2;7;7;7m██              [38;2;65;65;65m██[38;2;248;248;248m██[38;2;132;132;104m██[38;2;248;248;248m████[38;2;7;7;7m██[38;2;248;248;248m██[38;2;7;7;7m██            
                    ██[38;2;255;223;232m██[38;2;248;248;248m████[38;2;255;223;232m██[38;2;7;7;7m██          ██[38;2;255;223;232m██[38;2;197;153;166m██[38;2;7;7;7m██              ████[38;2;132;132;104m██[38;2;248;248;248m██[38;2;7;7;7m██  ██              
                  ██[38;2;248;248;248m██████████[38;2;7;7;7m██          ██[38;2;255;223;232m████[38;2;7;7;7m██                  ██████                  
                    ██████████          ██[38;2;197;153;166m██[38;2;248;248;248m██[38;2;255;223;232m██[38;2;7;7;7m██                                          
                                        ██[38;2;255;223;232m██[38;2;248;248;248m████[38;2;255;223;232m██[38;2;7;7;7m██                                        
                                      ██[38;2;248;248;248m██████████[38;2;7;7;7m██                                        
                                        ██████████                                          
[0m