                    [38;2;0;0;0m██████                  
                  ██[38;2;255;115;155m████[38;2;247;214;74m██[38;2;0;0;0m██                
                ██[38;2;189;165;66m██[38;2;247;214;74m██[38;2;255;115;155m██████[38;2;0;0;0m██              
                ██[38;2;158;64;85m██[38;2;201;86;103m████[38;2;189;165;66m██[38;2;158;64;85m██[38;2;0;0;0m██              
                ██[38;2;65;65;65m██[38;2;158;64;85m██████[38;2;65;65;65m██[38;2;0;0;0m████  ██████    
                  ██[38;2;65;65;65m██[38;2;189;165;66m██[38;2;65;65;65m██[38;2;255;111;33m██████[38;2;0;0;0m██[38;2;255;115;155m██[38;2;247;214;74m██[38;2;189;165;66m██[38;2;0;0;0m██  
              ██████[38;2;255;111;33m████[38;2;208;87;70m████[38;2;255;111;33m██[38;2;65;65;65m██[38;2;255;115;155m██████[38;2;247;214;74m██[38;2;189;165;66m██[38;2;0;0;0m██
          ████[38;2;208;87;70m██[38;2;255;111;33m████[38;2;65;65;65m████[38;2;255;111;33m████[38;2;208;87;70m██[38;2;65;65;65m██[38;2;189;165;66m████[38;2;201;86;103m████[38;2;158;64;85m██[38;2;0;0;0m██
        ████[38;2;255;255;255m██[38;2;208;87;70m██[38;2;255;111;33m████████[38;2;65;65;65m██[38;2;255;111;33m████[38;2;208;87;70m██[38;2;65;65;65m██[38;2;158;64;85m██████[38;2;65;65;65m██[38;2;0;0;0m██
    ████[38;2;65;65;65m██[38;2;189;189;189m██[38;2;208;87;70m██[38;2;255;111;33m██████[38;2;208;87;70m██[38;2;189;189;189m████[38;2;65;65;65m██[38;2;208;87;70m██[38;2;255;111;33m██[38;2;208;87;70m██[38;2;65;65;65m████[38;2;0;0;0m████  
  ██[38;2;208;87;70m████[38;2;65;65;65m██[38;2;208;87;70m████[38;2;184;62;46m████[38;2;208;87;70m██[38;2;189;189;189m██[38;2;255;255;255m██[38;2;0;0;0m██[38;2;255;255;255m██[38;2;65;65;65m██[38;2;208;87;70m██[38;2;65;65;65m██[38;2;208;87;70m██[38;2;65;65;65m██[38;2;0;0;0m██    
██[38;2;208;87;70m████████[38;2;65;65;65m██[38;2;184;62;46m██[38;2;255;111;33m████[38;2;184;62;46m██[38;2;189;189;189m██[38;2;0;0;0m████[38;2;255;255;255m██[38;2;65;65;65m████[38;2;255;111;33m██[38;2;65;65;65m████[38;2;184;62;46m██[38;2;0;0;0m██  
██[38;2;65;65;65m██[38;2;208;87;70m████[38;2;0;0;0m████[38;2;255;255;255m██[38;2;65;65;65m██████[38;2;184;62;46m██[38;2;255;255;255m████[38;2;65;65;65m██[38;2;255;111;33m████[38;2;208;87;70m██[38;2;65;65;65m██[38;2;208;87;70m██[38;2;65;65;65m██[38;2;184;62;46m██[38;2;0;0;0m██
██[38;2;208;87;70m██[38;2;65;65;65m██[38;2;0;0;0m██    ████[38;2;65;65;65m██[38;2;255;255;255m██[38;2;208;87;70m██[38;2;184;62;46m██[38;2;65;65;65m██[38;2;255;111;33m████[38;2;208;87;70m████[38;2;65;65;65m██[38;2;184;62;46m██[38;2;208;87;70m██[38;2;0;0;0m████
██[38;2;208;87;70m██[38;2;0;0;0m██          ██████[38;2;65;65;65m██[38;2;208;87;70m██[38;2;255;111;33m████[38;2;208;87;70m████[38;2;0;0;0m████[38;2;208;87;70m██[38;2;0;0;0m██  
  ██                  ██[38;2;255;111;33m████[38;2;208;87;70m████[38;2;0;0;0m██    ████  
                      ██[38;2;255;111;33m██[38;2;65;65;65m████[38;2;208;87;70m██[38;2;0;0;0m██          
                      ██[38;2;65;65;65m██[38;2;208;87;70m██[38;2;65;65;65m██[38;2;0;0;0m██            
                        ██[38;2;208;87;70m██[38;2;0;0;0m██              
                        ████                
[0m