            [38;2;0;0;0m████                ████      
          ██[38;2;65;65;65m██[38;2;0;0;0m██              ██[38;2;65;65;65m████[38;2;0;0;0m██    
          ██[38;2;65;65;65m██[38;2;0;0;0m██              ██[38;2;65;65;65m████[38;2;0;0;0m████  
        ██[38;2;214;127;19m████[38;2;0;0;0m██        ██████[38;2;214;127;19m██[38;2;65;65;65m████████[38;2;0;0;0m██
        ██[38;2;214;127;19m██[38;2;162;113;57m██[38;2;0;0;0m██    ████[38;2;65;65;65m██████[38;2;214;127;19m██[38;2;65;65;65m████████[38;2;0;0;0m██
      ████[38;2;65;65;65m██[38;2;0;0;0m██    ██[38;2;253;180;19m████[38;2;65;65;65m████[38;2;214;127;19m████[38;2;65;65;65m████[38;2;214;127;19m██[38;2;0;0;0m██  
    ██[38;2;255;255;255m██[38;2;253;180;19m██[38;2;255;164;49m████[38;2;0;0;0m████[38;2;253;180;19m██████[38;2;65;65;65m██[38;2;214;127;19m██████████[38;2;0;0;0m██    
  ██[38;2;255;255;255m████████[38;2;255;164;49m████[38;2;162;113;57m██[38;2;253;180;19m████[38;2;65;65;65m██[38;2;214;127;19m██████████[38;2;0;0;0m██      
  ██[38;2;255;255;255m██[38;2;253;180;19m██[38;2;255;164;49m████[38;2;214;127;19m████[38;2;255;164;49m██[38;2;162;113;57m████[38;2;0;0;0m████[38;2;214;127;19m██████[38;2;0;0;0m██        
██[38;2;162;113;57m██[38;2;214;127;19m██[38;2;255;164;49m████[38;2;214;127;19m██[38;2;255;255;255m██[38;2;0;0;0m██[38;2;214;127;19m██[38;2;162;113;57m██[38;2;255;164;49m██[38;2;0;0;0m██  ██[38;2;214;127;19m██████[38;2;0;0;0m██      
██[38;2;253;180;19m██[38;2;162;113;57m██████[38;2;214;127;19m██[38;2;0;0;0m██[38;2;65;65;65m██[38;2;253;180;19m██[38;2;162;113;57m██[38;2;255;164;49m██[38;2;189;131;65m██[38;2;0;0;0m██  ██[38;2;214;127;19m████[38;2;0;0;0m██      
  ██[38;2;253;180;19m██████[38;2;162;113;57m██[38;2;253;180;19m██[38;2;246;98;82m████[38;2;255;164;49m██[38;2;162;113;57m██[38;2;65;65;65m████[38;2;0;0;0m██[38;2;214;127;19m████[38;2;0;0;0m██        
██[38;2;214;127;19m██[38;2;65;65;65m██[38;2;214;127;19m██[38;2;253;180;19m████[38;2;162;113;57m██[38;2;246;98;82m████[38;2;162;113;57m██[38;2;65;65;65m████[38;2;197;74;90m██[38;2;65;65;65m██[38;2;165;84;49m██[38;2;0;0;0m██          
  ██████[38;2;214;127;19m██████[38;2;162;113;57m██[38;2;65;65;65m██[38;2;253;180;19m████[38;2;65;65;65m████████[38;2;165;84;49m██[38;2;0;0;0m██        
        ██[38;2;246;98;82m████[38;2;65;65;65m██[38;2;253;180;19m████[38;2;65;65;65m██████[38;2;197;74;90m██[38;2;65;65;65m██[38;2;0;0;0m██          
        ██[38;2;65;65;65m██████████████[38;2;205;205;205m██[38;2;65;65;65m██[38;2;0;0;0m██            
          ██[38;2;65;65;65m██[38;2;214;127;19m████[38;2;65;65;65m██[38;2;255;255;255m████[38;2;255;164;49m██[38;2;65;65;65m██[38;2;0;0;0m██            
            ██████[38;2;205;205;205m██[38;2;255;164;49m████[38;2;65;65;65m██[38;2;0;0;0m██              
                  ████[38;2;65;65;65m██[38;2;0;0;0m██                
                    ████                  
[0m