                              [38;2;0;0;0m██                                ██                          
                            ██[38;2;249;241;151m██[38;2;0;0;0m██                            ██[38;2;249;241;151m██[38;2;0;0;0m██                        
                            ██[38;2;249;241;151m██[38;2;0;0;0m██                            ██[38;2;249;241;151m████[38;2;0;0;0m██                      
                          ██[38;2;200;193;113m██[38;2;249;241;151m██[38;2;175;168;93m██[38;2;0;0;0m██                        ██[38;2;249;241;151m██[38;2;200;193;113m██[38;2;249;241;151m██[38;2;0;0;0m██                      
                          ██[38;2;200;193;113m██[38;2;249;241;151m██[38;2;250;246;194m██[38;2;91;86;28m██[38;2;0;0;0m██                        ██[38;2;150;144;74m██[38;2;249;241;151m████[38;2;0;0;0m██                    
                        ██[38;2;199;192;112m██[38;2;150;144;74m██[38;2;200;193;113m██[38;2;249;241;151m██[38;2;148;142;72m██[38;2;249;241;151m██[38;2;0;0;0m██                      ██[38;2;249;241;151m████[38;2;199;192;112m████[38;2;0;0;0m██                  
                          ██[38;2;200;193;113m████[38;2;249;241;151m████[38;2;0;0;0m██                        ██[38;2;249;241;151m████[38;2;199;192;112m██[38;2;0;0;0m██                    
                            ██[38;2;199;192;112m██[38;2;200;193;113m██[38;2;250;243;161m██[38;2;161;154;82m██[38;2;0;0;0m██                    ██[38;2;249;241;151m████[38;2;148;142;72m██[38;2;200;193;113m████[38;2;0;0;0m██                  
                            ██[38;2;199;192;112m██[38;2;200;193;113m██[38;2;149;143;73m██[38;2;236;229;141m██[38;2;161;154;82m██[38;2;0;0;0m██                  ██[38;2;249;241;151m██[38;2;148;142;72m██[38;2;249;241;151m██[38;2;150;144;74m██[38;2;200;193;113m██[38;2;0;0;0m██                  
                              ██[38;2;200;193;113m████[38;2;149;143;73m██[38;2;250;243;161m██[38;2;199;192;112m██[38;2;0;0;0m██    ████████  ██[38;2;249;241;151m██████[38;2;150;144;74m██[38;2;199;192;112m████[38;2;0;0;0m██                  
                            ██[38;2;199;192;112m██[38;2;150;144;74m██[38;2;200;193;113m██████[38;2;199;192;112m██[38;2;65;64;63m██[38;2;0;0;0m████[38;2;178;176;237m████████[38;2;0;0;0m██[38;2;65;64;65m██[38;2;249;241;151m██████[38;2;200;193;113m██[38;2;199;192;112m██[38;2;0;0;0m██          ██        
                              ████[38;2;199;192;112m██████[38;2;65;64;65m████[38;2;213;212;255m██████[38;2;178;176;237m██████[38;2;65;64;65m██[38;2;249;241;151m██████[38;2;200;193;113m████[38;2;203;196;115m██[38;2;0;4;8m██      [38;2;0;0;0m████[38;2;244;236;147m██[38;2;0;0;0m██  ██  
                                  ██[38;2;199;192;112m██[38;2;65;64;65m████[38;2;214;213;255m██[38;2;213;212;255m████████[38;2;178;176;237m████[38;2;65;64;65m██[38;2;249;241;151m██████[38;2;200;193;113m████[38;2;139;133;65m██[38;2;203;196;115m██[38;2;0;0;0m██  ██[38;2;250;246;194m██[38;2;82;79;79m██[38;2;164;159;159m██[38;2;137;135;196m██[38;2;0;0;0m██[38;2;250;246;194m██[38;2;0;0;0m██
                                    ██[38;2;68;60;52m██[38;2;178;176;237m████[38;2;213;212;255m██████[38;2;178;176;237m████████[38;2;65;64;65m██[38;2;250;244;176m██[38;2;196;189;110m██[38;2;199;192;112m████[38;2;65;64;65m██[38;2;0;0;0m██    [38;2;8;0;0m██[38;2;250;246;194m██[38;2;135;133;194m██[38;2;178;176;237m██[38;2;73;71;132m██[38;2;139;137;198m██[38;2;250;246;194m██[38;2;0;0;0m██
    ██████                          ██[38;2;181;179;240m██[38;2;178;176;237m██████████████[38;2;65;64;65m████[38;2;178;176;237m██[38;2;74;68;65m██[38;2;196;189;110m██[38;2;199;192;112m██[38;2;65;64;65m██[38;2;0;0;0m██      [38;2;8;0;0m██[38;2;131;127;127m██[38;2;178;176;237m████[38;2;173;171;232m██[38;2;139;137;198m██[38;2;0;0;0m██  
  ██[38;2;250;246;194m████[38;2;90;83;84m██[38;2;8;0;0m██[38;2;0;0;0m██                    ██[38;2;255;255;255m██[38;2;65;64;65m██[38;2;178;176;237m████████[38;2;187;185;246m██[38;2;124;122;183m██[38;2;135;133;194m██[38;2;255;255;255m██[38;2;135;133;194m██[38;2;178;176;237m████[38;2;65;64;65m██[38;2;76;67;63m██[38;2;0;0;0m██          ██[38;2;61;59;120m████[38;2;171;169;230m██[38;2;83;81;142m██[38;2;0;0;0m██  
██[38;2;226;219;133m██[38;2;89;87;148m████[38;2;90;83;84m██[38;2;250;245;180m██[38;2;155;153;214m██[38;2;0;0;0m██                  ██[38;2;255;255;255m██[38;2;65;64;65m██[38;2;0;0;0m██[38;2;178;176;237m██████[38;2;71;64;60m██[38;2;0;4;8m██[38;2;255;255;255m████[38;2;135;133;194m██[38;2;178;176;237m████[38;2;139;137;198m██[38;2;134;132;193m████[38;2;0;0;0m██          [38;2;8;4;16m██[38;2;181;179;240m██[38;2;83;81;142m██[38;2;0;0;0m██    
  ██████[38;2;107;105;166m██[38;2;70;68;129m██[38;2;103;101;162m██[38;2;65;64;65m██[38;2;0;0;0m██              [38;2;0;4;8m██[38;2;68;63;57m██[38;2;138;136;197m██[38;2;255;255;246m██[38;2;0;0;0m██[38;2;178;176;237m████[38;2;65;64;65m██[38;2;255;255;255m██[38;2;82;68;65m██[38;2;255;255;255m████[38;2;178;176;237m██████[38;2;135;133;194m██████[38;2;68;63;54m██[38;2;0;4;8m██        [38;2;0;0;0m██[38;2;178;176;237m████[38;2;0;0;0m██    
        ████[38;2;65;64;65m████[38;2;137;135;196m██[38;2;0;0;0m██          ██[38;2;181;179;240m██[38;2;68;63;57m██[38;2;175;173;234m████[38;2;178;176;237m████████[38;2;139;130;128m████[38;2;138;136;197m██[38;2;175;173;234m██[38;2;178;176;237m████[38;2;135;133;194m██████[38;2;65;64;65m██[38;2;180;178;239m████[38;2;0;0;0m██        ██[38;2;178;176;237m██[38;2;0;0;0m██    
            ██[38;2;137;135;196m██[38;2;136;134;195m████[38;2;0;0;0m████    ██[38;2;90;88;149m██[38;2;178;176;237m██[38;2;65;64;65m██[38;2;178;176;237m████[38;2;182;180;241m██[38;2;65;64;65m██████[38;2;178;176;237m████████████[38;2;136;134;195m████[38;2;65;64;65m██[38;2;178;176;237m██[38;2;213;212;255m██[38;2;178;176;237m██[38;2;171;169;230m██[38;2;0;0;0m██      ██[38;2;178;176;237m████[38;2;0;0;0m██  
              ████[38;2;136;134;195m██████[38;2;0;0;0m████[38;2;139;137;198m██[38;2;90;88;149m██[38;2;139;137;198m██[38;2;178;176;237m██[38;2;65;64;65m██[38;2;178;176;237m██[38;2;65;64;65m██[38;2;197;194;189m██[38;2;65;64;65m██[38;2;246;246;238m██[38;2;65;64;65m████[38;2;178;176;237m██████[38;2;135;133;194m██[38;2;136;134;195m████[38;2;65;64;65m██[38;2;178;176;237m██████[38;2;83;81;142m████[38;2;0;0;0m██    ██[38;2;178;176;237m██[38;2;135;133;194m██[38;2;0;0;0m██  
                  ████[38;2;137;135;196m██[38;2;134;132;193m██[38;2;76;67;63m██[38;2;137;135;196m██[38;2;0;0;0m████[38;2;137;135;196m██[38;2;68;63;57m██[38;2;181;179;240m██[38;2;65;64;65m████████████[38;2;65;60;57m██[38;2;177;175;236m██[38;2;135;133;194m██████[38;2;93;91;152m██[38;2;87;85;146m██[38;2;136;134;195m██[38;2;178;176;237m██[38;2;135;133;194m██[38;2;68;66;127m██[38;2;137;135;196m██[38;2;136;134;195m██[38;2;0;0;0m██[38;2;8;4;0m██[38;2;137;135;196m██[38;2;136;134;195m██[38;2;0;0;0m██    
                      ████████    ██[38;2;0;4;8m██[38;2;68;63;57m██[38;2;65;64;65m██[38;2;197;194;189m██[38;2;65;64;65m████[38;2;246;246;238m████[38;2;65;60;57m██[38;2;96;94;155m██[38;2;93;91;152m██████[38;2;135;133;194m██[38;2;136;134;195m██[38;2;74;64;57m██[38;2;135;133;194m████[38;2;137;135;196m██[38;2;8;4;0m██[38;2;0;0;0m██[38;2;136;134;195m██[38;2;68;66;127m██[38;2;137;135;196m██[38;2;136;134;195m██[38;2;0;0;0m██    
                                      ██[38;2;132;130;191m██[38;2;74;66;65m██[38;2;65;64;65m████████████[38;2;136;134;195m████████[38;2;135;133;194m████[38;2;74;66;65m████[38;2;0;0;0m██    ████████      
                                        ██[38;2;74;66;65m██[38;2;197;194;189m██[38;2;65;64;65m████[38;2;246;246;238m████[38;2;65;64;65m██[38;2;136;134;195m████████[38;2;93;91;152m████[38;2;132;130;191m██[38;2;0;0;0m██                    
                                      ██[38;2;65;64;65m██[38;2;135;133;194m██[38;2;65;64;65m██[38;2;90;88;149m██████[38;2;65;64;65m████[38;2;135;133;194m██[38;2;93;91;152m██████[38;2;137;135;196m██[38;2;75;73;134m██[38;2;67;65;126m██[38;2;0;0;0m██                    
                                    ██[38;2;137;135;196m██[38;2;135;133;194m██[38;2;65;64;65m██[38;2;90;88;149m██[38;2;65;64;65m████████[38;2;90;88;149m██[38;2;93;91;152m██[38;2;135;133;194m██████[38;2;75;73;134m██[38;2;137;135;196m██[38;2;139;137;198m██[38;2;0;0;0m██                    
                                  ██[38;2;135;133;194m██[38;2;178;176;237m██[38;2;137;135;196m████[38;2;65;60;65m██[38;2;134;132;193m██[38;2;136;134;195m████[38;2;135;133;194m████████[38;2;141;139;200m██[38;2;73;71;132m██[38;2;178;176;237m██████[38;2;135;133;194m██[38;2;0;0;0m██                  
                                  ██[38;2;135;133;194m████[38;2;137;135;196m██[38;2;75;73;134m██[38;2;82;80;141m██[38;2;65;60;65m██[38;2;0;0;0m██[38;2;136;134;195m██[38;2;135;133;194m██[38;2;93;91;152m██████[38;2;73;71;132m██[38;2;175;173;234m██[38;2;178;176;237m██[38;2;213;212;255m██[38;2;178;176;237m████[38;2;0;0;0m██                  
                                    ██[38;2;66;64;125m██[38;2;75;73;134m████[38;2;136;134;195m██[38;2;0;0;0m██  ████[38;2;137;135;196m██[38;2;136;134;195m████[38;2;86;84;145m████[38;2;178;176;237m██████[38;2;90;88;149m██[38;2;0;0;0m██                  
                                  ██[38;2;66;64;125m██[38;2;138;136;197m██[38;2;137;135;196m████[38;2;136;134;195m████[38;2;0;0;0m██    ████████[38;2;178;176;237m██[38;2;90;88;149m██████[38;2;178;176;237m██[38;2;0;0;0m██                  
                                ██[38;2;199;192;112m████[38;2;65;64;63m██[38;2;166;159;86m██[38;2;82;79;79m████[38;2;166;159;86m██[38;2;0;0;0m██            ██[38;2;178;176;237m████████[38;2;173;171;232m██[38;2;0;0;0m██                
                                  ████████[38;2;244;236;147m████[38;2;0;0;0m██              ██[38;2;75;73;134m██[38;2;178;176;237m████[38;2;75;73;134m██[38;2;84;82;143m██[38;2;0;0;0m██                
                                          ████              ██[38;2;250;246;194m████[38;2;0;0;0m████[38;2;250;246;194m████[38;2;0;0;0m██                
                                                              ████    ████                  
[0m