            [38;2;0;0;0m██████████            
          ██[38;2;82;90;164m██[38;2;90;111;230m██████[38;2;82;90;164m██[38;2;0;0;0m██          
  ████  ██[38;2;90;111;230m██████████████[38;2;0;0;0m██        
██[38;2;238;139;180m████[38;2;0;0;0m██[38;2;74;74;74m██[38;2;82;90;164m██[38;2;90;111;230m██████[38;2;255;255;255m██[38;2;90;111;230m████[38;2;82;90;164m██[38;2;0;0;0m██      
██[38;2;238;139;180m████[38;2;213;106;156m██[38;2;255;255;255m████[38;2;82;90;164m██[38;2;90;111;230m██[38;2;255;255;255m██[38;2;0;0;0m██[38;2;255;255;255m██[38;2;90;111;230m████[38;2;0;0;0m██      
  ██[38;2;213;106;156m██[38;2;255;255;255m████████[38;2;82;90;164m██[38;2;0;0;0m██[38;2;74;74;74m██[38;2;255;255;255m██[38;2;90;111;230m████[38;2;82;90;164m██[38;2;0;0;0m████  
    ██[38;2;255;255;255m██[38;2;74;74;74m████[38;2;255;255;255m██[38;2;82;90;164m██[38;2;255;255;255m████[38;2;197;197;197m██[38;2;90;111;230m██[38;2;82;90;164m██[38;2;90;111;230m████[38;2;82;90;164m██[38;2;0;0;0m██
      ██[38;2;255;255;255m████[38;2;82;90;164m██[38;2;90;111;230m████[38;2;197;197;197m██[38;2;90;111;230m██████[38;2;0;0;0m██[38;2;90;111;230m████[38;2;0;0;0m██
        ██[38;2;90;111;230m██████████████[38;2;0;0;0m██  ████  
          ██[38;2;74;74;74m██[38;2;90;111;230m████████[38;2;74;74;74m██[38;2;0;0;0m██        
      ████[38;2;240;216;213m██[38;2;201;171;165m██[38;2;74;74;74m████████[38;2;201;171;165m██[38;2;240;216;213m██[38;2;0;0;0m████    
    ██[38;2;240;216;213m████████████████████████[38;2;0;0;0m██  
      ██████[38;2;240;216;213m████[38;2;74;74;74m████[38;2;240;216;213m████[38;2;74;74;74m████[38;2;0;0;0m██    
            ██[38;2;74;74;74m██[38;2;82;90;164m████[38;2;74;74;74m████[38;2;82;90;164m██[38;2;0;0;0m██      
        ████[38;2;82;90;164m██████[38;2;90;111;230m████[38;2;74;74;74m██[38;2;82;90;164m████[38;2;0;0;0m████  
    ████[38;2;74;74;74m██[38;2;82;90;164m████[38;2;74;74;74m████[38;2;90;111;230m████[38;2;74;74;74m██[38;2;82;90;164m████[38;2;74;74;74m██[38;2;82;90;164m██[38;2;0;0;0m██
  ██[38;2;197;197;197m██[38;2;82;90;164m██████[38;2;74;74;74m████[38;2;90;111;230m████[38;2;74;74;74m██[38;2;82;90;164m██[38;2;0;0;0m████████  
    ██████[38;2;74;74;74m██[38;2;90;111;230m████████[38;2;0;0;0m████          
          ██[38;2;255;255;255m██[38;2;90;111;230m██[38;2;255;255;255m██[38;2;0;0;0m██              
            ██████                
[0m