          [38;2;0;0;0m██████                  
        ██[38;2;170;142;58m██[38;2;211;195;56m████[38;2;0;0;0m██  ██████        
        ██[38;2;211;195;56m██[38;2;170;142;58m██[38;2;17;169;213m████[38;2;0;0;0m██[38;2;255;242;74m██████[38;2;0;0;0m██      
      ██[38;2;211;195;56m██[38;2;170;142;58m██[38;2;17;169;213m██[38;2;156;243;247m██[38;2;170;142;58m██[38;2;255;242;74m████████[38;2;211;195;56m██[38;2;0;0;0m██    
      ██[38;2;211;195;56m██[38;2;170;142;58m██[38;2;156;243;247m██[38;2;170;142;58m██[38;2;255;242;74m████████[38;2;211;195;56m████[38;2;0;0;0m██    
      ██[38;2;211;195;56m██[38;2;170;142;58m████[38;2;255;242;74m████[38;2;170;142;58m██[38;2;65;65;65m████[38;2;211;195;56m████[38;2;0;0;0m██    
        ██[38;2;211;195;56m██[38;2;170;142;58m██[38;2;255;242;74m██[38;2;211;195;56m██[38;2;156;243;247m██[38;2;17;169;213m████[38;2;65;65;65m██[38;2;211;195;56m██[38;2;0;0;0m██    
        ██[38;2;12;127;153m██[38;2;255;242;74m██[38;2;211;195;56m██[38;2;0;0;0m██[38;2;255;255;255m██[38;2;156;243;247m██[38;2;17;169;213m████[38;2;0;0;0m██      
      ██[38;2;12;127;153m██[38;2;170;142;58m██[38;2;211;195;56m██[38;2;255;255;255m██[38;2;17;169;213m██[38;2;255;255;255m██[38;2;156;243;247m██[38;2;17;169;213m████[38;2;0;0;0m██      
    ██[38;2;65;65;65m██[38;2;170;142;58m██[38;2;255;242;74m████[38;2;170;142;58m██[38;2;156;243;247m████[38;2;17;169;213m██████[38;2;0;0;0m██      
  ██[38;2;12;127;153m████[38;2;65;65;65m██[38;2;170;142;58m████[38;2;17;169;213m██████████[38;2;65;65;65m██[38;2;0;0;0m██      
  ██[38;2;12;127;153m████[38;2;65;65;65m██[38;2;17;169;213m████████[38;2;65;65;65m██[38;2;17;169;213m████████[38;2;0;0;0m██    
██[38;2;123;200;206m████[38;2;65;65;65m██[38;2;255;255;255m██[38;2;12;127;153m██[38;2;17;169;213m██[38;2;123;200;206m██[38;2;12;127;153m██[38;2;65;65;65m██[38;2;17;169;213m██████████[38;2;0;0;0m██  
██████[38;2;65;65;65m██[38;2;255;255;255m██[38;2;12;127;153m██[38;2;123;200;206m██[38;2;255;255;255m██[38;2;123;200;206m██[38;2;12;127;153m██[38;2;65;65;65m██[38;2;17;169;213m████████[38;2;0;0;0m██  
      ██[38;2;123;200;206m██[38;2;156;243;247m██[38;2;123;200;206m██[38;2;255;255;255m██[38;2;123;200;206m██[38;2;156;243;247m██[38;2;65;65;65m██[38;2;123;200;206m██[38;2;17;169;213m████████[38;2;0;0;0m██
        ██[38;2;156;243;247m████[38;2;123;200;206m██[38;2;156;243;247m██████[38;2;65;65;65m██[38;2;123;200;206m██[38;2;156;243;247m██[38;2;17;169;213m████[38;2;0;0;0m██
        ██[38;2;65;65;65m██[38;2;123;200;206m██[38;2;255;255;255m██[38;2;123;200;206m██[38;2;156;243;247m██████[38;2;65;65;65m████[38;2;156;243;247m████[38;2;0;0;0m██
      ██[38;2;211;195;56m████[38;2;65;65;65m██[38;2;0;0;0m██[38;2;123;200;206m██████████[38;2;0;0;0m████████
        ██████  ██[38;2;123;200;206m██████[38;2;0;0;0m██        
                ██[38;2;211;195;56m██[38;2;170;142;58m██[38;2;211;195;56m██[38;2;0;0;0m██        
                ██[38;2;255;242;74m██[38;2;0;0;0m██[38;2;255;242;74m██[38;2;0;0;0m██        
                  ██  ██          
[0m