                  [38;2;0;0;0m██████████████                
                ██[38;2;65;65;65m██[38;2;201;65;72m██[38;2;245;98;80m██████[38;2;201;65;72m██[38;2;65;65;65m██[38;2;0;0;0m██              
                ██[38;2;245;98;80m██████████████[38;2;0;0;0m██              
              ██[38;2;65;65;65m██[38;2;168;57;65m██[38;2;245;98;80m██████████[38;2;168;57;65m██[38;2;65;65;65m██[38;2;0;0;0m██            
            ██[38;2;245;98;80m██[38;2;65;65;65m██[38;2;201;65;72m██[38;2;168;57;65m██████████[38;2;201;65;72m██[38;2;65;65;65m██[38;2;245;98;80m██[38;2;0;0;0m██          
            ██[38;2;245;98;80m████[38;2;168;57;65m██[38;2;201;65;72m██████████[38;2;168;57;65m██[38;2;245;98;80m████[38;2;0;0;0m██          
            ██[38;2;168;57;65m██[38;2;245;98;80m████[38;2;168;57;65m██████████[38;2;245;98;80m████[38;2;168;57;65m██[38;2;0;0;0m██          
            ██[38;2;201;65;72m██[38;2;168;57;65m████[38;2;245;98;80m██████████[38;2;168;57;65m████[38;2;201;65;72m██[38;2;0;0;0m██          
        ████[38;2;65;65;65m████[38;2;201;65;72m████[38;2;168;57;65m██████████[38;2;201;65;72m████[38;2;0;0;0m██            
      ██[38;2;248;229;129m████[38;2;65;65;65m████████[38;2;201;65;72m██████████[38;2;65;65;65m██████[38;2;0;0;0m██          
  ████[38;2;248;229;129m████[38;2;65;65;65m██[38;2;220;176;64m██[38;2;65;65;65m██[38;2;201;65;72m██[38;2;65;65;65m████[38;2;197;197;197m██[38;2;0;0;0m██[38;2;193;140;35m██[38;2;197;197;197m██[38;2;65;65;65m████[38;2;193;140;35m████[38;2;0;0;0m██        
██[38;2;220;176;64m██[38;2;166;108;14m██[38;2;248;229;129m████[38;2;65;65;65m████[38;2;201;65;72m██[38;2;245;98;80m████[38;2;65;65;65m████[38;2;255;255;255m████[38;2;65;65;65m██[38;2;193;140;35m██████[38;2;65;65;65m██[38;2;0;0;0m████      
██[38;2;220;176;64m██[38;2;166;108;14m██[38;2;248;229;129m██[38;2;65;65;65m██[38;2;220;176;64m██[38;2;65;65;65m██[38;2;201;65;72m██[38;2;245;98;80m████[38;2;65;65;65m██████[38;2;193;140;35m██[38;2;220;176;64m██[38;2;193;140;35m████[38;2;65;65;65m██[38;2;248;229;129m████[38;2;65;65;65m██[38;2;0;0;0m██    
  ██[38;2;220;176;64m██[38;2;248;229;129m██[38;2;65;65;65m████[38;2;201;65;72m██[38;2;245;98;80m████[38;2;65;65;65m██[38;2;201;65;72m██[38;2;65;65;65m████[38;2;220;176;64m████[38;2;193;140;35m████[38;2;65;65;65m██[38;2;248;229;129m██████[38;2;0;0;0m██    
    ██[38;2;65;65;65m████[38;2;245;98;80m██[38;2;201;65;72m██[38;2;245;98;80m████[38;2;65;65;65m██[38;2;201;65;72m██[38;2;65;65;65m██[38;2;193;140;35m██[38;2;220;176;64m████[38;2;193;140;35m██[38;2;65;65;65m██[38;2;248;229;129m██[38;2;0;0;0m██[38;2;248;229;129m██[38;2;193;140;35m██[38;2;220;176;64m██[38;2;0;0;0m██  
    ██[38;2;65;65;65m██[38;2;245;98;80m██[38;2;201;65;72m██[38;2;245;98;80m████[38;2;65;65;65m██[38;2;201;65;72m████[38;2;65;65;65m██[38;2;220;176;64m████████[38;2;65;65;65m██[38;2;248;229;129m██[38;2;0;0;0m██[38;2;248;229;129m██[38;2;166;108;14m██[38;2;220;176;64m██[38;2;166;108;14m██[38;2;0;0;0m██
      ██[38;2;245;98;80m██[38;2;201;65;72m██[38;2;245;98;80m████[38;2;65;65;65m██[38;2;201;65;72m██[38;2;65;65;65m██████[38;2;220;176;64m██████[38;2;65;65;65m██[38;2;248;229;129m████[38;2;166;108;14m██[38;2;220;176;64m██████[38;2;0;0;0m██
    ██[38;2;65;65;65m████[38;2;245;98;80m████[38;2;201;65;72m██████████[38;2;65;65;65m██[38;2;220;176;64m██████[38;2;193;140;35m██[38;2;65;65;65m██[38;2;248;229;129m████[38;2;0;0;0m██████  
    ██[38;2;65;65;65m████████[38;2;201;65;72m████████[38;2;65;65;65m██[38;2;220;176;64m████████[38;2;166;108;14m████[38;2;65;65;65m██[38;2;0;0;0m██        
      ██[38;2;65;65;65m██████████████████[38;2;166;108;14m██████████[38;2;0;0;0m██          
      ██[38;2;65;65;65m██[38;2;0;0;0m██[38;2;65;65;65m██████████████[38;2;193;140;35m██████[38;2;0;0;0m████            
        ██  ██[38;2;65;65;65m████[38;2;0;0;0m██[38;2;65;65;65m████[38;2;0;0;0m████████                
              ████  ████                        
[0m