        [38;2;0;0;0m████                                  
      ██[38;2;128;133;211m██[38;2;91;97;182m██[38;2;0;0;0m██                  ████          
      ██[38;2;128;133;211m██[38;2;91;97;182m██[38;2;128;133;211m██[38;2;0;0;0m██              ██[38;2;91;97;182m██[38;2;128;133;211m██[38;2;0;0;0m██        
    ██[38;2;91;97;182m██[38;2;128;133;211m████[38;2;91;97;182m██[38;2;0;0;0m██            ██[38;2;128;133;211m██[38;2;91;97;182m██[38;2;128;133;211m██[38;2;65;65;65m██[38;2;0;0;0m████    
    ██[38;2;128;133;211m██[38;2;91;97;182m██[38;2;128;133;211m████[38;2;198;133;215m██[38;2;0;0;0m██          ██[38;2;91;97;182m██[38;2;128;133;211m██[38;2;91;97;182m██[38;2;128;133;211m██[38;2;65;65;65m██[38;2;198;133;215m██[38;2;0;0;0m██  
    ██[38;2;128;133;211m██[38;2;255;123;148m██[38;2;128;133;211m██[38;2;198;133;215m████[38;2;155;90;172m██[38;2;0;0;0m██      ██[38;2;128;133;211m██████[38;2;91;97;182m██[38;2;128;133;211m██[38;2;65;65;65m██[38;2;155;90;172m██[38;2;198;133;215m██[38;2;0;0;0m██
    ██[38;2;198;133;215m██[38;2;255;123;148m██[38;2;198;133;215m██[38;2;155;90;172m████[38;2;198;133;215m████[38;2;0;0;0m██████[38;2;198;133;215m██[38;2;128;133;211m████████[38;2;65;65;65m██[38;2;155;90;172m██[38;2;65;65;65m██[38;2;198;133;215m██[38;2;0;0;0m██
      ██[38;2;255;123;148m██[38;2;155;90;172m██[38;2;198;133;215m████████████████[38;2;128;133;211m██[38;2;65;65;65m██[38;2;128;133;211m████[38;2;65;65;65m██[38;2;155;90;172m██[38;2;65;65;65m██[38;2;155;90;172m██[38;2;0;0;0m██
      ██[38;2;155;90;172m██[38;2;198;133;215m████████████████[38;2;155;90;172m██[38;2;255;123;148m██[38;2;65;65;65m██[38;2;128;133;211m██[38;2;65;65;65m██████[38;2;155;90;172m██[38;2;0;0;0m██  
  ██  ██[38;2;198;133;215m████████████████[38;2;155;90;172m██[38;2;255;123;148m████[38;2;198;133;215m██[38;2;128;133;211m██[38;2;65;65;65m██[38;2;198;133;215m████[38;2;0;0;0m██    
██  ████[38;2;155;90;172m██[38;2;198;133;215m██████████[38;2;128;133;211m██[38;2;255;255;255m████[38;2;255;123;148m██[38;2;155;90;172m██[38;2;198;133;215m██[38;2;65;65;65m██[38;2;255;255;255m██[38;2;65;65;65m██[38;2;198;133;215m████[38;2;0;0;0m██  
        ██[38;2;198;133;215m██████[38;2;255;255;255m██[38;2;128;133;211m██████[38;2;255;255;255m██[38;2;198;133;215m████[38;2;65;65;65m██[38;2;255;255;255m████[38;2;198;133;215m██[38;2;65;65;65m██[38;2;198;133;215m██[38;2;0;0;0m██  
  ██  ████[38;2;155;90;172m██[38;2;255;255;255m████[38;2;128;133;211m██[38;2;0;0;0m██[38;2;255;222;49m██[38;2;198;133;215m██[38;2;255;255;255m██[38;2;198;133;215m██[38;2;65;65;65m██[38;2;198;133;215m██[38;2;155;90;172m██[38;2;198;133;215m██[38;2;255;255;255m██[38;2;65;65;65m██[38;2;198;133;215m██[38;2;155;90;172m██[38;2;0;0;0m██
    ██    ██[38;2;65;65;65m██[38;2;255;255;255m████[38;2;198;133;215m██████[38;2;65;65;65m████[38;2;255;255;255m████[38;2;198;133;215m██[38;2;65;65;65m██[38;2;198;133;215m██[38;2;65;65;65m██[38;2;155;90;172m████[38;2;0;0;0m██
            ██[38;2;65;65;65m████████[38;2;155;90;172m████[38;2;255;255;255m████████[38;2;198;133;215m██[38;2;65;65;65m██[38;2;155;90;172m██████[38;2;0;0;0m██
          ██[38;2;155;90;172m██[38;2;198;133;215m████[38;2;155;90;172m██████[38;2;198;133;215m████[38;2;255;255;255m██[38;2;198;133;215m██[38;2;155;90;172m████[38;2;65;65;65m██[38;2;155;90;172m████[38;2;0;0;0m██  
          ██[38;2;155;90;172m██[38;2;65;65;65m██[38;2;198;133;215m████████████[38;2;65;65;65m██[38;2;155;90;172m██████[38;2;0;0;0m██[38;2;198;133;215m████[38;2;0;0;0m██  
            ██[38;2;155;90;172m██[38;2;65;65;65m██[38;2;0;0;0m██[38;2;198;133;215m████[38;2;65;65;65m████[38;2;155;90;172m██[38;2;198;133;215m████[38;2;0;0;0m██  ████    
              ████  ██████[38;2;155;90;172m████████[38;2;0;0;0m██          
                          ██[38;2;255;255;255m████[38;2;0;0;0m██            
                            ████              
[0m