          [38;2;0;0;0m████                                      
        ██[38;2;253;199;0m████[38;2;0;0;0m██        ████                        
        ██[38;2;253;199;0m████[38;2;199;138;0m██[38;2;0;0;0m██    ██[38;2;199;138;0m██[38;2;252;198;0m██[38;2;0;0;0m██    ████              
        ██[38;2;198;137;0m██[38;2;252;198;0m████[38;2;0;0;0m██    ██[38;2;252;198;0m██[38;2;248;193;0m██[38;2;8;0;0m██  [38;2;0;0;0m██[38;2;253;199;0m████[38;2;0;0;0m██            
        ██[38;2;198;137;0m██[38;2;252;198;0m██████[38;2;0;0;0m██  ██[38;2;252;198;0m██[38;2;248;193;0m██[38;2;207;146;0m██[38;2;0;0;0m██[38;2;252;198;0m██[38;2;253;199;0m████[38;2;0;0;0m██            
  ████    [38;2;8;0;0m██[38;2;249;194;0m██[38;2;236;179;0m██[38;2;225;167;0m██[38;2;0;0;0m████[38;2;66;65;66m██████[38;2;82;82;74m██[38;2;66;65;66m██[38;2;252;198;0m████[38;2;198;137;0m██[38;2;0;0;0m██            
██[38;2;252;198;0m████[38;2;0;0;0m██  [38;2;8;0;0m██[38;2;209;148;0m██[38;2;66;60;66m████[38;2;48;158;80m████[38;2;16;137;58m██[38;2;48;158;80m██[38;2;16;137;58m██[38;2;66;65;66m██[38;2;252;198;0m████[38;2;198;137;0m████[38;2;0;0;0m██  ████      
██[38;2;207;146;0m██[38;2;248;193;0m██[38;2;253;199;0m██[38;2;0;12;8m██[38;2;66;65;66m████[38;2;49;159;81m████[38;2;39;151;73m██[38;2;57;73;66m██[38;2;45;156;78m██[38;2;12;135;55m██[38;2;16;137;58m██[38;2;66;65;66m██[38;2;252;198;0m████[38;2;199;138;0m████[38;2;163;101;0m██[38;2;0;20;8m██[38;2;252;198;0m████[38;2;0;0;0m██    
  [38;2;8;0;0m██[38;2;248;193;0m██[38;2;217;159;0m██[38;2;91;75;46m██[38;2;16;137;58m██[38;2;48;158;80m██[38;2;14;136;57m██[38;2;49;159;81m██[38;2;57;73;66m██[38;2;255;206;0m██[38;2;65;64;62m██[38;2;12;135;55m██[38;2;16;137;58m██[38;2;66;65;66m██[38;2;252;198;0m██[38;2;198;137;0m██[38;2;199;138;0m██[38;2;66;65;66m██[38;2;163;101;0m██[38;2;255;211;0m██[38;2;252;198;0m██[38;2;198;137;0m██[38;2;0;0;0m██    
  ██[38;2;252;198;0m██[38;2;66;65;66m██[38;2;16;137;58m██[38;2;49;159;81m██[38;2;14;136;57m██[38;2;48;158;80m██[38;2;66;65;66m██[38;2;252;198;0m██[38;2;198;137;0m██[38;2;236;179;0m██[38;2;66;60;66m██[38;2;16;137;58m████[38;2;74;71;71m██[38;2;199;138;0m████[38;2;74;71;71m██[38;2;66;60;66m██[38;2;236;179;0m██[38;2;199;138;0m████[38;2;0;0;0m██    
    ██[38;2;16;137;58m████[38;2;14;136;57m████[38;2;16;137;58m██[38;2;66;65;66m██[38;2;252;198;0m██[38;2;198;137;0m██[38;2;225;167;0m██[38;2;66;60;66m██[38;2;16;137;58m████[38;2;0;125;44m██[38;2;74;71;71m████[38;2;0;125;44m██[38;2;66;60;66m██[38;2;225;167;0m██[38;2;199;138;0m██[38;2;66;65;66m██[38;2;255;255;255m██[38;2;0;0;0m██  
    ██[38;2;16;137;58m██████████[38;2;66;65;66m██[38;2;199;138;0m██████[38;2;83;82;83m██[38;2;16;137;58m██████████████[38;2;66;65;66m██[38;2;76;77;71m██[38;2;198;199;198m██[38;2;255;255;255m████[38;2;0;0;0m██
  ██[38;2;16;137;58m██████████████[38;2;66;65;66m██[38;2;199;138;0m██[38;2;83;82;83m██[38;2;16;137;58m██████████████████[38;2;0;130;50m████[38;2;255;255;255m████[38;2;0;0;0m██
  ██[38;2;16;137;58m██[38;2;14;136;57m████[38;2;16;137;58m██████████[38;2;83;82;83m██[38;2;16;137;58m██████████████████████[38;2;0;116;33m██[38;2;198;199;198m████[38;2;0;0;0m██
  ██[38;2;16;137;58m██[38;2;14;136;57m██[38;2;198;199;198m██[38;2;16;137;58m████████████████████████████████[38;2;0;116;33m████[38;2;198;199;198m██[38;2;0;0;0m██  
  ██[38;2;16;137;58m██[38;2;198;199;198m██████[38;2;14;136;57m██[38;2;6;133;53m██[38;2;236;179;0m██[38;2;16;137;58m████████████████████[38;2;0;116;33m██████[38;2;0;0;0m████    
    ██[38;2;66;65;66m██[38;2;198;199;198m██[38;2;14;136;57m████[38;2;6;133;53m██[38;2;232;175;0m██[38;2;16;137;58m██████████████[38;2;0;116;33m██████████[38;2;0;0;0m██        
      ██[38;2;66;65;66m██[38;2;198;199;198m██[38;2;0;117;35m██[38;2;0;116;33m████████████████████████[38;2;0;0;0m████          
        ██████[38;2;0;116;33m██████████████████[38;2;0;0;0m██████              
              ██████████████████                    
[0m