                [38;2;0;4;0m████                        
              ██[38;2;175;180;174m██[38;2;0;4;0m██    ██████              
            ██[38;2;175;180;174m██████[38;2;0;4;0m████[38;2;175;180;174m████[38;2;0;4;0m██              
            ██[38;2;175;180;174m████[38;2;79;81;71m██[38;2;175;181;172m████[38;2;175;180;174m██[38;2;79;81;71m████[38;2;16;16;0m██[38;2;0;4;0m██          
          ██[38;2;175;180;174m████[38;2;79;81;71m██[38;2;175;180;174m██[38;2;175;181;172m████[38;2;79;81;71m██[38;2;175;180;174m██[38;2;175;184;174m████[38;2;175;180;174m██[38;2;0;4;0m██        
          ██[38;2;112;116;108m██[38;2;168;174;162m██[38;2;79;81;71m██[38;2;175;180;174m████[38;2;79;81;71m██[38;2;175;181;172m████████[38;2;175;180;174m████[38;2;0;4;0m██      
            [38;2;0;0;0m██[38;2;112;116;108m██[38;2;132;125;57m████[38;2;175;180;174m████[38;2;175;181;172m████████[38;2;0;4;0m████        
          ██[38;2;148;142;94m████[38;2;247;218;107m████[38;2;144;135;53m████[38;2;175;180;174m████[38;2;79;81;71m██[38;2;8;8;0m██            
        [38;2;0;4;0m██[38;2;117;121;109m██[38;2;57;65;74m██[38;2;239;219;115m██[38;2;247;218;107m████[38;2;247;219;107m████[38;2;148;138;57m██[38;2;175;180;174m██[38;2;175;184;168m██[38;2;79;81;71m██[38;2;0;4;0m██          
      ██[38;2;117;121;109m██[38;2;66;65;66m██[38;2;214;202;148m██[38;2;148;138;49m██[38;2;148;138;57m████[38;2;148;138;49m██[38;2;247;215;99m████[38;2;66;65;57m██[38;2;175;181;172m████[38;2;0;4;0m██          
      ██[38;2;117;121;109m██[38;2;66;65;66m██[38;2;148;138;49m██[38;2;175;180;174m████████[38;2;148;138;49m██[38;2;156;140;78m██[38;2;66;65;57m██[38;2;175;181;172m████[38;2;175;180;174m██[38;2;0;4;0m██        
    ██[38;2;117;121;109m██[38;2;113;116;107m██[38;2;66;65;66m██[38;2;175;181;172m██[38;2;175;180;174m██████[38;2;117;95;85m████[38;2;99;97;90m██[38;2;119;121;114m██[38;2;66;65;66m██[38;2;175;180;174m██[38;2;175;181;172m████[38;2;0;4;0m██      
    ██[38;2;117;121;109m██[38;2;66;65;66m██[38;2;113;116;107m██[38;2;175;181;172m██[38;2;247;219;107m██[38;2;175;180;174m██[38;2;117;121;109m██[38;2;255;255;255m██[38;2;127;97;75m██[38;2;255;255;255m██[38;2;119;121;114m██[38;2;66;65;66m██[38;2;175;180;174m██[38;2;175;181;172m████[38;2;0;4;0m██      
    ██[38;2;117;121;109m██[38;2;66;65;66m██[38;2;188;92;36m██[38;2;162;180;174m██[38;2;177;156;144m██[38;2;175;181;172m████[38;2;217;99;29m████[38;2;247;255;255m██[38;2;119;121;114m██[38;2;66;65;66m██[38;2;175;181;172m██████[38;2;175;180;174m██[38;2;0;4;0m██    
  ██[38;2;117;121;109m████[38;2;66;65;66m██[38;2;250;108;21m██[38;2;174;91;40m████[38;2;175;181;172m████[38;2;255;255;255m████[38;2;144;79;36m████[38;2;119;121;114m██[38;2;66;65;66m██[38;2;175;181;172m████[38;2;175;180;174m████[38;2;0;4;0m██  
  ██[38;2;117;121;109m██████[38;2;0;4;0m██[38;2;250;108;21m████[38;2;185;92;33m████[38;2;146;77;25m████[38;2;185;93;32m████[38;2;139;75;41m██[38;2;74;60;57m██[38;2;175;180;174m████[38;2;175;181;172m████[38;2;0;4;0m██  
██[38;2;117;121;109m██████[38;2;0;4;0m██  ██[38;2;250;108;21m██████[38;2;185;93;32m██████[38;2;146;77;25m██[38;2;255;109;25m████[38;2;66;65;66m██[38;2;175;180;174m██[38;2;175;181;172m████[38;2;0;4;0m██  
  ██████    [38;2;0;8;8m██[38;2;88;53;29m██[38;2;191;91;29m████[38;2;184;89;37m██[38;2;82;79;70m██[38;2;185;92;33m████[38;2;151;73;24m██[38;2;0;4;0m████[38;2;175;180;174m██[38;2;175;181;172m████[38;2;175;180;174m██[38;2;0;4;0m██
            [38;2;0;8;8m██[38;2;179;99;48m██[38;2;66;65;66m██[38;2;191;91;29m██[38;2;82;79;70m████[38;2;185;92;33m██[38;2;250;108;21m██[38;2;0;4;0m██    ██[38;2;175;181;172m████[38;2;175;180;174m██[38;2;0;4;0m██
          ██[38;2;191;91;29m████[38;2;182;183;174m██[38;2;77;75;74m██[38;2;242;243;240m██[38;2;79;77;68m██[38;2;255;109;17m████[38;2;0;4;0m██      ██[38;2;175;180;174m████[38;2;0;4;0m██
          ██[38;2;191;91;29m██[38;2;66;65;66m██[38;2;242;243;240m██████[38;2;79;77;68m██[38;2;255;109;17m████[38;2;82;79;70m██[38;2;0;4;0m██      ████  
          ██[38;2;179;99;48m██[38;2;88;53;29m██[38;2;242;243;240m████[38;2;84;86;76m██[38;2;250;108;21m██████[38;2;84;86;76m██[38;2;0;4;0m██            
            [38;2;0;8;8m████[38;2;182;183;174m██[38;2;242;243;240m██[38;2;182;183;174m██[38;2;84;86;76m██[38;2;250;108;21m██[38;2;84;86;76m██[38;2;242;243;240m██[38;2;0;4;0m██            
              ██[38;2;182;183;174m████[38;2;0;4;0m██[38;2;182;183;174m██[38;2;84;86;76m██[38;2;242;243;240m██[38;2;0;4;0m██              
              ██[38;2;182;183;174m██[38;2;0;4;0m██  ██[38;2;182;183;174m██[38;2;242;243;240m██[38;2;0;4;0m██              
          ██[38;2;0;8;8m██[38;2;95;56;26m██[38;2;182;183;174m██[38;2;0;4;0m██    [38;2;0;8;8m██[38;2;146;82;42m██[38;2;0;4;0m██              
        ██[38;2;151;73;24m██[38;2;144;79;36m████[38;2;0;4;0m██      [38;2;0;8;8m██[38;2;220;119;58m██[38;2;151;73;24m██[38;2;0;4;0m██            
          ██████      ██[38;2;250;108;21m██[38;2;166;73;14m██[38;2;250;108;21m██[38;2;166;73;14m██[38;2;0;4;0m██          
                        ████████            
[0m