                    [38;2;0;0;0m████        ████                                      
                ████[38;2;138;138;169m██[38;2;0;0;0m██    ████[38;2;208;208;239m████[38;2;0;0;0m████                                  
              ██[38;2;138;138;169m████[38;2;0;0;0m██    ██[38;2;138;138;169m██[38;2;208;208;239m██████[38;2;179;179;210m██[38;2;0;0;0m████████                            
              ██[38;2;179;179;210m██[38;2;208;208;239m██[38;2;138;138;169m██[38;2;0;0;0m████[38;2;138;138;169m██[38;2;179;179;210m██[38;2;208;208;239m██[38;2;179;179;210m██[38;2;138;138;169m████████████[38;2;0;0;0m██                          
            ██[38;2;208;208;239m████████████[38;2;138;138;169m████████████████[38;2;0;0;0m████                            
      ██  ██[38;2;208;208;239m██████████[38;2;179;179;210m██[38;2;138;138;169m██████████████[38;2;0;0;0m████          ██████                
    ██[38;2;205;197;123m██[38;2;0;0;0m██[38;2;208;208;239m██████████[38;2;65;65;65m██[38;2;208;208;239m██████[38;2;179;179;210m██[38;2;138;138;169m██████[38;2;0;0;0m██            ██[38;2;208;208;239m██████[38;2;0;0;0m██      ████    
████[38;2;65;65;65m██[38;2;205;197;123m██[38;2;88;88;120m██[38;2;208;208;239m████████[38;2;65;65;65m██[38;2;255;246;180m██[38;2;65;65;65m██[38;2;208;208;239m██[38;2;138;138;169m██████████[38;2;0;0;0m██            ██[38;2;179;179;210m████[38;2;208;208;239m████[38;2;0;0;0m██████[38;2;138;138;169m████[38;2;0;0;0m██  
██[38;2;255;246;180m██[38;2;0;0;0m██[38;2;205;197;123m████[38;2;88;88;120m██[38;2;208;208;239m████[38;2;65;65;65m██[38;2;255;246;180m████[38;2;65;65;65m██[38;2;138;138;169m████████████[38;2;0;0;0m██          ██[38;2;138;138;169m████████[38;2;208;208;239m██████[38;2;138;138;169m████[38;2;0;0;0m██    
██[38;2;205;197;123m██[38;2;255;246;180m██[38;2;65;65;65m██[38;2;205;197;123m██[38;2;88;88;120m██[38;2;208;208;239m████[38;2;65;65;65m██[38;2;255;246;180m██[38;2;52;100;158m██[38;2;65;65;65m██[38;2;88;88;120m██[38;2;138;138;169m██████[38;2;0;0;0m████        ████[38;2;208;208;239m████████[38;2;138;138;169m████[38;2;208;208;239m██[38;2;138;138;169m████████[38;2;0;0;0m██  
  ██[38;2;205;197;123m████[38;2;65;65;65m██[38;2;208;208;239m████[38;2;65;65;65m██[38;2;255;246;180m██[38;2;52;100;158m██[38;2;96;144;202m██[38;2;65;65;65m██[38;2;138;138;169m██[38;2;88;88;120m██[38;2;138;138;169m██[38;2;0;0;0m██          ██[38;2;208;208;239m████████[38;2;179;179;210m██[38;2;138;138;169m██████[38;2;179;179;210m██[38;2;138;138;169m██████████[38;2;0;0;0m██
  ██[38;2;205;197;123m██████[38;2;88;88;120m████[38;2;255;246;180m████[38;2;52;100;158m██[38;2;96;144;202m██[38;2;65;65;65m██[38;2;208;208;239m██[38;2;88;88;120m██[38;2;0;0;0m██        ██  ██[38;2;208;208;239m████████[38;2;138;138;169m██████████████████[38;2;0;0;0m██  
    ██[38;2;205;197;123m████[38;2;255;246;180m██████████[38;2;52;100;158m██[38;2;65;65;65m██[38;2;208;208;239m████[38;2;179;179;210m██[38;2;0;0;0m██    ██[38;2;138;138;169m██[38;2;0;0;0m██[38;2;88;88;120m██[38;2;208;208;239m████[38;2;179;179;210m██[38;2;138;138;169m████████████████[38;2;0;0;0m████    
    ██[38;2;156;148;98m██[38;2;255;246;180m██████████████[38;2;205;197;123m██[38;2;65;65;65m██[38;2;138;138;169m██[38;2;0;0;0m██    ██[38;2;138;138;169m████[38;2;88;88;120m██[38;2;208;208;239m██████████[38;2;138;138;169m██████[38;2;0;0;0m██[38;2;138;138;169m████[38;2;0;0;0m██        
    ██[38;2;255;246;180m██████████████████[38;2;65;65;65m██[38;2;138;138;169m████[38;2;0;0;0m████[38;2;138;138;169m████████[38;2;88;88;120m██[38;2;208;208;239m██[38;2;0;0;0m████[38;2;179;179;210m██[38;2;138;138;169m████[38;2;0;0;0m██  ████          
    ██[38;2;255;246;180m██████[38;2;205;197;123m██[38;2;255;246;180m██[38;2;65;65;65m██[38;2;156;148;98m██[38;2;255;246;180m████[38;2;205;197;123m██[38;2;65;65;65m██[38;2;208;208;239m████[38;2;179;179;210m██[38;2;138;138;169m██[38;2;88;88;120m██████[38;2;255;246;180m██[38;2;0;0;0m██    ██[38;2;138;138;169m████[38;2;0;0;0m██                
    ██[38;2;255;246;180m████[38;2;205;197;123m██[38;2;255;246;180m██[38;2;52;100;158m██[38;2;101;149;207m██[38;2;255;255;255m██[38;2;255;246;180m████[38;2;205;197;123m████[38;2;65;65;65m██[38;2;208;208;239m████[38;2;88;88;120m██[38;2;255;246;180m██████████[38;2;0;0;0m██    ████                  
  ██[38;2;255;246;180m████████[38;2;65;65;65m██[38;2;52;100;158m██[38;2;255;246;180m██████[38;2;205;197;123m██████[38;2;255;246;180m██[38;2;88;88;120m████[38;2;255;246;180m██████████████[38;2;0;0;0m██                        
  ██[38;2;255;246;180m████████████████[38;2;156;148;98m██[38;2;205;197;123m██████[38;2;255;246;180m████████████████████[38;2;0;0;0m██                        
  ██[38;2;255;246;180m████████████[38;2;0;0;0m██[38;2;65;65;65m██[38;2;205;197;123m██████[38;2;255;246;180m████████████████████████[38;2;0;0;0m██                      
██[38;2;255;246;180m████████████[38;2;0;0;0m██  ██[38;2;205;197;123m████[38;2;255;246;180m██████████████[38;2;205;197;123m██[38;2;255;246;180m██████████[38;2;0;0;0m██    ████              
██[38;2;255;246;180m████[38;2;156;148;98m██[38;2;255;246;180m████[38;2;0;0;0m██    ██[38;2;255;246;180m████████████████[38;2;205;197;123m██████[38;2;255;246;180m████████[38;2;0;0;0m██  ██[38;2;138;138;169m████[38;2;0;0;0m██            
  ██[38;2;156;148;98m██[38;2;255;246;180m██[38;2;0;0;0m████    ██[38;2;255;246;180m████████████████[38;2;205;197;123m████[38;2;65;65;65m████[38;2;205;197;123m██[38;2;255;246;180m████[38;2;205;197;123m██[38;2;0;0;0m████[38;2;138;138;169m████[38;2;0;0;0m██              
    ████        ██[38;2;255;246;180m████████████████[38;2;205;197;123m██[38;2;65;65;65m████[38;2;0;0;0m████[38;2;205;197;123m██████[38;2;88;88;120m██[38;2;208;208;239m██[38;2;179;179;210m██[38;2;138;138;169m██[38;2;0;0;0m██              
                  ██[38;2;205;197;123m██[38;2;255;246;180m████████████[38;2;65;65;65m██████[38;2;0;0;0m██  ██[38;2;205;197;123m██[38;2;88;88;120m██[38;2;208;208;239m████[38;2;0;0;0m████                
                  ██[38;2;205;197;123m██[38;2;156;148;98m████[38;2;255;246;180m██████[38;2;205;197;123m██[38;2;0;0;0m██[38;2;65;65;65m████[38;2;0;0;0m██  ██[38;2;205;197;123m████[38;2;88;88;120m██[38;2;0;0;0m██                    
                    ██[38;2;205;197;123m████[38;2;65;65;65m██[38;2;255;246;180m████[38;2;0;0;0m██  ██[38;2;65;65;65m██[38;2;88;88;120m██[38;2;0;0;0m████[38;2;205;197;123m████[38;2;0;0;0m██                      
                      ██[38;2;205;197;123m██[38;2;65;65;65m██[38;2;255;246;180m████[38;2;0;0;0m██  ██[38;2;88;88;120m██[38;2;138;138;169m████[38;2;88;88;120m██[38;2;65;65;65m████[38;2;0;0;0m██                      
                      ██[38;2;205;197;123m████[38;2;65;65;65m██[38;2;255;246;180m████[38;2;0;0;0m██[38;2;179;179;210m██[38;2;138;138;169m████[38;2;88;88;120m██[38;2;0;0;0m██[38;2;82;90;106m████[38;2;0;0;0m██                      
                    ██[38;2;82;90;106m██[38;2;205;197;123m████[38;2;65;65;65m██[38;2;255;246;180m██[38;2;88;88;120m██[38;2;208;208;239m██████[38;2;138;138;169m██[38;2;0;0;0m██  ████                        
                    ██[38;2;123;131;139m████[38;2;65;65;65m██[38;2;255;246;180m████[38;2;88;88;120m██[38;2;138;138;169m██[38;2;208;208;239m██[38;2;0;0;0m████                                
                      ████[38;2;123;131;139m██[38;2;82;90;106m██[38;2;255;246;180m██[38;2;88;88;120m██[38;2;0;0;0m████                                    
                        ██[38;2;123;131;139m████[38;2;65;65;65m██[38;2;0;0;0m██                                        
                          ██████                                          
[0m