                                            [38;2;0;0;0m████                                          
                                          ██[38;2;96;108;100m██[38;2;0;1;0m██                                          
[38;2;0;0;0m████                                    ██[38;2;94;104;99m██[38;2;59;64;60m██[38;2;0;1;0m██                                          
[38;2;0;0;0m██[38;2;60;67;61m██[38;2;0;0;0m██                                  [38;2;0;1;0m██[38;2;96;107;99m██[38;2;62;69;62m██[38;2;0;0;0m██                                          
██[38;2;60;67;61m██[38;2;62;69;62m██[38;2;0;0;0m██                              ██[38;2;96;107;99m██[38;2;58;63;59m██[38;2;0;0;0m██                                            
  ██[38;2;60;67;61m████[38;2;0;0;0m██                          [38;2;0;1;0m██[38;2;96;108;100m██[38;2;60;67;61m████[38;2;0;0;0m██                                            
  ██[38;2;60;67;61m████[38;2;62;69;62m██[38;2;0;0;0m██                        [38;2;0;1;0m██[38;2;59;64;60m██[38;2;60;67;61m████[38;2;0;0;0m██                                            
    ██[38;2;60;67;61m████[38;2;0;0;0m██                      ██[38;2;97;109;99m██[38;2;59;65;60m██[38;2;0;0;0m████                                              
    ██[38;2;60;67;61m████[38;2;0;0;0m██                    ██[38;2;94;104;99m██[38;2;59;65;60m██[38;2;1;2;1m██                                                  
      [38;2;0;0;0m██[38;2;60;67;61m██[38;2;0;0;0m██                    [38;2;1;2;1m██[38;2;59;65;60m██[38;2;0;0;0m██                                                    
      ██[38;2;60;67;61m████[38;2;0;0;0m██                ██[38;2;97;109;99m██[38;2;59;65;60m██[38;2;0;0;0m██                                                    
        ██[38;2;60;67;61m██[38;2;0;0;0m██              [38;2;0;1;0m██[38;2;96;107;99m██[38;2;62;69;62m██[38;2;0;0;0m██                                                      
        ██[38;2;60;67;61m██[38;2;62;69;62m██[38;2;0;0;0m██    ████████[38;2;96;107;99m██[38;2;58;63;59m██[38;2;0;0;0m██                                                        
          ██[38;2;150;127;65m██[38;2;34;37;37m██[38;2;0;0;0m████[38;2;92;101;95m██[38;2;255;206;71m██[38;2;94;104;99m██[38;2;37;36;37m██[38;2;60;67;61m████[38;2;52;55;54m██[38;2;8;0;8m██                                                      
          [38;2;0;0;0m██[38;2;34;37;37m██[38;2;255;223;71m██[38;2;94;104;99m████[38;2;92;101;95m████[38;2;37;36;37m██[38;2;94;104;99m██[38;2;60;67;61m██[38;2;37;36;37m██[38;2;94;104;99m████[38;2;0;0;0m██████                                                
    ████[38;2;16;0;8m██[38;2;31;32;32m██[38;2;107;98;73m██[38;2;255;220;123m██[38;2;255;206;71m████[38;2;255;229;157m██[38;2;65;65;65m██[38;2;94;104;99m██[38;2;60;67;61m██[38;2;36;37;36m██[38;2;90;101;94m██[38;2;93;102;96m████[38;2;92;101;95m██[38;2;255;206;71m██[38;2;101;110;90m██[38;2;0;0;0m████                                            
  ██[38;2;60;67;61m████[38;2;31;32;32m██[38;2;94;104;99m██[38;2;107;98;73m██[38;2;70;70;70m██[38;2;37;36;37m████[38;2;65;65;65m██[38;2;218;182;83m██[38;2;60;67;61m████[38;2;36;37;36m██[38;2;61;66;63m██[38;2;62;69;62m████[38;2;92;101;95m████[38;2;101;110;90m████[38;2;94;104;99m██[38;2;0;0;0m████                                        
  ██[38;2;60;67;61m████[38;2;37;36;37m██[38;2;94;104;99m██[38;2;37;36;37m██[38;2;94;104;99m██[38;2;93;102;96m████[38;2;90;101;94m██[38;2;61;66;63m██[38;2;60;67;61m████████████████[38;2;59;66;59m██[38;2;255;206;71m██████[38;2;158;129;47m██[38;2;3;20;22m██                                      
  [38;2;0;0;0m██[38;2;60;67;61m██[38;2;37;36;37m██[38;2;94;104;99m████[38;2;37;36;37m██[38;2;94;104;99m██[38;2;62;69;62m████[38;2;36;37;36m████[38;2;60;67;61m██████[38;2;37;36;37m██[38;2;60;67;61m████████[38;2;59;66;59m████[38;2;75;83;77m████[38;2;255;232;168m██[38;2;158;129;47m██[38;2;0;0;0m████      ████                        
  ██[38;2;54;61;56m████[38;2;94;104;99m██[38;2;37;36;37m██[38;2;96;107;99m██[38;2;58;63;59m██[38;2;37;36;37m██████[38;2;60;67;61m████[38;2;35;37;35m██[38;2;37;36;37m██[38;2;60;67;61m██[38;2;37;36;37m██[38;2;0;0;0m████[38;2;62;69;62m██[38;2;60;67;61m████████[38;2;59;66;59m██[38;2;255;206;71m██[38;2;61;66;63m██[38;2;36;37;36m██[38;2;1;5;5m████[38;2;3;6;3m██[38;2;211;113;100m██[38;2;222;87;101m██[38;2;0;0;0m██                      
  ██[38;2;54;61;56m██[38;2;91;100;95m██[38;2;37;36;37m██[38;2;94;104;99m██[38;2;96;107;99m██[38;2;0;1;0m██[38;2;238;177;23m██[38;2;37;36;37m██[38;2;60;67;61m██[38;2;37;36;37m██[38;2;35;37;35m██[38;2;220;112;99m██[38;2;37;36;37m██[38;2;60;67;61m██[38;2;0;0;0m██    ████[38;2;60;67;61m██████[38;2;59;66;59m████[38;2;36;37;36m██[38;2;90;101;94m██[38;2;72;38;42m██[38;2;221;97;111m██[38;2;211;113;100m██[38;2;94;72;65m██[38;2;222;87;101m██[38;2;0;0;0m██                      
  ██[38;2;57;63;59m██[38;2;85;96;90m██[38;2;37;36;37m██[38;2;94;104;99m██[38;2;0;0;24m██[38;2;255;211;71m██[38;2;37;36;37m████[38;2;78;48;55m██[38;2;206;109;111m██[38;2;220;112;99m██[38;2;35;37;35m██[38;2;60;67;61m██████[38;2;0;0;0m██      ██[38;2;60;67;61m████[38;2;37;36;37m██████[38;2;94;104;99m██[38;2;60;67;61m██[38;2;37;36;37m██[38;2;60;67;61m████[38;2;59;66;59m██[38;2;222;87;101m██[38;2;0;0;0m██                    
  ██[38;2;57;63;59m██[38;2;33;34;33m██[38;2;94;104;99m██[38;2;37;36;37m██[38;2;96;71;27m████[38;2;37;36;37m████[38;2;255;157;156m██[38;2;206;109;111m██[38;2;35;37;35m██[38;2;60;67;61m██[38;2;0;0;0m██[38;2;60;67;61m██████[38;2;0;0;0m██    ██[38;2;37;36;37m██████[38;2;94;104;99m██[38;2;37;36;37m████████[38;2;60;67;61m████[38;2;59;66;59m██[38;2;222;87;101m██[38;2;0;0;0m██                    
██[38;2;94;104;99m██[38;2;52;59;54m██[38;2;92;101;96m██[38;2;60;67;61m████[38;2;70;61;42m██[38;2;35;37;35m██[38;2;37;36;37m██[38;2;255;182;164m██[38;2;226;87;101m████[38;2;62;69;62m██[38;2;0;0;0m██  ██[38;2;54;59;56m██[38;2;89;99;94m██[38;2;94;104;99m██[38;2;0;0;0m██  ██[38;2;96;107;99m████[38;2;94;104;99m██[38;2;60;67;61m██[38;2;61;66;63m██[38;2;36;37;36m██[38;2;93;102;96m████[38;2;36;37;36m██[38;2;61;66;63m██[38;2;60;67;61m████[38;2;253;85;75m██[38;2;8;0;0m██                  
[38;2;0;0;0m██[38;2;94;104;99m██[38;2;92;101;96m██[38;2;52;59;54m██[38;2;60;67;61m██[38;2;0;0;0m██[38;2;35;37;35m██[38;2;220;112;99m██[38;2;255;182;164m████[38;2;226;87;101m██[38;2;94;104;99m██[38;2;0;0;0m██      ████[38;2;94;104;99m████[38;2;0;0;0m██  [38;2;0;1;0m██[38;2;58;63;59m██[38;2;60;67;61m████[38;2;36;37;36m██[38;2;90;101;94m██[38;2;93;102;96m████[38;2;90;101;94m██[38;2;36;37;36m██[38;2;60;67;61m████[38;2;172;56;49m██[38;2;8;0;0m██                  
[38;2;0;0;0m██[38;2;94;104;99m██[38;2;60;67;61m████[38;2;0;0;0m██  [38;2;8;0;0m██[38;2;255;178;164m██[38;2;255;182;164m██[38;2;227;87;101m██[38;2;94;104;99m██[38;2;0;0;0m██            ██[38;2;94;104;99m████[38;2;0;0;0m██[38;2;47;53;49m██[38;2;37;36;37m██[38;2;60;67;60m████[38;2;38;38;30m██[38;2;89;99;94m██[38;2;94;104;99m████[38;2;37;36;37m████[38;2;60;67;60m████[38;2;204;59;17m██[38;2;0;0;0m██                  
  ██[38;2;60;67;61m██[38;2;0;0;0m██  ██[38;2;183;110;98m██[38;2;255;178;164m██[38;2;227;87;101m████[38;2;94;104;99m██[38;2;0;0;0m██    ████      ██[38;2;94;104;99m████[38;2;37;36;37m████[38;2;60;67;60m██[38;2;47;49;46m██[38;2;52;55;53m██[38;2;38;38;30m██[38;2;94;104;99m██[38;2;37;36;37m██[38;2;94;104;99m██[38;2;37;36;37m██[38;2;60;67;60m██[38;2;204;59;17m██[38;2;0;0;0m██                    
    ██    ██[38;2;188;130;122m████[38;2;227;87;101m██[38;2;103;106;102m██[38;2;0;0;0m██    ██[38;2;241;243;242m██[38;2;66;70;67m██[38;2;0;0;0m██      ██[38;2;30;32;31m██[38;2;0;0;0m████[38;2;66;71;66m██[38;2;31;33;31m██[38;2;60;67;61m████[38;2;50;55;51m██[38;2;37;36;37m██[38;2;94;104;99m████[38;2;37;36;37m██[38;2;0;0;0m██                      
            ██[38;2;188;130;122m██[38;2;103;106;102m██[38;2;0;0;0m██      ██[38;2;40;46;41m██[38;2;66;70;67m██[38;2;62;69;62m██[38;2;0;0;0m██████[38;2;48;52;50m██[38;2;0;0;0m██    [38;2;8;0;8m██[38;2;31;33;31m██[38;2;60;67;61m██[38;2;37;36;37m████[38;2;58;66;59m██[38;2;37;36;37m██[38;2;94;104;99m██[38;2;0;0;0m██                        
              ████      ██[38;2;255;255;255m██[38;2;51;51;51m████[38;2;56;64;58m████[38;2;60;67;61m████[38;2;0;0;0m██      ██[38;2;62;69;62m██[38;2;37;36;37m██[38;2;255;255;255m██[38;2;89;100;94m██[38;2;34;35;33m██[38;2;47;53;49m████[38;2;94;104;99m██[38;2;0;0;0m██                      
                        ████[38;2;3;5;3m██[38;2;255;255;255m██[38;2;56;64;58m██[38;2;0;0;0m██████          ██[38;2;37;36;37m████[38;2;61;66;63m██[38;2;89;100;94m██[38;2;47;53;49m██[38;2;94;104;99m████[38;2;0;0;0m██                      
                              ████                ██[38;2;255;255;255m██[38;2;51;51;51m██[38;2;30;34;32m██[38;2;98;102;101m██[38;2;50;55;51m██[38;2;37;36;37m██[38;2;0;0;0m██                        
                                                  ██[38;2;3;5;3m██[38;2;51;51;51m██[38;2;240;247;247m██[38;2;98;102;101m██[38;2;37;36;37m██[38;2;58;66;59m██[38;2;0;0;0m██                        
                              ██████████              ██[38;2;37;36;37m████[38;2;56;64;57m██[38;2;254;196;34m██[38;2;0;0;0m██                        
                            ██[38;2;204;59;17m██████████[38;2;0;0;0m██          ██[38;2;94;104;99m██████[38;2;255;189;62m██[38;2;56;64;57m██[38;2;0;0;0m██                        
                        ████[38;2;37;36;37m████████████[38;2;30;32;30m██[38;2;8;0;8m██[38;2;0;0;0m██      ██[38;2;94;104;99m██[38;2;93;102;96m████[38;2;255;186;62m██[38;2;56;63;57m██[38;2;0;0;0m██                        
                  ██████[38;2;48;54;51m████[38;2;37;36;37m██[38;2;60;67;61m██████████[38;2;62;70;63m████[38;2;37;36;37m██[38;2;0;0;0m██████[38;2;94;104;99m████[38;2;93;102;96m██[38;2;62;69;62m██[38;2;251;193;31m████[38;2;0;0;0m██                        
              ██[38;2;8;0;8m██[38;2;62;70;63m██[38;2;60;67;61m████████[38;2;149;126;64m██[38;2;33;39;39m██[38;2;56;63;57m████[38;2;48;54;50m████[38;2;41;43;41m████[38;2;85;81;67m██[38;2;115;42;59m██[38;2;50;54;52m██[38;2;33;34;34m██[38;2;37;36;37m██[38;2;94;104;99m██[38;2;59;66;59m██[38;2;255;206;71m██[38;2;62;70;63m██[38;2;8;0;8m██                          
            [38;2;0;0;0m██[38;2;62;69;62m██[38;2;62;70;63m██[38;2;30;32;30m██[38;2;37;36;37m██[38;2;60;67;61m██████[38;2;236;189;58m██[38;2;33;39;39m██[38;2;56;63;57m██[38;2;204;57;17m██[38;2;204;59;17m████[38;2;41;43;41m██[38;2;222;87;101m██[38;2;108;115;110m████[38;2;33;34;34m██[38;2;90;101;95m██[38;2;94;104;99m██[38;2;37;36;37m██[38;2;59;66;59m██[38;2;255;206;71m██[38;2;62;70;63m██[38;2;30;32;30m██[38;2;0;0;0m██                        
      ████  [38;2;8;0;8m██[38;2;52;55;54m██[38;2;33;34;33m██[38;2;57;63;59m██[38;2;221;97;111m██[38;2;37;36;37m██[38;2;236;193;22m████[38;2;66;72;66m██[38;2;29;32;29m██[38;2;60;67;61m████[38;2;132;62;39m██[38;2;66;61;47m██[38;2;222;87;101m██[38;2;93;102;97m██[38;2;94;104;99m██[38;2;37;36;37m██[38;2;82;90;84m████[38;2;91;101;95m████[38;2;37;36;37m██[38;2;75;80;69m██[38;2;58;66;59m██[38;2;37;36;37m██[38;2;48;54;51m██[38;2;0;0;0m████                    
      ██[38;2;222;87;101m██[38;2;0;0;0m██[38;2;94;104;99m████[38;2;85;96;90m██[38;2;57;63;59m████[38;2;221;97;111m██[38;2;35;39;37m██[38;2;53;60;40m██[38;2;0;0;0m████████[38;2;3;7;6m██[38;2;221;97;111m██[38;2;93;102;97m████[38;2;37;36;37m██[38;2;94;104;99m██[38;2;82;90;84m██[38;2;222;87;101m██[38;2;45;51;47m██[38;2;91;101;95m██[38;2;99;107;92m██[38;2;37;36;37m████[38;2;50;55;51m██[38;2;48;54;51m████[38;2;45;51;47m██[38;2;0;0;0m██                  
        [38;2;1;2;1m██[38;2;190;127;113m██[38;2;93;102;97m████[38;2;93;102;96m████[38;2;57;63;59m████[38;2;221;97;111m██[38;2;1;5;5m██          [38;2;0;0;0m██[38;2;94;104;99m██[38;2;37;36;37m██[38;2;82;90;84m████[38;2;228;109;117m██[38;2;52;60;56m██[38;2;93;102;96m████[38;2;94;104;99m██[38;2;31;32;32m██[38;2;0;0;0m████[38;2;48;54;51m████[38;2;50;55;51m██[38;2;37;36;37m██[38;2;0;0;0m██████            
        [38;2;1;2;1m██[38;2;126;87;75m██[38;2;222;87;101m██[38;2;93;102;97m██[38;2;93;102;96m████[38;2;85;96;90m██[38;2;33;34;33m██[38;2;72;38;42m██[38;2;1;5;5m██        [38;2;0;0;0m██[38;2;37;36;37m████[38;2;94;104;99m██[38;2;82;90;84m██[38;2;222;87;101m██[38;2;52;60;56m██[38;2;79;81;79m██[38;2;93;102;96m████[38;2;31;32;32m██[38;2;16;0;8m██    [38;2;0;0;0m████[38;2;37;36;37m██[38;2;58;66;59m██[38;2;66;72;66m██[38;2;29;32;29m██[38;2;204;59;17m██[38;2;0;0;0m██████      
        [38;2;8;0;0m██[38;2;96;107;99m██[38;2;45;51;47m████[38;2;94;104;99m████[38;2;37;36;37m██[38;2;94;104;99m██[38;2;93;102;96m████[38;2;0;0;0m████████[38;2;93;102;96m████[38;2;37;36;37m██[38;2;94;104;99m██[38;2;91;101;95m██[38;2;45;51;47m██[38;2;93;102;96m████[38;2;90;101;94m██[38;2;36;37;36m██[38;2;59;66;59m██[38;2;222;87;101m██[38;2;0;0;0m██      [38;2;1;5;5m██[38;2;81;29;28m██[38;2;60;67;61m████[38;2;37;36;37m████[38;2;204;58;19m████[38;2;0;0;0m████  
      ██[38;2;60;65;61m██[38;2;52;55;52m██[38;2;91;101;95m████[38;2;94;104;99m██[38;2;37;36;37m██[38;2;94;104;99m████[38;2;93;102;96m████[38;2;94;104;99m████████[38;2;93;102;96m████[38;2;94;104;99m██[38;2;37;36;37m██[38;2;91;101;95m████[38;2;93;102;96m████[38;2;36;37;36m██[38;2;61;66;63m██[38;2;59;66;59m██[38;2;222;87;101m██[38;2;0;0;0m██      [38;2;1;5;5m██[38;2;245;71;67m██[38;2;37;36;37m████[38;2;60;67;61m████[38;2;37;36;37m██[38;2;204;58;19m██[38;2;204;59;17m████[38;2;0;0;0m██
    ██[38;2;222;87;101m██[38;2;59;66;59m████[38;2;36;37;36m██[38;2;90;101;94m██[38;2;91;103;94m██[38;2;33;34;32m██[38;2;241;184;29m██[38;2;53;60;40m██[38;2;59;66;59m████[38;2;58;67;61m██[38;2;77;84;71m████[38;2;58;67;61m██[38;2;59;66;59m████[38;2;62;69;62m██[38;2;242;176;18m██[38;2;52;55;52m██[38;2;96;107;99m████[38;2;52;55;52m██[38;2;59;66;59m████[38;2;222;87;101m██[38;2;0;0;0m██          ██[38;2;246;61;57m██[38;2;45;51;47m██[38;2;37;36;37m██[38;2;0;0;0m██[38;2;66;72;66m██[38;2;29;32;29m██[38;2;0;0;0m████  
      ██[38;2;222;87;101m██[38;2;59;66;59m██[38;2;61;66;63m██[38;2;36;37;36m██[38;2;62;67;63m████[38;2;35;39;37m██[38;2;241;184;29m██[38;2;255;206;71m████[38;2;255;213;99m██[38;2;58;67;61m████[38;2;255;213;99m██[38;2;255;206;71m████[38;2;242;176;18m██[38;2;62;69;62m██[38;2;60;65;61m██[38;2;8;0;0m████[38;2;60;65;61m██[38;2;59;66;59m██[38;2;222;87;101m██[38;2;0;0;0m██            ██[38;2;246;61;57m██[38;2;45;51;47m██[38;2;0;0;0m██  ████      
        ██[38;2;222;87;101m██[38;2;60;67;61m████[38;2;0;0;0m████████[38;2;60;67;61m████[38;2;161;127;34m██[38;2;255;225;145m████[38;2;161;127;34m██[38;2;60;67;61m████[38;2;0;0;0m██████    ██████                ████              
          ██████        ████[38;2;2;4;3m████████[38;2;0;0;0m████                                                  
[0m