                          [38;2;0;0;0m████                  
                        ██[38;2;230;161;133m██[38;2;179;110;82m██[38;2;0;0;0m██                
                  ████  ██[38;2;230;161;133m██[38;2;179;110;82m██[38;2;0;0;0m██                
                  ██[38;2;230;161;133m██[38;2;0;0;0m██[38;2;179;110;82m██[38;2;230;161;133m██[38;2;179;110;82m████[38;2;0;0;0m██              
                  ██[38;2;230;161;133m██[38;2;179;110;82m██[38;2;230;161;133m██[38;2;179;110;82m████████[38;2;0;0;0m████          
                  ██[38;2;230;161;133m██[38;2;179;110;82m██████[38;2;65;65;65m████████[38;2;179;110;82m██[38;2;0;0;0m████      
        ████    ██[38;2;230;161;133m████[38;2;179;110;82m████[38;2;65;65;65m████[38;2;230;161;133m██[38;2;179;110;82m████[38;2;65;65;65m████[38;2;179;110;82m██[38;2;0;0;0m██    
      ██[38;2;230;161;133m████[38;2;0;0;0m██████[38;2;230;161;133m██[38;2;179;110;82m██[38;2;65;65;65m██████[38;2;230;161;133m██████[38;2;65;65;65m████[38;2;179;110;82m██[38;2;65;65;65m██[38;2;179;110;82m██[38;2;0;0;0m██  
      ██[38;2;230;161;133m████[38;2;179;110;82m██[38;2;65;65;65m██[38;2;230;161;133m████[38;2;65;65;65m██[38;2;230;161;133m████[38;2;179;110;82m██[38;2;65;65;65m██[38;2;230;161;133m██[38;2;65;65;65m████[38;2;179;110;82m██████[38;2;0;0;0m████  
      ██[38;2;230;161;133m████[38;2;65;65;65m██[38;2;179;110;82m██[38;2;65;65;65m████[38;2;179;110;82m██[38;2;230;161;133m██[38;2;65;65;65m██[38;2;230;161;133m██[38;2;65;65;65m████[38;2;179;110;82m████████[38;2;65;65;65m██[38;2;0;0;0m██    
      ██[38;2;230;161;133m██[38;2;65;65;65m██[38;2;179;110;82m██████[38;2;65;65;65m██[38;2;230;161;133m██████[38;2;179;110;82m██[38;2;65;65;65m██[38;2;179;110;82m██[38;2;65;65;65m████[38;2;179;110;82m██[38;2;65;65;65m██[38;2;179;110;82m██[38;2;230;161;133m██[38;2;0;0;0m██  
    ██[38;2;230;161;133m████[38;2;65;65;65m██[38;2;179;110;82m██[38;2;65;65;65m████[38;2;230;161;133m████[38;2;65;65;65m██[38;2;179;110;82m██[38;2;65;65;65m██████[38;2;230;161;133m████[38;2;65;65;65m██[38;2;179;110;82m██[38;2;230;161;133m██[38;2;179;110;82m██[38;2;0;0;0m██  
██████[38;2;230;161;133m██[38;2;65;65;65m██████[38;2;230;161;133m████[38;2;65;65;65m████[38;2;179;110;82m████[38;2;65;65;65m████[38;2;230;161;133m████[38;2;179;110;82m██[38;2;65;65;65m████[38;2;179;110;82m██████[38;2;0;0;0m██
██[38;2;230;161;133m██[38;2;65;65;65m██████[38;2;230;161;133m██████[38;2;0;0;0m██[38;2;255;255;255m██[38;2;179;110;82m████████[38;2;65;65;65m██[38;2;179;110;82m████████[38;2;65;65;65m████████[38;2;0;0;0m██
██[38;2;179;110;82m██[38;2;230;161;133m████[38;2;179;110;82m██[38;2;230;161;133m██[38;2;179;110;82m██[38;2;65;65;65m██[38;2;206;74;41m██[38;2;179;110;82m██████████[38;2;65;65;65m██[38;2;179;110;82m██████[38;2;65;65;65m██[38;2;179;110;82m██████[38;2;0;0;0m██  
  ██[38;2;230;161;133m██[38;2;179;110;82m████[38;2;65;65;65m██[38;2;179;110;82m████████[38;2;65;65;65m████[38;2;179;110;82m██[38;2;65;65;65m██████[38;2;179;110;82m██[38;2;0;0;0m████[38;2;230;161;133m██[38;2;65;65;65m██[38;2;230;161;133m██[38;2;0;0;0m██  
    ██[38;2;179;110;82m██[38;2;65;65;65m██[38;2;179;110;82m████████[38;2;65;65;65m██[38;2;255;255;255m██[38;2;0;0;0m████[38;2;179;110;82m██████[38;2;0;0;0m██    ██████    
      ████[38;2;179;110;82m██████[38;2;0;0;0m██████  ██[38;2;179;110;82m██[38;2;230;161;133m██[38;2;179;110;82m██[38;2;0;0;0m██              
          ██████        ██[38;2;255;255;255m██[38;2;179;110;82m██[38;2;255;255;255m██[38;2;0;0;0m██              
                          ██████                
[0m