                                  [38;2;0;0;0m██                                    
                                ██[38;2;232;174;125m██[38;2;0;0;0m██                                  
                              ██[38;2;232;174;125m██████[38;2;0;0;0m██                                
                            ██[38;2;232;174;125m████[38;2;66;65;66m██[38;2;232;174;125m████[38;2;0;0;0m██                              
                            ██[38;2;232;174;125m██[38;2;66;65;66m██[38;2;255;75;116m██[38;2;66;65;66m██[38;2;232;174;125m██[38;2;0;0;0m██                              
                          ██[38;2;232;174;125m████[38;2;66;65;66m██[38;2;255;75;116m██[38;2;66;65;66m██[38;2;232;174;125m████[38;2;0;0;0m██                            
                      ██[38;2;24;4;0m██[38;2;103;48;1m██[38;2;232;174;125m██[38;2;66;65;66m██[38;2;255;75;116m██████[38;2;66;65;66m██[38;2;232;174;125m██[38;2;123;65;16m██[38;2;0;0;0m██                          
                  ████[38;2;232;174;125m██[38;2;233;175;126m████[38;2;232;174;125m██[38;2;66;65;66m██[38;2;255;75;116m██████[38;2;66;65;66m██[38;2;232;174;125m██████[38;2;0;0;0m████                      
              ████[38;2;232;174;125m██████[38;2;66;65;66m██████[38;2;255;75;116m██████[38;2;245;2;80m████[38;2;66;65;66m████[38;2;232;174;125m██████[38;2;0;0;0m██                    
            ██[38;2;232;174;125m██████[38;2;66;65;66m████[38;2;255;75;116m████[38;2;66;65;66m██[38;2;255;75;116m██████[38;2;245;2;80m████[38;2;66;65;66m██[38;2;255;75;116m██[38;2;66;65;66m████[38;2;232;174;125m████[38;2;0;0;0m██                  
            ██[38;2;232;174;125m██[38;2;195;137;88m██[38;2;111;109;111m██[38;2;205;0;64m██[38;2;255;75;116m██████████████[38;2;243;0;80m██████[38;2;255;75;116m██████[38;2;111;109;111m██[38;2;195;137;88m██[38;2;232;174;125m██[38;2;0;0;0m██                
          ██[38;2;232;174;125m████[38;2;111;109;111m██[38;2;228;0;75m██[38;2;255;75;116m██[38;2;205;0;64m██[38;2;255;75;116m████████████████████████[38;2;228;0;75m██[38;2;111;109;111m██[38;2;232;174;125m██[38;2;0;0;0m██                
          ██[38;2;232;174;125m██[38;2;66;65;66m██[38;2;250;1;81m██[38;2;255;119;147m██[38;2;222;255;255m██[38;2;189;0;54m██[38;2;255;75;116m██████████[38;2;205;0;64m████[38;2;255;75;116m████████████[38;2;66;65;66m██[38;2;232;174;125m████[38;2;0;0;0m██              
    ██████[38;2;123;65;16m██[38;2;232;174;125m██[38;2;66;65;66m██[38;2;250;1;81m██[38;2;255;255;247m██[38;2;172;166;172m██[38;2;222;255;255m██[38;2;243;0;80m██[38;2;255;75;116m██████[38;2;205;0;64m██[38;2;255;75;116m████[38;2;205;0;64m██[38;2;255;75;116m████████████[38;2;66;65;66m██[38;2;232;174;125m██[38;2;0;0;0m██              
  ██[38;2;232;174;125m██████████[38;2;66;65;66m██[38;2;240;0;79m██[38;2;231;251;255m██[38;2;57;166;231m██[38;2;189;214;231m██[38;2;243;0;80m██[38;2;255;75;116m████[38;2;243;0;80m██[38;2;255;231;214m████[38;2;255;109;141m██[38;2;226;0;74m██[38;2;255;75;116m████████[38;2;245;2;80m████[38;2;66;65;66m██[38;2;232;174;125m██[38;2;0;0;0m██              
██[38;2;232;174;125m████[38;2;66;65;66m████[38;2;232;174;125m████[38;2;66;65;66m██[38;2;240;0;79m██[38;2;225;198;189m██[38;2;57;166;231m██[38;2;255;239;231m██[38;2;243;0;80m██[38;2;255;75;116m████[38;2;243;0;80m██[38;2;255;231;214m██[38;2;57;170;239m██[38;2;255;255;247m██[38;2;226;0;74m██[38;2;255;75;116m██████[38;2;243;0;80m██[38;2;245;2;80m████[38;2;66;65;66m██[38;2;232;174;125m██[38;2;0;0;0m██              
██[38;2;232;174;125m██[38;2;66;65;66m████████[38;2;232;174;125m██[38;2;66;65;66m██[38;2;255;64;108m██[38;2;255;255;239m██[38;2;195;193;192m██[38;2;206;247;255m██[38;2;243;0;80m██[38;2;255;75;116m██[38;2;240;0;79m██[38;2;225;198;189m██[38;2;55;172;238m████[38;2;231;251;255m██[38;2;240;0;79m██[38;2;255;75;116m████[38;2;245;2;80m████[38;2;247;0;81m██[38;2;66;65;66m████[38;2;232;174;125m██[38;2;0;0;0m██              
██[38;2;232;174;125m██[38;2;66;65;66m██[38;2;247;0;81m████[38;2;66;65;66m██[38;2;232;174;125m██[38;2;66;65;66m██[38;2;209;0;66m████[38;2;206;247;255m██[38;2;212;0;67m██[38;2;255;75;116m████[38;2;240;0;79m██[38;2;231;251;255m██[38;2;55;172;238m████[38;2;225;198;189m██[38;2;240;0;79m██[38;2;255;75;116m██[38;2;243;0;80m██[38;2;245;2;80m████[38;2;66;65;66m██[38;2;247;0;81m██[38;2;66;65;66m██[38;2;232;174;125m████[38;2;0;0;0m██            
██[38;2;232;174;125m██[38;2;66;65;66m██[38;2;205;0;64m████[38;2;66;65;66m██[38;2;232;174;125m██[38;2;66;65;66m██[38;2;255;68;110m██[38;2;245;2;80m██[38;2;205;0;64m████[38;2;192;191;192m██[38;2;255;255;255m██[38;2;240;0;79m██[38;2;255;243;231m██[38;2;57;170;239m██[38;2;255;231;214m██[38;2;255;0;82m██[38;2;255;74;115m██[38;2;255;75;116m██[38;2;243;0;80m██[38;2;247;0;81m██[38;2;66;65;66m██[38;2;245;2;80m████[38;2;66;65;66m██[38;2;232;174;125m████[38;2;0;0;0m██            
██[38;2;232;174;125m██[38;2;66;65;66m██[38;2;240;0;79m████[38;2;66;65;66m██[38;2;232;174;125m████[38;2;74;60;66m██[38;2;255;68;110m██[38;2;255;75;116m████[38;2;66;65;66m████[38;2;159;0;31m██[38;2;240;0;79m██[38;2;255;231;214m████[38;2;201;0;63m██[38;2;255;74;115m██[38;2;255;75;116m██[38;2;243;0;80m██[38;2;66;65;66m██[38;2;247;0;81m██[38;2;245;2;80m████[38;2;66;65;66m██[38;2;232;174;125m██████[38;2;0;0;0m██          
██[38;2;232;174;125m████[38;2;66;65;66m██[38;2;245;2;80m████[38;2;112;88;90m██[38;2;212;154;105m██[38;2;66;65;66m██[38;2;255;75;116m██[38;2;255;77;117m██[38;2;57;69;74m██[38;2;90;97;107m████[38;2;99;98;104m██[38;2;66;65;66m██[38;2;205;0;64m████[38;2;255;0;82m██[38;2;201;0;63m██[38;2;66;65;66m████[38;2;245;2;80m████[38;2;247;0;81m██[38;2;66;65;66m██[38;2;232;174;125m████[38;2;66;65;66m██[38;2;232;174;125m████[38;2;0;0;0m██        
  ██[38;2;232;174;125m██[38;2;66;65;66m██[38;2;245;2;80m████[38;2;176;0;46m██[38;2;112;88;90m██[38;2;66;65;66m██[38;2;255;75;116m██[38;2;57;69;74m██[38;2;120;92;74m██[38;2;255;214;179m██[38;2;255;203;158m██[38;2;99;98;104m██[38;2;66;65;66m██[38;2;255;75;116m████[38;2;255;74;115m████[38;2;247;0;81m████[38;2;245;2;80m████[38;2;247;0;81m██[38;2;66;65;66m██[38;2;232;174;125m████[38;2;66;65;66m████[38;2;232;174;125m████[38;2;0;0;0m██      
  ██[38;2;232;174;125m████[38;2;112;88;90m██[38;2;176;0;46m██[38;2;204;0;63m██[38;2;240;0;79m██[38;2;66;65;66m██[38;2;247;0;81m██[38;2;66;65;66m██[38;2;255;204;161m██[38;2;247;189;140m████[38;2;237;179;130m██[38;2;191;133;84m██[38;2;66;65;66m██[38;2;255;75;116m██████[38;2;245;2;80m████████[38;2;176;0;46m██[38;2;112;88;90m██[38;2;232;174;125m██████[38;2;66;65;66m██[38;2;232;174;125m████[38;2;247;189;140m██[38;2;0;0;0m██    
    ██[38;2;232;174;125m██[38;2;212;154;105m██[38;2;112;88;90m██[38;2;66;60;66m██[38;2;240;0;79m██[38;2;247;0;81m██[38;2;66;65;66m████[38;2;255;204;161m██[38;2;247;189;140m██[38;2;66;65;66m██[38;2;90;65;57m██[38;2;191;133;84m██[38;2;66;65;66m██[38;2;255;75;116m██████[38;2;245;2;80m████████[38;2;112;88;90m██[38;2;212;154;105m██[38;2;232;174;125m██[38;2;123;65;16m██[38;2;232;174;125m██████[38;2;0;0;0m██[38;2;247;189;140m████[38;2;0;0;0m██  
      ██[38;2;232;174;125m██████[38;2;66;65;66m██████[38;2;247;0;81m██[38;2;66;65;66m██[38;2;232;174;125m████[38;2;99;98;104m████[38;2;66;65;66m██[38;2;255;75;116m██████[38;2;245;2;80m████[38;2;243;0;80m██[38;2;204;0;63m██[38;2;66;65;66m██[38;2;232;174;125m██[38;2;123;65;16m██[38;2;0;0;0m██[38;2;247;189;140m████[38;2;0;0;0m██  ██[38;2;255;231;209m████[38;2;0;0;0m██
        ████[38;2;232;174;125m██████[38;2;66;65;66m██[38;2;247;0;81m████[38;2;82;65;57m██[38;2;186;128;79m██[38;2;99;98;104m██[38;2;66;65;66m██[38;2;255;75;116m██████[38;2;243;0;80m██[38;2;245;2;80m████[38;2;66;60;66m██[38;2;204;0;63m██[38;2;66;65;66m██[38;2;232;174;125m██[38;2;0;0;0m██  ██[38;2;247;189;140m██[38;2;0;0;0m██  ██[38;2;255;231;209m████[38;2;0;0;0m██
            ████[38;2;232;174;125m████[38;2;66;65;66m████████[38;2;112;88;90m██[38;2;176;0;46m██[38;2;255;75;116m████[38;2;255;68;110m██[38;2;253;1;82m██[38;2;240;0;79m████[38;2;66;65;66m████[38;2;232;174;125m████[38;2;0;0;0m██  ██[38;2;255;231;209m████[38;2;0;0;0m██  ████  
                ██[38;2;232;174;125m██████████[38;2;212;154;105m██[38;2;112;88;90m██[38;2;66;65;66m████[38;2;200;0;61m██[38;2;253;1;82m██[38;2;240;0;79m██[38;2;205;0;64m██[38;2;66;65;66m██[38;2;232;174;125m████[38;2;0;0;0m██      ██[38;2;255;231;209m████[38;2;0;0;0m██      
                  ██[38;2;232;174;125m████[38;2;0;0;0m████[38;2;232;174;125m████████[38;2;112;88;90m██[38;2;176;0;46m████[38;2;112;88;90m██[38;2;232;174;125m████[38;2;0;0;0m██        ██[38;2;255;231;209m████[38;2;0;0;0m██      
                    ████    ██████[38;2;232;174;125m██[38;2;212;154;105m██[38;2;112;88;90m████[38;2;212;154;105m██[38;2;232;174;125m██[38;2;0;0;0m██            ████        
                                  ██[38;2;232;174;125m████████[38;2;0;0;0m██                          
                                    ████████                            
[0m