                  [38;2;0;0;0m██[38;2;8;0;4m████[38;2;0;0;0m██        ██████                                        
              ████[38;2;206;73;174m██[38;2;239;162;216m██[38;2;162;108;145m██[38;2;206;73;174m██[38;2;0;0;0m██  ████[38;2;229;208;220m██████[38;2;0;0;0m██      ████                            
            [38;2;24;0;13m██[38;2;172;100;150m██[38;2;206;74;172m██[38;2;229;208;220m██[38;2;165;117;150m██[38;2;231;162;212m████[38;2;77;56;73m██[38;2;16;0;9m██[38;2;240;198;226m██[38;2;206;74;172m████████[38;2;240;198;226m██[38;2;16;0;9m██[38;2;0;4;0m████[38;2;201;184;194m████[38;2;0;4;0m████                        
  [38;2;0;0;0m████  ████[38;2;172;100;150m██[38;2;247;150;219m██[38;2;206;74;172m████[38;2;99;73;89m████[38;2;77;56;73m██[38;2;154;109;143m██[38;2;240;198;226m██[38;2;153;113;138m██[38;2;229;208;220m████████[38;2;153;113;138m██[38;2;240;198;226m██[38;2;57;54;52m██[38;2;201;184;192m██[38;2;201;184;194m████[38;2;201;184;192m██[38;2;57;54;52m██[38;2;0;0;0m██                      
████[38;2;76;70;74m██[38;2;0;0;0m██[38;2;229;208;220m██[38;2;206;74;172m██[38;2;245;198;230m██[38;2;170;94;150m██[38;2;229;206;222m██[38;2;90;81;87m██[38;2;112;104;108m██[38;2;65;59;96m██[38;2;206;74;172m██[38;2;229;208;220m██[38;2;156;109;141m██[38;2;240;198;226m██[38;2;69;63;100m████[38;2;71;65;102m██[38;2;206;81;177m██[38;2;229;208;220m██[38;2;206;74;172m██[38;2;222;182;212m██[38;2;107;56;95m██[38;2;208;178;201m██[38;2;131;76;115m██[38;2;189;40;149m████[38;2;61;55;92m██[38;2;0;8;8m██  [38;2;0;0;0m██████            
    ██[38;2;115;105;113m██[38;2;206;74;172m██[38;2;229;208;220m██[38;2;170;94;150m██[38;2;140;56;121m██[38;2;90;81;87m██[38;2;153;136;147m██[38;2;65;59;96m██[38;2;229;208;220m██[38;2;206;74;172m██[38;2;229;208;220m██[38;2;240;198;226m██[38;2;90;48;81m██[38;2;44;175;160m██[38;2;174;248;211m██[38;2;61;163;141m██[38;2;71;65;102m██[38;2;206;74;172m██[38;2;229;208;220m██[38;2;145;98;133m██[38;2;210;167;200m██[38;2;107;40;87m██[38;2;208;178;201m██[38;2;201;184;192m████[38;2;151;134;143m██[38;2;61;55;92m██[38;2;0;0;0m██[38;2;206;73;174m██[38;2;229;208;220m████[38;2;0;0;0m██          
  ██[38;2;67;61;98m██[38;2;0;0;0m██[38;2;88;76;83m████[38;2;85;79;80m██[38;2;147;126;140m██[38;2;147;128;139m██[38;2;0;0;0m████[38;2;229;208;220m██[38;2;206;74;172m██[38;2;229;208;220m██[38;2;169;99;154m██[38;2;99;40;87m██[38;2;174;248;211m██[38;2;8;24;0m██[38;2;174;248;211m██[38;2;99;97;99m██[38;2;65;59;96m██[38;2;198;56;162m██[38;2;189;40;149m██[38;2;201;184;192m██[38;2;148;48;122m████[38;2;198;56;162m██[38;2;115;83;105m██[38;2;77;56;73m██[38;2;154;109;143m██[38;2;229;208;220m████[38;2;206;74;172m████[38;2;240;198;226m██[38;2;16;0;9m██        
[38;2;0;0;0m██[38;2;67;61;98m██[38;2;0;0;0m██  [38;2;0;4;0m██[38;2;158;136;151m██[38;2;147;126;140m██[38;2;68;62;99m██[38;2;0;0;0m██  ██[38;2;229;208;220m██[38;2;206;74;172m██[38;2;229;208;220m██[38;2;239;158;218m██[38;2;169;99;154m██[38;2;63;45;74m████[38;2;174;248;211m██[38;2;99;97;99m██[38;2;65;59;96m██[38;2;198;56;162m██[38;2;201;184;192m██[38;2;189;40;149m██[38;2;201;184;192m██[38;2;148;48;122m██[38;2;74;97;90m██[38;2;115;83;105m██[38;2;77;56;73m██[38;2;231;162;212m██[38;2;206;74;172m████[38;2;229;208;220m████[38;2;153;113;138m██[38;2;240;198;226m██[38;2;0;0;0m██      
  ██  ██[38;2;67;61;98m██[38;2;0;0;0m████[38;2;66;60;97m██[38;2;0;0;0m██    ██[38;2;223;208;216m██[38;2;198;77;167m██[38;2;228;208;221m████[38;2;206;73;174m████[38;2;65;59;96m████[38;2;189;40;149m██[38;2;201;184;192m████████[38;2;189;40;149m██[38;2;61;55;92m██[38;2;151;134;143m██[38;2;0;0;0m██[38;2;147;128;139m██[38;2;229;208;220m████[38;2;206;74;172m██[38;2;229;208;220m████[38;2;206;74;172m██[38;2;229;208;220m██[38;2;0;0;0m██    
    ██[38;2;67;61;98m██[38;2;0;0;0m██  ██[38;2;66;60;97m██[38;2;0;0;0m██    ██[38;2;223;208;216m██[38;2;223;174;209m██[38;2;189;40;149m████[38;2;201;184;194m████[38;2;189;40;149m████[38;2;201;184;192m██[38;2;189;40;149m████████[38;2;201;184;192m██[38;2;61;55;92m██[38;2;0;8;8m██  [38;2;0;0;0m██[38;2;147;128;139m██[38;2;229;208;220m██[38;2;206;74;172m████████[38;2;229;208;220m██[38;2;0;0;0m██    
    ██[38;2;67;61;98m██[38;2;0;0;0m██    ██        ██[38;2;189;40;149m██[38;2;201;184;192m████[38;2;189;40;149m████[38;2;201;184;192m██[38;2;189;40;149m████[38;2;201;184;192m████[38;2;189;40;149m██[38;2;201;184;192m████[38;2;60;54;91m██[38;2;0;4;0m██  [38;2;0;0;0m██[38;2;123;91;117m██[38;2;222;154;203m██[38;2;165;117;150m██[38;2;231;162;212m████[38;2;165;117;150m██[38;2;223;206;218m██[38;2;0;0;0m██    
      ██                  ██[38;2;189;40;149m████[38;2;201;184;192m████[38;2;189;40;149m██[38;2;201;184;192m████[38;2;189;40;149m████[38;2;201;184;192m████[38;2;65;59;96m██[38;2;89;83;120m██[38;2;60;54;91m██[38;2;0;0;0m██[38;2;67;61;98m██[38;2;74;60;71m██[38;2;172;122;160m██[38;2;99;73;89m████████[38;2;99;89;96m██[38;2;0;0;0m████  
                            ████[38;2;189;40;149m████[38;2;201;184;192m██[38;2;189;40;149m██████[38;2;201;182;195m██[38;2;62;56;93m██[38;2;64;58;95m██[38;2;84;78;115m████[38;2;64;58;95m██[38;2;67;61;98m██[38;2;0;0;0m██[38;2;147;128;137m██[38;2;82;71;74m██[38;2;147;128;139m████████[38;2;66;60;97m██[38;2;0;0;0m██  ██
                                ████[38;2;201;184;192m████[38;2;65;59;96m████[38;2;62;56;93m██[38;2;95;89;126m██[38;2;84;78;115m████[38;2;64;58;95m████[38;2;0;0;0m██  [38;2;0;4;0m██[38;2;147;128;137m██[38;2;147;128;139m██[38;2;65;59;96m██[38;2;0;0;0m████[38;2;66;60;97m██[38;2;0;0;0m██    
                                    ██[38;2;67;61;98m██[38;2;84;78;115m████████[38;2;62;56;93m████[38;2;147;128;137m██[38;2;0;4;0m██    [38;2;0;0;0m██[38;2;66;60;97m██[38;2;0;0;0m██[38;2;66;60;97m██[38;2;0;0;0m██  ██[38;2;67;61;98m██[38;2;0;0;0m██  
                                      ██[38;2;64;58;95m████████[38;2;198;130;178m██[38;2;137;92;123m██[38;2;82;71;74m██[38;2;147;128;137m██[38;2;0;0;0m██  ██[38;2;66;60;97m██[38;2;0;0;0m████[38;2;67;61;98m██[38;2;0;0;0m██  ██    
                                      ██[38;2;189;40;149m██[38;2;201;184;192m██[38;2;189;40;149m██████[38;2;201;184;192m██[38;2;123;69;104m████[38;2;0;0;0m██    ██  ██[38;2;67;61;98m██[38;2;0;0;0m██        
                                    ██[38;2;201;184;192m██[38;2;189;40;149m████[38;2;201;184;192m██[38;2;189;40;149m██[38;2;201;184;192m██[38;2;189;40;149m██[38;2;200;184;193m██[38;2;123;69;104m██[38;2;0;0;0m██          ██          
                                      ██[38;2;216;169;202m████[38;2;189;40;149m██████[38;2;201;184;192m██[38;2;201;182;195m██[38;2;95;90;92m██[38;2;0;0;0m██                      
                                        [38;2;16;0;9m██[38;2;131;94;119m██[38;2;201;184;192m██[38;2;189;40;149m██[38;2;201;184;192m████[38;2;201;182;195m██[38;2;59;53;90m██[38;2;67;61;98m██[38;2;0;0;0m██████                
                                        ██[38;2;201;184;192m██[38;2;189;40;149m██[38;2;201;184;192m██[38;2;131;76;115m██[38;2;208;178;201m██[38;2;65;59;96m██[38;2;229;208;220m████[38;2;206;74;172m████[38;2;229;208;220m██[38;2;0;0;0m██              
                                ████████[38;2;201;184;192m██████[38;2;189;40;149m██[38;2;208;178;201m██[38;2;107;40;87m██[38;2;229;208;220m████[38;2;206;74;172m██[38;2;229;208;220m████[38;2;206;74;172m██[38;2;201;184;192m██[38;2;0;0;0m██            
                              ██[38;2;159;113;146m██[38;2;181;40;145m██[38;2;165;101;147m██[38;2;165;44;134m██[38;2;201;184;192m████[38;2;189;40;149m██[38;2;201;184;192m██[38;2;128;87;118m██[38;2;82;48;75m██[38;2;229;208;220m██[38;2;206;74;172m██[38;2;229;208;220m██[38;2;206;74;172m██[38;2;189;78;158m██[38;2;201;182;195m██[38;2;140;86;123m██[38;2;8;0;4m██            
                          [38;2;0;0;0m██████[38;2;148;150;148m██[38;2;181;40;145m██[38;2;193;184;187m████[38;2;189;40;149m████[38;2;201;184;192m██[38;2;189;40;149m██[38;2;82;48;75m██[38;2;240;194;228m██[38;2;229;208;220m██[38;2;206;74;172m██[38;2;229;208;220m██[38;2;206;74;172m██[38;2;201;182;195m██[38;2;198;40;155m██[38;2;206;130;183m██[38;2;8;0;4m██            
                        [38;2;0;0;0m██      ██[38;2;201;184;192m██[38;2;189;40;149m████[38;2;201;184;192m████[38;2;189;40;149m██[38;2;201;184;192m██[38;2;201;182;195m██[38;2;79;72;78m██[38;2;223;201;213m████[38;2;189;78;158m██[38;2;201;182;195m██[38;2;131;94;119m██[38;2;216;169;202m██[38;2;0;0;0m██              
                        ████      ██[38;2;201;184;192m████[38;2;189;40;149m████[38;2;201;184;192m████[38;2;79;72;78m██[38;2;151;136;146m██[38;2;0;0;0m██[38;2;223;201;213m██[38;2;201;182;195m██[38;2;198;40;155m██[38;2;216;169;202m██[38;2;16;0;9m██                
                          [38;2;0;0;0m██████    ██[38;2;66;60;97m██[38;2;201;184;192m████[38;2;201;182;195m██[38;2;101;91;99m██[38;2;151;134;143m██[38;2;0;8;8m██  [38;2;0;0;0m██[38;2;66;60;97m████[38;2;0;0;0m██                  
                              ██████████[38;2;0;8;8m██[38;2;58;52;89m██[38;2;62;56;93m████[38;2;61;55;92m████[38;2;0;0;0m██[38;2;67;61;98m██[38;2;66;60;97m██[38;2;0;0;0m██                    
                                          ████████████████                      
[0m