                              [38;2;0;4;0m████████                          
                            ██[38;2;156;105;254m██████[38;2;79;67;157m██[38;2;0;4;0m██                        
                          ██[38;2;109;94;191m██[38;2;156;105;254m████[38;2;109;94;191m██[38;2;156;105;255m████[38;2;0;4;0m██                      
                        ██[38;2;156;105;254m████[38;2;109;94;191m████[38;2;156;105;254m██[38;2;156;105;255m████[38;2;156;105;254m██[38;2;0;4;0m██                    
                        ██[38;2;156;105;254m████[38;2;109;94;191m██[38;2;156;105;254m████[38;2;156;105;255m████[38;2;164;114;255m██[38;2;16;12;0m██                    
                      [38;2;0;4;0m██[38;2;156;105;254m████[38;2;109;94;191m██[38;2;156;105;254m██[38;2;109;94;191m██[38;2;156;105;254m██[38;2;156;105;255m████[38;2;65;49;114m██[38;2;118;81;218m██[38;2;0;4;0m██                  
                      ██[38;2;156;105;254m██[38;2;109;94;191m██[38;2;156;105;254m████[38;2;160;106;255m██[38;2;85;81;181m██[38;2;156;105;254m██[38;2;66;65;66m████[38;2;130;86;234m██[38;2;0;4;0m██                  
                      ██[38;2;156;105;254m██[38;2;109;94;191m██[38;2;66;65;66m████[38;2;66;65;74m████[38;2;66;65;66m██████[38;2;130;86;234m██[38;2;0;4;0m██                  
      ██              ██[38;2;82;83;95m████[38;2;82;79;68m████[38;2;82;78;68m████[38;2;85;83;82m████[38;2;66;65;66m██[38;2;130;86;234m██[38;2;71;68;66m██[38;2;0;4;0m██                
    ██[38;2;156;105;254m██[38;2;0;4;0m██          ██[38;2;66;64;66m██[38;2;247;251;255m██[38;2;0;0;16m██[38;2;82;79;68m████[38;2;82;78;68m██[38;2;66;65;66m██[38;2;0;0;0m██[38;2;255;251;247m██[38;2;130;86;234m██[38;2;66;65;66m██[38;2;71;68;66m████[38;2;0;4;0m██              
    [38;2;16;12;0m██[38;2;164;114;255m██[38;2;0;4;0m██  ██      [38;2;8;0;0m██[38;2;68;79;82m██[38;2;66;65;66m██[38;2;156;105;254m██[38;2;66;65;66m██[38;2;82;78;68m██[38;2;68;49;82m██[38;2;239;251;255m██[38;2;0;0;24m██[38;2;239;251;255m██[38;2;130;86;234m██[38;2;66;65;66m██[38;2;82;78;68m████[38;2;0;4;0m██              
  ██[38;2;65;49;114m██[38;2;118;81;218m██[38;2;130;86;234m██[38;2;0;4;0m██[38;2;156;105;254m██[38;2;0;4;0m██  ██[38;2;186;244;230m██[38;2;68;79;82m██[38;2;66;65;66m██[38;2;156;105;254m██[38;2;66;65;66m██[38;2;82;78;68m██[38;2;68;49;82m██[38;2;112;123;139m██[38;2;239;251;255m██[38;2;119;125;139m██[38;2;66;65;66m██[38;2;130;86;234m██[38;2;82;78;68m██[38;2;66;65;66m██[38;2;96;162;147m██[38;2;0;4;0m██            
  ██[38;2;156;105;254m██[38;2;82;81;66m██[38;2;68;92;148m██[38;2;74;60;66m██[38;2;130;86;234m██[38;2;0;4;0m██  ██[38;2;176;250;233m██[38;2;57;65;66m██[38;2;82;78;68m██[38;2;66;65;66m██[38;2;74;69;66m████[38;2;66;65;66m██[38;2;156;105;254m████[38;2;134;97;231m██[38;2;66;65;66m██[38;2;130;86;234m██[38;2;82;78;68m██[38;2;66;65;66m██[38;2;79;162;143m██[38;2;0;0;8m██            
[38;2;0;4;0m██[38;2;156;105;254m████[38;2;82;81;66m██[38;2;143;99;235m██[38;2;68;92;148m██[38;2;0;4;0m██  ██[38;2;176;250;233m██[38;2;116;157;147m██[38;2;176;250;233m██[38;2;66;65;66m████[38;2;156;105;254m██[38;2;74;69;66m██[38;2;156;105;254m██[38;2;66;65;66m██[38;2;156;105;254m██[38;2;66;65;66m██[38;2;130;86;234m██[38;2;66;65;66m██[38;2;82;78;68m██[38;2;66;65;66m██[38;2;51;109;95m████[38;2;0;4;0m██          
██[38;2;156;105;254m██[38;2;82;77;66m██[38;2;137;102;230m██[38;2;130;86;234m████[38;2;0;4;0m██  ██[38;2;176;250;233m████[38;2;88;162;145m██[38;2;74;69;66m██████[38;2;156;105;254m██████[38;2;66;60;74m██[38;2;89;84;179m██[38;2;130;86;234m██[38;2;74;73;66m██[38;2;82;79;70m██[38;2;0;4;0m██[38;2;81;164;145m████[38;2;55;110;97m██[38;2;0;4;0m████      
██[38;2;156;105;254m██████[38;2;130;86;234m██[38;2;0;4;0m██    ██[38;2;176;250;233m██[38;2;88;162;145m████[38;2;176;250;233m██[38;2;74;69;66m██████[38;2;66;65;66m████[38;2;89;84;179m██[38;2;160;106;255m██[38;2;130;86;234m██[38;2;74;73;66m██[38;2;0;4;0m██  ██[38;2;55;110;97m██[38;2;81;164;145m████[38;2;96;162;147m██[38;2;0;4;0m██    
  ██[38;2;164;114;254m████[38;2;137;111;247m██[38;2;66;69;74m██[38;2;0;4;0m██  ██[38;2;115;165;153m██[38;2;158;248;227m██[38;2;106;166;152m██[38;2;176;250;233m██[38;2;66;65;66m██[38;2;82;78;68m████[38;2;74;69;66m██[38;2;156;105;254m██[38;2;89;84;179m██[38;2;160;106;255m██[38;2;71;68;66m████[38;2;0;4;0m██    ██[38;2;109;169;155m██[38;2;52;90;81m██[38;2;45;111;96m██[38;2;176;250;233m██[38;2;0;4;0m██  
    [38;2;16;12;0m██[38;2;65;50;112m██[38;2;66;69;74m██[38;2;132;239;214m██[38;2;176;250;233m██[38;2;0;4;0m██[38;2;173;247;230m████[38;2;106;166;152m██[38;2;0;4;0m██[38;2;176;250;233m████[38;2;66;65;66m██[38;2;82;78;68m██[38;2;74;69;66m████[38;2;89;84;179m██[38;2;74;60;74m██[38;2;71;68;66m██[38;2;0;4;0m██        [38;2;0;8;16m██[38;2;166;248;229m██[38;2;176;250;233m██[38;2;88;157;141m██[38;2;0;4;0m██  
    ██[38;2;176;250;233m██[38;2;88;162;145m██[38;2;176;250;233m██[38;2;109;158;147m██[38;2;49;65;66m██[38;2;176;250;233m████[38;2;0;4;0m██  ██[38;2;176;250;233m████[38;2;66;65;66m██████[38;2;109;94;191m██[38;2;66;65;66m██[38;2;66;64;66m██[38;2;0;4;0m██        [38;2;33;16;0m██[38;2;66;49;82m██[38;2;66;65;66m████[38;2;166;248;229m██[38;2;0;4;8m██
      [38;2;0;4;0m██[38;2;176;250;233m██[38;2;88;162;145m██[38;2;109;158;147m██[38;2;168;250;231m██[38;2;176;250;233m██[38;2;0;4;0m██    ██[38;2;176;250;233m██████[38;2;66;65;66m████████[38;2;0;4;0m██        ██[38;2;169;124;254m██[38;2;66;49;82m██[38;2;156;105;254m████[38;2;86;121;131m██[38;2;0;4;8m██
      [38;2;0;4;0m██[38;2;173;247;230m██[38;2;115;165;153m██[38;2;176;250;233m██[38;2;88;162;145m██[38;2;176;250;233m██[38;2;0;4;0m██      ██[38;2;91;163;146m████[38;2;91;162;145m██[38;2;66;65;66m██████[38;2;0;4;0m██      ██[38;2;156;105;254m██[38;2;82;77;66m██[38;2;147;94;254m██[38;2;85;77;68m████[38;2;130;86;234m██[38;2;0;4;0m██
        ██[38;2;173;247;230m██[38;2;176;250;233m████[38;2;0;4;0m██        ██[38;2;91;163;146m████[38;2;91;162;145m████[38;2;66;65;66m██[38;2;91;162;145m██[38;2;0;4;0m██        ██[38;2;132;95;231m██[38;2;82;77;66m██[38;2;130;86;234m████[38;2;0;4;0m██  
          ██████        [38;2;8;0;0m██[38;2;68;79;82m██[38;2;71;68;65m██[38;2;96;162;147m██[38;2;91;162;145m████[38;2;66;65;66m██[38;2;82;78;68m██[38;2;68;79;82m██[38;2;8;0;0m██        [38;2;0;4;0m████████    
                      ██[38;2;186;244;230m██[38;2;68;79;82m██[38;2;71;68;65m████[38;2;66;65;66m████[38;2;82;78;68m██[38;2;66;65;66m██[38;2;68;79;82m██[38;2;186;244;230m██[38;2;0;4;0m████                
                    [38;2;0;0;0m██[38;2;186;244;230m██[38;2;176;250;233m██████[38;2;66;65;66m██[38;2;82;78;68m████[38;2;74;69;66m██████[38;2;176;250;233m██[38;2;168;250;231m██[38;2;49;65;66m██[38;2;0;4;0m██              
                    [38;2;0;0;0m██[38;2;63;79;82m██[38;2;66;65;66m████[38;2;176;250;233m██[38;2;66;65;66m██[38;2;82;78;68m██[38;2;66;65;66m██[38;2;176;250;233m██[38;2;74;69;66m██████[38;2;109;158;147m████[38;2;96;162;147m██[38;2;0;4;0m████          
                [38;2;8;4;0m████[38;2;176;250;233m██████[38;2;88;162;145m██[38;2;66;65;66m████[38;2;82;78;68m██[38;2;66;65;66m██[38;2;186;244;230m██[38;2;63;79;82m██[38;2;82;78;68m██[38;2;66;65;66m████[38;2;91;162;145m██[38;2;90;162;145m████[38;2;83;165;146m██[38;2;0;4;0m██        
              ██[38;2;181;247;232m██[38;2;68;82;85m██[38;2;82;81;66m████[38;2;176;250;233m████[38;2;91;162;145m██[38;2;66;65;66m██[38;2;82;78;68m██[38;2;66;65;66m██[38;2;0;0;0m████[38;2;82;78;68m████[38;2;66;65;66m██[38;2;91;162;145m██[38;2;90;162;145m██[38;2;105;90;192m██[38;2;57;111;98m██[38;2;0;4;0m██        
            [38;2;0;0;8m██[38;2;164;238;221m██[38;2;176;250;233m████[38;2;180;249;233m████[38;2;173;247;230m██[38;2;115;165;153m██[38;2;71;68;66m████[38;2;82;78;68m██[38;2;0;4;0m██    ██[38;2;82;79;70m██[38;2;49;79;72m██[38;2;96;157;143m██[38;2;109;79;178m██[38;2;161;120;241m██[38;2;109;79;178m██[38;2;161;120;241m██[38;2;0;4;0m██      
          ██[38;2;79;120;110m████[38;2;105;90;192m████[38;2;180;249;233m████[38;2;173;247;230m██[38;2;0;4;0m████[38;2;71;68;66m██[38;2;82;78;68m██[38;2;0;4;0m██      ██████[38;2;0;8;0m████████        
        [38;2;0;4;0m██[38;2;156;105;254m██[38;2;117;81;208m██[38;2;171;124;253m██[38;2;117;81;208m██[38;2;171;124;253m██[38;2;84;121;112m██[38;2;169;243;226m██[38;2;0;4;0m██    ████                              
          ██████████[38;2;0;0;0m████[38;2;0;4;0m██                                      
[0m