                              [38;2;0;0;0m████[38;2;65;65;65m██              
                            [38;2;0;0;0m██[38;2;167;169;154m██[38;2;238;239;230m████[38;2;65;65;65m██            
                          [38;2;0;0;0m██[38;2;238;239;230m████[38;2;167;169;154m██[38;2;238;239;230m████[38;2;0;0;0m████████    
                          ██[38;2;167;169;154m██[38;2;238;239;230m██████[38;2;65;65;65m██[38;2;238;239;230m████████[38;2;0;0;0m██  
                            ████[38;2;238;239;230m████████[38;2;167;169;154m████[38;2;238;239;230m████[38;2;0;0;0m██
                                ██[38;2;238;239;230m██████████[38;2;167;169;154m██[38;2;238;239;230m██[38;2;0;0;0m██
                                ██[38;2;238;239;230m████[38;2;65;65;65m██[38;2;0;0;0m██[38;2;238;239;230m████[38;2;0;0;0m██  
                                ██[38;2;238;239;230m████[38;2;0;0;0m██  ████    
                ████          ██[38;2;238;239;230m██████[38;2;167;169;154m██[38;2;0;0;0m██        
                ██[38;2;238;239;230m██[38;2;0;0;0m██    ████[38;2;238;239;230m████████[38;2;201;202;187m██[38;2;0;0;0m██        
              ██[38;2;167;169;154m██[38;2;238;239;230m██[38;2;167;169;154m██[38;2;0;0;0m████[38;2;238;239;230m████████████[38;2;201;202;187m██[38;2;167;169;154m██[38;2;0;0;0m██      
            ██[38;2;238;239;230m██[38;2;167;169;154m██[38;2;238;239;230m████[38;2;201;202;187m██[38;2;238;239;230m██[38;2;65;65;65m████[38;2;238;239;230m██████[38;2;201;202;187m██████[38;2;0;0;0m██      
          ██[38;2;255;255;255m██[38;2;201;202;187m██[38;2;238;239;230m████████████[38;2;167;169;154m██[38;2;65;65;65m██[38;2;238;239;230m████[38;2;201;202;187m██████[38;2;0;0;0m██      
      ████[38;2;156;115;90m██[38;2;206;214;247m██[38;2;238;239;230m████████[38;2;0;0;0m██[38;2;167;169;154m██[38;2;238;239;230m████[38;2;65;65;65m██[38;2;238;239;230m██[38;2;201;202;187m████████[38;2;0;0;0m██      
  ████[38;2;167;169;154m██[38;2;0;0;0m██[38;2;247;214;156m██[38;2;156;115;90m██[38;2;167;169;154m██[38;2;238;239;230m████[38;2;167;169;154m██[38;2;255;255;255m██[38;2;0;0;0m██[38;2;238;239;230m██[38;2;201;202;187m████[38;2;65;65;65m██[38;2;201;202;187m██████[38;2;167;169;154m██[38;2;0;0;0m██      
██[38;2;167;169;154m████[38;2;0;0;0m██[38;2;238;239;230m██[38;2;65;65;65m██[38;2;156;115;90m██[38;2;238;239;230m██[38;2;0;0;0m██[38;2;156;115;90m██[38;2;214;173;115m██[38;2;0;0;0m██[38;2;156;115;90m██[38;2;201;202;187m██████[38;2;65;65;65m██[38;2;201;202;187m██████[38;2;0;0;0m██        
██[38;2;167;169;154m████[38;2;0;0;0m██[38;2;238;239;230m██[38;2;65;65;65m██[38;2;247;214;156m██[38;2;0;0;0m██[38;2;156;115;90m██[38;2;247;214;156m██████[38;2;214;173;115m██[38;2;156;115;90m██[38;2;201;202;187m██[38;2;167;169;154m██[38;2;65;65;65m████[38;2;201;202;187m██[38;2;167;169;154m██[38;2;0;0;0m██        
  ██[38;2;167;169;154m████[38;2;0;0;0m██[38;2;65;65;65m██[38;2;156;115;90m██[38;2;247;214;156m████████[38;2;65;65;65m██[38;2;247;214;156m██[38;2;156;115;90m██[38;2;167;169;154m██[38;2;65;65;65m██[38;2;201;202;187m██[38;2;167;169;154m██[38;2;65;65;65m██[38;2;0;0;0m██          
    ██████[38;2;156;115;90m██[38;2;247;148;123m██[38;2;156;115;90m████[38;2;247;214;156m██[38;2;65;65;65m██[38;2;238;239;230m██[38;2;65;65;65m██[38;2;167;169;154m██[38;2;65;65;65m██[38;2;201;202;187m██████[38;2;238;239;230m██[38;2;201;202;187m██[38;2;0;0;0m██        
        ██[38;2;247;148;123m██[38;2;156;115;90m██[38;2;247;148;123m████[38;2;156;115;90m██[38;2;0;0;0m██[38;2;238;239;230m██[38;2;65;65;65m██[38;2;0;0;0m██[38;2;201;202;187m██████[38;2;167;169;154m████[38;2;238;239;230m████[38;2;0;0;0m██      
          ██[38;2;247;148;123m████[38;2;156;115;90m██[38;2;0;0;0m██  ████  ██[38;2;201;202;187m████[38;2;238;239;230m████[38;2;167;169;154m██[38;2;238;239;230m██[38;2;0;0;0m██      
            ██████            ████[38;2;238;239;230m██████[38;2;0;0;0m██        
                                  ██████          
[0m