                                  [38;2;0;0;0m████        
                                  ██[38;2;33;128;230m██[38;2;0;0;0m██      
              ████████            ██[38;2;33;128;230m████[38;2;0;0;0m██    
        ██████[38;2;107;123;140m████████[38;2;0;0;0m██          ██[38;2;107;123;140m██[38;2;33;128;230m████[38;2;0;0;0m██  
      ██[38;2;97;190;66m██[38;2;126;244;91m██[38;2;107;123;140m████[38;2;207;68;121m██[38;2;107;123;140m████[38;2;0;0;0m██            ██[38;2;107;123;140m██[38;2;33;128;230m██[38;2;0;0;0m██  
    ██[38;2;126;244;91m██[38;2;97;190;66m██[38;2;126;244;91m██[38;2;97;190;66m██[38;2;126;244;91m██[38;2;207;68;121m██[38;2;107;123;140m██[38;2;90;99;115m██[38;2;0;0;0m██            ██[38;2;107;123;140m██[38;2;33;128;230m████[38;2;0;0;0m██
    ██[38;2;97;190;66m██[38;2;126;244;91m██[38;2;97;190;66m██[38;2;126;244;91m██[38;2;207;68;121m████[38;2;107;123;140m██[38;2;0;0;0m██              ██[38;2;107;123;140m████[38;2;33;128;230m██[38;2;0;0;0m██
  ██[38;2;126;244;91m████[38;2;207;68;121m██[38;2;255;255;255m██[38;2;0;0;0m██[38;2;33;128;230m██[38;2;207;68;121m██[38;2;126;244;91m██[38;2;0;0;0m██  ██████        ██[38;2;107;123;140m██[38;2;0;0;0m██  
  ██[38;2;107;123;140m██[38;2;207;68;121m████[38;2;33;128;230m████[38;2;207;68;121m██[38;2;65;65;65m██[38;2;126;244;91m██[38;2;65;65;65m██[38;2;0;0;0m██[38;2;126;244;91m████[38;2;107;123;140m██[38;2;0;0;0m██  ████  ██[38;2;107;123;140m██[38;2;0;0;0m██
██[38;2;65;65;65m██[38;2;107;123;140m██[38;2;207;68;121m████[38;2;65;65;65m██████[38;2;126;244;91m████[38;2;65;65;65m██[38;2;126;244;91m██[38;2;97;190;66m██[38;2;126;244;91m██[38;2;107;123;140m████[38;2;0;0;0m██[38;2;97;190;66m██[38;2;126;244;91m██[38;2;0;0;0m██[38;2;65;65;65m██[38;2;207;68;121m██[38;2;0;0;0m██
██[38;2;6;101;203m██[38;2;65;65;65m████████[38;2;126;244;91m██████[38;2;90;99;115m██[38;2;107;123;140m██[38;2;65;65;65m██[38;2;126;244;91m██[38;2;107;123;140m██████[38;2;65;65;65m██[38;2;126;244;91m██[38;2;107;123;140m██[38;2;65;65;65m██[38;2;90;99;115m████[38;2;0;0;0m██
██[38;2;6;101;203m██[38;2;0;0;0m██[38;2;6;101;203m██[38;2;33;128;230m██[38;2;65;65;65m██[38;2;126;244;91m████[38;2;90;99;115m████[38;2;107;123;140m██[38;2;65;65;65m██[38;2;107;123;140m██████████[38;2;65;65;65m██[38;2;107;123;140m██[38;2;90;99;115m██[38;2;65;65;65m██[38;2;0;0;0m██  
  ██  ██[38;2;33;128;230m██[38;2;0;0;0m████[38;2;90;99;115m████[38;2;107;123;140m████████████████[38;2;65;65;65m██[38;2;90;99;115m████[38;2;65;65;65m██[38;2;0;0;0m██  
      ██[38;2;33;128;230m██[38;2;0;0;0m██  ██[38;2;107;123;140m██[38;2;90;99;115m████[38;2;107;123;140m██████[38;2;65;65;65m██[38;2;107;123;140m██████[38;2;90;99;115m██████[38;2;0;0;0m██  
        ██    ██[38;2;90;99;115m██[38;2;207;68;121m██[38;2;90;99;115m██[38;2;107;123;140m██████[38;2;65;65;65m██[38;2;107;123;140m████[38;2;90;99;115m██[38;2;65;65;65m██[38;2;90;99;115m██[38;2;0;0;0m██    
            ██[38;2;90;99;115m██[38;2;207;68;121m██[38;2;90;99;115m██[38;2;107;123;140m██████[38;2;90;99;115m██[38;2;65;65;65m██[38;2;90;99;115m██████[38;2;0;0;0m████      
            ██[38;2;207;68;121m████[38;2;90;99;115m████████[38;2;65;65;65m██[38;2;90;99;115m████[38;2;126;244;91m██[38;2;0;0;0m██          
            ██[38;2;207;68;121m██[38;2;90;99;115m██████[38;2;126;244;91m██[38;2;90;99;115m██[38;2;0;0;0m██[38;2;90;99;115m██[38;2;97;190;66m██[38;2;0;0;0m██            
              ██[38;2;90;99;115m████[38;2;97;190;66m██[38;2;65;65;65m██[38;2;0;0;0m██  ████              
                ████████                      
[0m