          [38;2;0;0;0m██                  
        ██[38;2;64;166;166m██[38;2;0;0;0m██                
        ██[38;2;64;166;166m██[38;2;0;0;0m██                
      ██[38;2;65;65;65m██[38;2;64;166;166m████[38;2;0;0;0m████            
    ██[38;2;64;166;166m██[38;2;65;65;65m██[38;2;64;166;166m████[38;2;30;132;132m██[38;2;64;166;166m██[38;2;0;0;0m████        
  ██[38;2;64;166;166m██[38;2;30;132;132m██[38;2;64;166;166m████████████[38;2;30;132;132m██[38;2;0;0;0m██      
██[38;2;30;132;132m██[38;2;64;166;166m██████████████████[38;2;30;132;132m██[38;2;0;0;0m██    
████[38;2;64;166;166m██████████[38;2;0;0;0m██████[38;2;64;166;166m████[38;2;0;0;0m██    
██[38;2;189;165;66m██[38;2;64;166;166m████████[38;2;0;0;0m██[38;2;65;65;65m██[38;2;124;205;214m██[38;2;65;65;65m██[38;2;0;0;0m██[38;2;64;166;166m██[38;2;0;0;0m██    
  ██[38;2;30;132;132m██[38;2;64;166;166m████[38;2;0;0;0m██[38;2;189;165;66m██[38;2;64;166;166m██[38;2;124;205;214m████[38;2;0;0;0m██[38;2;64;166;166m██[38;2;65;65;65m██[38;2;0;0;0m██  
  ██[38;2;30;132;132m████[38;2;0;0;0m████[38;2;247;247;41m██[38;2;64;166;166m██[38;2;124;205;214m██[38;2;0;0;0m██[38;2;64;166;166m██[38;2;65;65;65m██[38;2;64;166;166m████[38;2;0;0;0m██
    ██[38;2;30;132;132m██████[38;2;0;0;0m██████[38;2;30;132;132m██[38;2;65;65;65m██[38;2;30;132;132m████[38;2;64;166;166m██[38;2;0;0;0m██
  ██[38;2;64;166;166m██[38;2;65;65;65m████[38;2;30;132;132m████████████████[38;2;0;0;0m██  
██[38;2;64;166;166m████████[38;2;65;65;65m██████[38;2;30;132;132m████████████[38;2;0;0;0m██
██[38;2;30;132;132m██[38;2;64;166;166m████████[38;2;30;132;132m████████████████[38;2;0;0;0m██
  ██[38;2;30;132;132m██[38;2;64;166;166m████████[38;2;30;132;132m██████[38;2;64;166;166m████[38;2;0;0;0m████  
    ██████[38;2;30;132;132m██[38;2;64;166;166m██████████[38;2;0;0;0m██      
          ██[38;2;30;132;132m██[38;2;64;166;166m██████[38;2;0;0;0m██        
            ████████          
[0m