              [38;2;0;0;0m██████████            
          ████[38;2;149;163;85m██[38;2;151;163;85m████[38;2;151;157;99m██[38;2;104;109;74m██[38;2;0;0;0m████        
        [38;2;7;12;0m██[38;2;85;83;62m██[38;2;115;113;69m████[38;2;151;163;85m████████████[38;2;0;0;0m██      
    ████[38;2;85;83;62m██[38;2;241;226;198m██[38;2;233;222;200m████[38;2;115;114;69m████[38;2;151;163;85m████████[38;2;149;163;85m██[38;2;0;0;0m██    
  ██[38;2;133;124;61m██[38;2;233;222;200m██████[38;2;115;115;68m██[38;2;175;164;117m██[38;2;174;165;118m██[38;2;233;222;200m██[38;2;127;119;89m████[38;2;151;163;85m██[38;2;84;73;61m██[38;2;142;156;88m██[38;2;0;0;0m██    
  ██[38;2;133;124;61m██[38;2;233;222;200m████[38;2;115;113;69m██[38;2;175;164;117m████[38;2;174;165;118m████[38;2;233;222;189m██[38;2;86;92;65m██[38;2;151;163;85m██[38;2;84;73;61m██[38;2;100;110;68m██[38;2;142;156;88m██[38;2;0;0;0m██  
[38;2;0;4;10m██[38;2;60;60;52m██[38;2;233;222;200m██[38;2;122;117;95m██[38;2;233;222;200m██[38;2;66;65;43m██[38;2;116;110;79m██[38;2;174;165;118m██[38;2;173;167;115m████[38;2;104;105;89m██[38;2;65;69;65m██[38;2;151;163;85m██[38;2;84;73;61m██[38;2;151;163;85m████[38;2;0;0;0m██  
[38;2;0;4;10m██[38;2;182;173;138m██[38;2;233;222;200m██[38;2;66;65;43m██[38;2;233;222;200m██[38;2;122;117;95m██[38;2;0;0;0m████[38;2;206;159;0m██[38;2;66;65;66m██[38;2;182;178;137m██[38;2;65;69;65m██[38;2;151;163;85m██████[38;2;84;73;61m██[38;2;0;0;0m██  
  ██[38;2;78;73;66m██[38;2;233;218;201m██[38;2;233;222;200m██[38;2;191;156;0m██[38;2;255;220;0m████[38;2;186;149;0m██[38;2;147;110;0m██[38;2;182;173;127m██[38;2;66;65;54m██[38;2;126;131;71m██[38;2;151;163;85m██[38;2;127;131;84m██[38;2;93;94;68m██[38;2;0;0;0m██  
    ██[38;2;78;73;66m██[38;2;66;65;66m██[38;2;177;169;155m██[38;2;115;115;68m████[38;2;115;116;66m██[38;2;181;176;125m██[38;2;66;65;54m██[38;2;116;122;98m██[38;2;126;131;71m████[38;2;127;131;84m██[38;2;0;0;10m██    
      [38;2;0;0;0m██████[38;2;66;67;66m████[38;2;65;64;66m████[38;2;126;131;74m████████[38;2;0;0;0m██      
              ██[38;2;84;72;63m██████[38;2;126;131;74m████[38;2;0;0;0m██        
                ██[38;2;137;138;107m██[38;2;126;131;74m████[38;2;0;0;0m██          
              ██[38;2;184;165;129m██[38;2;61;55;42m██[38;2;126;131;74m██[38;2;0;0;0m██  ██████    
        ████  ██[38;2;182;173;138m████[38;2;66;65;66m████[38;2;0;4;10m██[38;2;167;148;145m██[38;2;112;94;88m██[38;2;162;137;132m██[38;2;0;0;0m██  
        ██[38;2;105;88;76m██[38;2;0;0;0m██[38;2;66;67;66m██[38;2;233;222;200m████[38;2;233;222;189m██[38;2;162;145;142m██[38;2;60;60;56m████[38;2;66;65;43m██[38;2;233;218;177m██[38;2;233;222;200m██[38;2;0;0;0m██
          ██[38;2;105;88;76m████[38;2;78;73;66m██[38;2;233;218;201m██[38;2;233;221;200m████[38;2;158;132;123m████[38;2;233;222;200m██████[38;2;0;0;0m██
            ████████[38;2;233;221;200m████[38;2;158;132;123m██[38;2;233;222;200m████[38;2;0;0;0m████  
                    ██████████      
[0m