                                [38;2;0;0;0m██████    
  ██████████                ████[38;2;84;135;143m██[38;2;255;89;66m████[38;2;0;0;0m██  
██[38;2;255;247;0m██[38;2;255;89;66m████████[38;2;0;0;0m██████      ████[38;2;45;84;104m████[38;2;84;135;143m████[38;2;255;89;66m████[38;2;0;0;0m██
[38;2;8;0;8m██[38;2;255;223;16m██[38;2;156;48;66m██[38;2;189;113;44m██[38;2;255;90;66m████[38;2;200;107;52m████[38;2;255;142;41m██[38;2;0;0;0m██████[38;2;45;84;104m██[38;2;84;135;143m██[38;2;85;137;144m████[38;2;27;67;86m██[38;2;128;50;43m██[38;2;86;138;145m██[38;2;0;0;0m██  
[38;2;8;0;8m██[38;2;131;111;12m██[38;2;255;243;0m████[38;2;255;90;66m██[38;2;255;247;0m██[38;2;173;44;74m██[38;2;255;235;8m██[38;2;255;142;41m████[38;2;86;138;145m████[38;2;84;135;143m██[38;2;45;84;104m██[38;2;85;137;144m████[38;2;8;12;16m██[38;2;189;69;57m██[38;2;0;0;0m██    
  ██[38;2;247;158;41m██████[38;2;189;56;41m██[38;2;255;247;0m████[38;2;189;57;41m████[38;2;189;56;41m██[38;2;85;137;144m██[38;2;84;135;143m██[38;2;44;83;103m██[38;2;120;47;38m██[38;2;0;4;0m██  [38;2;0;0;0m██      
██[38;2;247;158;41m████[38;2;66;65;66m██[38;2;247;158;41m██[38;2;189;56;41m██████[38;2;189;57;41m████[38;2;189;56;41m██[38;2;85;137;144m██[38;2;0;0;0m████[38;2;181;69;57m██[38;2;0;4;0m██          
  [38;2;0;0;0m██████[38;2;247;158;41m████[38;2;0;0;0m████[38;2;189;56;41m████[38;2;120;47;38m██[38;2;0;4;0m██    [38;2;0;0;0m██            
        ████    ████[38;2;181;69;57m██[38;2;0;4;0m██                  
                    [38;2;0;0;0m██                    
[0m