                    [38;2;0;0;0m██████████                      
      ████      ████[38;2;255;254;164m██████████[38;2;0;0;0m██[38;2;0;4;0m████[38;2;0;0;0m████            
    ██[38;2;160;140;0m████[38;2;0;0;0m██████[38;2;255;254;164m████[38;2;66;64;63m██████[38;2;255;254;164m██████[38;2;255;249;160m██[38;2;96;98;42m██[38;2;255;254;164m████[38;2;0;0;0m████        
    [38;2;0;0;25m██[38;2;163;141;0m██[38;2;160;140;0m████[38;2;197;171;0m██[38;2;66;64;63m██████[38;2;160;140;0m██[38;2;194;169;0m██[38;2;169;147;0m██[38;2;76;65;62m██[38;2;255;252;161m████[38;2;255;254;164m██[38;2;255;237;62m██[38;2;66;64;63m██[38;2;255;252;161m██[38;2;255;254;164m████[38;2;0;0;0m██████  
      [38;2;103;76;14m██[38;2;194;169;0m████[38;2;197;171;0m██████[38;2;66;64;63m██[38;2;194;169;0m██[38;2;160;140;0m██[38;2;200;172;0m██[38;2;76;65;62m██[38;2;255;252;161m████[38;2;255;237;62m████[38;2;66;64;63m██[38;2;235;228;84m██[38;2;255;237;62m██[38;2;255;254;164m██[38;2;228;212;63m██[38;2;230;209;65m██[38;2;212;187;0m██[38;2;0;0;0m██
    ██[38;2;255;249;190m██[38;2;232;221;98m██[38;2;197;171;0m██[38;2;216;190;33m████[38;2;224;196;31m████[38;2;168;158;72m██[38;2;75;76;35m██[38;2;255;232;62m██[38;2;66;64;63m██[38;2;255;254;164m██[38;2;255;237;62m██████[38;2;180;163;49m██[38;2;84;71;35m██[38;2;252;214;59m██████[38;2;0;0;0m████  
  ██[38;2;255;249;190m████[38;2;255;254;164m████[38;2;218;211;147m██[38;2;239;232;173m██[38;2;255;245;205m████[38;2;234;223;120m██[38;2;181;173;92m██[38;2;66;64;63m██[38;2;255;232;62m██[38;2;255;237;62m██████[38;2;235;193;19m██[38;2;255;236;82m██[38;2;0;12;8m██[38;2;0;0;0m██████      
  ██[38;2;157;136;72m████[38;2;142;137;79m██[38;2;225;223;127m██[38;2;255;255;246m██[38;2;8;0;0m██[38;2;255;255;255m████[38;2;239;213;40m██[38;2;255;237;62m██[38;2;66;64;63m██[38;2;255;232;62m██[38;2;255;237;62m████[38;2;255;228;61m██[38;2;204;171;50m██[38;2;252;214;59m██[38;2;0;0;0m██            
██[38;2;210;180;94m██[38;2;255;245;132m████[38;2;255;231;148m██[38;2;142;137;79m██[38;2;133;128;121m██[38;2;255;255;246m██[38;2;255;255;255m████[38;2;239;213;40m██[38;2;235;193;19m██[38;2;255;232;62m████[38;2;235;193;19m██[38;2;255;237;62m██[38;2;70;64;56m██[38;2;255;228;61m██[38;2;0;0;0m██              
██[38;2;255;245;132m██████████[38;2;255;240;132m██[38;2;158;130;70m██[38;2;255;246;233m██[38;2;212;203;132m██[38;2;239;209;40m██[38;2;255;232;62m██████[38;2;255;248;79m██[38;2;192;169;34m██[38;2;0;0;0m████                
  ██[38;2;255;245;132m████[38;2;157;136;72m██[38;2;255;245;132m██[38;2;209;188;97m████[38;2;137;130;63m██[38;2;149;142;92m██[38;2;66;64;63m██[38;2;255;232;62m██████[38;2;255;248;79m██[38;2;9;5;0m██                    
    [38;2;0;0;0m████[38;2;210;180;94m██████[38;2;0;0;0m████[38;2;66;64;63m██[38;2;229;185;22m████[38;2;255;232;62m████[38;2;252;214;59m██[38;2;0;0;0m██                    
        ██████    ██[38;2;255;255;255m██[38;2;229;185;22m██[38;2;255;232;62m████[38;2;0;0;0m██                      
                    ████████                        
[0m