            [38;2;0;0;0m████████            
        ████[38;2;210;193;154m████████[38;2;0;0;0m████        
      ██[38;2;65;65;65m██[38;2;210;193;154m██████████[38;2;170;170;170m██[38;2;148;148;148m██[38;2;0;0;0m██      
      ██[38;2;225;225;225m██[38;2;151;151;151m██[38;2;210;193;154m██[38;2;166;145;108m██[38;2;151;151;151m████[38;2;65;65;65m██[38;2;170;170;170m██[38;2;0;0;0m██      
    ██[38;2;210;193;154m██[38;2;225;225;225m██[38;2;169;169;169m████[38;2;225;225;225m██[38;2;240;240;240m████[38;2;138;138;138m██[38;2;65;65;65m██[38;2;148;148;148m██[38;2;0;0;0m██    
    ██[38;2;210;193;154m██[38;2;225;225;225m██[38;2;118;118;118m██[38;2;189;189;189m██[38;2;240;240;240m██[38;2;194;194;194m██[38;2;240;240;240m████[38;2;65;65;65m██[38;2;148;148;148m██[38;2;0;0;0m██    
    ██[38;2;225;225;225m████[38;2;65;65;65m██[38;2;240;240;240m██[38;2;210;193;154m██[38;2;0;0;0m██[38;2;210;193;154m██[38;2;240;240;240m██[38;2;65;65;65m██[38;2;148;148;148m██[38;2;0;0;0m██    
████[38;2;65;65;65m██[38;2;225;225;225m██[38;2;65;65;65m████[38;2;225;225;225m██[38;2;210;193;154m██[38;2;0;0;0m██[38;2;210;193;154m██[38;2;240;240;240m██[38;2;65;65;65m██[38;2;148;148;148m██[38;2;0;0;0m██    
██[38;2;113;113;113m██[38;2;230;0;0m██[38;2;65;65;65m████[38;2;113;113;113m██[38;2;65;65;65m██[38;2;225;225;225m██[38;2;210;193;154m██[38;2;175;175;175m██[38;2;121;121;121m██[38;2;68;68;68m██[38;2;65;65;65m██[38;2;0;0;0m████  
  ██[38;2;230;0;0m██[38;2;113;113;113m██[38;2;77;77;77m██[38;2;113;113;113m██[38;2;68;68;68m██[38;2;65;65;65m████[38;2;113;113;113m██[38;2;77;77;77m██[38;2;68;68;68m██████[38;2;0;0;0m██  
  ██[38;2;113;113;113m██████████[38;2;77;77;77m██[38;2;113;113;113m██████[38;2;68;68;68m████[38;2;0;0;0m██    
  ██[38;2;113;113;113m██[38;2;0;0;0m████[38;2;113;113;113m██████████[38;2;230;0;0m████[38;2;68;68;68m██[38;2;0;0;0m██    
██[38;2;113;113;113m████[38;2;0;0;0m████[38;2;113;113;113m██[38;2;214;165;74m████[38;2;113;113;113m████[38;2;230;0;0m████[38;2;68;68;68m████[38;2;0;0;0m██  
████[38;2;65;65;65m██[38;2;113;113;113m██████[38;2;214;165;74m████[38;2;113;113;113m██████[38;2;68;68;68m████████[38;2;0;0;0m██
    ██[38;2;113;113;113m██[38;2;0;0;0m████[38;2;113;113;113m██████[38;2;68;68;68m██[38;2;0;0;0m██[38;2;113;113;113m██[38;2;77;77;77m██[38;2;0;0;0m████  
    ████    ██[38;2;113;113;113m██[38;2;0;0;0m████  ████      
              ██                
[0m