          [38;2;0;0;0m████                        
        ██[38;2;197;117;204m████[38;2;0;0;0m██████                  
    ████[38;2;161;79;169m████[38;2;230;158;235m████████[38;2;0;0;0m██████            
  ██[38;2;255;255;255m██[38;2;65;65;65m██[38;2;230;158;235m██████████[38;2;161;79;169m██[38;2;230;158;235m████[38;2;65;65;65m██[38;2;0;0;0m██          
  ██[38;2;65;65;65m██[38;2;230;158;235m██████████████████[38;2;65;65;65m██[38;2;230;158;235m██[38;2;0;0;0m██        
██[38;2;230;158;235m██[38;2;197;117;204m██[38;2;230;158;235m██████[38;2;255;255;255m██[38;2;65;65;65m██[38;2;230;158;235m██████[38;2;161;79;169m██[38;2;230;158;235m████[38;2;0;0;0m██        
██[38;2;65;65;65m██[38;2;230;158;235m████[38;2;123;123;123m██[38;2;230;158;235m██[38;2;65;65;65m██[38;2;0;0;0m██[38;2;230;158;235m████████[38;2;255;255;255m██[38;2;230;158;235m████[38;2;0;0;0m██      
██[38;2;222;222;222m██[38;2;65;65;65m████[38;2;230;158;235m████████[38;2;65;65;65m██[38;2;230;158;235m██████[38;2;255;255;255m████[38;2;230;158;235m██[38;2;0;0;0m██      
██[38;2;222;222;222m██[38;2;65;65;65m██[38;2;255;230;173m██[38;2;65;65;65m██[38;2;123;123;123m██[38;2;65;65;65m████[38;2;255;230;173m██[38;2;197;117;204m██[38;2;230;158;235m██████[38;2;255;255;255m██[38;2;197;117;204m██[38;2;0;0;0m██████  
  ██[38;2;255;230;173m████[38;2;65;65;65m██[38;2;255;255;255m██[38;2;65;65;65m██[38;2;255;230;173m██████[38;2;197;117;204m██[38;2;230;158;235m████[38;2;197;117;204m████[38;2;65;65;65m██[38;2;197;117;204m████[38;2;0;0;0m██
    ██[38;2;255;230;173m████[38;2;65;65;65m██[38;2;255;230;173m████████[38;2;161;79;169m██[38;2;197;117;204m██[38;2;222;222;222m██[38;2;197;117;204m████[38;2;65;65;65m██[38;2;197;117;204m████[38;2;0;0;0m██
  ██[38;2;65;65;65m██[38;2;222;197;123m██[38;2;255;230;173m██████████[38;2;222;197;123m████[38;2;161;79;169m██[38;2;197;117;204m████[38;2;65;65;65m██[38;2;197;117;204m████[38;2;0;0;0m██  
  ██[38;2;181;148;99m██[38;2;65;65;65m██[38;2;222;197;123m██[38;2;255;230;173m████[38;2;222;197;123m██████[38;2;65;65;65m██[38;2;161;79;169m██[38;2;197;117;204m██[38;2;222;222;222m██[38;2;65;65;65m██[38;2;0;0;0m████    
    ████████[38;2;222;197;123m██[38;2;65;65;65m██[38;2;222;197;123m████[38;2;255;230;173m██[38;2;65;65;65m██[38;2;197;117;204m██[38;2;0;0;0m████        
            ██████[38;2;255;230;173m██████[38;2;0;0;0m██            
                  ██████              
[0m