                      [38;2;0;0;0m████        ████████                
                  ████[38;2;127;204;210m████[38;2;0;0;0m██  ████[38;2;127;204;210m████████[38;2;0;0;0m████            
                ██[38;2;124;210;211m████[38;2;126;208;210m████[38;2;177;142;180m██[38;2;0;0;0m██[38;2;151;229;235m████[38;2;151;225;235m████[38;2;127;204;210m████████[38;2;0;0;0m██          
            ████[38;2;127;204;210m██[38;2;150;226;236m████[38;2;126;208;210m████[38;2;177;142;180m████[38;2;176;152;163m██[38;2;151;229;235m██[38;2;151;225;235m████[38;2;0;0;0m████████            
          ██[38;2;143;221;226m██[38;2;124;210;211m████[38;2;179;180;240m██[38;2;230;82;213m██[38;2;151;229;235m████[38;2;213;96;144m██[38;2;173;166;252m██[38;2;225;83;186m██[38;2;146;231;236m██[38;2;141;234;237m██[38;2;150;206;209m██[38;2;143;221;226m██[38;2;0;0;0m██                
        ██[38;2;143;221;226m████[38;2;150;226;236m████[38;2;230;82;213m██[38;2;179;180;240m██[38;2;230;82;205m██[38;2;151;229;235m██[38;2;212;121;219m██[38;2;213;96;144m██[38;2;179;150;188m██[38;2;146;231;236m██[38;2;141;234;237m██[38;2;167;154;159m██[38;2;143;221;226m████[38;2;0;0;0m██████          
        ██[38;2;124;210;211m██[38;2;150;226;236m██[38;2;151;225;235m████[38;2;167;210;232m██[38;2;122;115;145m██[38;2;151;225;235m████████████[38;2;178;150;183m██[38;2;220;84;184m██[38;2;176;152;163m██[38;2;151;229;235m██[38;2;151;225;235m████[38;2;151;229;235m██[38;2;0;0;0m██        
      ██[38;2;127;204;210m██[38;2;150;226;236m████[38;2;151;225;235m████[38;2;119;72;130m██[38;2;167;210;232m██[38;2;151;225;235m████████████[38;2;143;226;218m██[38;2;178;150;183m██[38;2;151;229;235m████[38;2;151;225;235m████[38;2;151;229;235m████[38;2;0;0;0m██      
      ██[38;2;151;181;185m██[38;2;178;150;183m██[38;2;143;226;218m██[38;2;151;229;235m██[38;2;138;109;147m██[38;2;74;97;112m██[38;2;151;229;235m██[38;2;151;225;235m████████████[38;2;151;229;235m████[38;2;88;87;103m██[38;2;189;185;209m██[38;2;146;231;236m██[38;2;179;150;188m██[38;2;213;96;144m██[38;2;212;121;219m██[38;2;138;212;227m██[38;2;0;0;0m██    
      ██[38;2;151;181;185m██[38;2;220;84;184m██[38;2;178;150;183m██[38;2;138;109;147m████[38;2;100;140;153m██[38;2;151;229;235m██[38;2;151;225;235m████████████[38;2;106;125;136m████[38;2;139;135;156m██[38;2;88;87;103m██[38;2;146;231;236m██[38;2;225;83;186m██[38;2;173;166;252m██[38;2;213;96;144m██[38;2;138;212;227m██[38;2;0;0;0m██    
████  ██[38;2;151;229;235m██[38;2;176;152;163m██[38;2;151;229;235m██[38;2;108;117;135m██[38;2;210;109;202m██[38;2;116;113;134m██[38;2;188;183;219m██[38;2;151;229;235m████[38;2;187;185;209m██[38;2;110;76;90m██[38;2;84;82;91m████[38;2;230;82;222m████[38;2;139;135;156m██[38;2;88;87;103m██[38;2;141;234;237m██[38;2;167;154;159m██[38;2;230;82;185m██[38;2;171;138;178m██[38;2;126;208;210m████[38;2;0;0;0m██  
██[38;2;127;204;210m██[38;2;0;0;0m██[38;2;75;114;118m██[38;2;151;229;235m██████[38;2;108;117;135m██[38;2;255;110;207m██[38;2;153;148;176m██[38;2;93;78;100m██[38;2;151;229;235m██[38;2;84;82;91m██[38;2;110;76;90m██[38;2;144;131;152m██[38;2;84;82;91m██[38;2;230;82;222m██[38;2;84;82;91m██[38;2;230;82;222m██[38;2;88;87;103m██[38;2;189;185;209m██[38;2;141;234;237m██[38;2;150;206;209m██[38;2;124;210;211m████[38;2;126;208;210m████[38;2;0;0;0m██  
██[38;2;124;210;211m██[38;2;150;226;236m██[38;2;67;107;120m██[38;2;151;229;235m████[38;2;106;125;136m██[38;2;151;217;235m██[38;2;96;139;154m██[38;2;247;118;215m██[38;2;70;106;116m██[38;2;151;229;235m██[38;2;77;95;105m██[38;2;208;97;202m██[38;2;87;79;95m██[38;2;255;114;246m██[38;2;208;97;202m██[38;2;77;95;105m██[38;2;230;82;222m██[38;2;67;107;120m██[38;2;151;229;235m██████[38;2;174;144;180m██[38;2;127;210;202m██[38;2;127;204;210m████[38;2;0;0;0m██  
██[38;2;150;226;236m████[38;2;151;229;235m██[38;2;67;107;120m██[38;2;151;229;235m██[38;2;106;125;136m██[38;2;69;100;113m████[38;2;247;118;215m██[38;2;70;106;116m██[38;2;151;229;235m██[38;2;77;95;105m██[38;2;87;79;95m██[38;2;255;114;246m██[38;2;87;79;95m████[38;2;230;82;222m██[38;2;77;95;105m██[38;2;151;229;235m██████[38;2;176;152;163m██[38;2;228;89;186m██[38;2;174;144;180m██[38;2;0;0;0m██[38;2;127;204;210m████[38;2;0;0;0m██
  ██[38;2;151;229;235m██[38;2;212;121;219m██[38;2;213;96;144m██[38;2;204;117;192m██[38;2;108;105;126m██[38;2;209;99;199m██[38;2;85;92;110m██[38;2;247;118;238m████[38;2;70;106;116m████[38;2;247;118;215m██[38;2;79;94;101m██[38;2;181;166;199m██[38;2;70;107;120m██[38;2;67;107;120m██[38;2;151;229;235m██[38;2;151;225;235m████[38;2;150;226;236m██[38;2;124;210;211m██[38;2;178;151;161m██[38;2;125;211;209m██[38;2;0;0;0m████[38;2;127;204;210m██[38;2;0;0;0m██
  ██[38;2;151;229;235m██[38;2;213;96;144m██[38;2;173;166;252m██[38;2;204;117;192m██[38;2;66;112;124m██[38;2;209;99;199m██[38;2;255;118;205m██[38;2;247;118;238m████[38;2;247;118;215m██████[38;2;79;94;101m██[38;2;70;107;120m██[38;2;181;166;199m██[38;2;151;229;235m██[38;2;67;107;120m██[38;2;151;225;235m████[38;2;150;226;236m██[38;2;124;210;211m██[38;2;125;211;209m████[38;2;0;0;0m██  ████
  ██[38;2;127;204;210m██[38;2;171;138;178m██[38;2;230;82;185m██[38;2;137;172;186m██[38;2;85;92;110m██[38;2;247;118;215m████[38;2;67;107;120m████[38;2;70;106;116m██[38;2;247;118;215m██[38;2;255;118;215m██[38;2;80;95;111m██[38;2;230;82;222m██[38;2;67;107;120m████[38;2;230;82;222m██[38;2;67;107;120m██[38;2;151;229;235m██[38;2;124;210;211m████[38;2;125;211;209m████[38;2;0;0;0m██    ██
    ██[38;2;124;210;211m████[38;2;164;211;222m████[38;2;70;106;116m████[38;2;151;229;235m████[38;2;70;106;116m██[38;2;247;118;215m██[38;2;255;118;215m██[38;2;198;108;194m██[38;2;230;82;222m████████[38;2;67;107;120m██[38;2;151;229;235m██[38;2;171;138;178m██[38;2;230;82;185m██[38;2;178;151;161m██[38;2;125;211;209m██[38;2;0;0;0m██      
      ██[38;2;127;204;210m██[38;2;135;213;218m████[38;2;150;226;236m████[38;2;151;229;235m██[38;2;106;125;136m██[38;2;105;122;139m██[38;2;70;107;120m██[38;2;255;114;207m██[38;2;202;100;196m██[38;2;70;107;120m████[38;2;223;94;184m██[38;2;66;112;124m██[38;2;106;125;136m██[38;2;127;204;210m██[38;2;213;96;144m██[38;2;173;166;252m██[38;2;204;117;192m██[38;2;0;0;0m██        
        ████[38;2;135;213;218m██[38;2;124;210;211m██[38;2;150;226;236m██[38;2;106;125;136m████[38;2;105;122;139m████[38;2;74;97;112m████[38;2;105;122;139m████[38;2;66;112;124m██[38;2;106;100;121m██[38;2;106;125;136m████[38;2;212;121;219m██[38;2;213;96;144m██[38;2;204;117;192m██[38;2;0;0;0m██        
            ██[38;2;62;102;109m██[38;2;125;204;220m██[38;2;106;126;136m████[38;2;170;176;232m██[38;2;230;82;205m██[38;2;91;201;198m██[38;2;126;124;149m██[38;2;106;126;136m████[38;2;106;125;136m████[38;2;38;47;40m██[38;2;108;129;135m██[38;2;127;204;210m████[38;2;0;0;0m██          
              ████[38;2;106;126;136m████[38;2;230;82;205m██[38;2;170;176;232m██[38;2;194;70;190m██[38;2;126;124;149m██[38;2;106;126;136m████[38;2;106;125;136m██[38;2;48;49;49m██[38;2;6;8;0m██[38;2;108;129;135m██[38;2;0;0;0m████            
              ██[38;2;127;204;210m██[38;2;106;126;136m████[38;2;91;201;198m██[38;2;194;70;190m██[38;2;135;200;218m██[38;2;96;123;137m██[38;2;105;105;130m██[38;2;48;49;49m████[38;2;133;130;170m██[38;2;0;0;0m████                
            ██[38;2;127;204;210m████[38;2;106;126;136m████[38;2;126;124;149m████[38;2;96;123;137m██[38;2;48;47;59m██[38;2;48;49;49m██[38;2;133;133;170m██[38;2;133;130;170m████[38;2;105;127;136m████[38;2;0;0;0m██              
              ██████[38;2;48;49;49m████████[38;2;133;133;170m██[38;2;133;131;167m████[38;2;105;127;136m████[38;2;103;120;136m██[38;2;0;0;0m██                
                    ██[38;2;106;125;136m████[38;2;105;105;130m████[38;2;104;123;140m████[38;2;105;127;136m██[38;2;0;0;0m████                  
                      ██████████████                      
[0m