              [38;2;0;0;0m████                
            ██[38;2;200;209;183m██[38;2;107;116;90m██[38;2;0;0;0m██              
            ██[38;2;200;209;183m██[38;2;107;116;90m██[38;2;0;0;0m██              
          ██[38;2;139;148;122m██[38;2;200;209;183m██[38;2;107;116;90m██[38;2;139;148;122m██[38;2;0;0;0m██            
  ██████  ██[38;2;200;209;183m██[38;2;107;116;90m██[38;2;139;148;122m████[38;2;0;0;0m██            
██[38;2;200;209;183m██[38;2;139;148;122m██[38;2;107;116;90m██[38;2;0;0;0m████[38;2;200;209;183m██[38;2;107;116;90m██[38;2;139;148;122m██████[38;2;0;0;0m██████████  
██[38;2;139;148;122m██[38;2;200;209;183m██████[38;2;139;148;122m██[38;2;65;65;65m████[38;2;139;148;122m████[38;2;0;0;0m██[38;2;139;148;122m██[38;2;200;209;183m████████[38;2;0;0;0m██
  ██[38;2;139;148;122m██[38;2;200;209;183m██[38;2;65;65;65m████[38;2;247;230;74m████[38;2;65;65;65m████[38;2;200;209;183m████████[38;2;107;116;90m████[38;2;0;0;0m██
  ██[38;2;107;116;90m██[38;2;65;65;65m██[38;2;247;230;74m██[38;2;173;165;82m██[38;2;247;230;74m██[38;2;173;165;82m██[38;2;247;230;74m████[38;2;65;65;65m██[38;2;200;209;183m██[38;2;107;116;90m████[38;2;139;148;122m██[38;2;0;0;0m██  
    ██[38;2;65;65;65m██[38;2;247;230;74m██[38;2;65;65;65m██████[38;2;247;230;74m██[38;2;173;165;82m██[38;2;65;65;65m██[38;2;107;116;90m██[38;2;139;148;122m████[38;2;0;0;0m██    
    ██[38;2;247;230;74m██[38;2;65;65;65m██[38;2;11;138;211m██[38;2;186;229;255m██[38;2;11;138;211m██[38;2;65;65;65m██[38;2;247;230;74m████[38;2;65;65;65m██[38;2;139;148;122m██[38;2;0;0;0m██      
    ██[38;2;247;230;74m██[38;2;65;65;65m██[38;2;186;229;255m██[38;2;255;255;255m██[38;2;45;172;245m██[38;2;65;65;65m██[38;2;247;230;74m████[38;2;65;65;65m██[38;2;139;148;122m██[38;2;0;0;0m██      
  ██[38;2;139;148;122m██[38;2;65;65;65m████[38;2;11;138;211m██[38;2;45;172;245m██[38;2;11;138;211m██[38;2;65;65;65m██[38;2;173;165;82m██[38;2;65;65;65m██[38;2;107;116;90m████[38;2;0;0;0m██      
  ██[38;2;139;148;122m██[38;2;65;65;65m██[38;2;173;165;82m██[38;2;65;65;65m██████[38;2;173;165;82m████[38;2;65;65;65m██[38;2;139;148;122m██[38;2;107;116;90m██[38;2;0;0;0m██      
  ██[38;2;107;116;90m████[38;2;0;0;0m████[38;2;173;165;82m████[38;2;0;0;0m████[38;2;139;148;122m██████[38;2;107;116;90m██[38;2;0;0;0m██    
    ████    ████    ████[38;2;139;148;122m████[38;2;0;0;0m██    
                        ████      
[0m