                [38;2;0;0;0m██████                      
              ████[38;2;115;78;60m██[38;2;65;65;65m██[38;2;0;0;0m██                    
                  ██[38;2;115;78;60m██[38;2;65;65;65m██[38;2;0;0;0m██                  
                  ██[38;2;115;78;60m████[38;2;0;0;0m██                  
                ██[38;2;115;78;60m██████[38;2;0;0;0m██                  
              ████[38;2;65;65;65m██[38;2;115;78;60m██[38;2;65;65;65m██[38;2;0;0;0m██                  
          ████[38;2;115;78;60m██████[38;2;65;65;65m██[38;2;0;0;0m██                ████
        ██[38;2;157;118;98m████[38;2;115;78;60m████████[38;2;0;0;0m██            ████[38;2;214;214;214m██[38;2;0;0;0m██
      ██[38;2;157;118;98m████████[38;2;115;78;60m████████[38;2;0;0;0m██      ████[38;2;214;214;214m██████[38;2;0;0;0m██
      ██[38;2;255;255;255m██[38;2;157;118;98m████[38;2;115;78;60m████[38;2;255;255;255m██[38;2;115;78;60m████[38;2;0;0;0m██    ██[38;2;115;78;60m██[38;2;214;214;214m██████[38;2;115;78;60m██[38;2;0;0;0m██
    ██[38;2;189;153;133m██[38;2;214;121;58m██[38;2;255;255;255m████[38;2;0;0;0m██[38;2;255;255;255m██[38;2;189;153;133m██[38;2;115;78;60m████[38;2;0;0;0m██  ██[38;2;115;78;60m██[38;2;189;153;133m██[38;2;214;214;214m████[38;2;115;78;60m██[38;2;0;0;0m██  
    ██[38;2;214;121;58m██[38;2;247;191;41m████[38;2;255;255;255m██[38;2;0;0;0m██[38;2;255;255;255m██[38;2;115;78;60m████████[38;2;0;0;0m██[38;2;115;78;60m████[38;2;214;214;214m████[38;2;115;78;60m████[38;2;0;0;0m██  
  ██[38;2;65;65;65m████[38;2;247;191;41m████[38;2;214;121;58m██[38;2;255;255;255m██[38;2;115;78;60m████████████[38;2;65;65;65m██[38;2;115;78;60m██[38;2;214;214;214m██[38;2;115;78;60m██████[38;2;0;0;0m██  
██████[38;2;214;121;58m██████[38;2;255;255;255m██████[38;2;115;78;60m██████████[38;2;65;65;65m██████[38;2;115;78;60m████[38;2;0;0;0m██    
      ██[38;2;255;255;255m██████[38;2;115;78;60m██[38;2;189;153;133m██[38;2;255;255;255m██[38;2;115;78;60m██████████[38;2;65;65;65m██[38;2;115;78;60m██[38;2;65;65;65m██[38;2;0;0;0m██      
      ██[38;2;65;65;65m██[38;2;255;255;255m██[38;2;65;65;65m██[38;2;115;78;60m██████[38;2;65;65;65m██[38;2;115;78;60m████[38;2;157;118;98m██[38;2;115;78;60m██[38;2;157;118;98m██[38;2;115;78;60m██[38;2;0;0;0m██        
      ██[38;2;115;78;60m██[38;2;65;65;65m██[38;2;115;78;60m██[38;2;65;65;65m██[38;2;115;78;60m████[38;2;65;65;65m██[38;2;115;78;60m████[38;2;157;118;98m██████[38;2;115;78;60m██[38;2;0;0;0m██        
        ██[38;2;115;78;60m██[38;2;255;255;255m██[38;2;115;78;60m██[38;2;65;65;65m██[38;2;115;78;60m██[38;2;65;65;65m████[38;2;157;118;98m████████[38;2;0;0;0m██          
        ██[38;2;255;255;255m██████[38;2;157;118;98m██[38;2;65;65;65m██[38;2;157;118;98m██[38;2;65;65;65m████[38;2;157;118;98m████[38;2;0;0;0m██            
          ██[38;2;255;255;255m██[38;2;157;118;98m████████████[38;2;0;0;0m████              
            ████[38;2;129;90;72m████[38;2;214;121;58m██[38;2;129;90;72m██[38;2;0;0;0m██                  
                ██[38;2;247;191;41m██[38;2;0;0;0m██[38;2;247;191;41m██[38;2;0;0;0m██                  
                  ██  ██                    
[0m