                                        [38;2;0;0;0m████████    
                                    ████[38;2;255;215;159m██[38;2;236;160;92m██[38;2;195;17;81m██[38;2;0;0;0m██    
                                  ██[38;2;236;160;92m██[38;2;255;215;159m██[38;2;236;160;92m██[38;2;195;17;81m██[38;2;0;0;0m██      
                            ██    ██[38;2;255;215;159m██[38;2;195;17;81m████[38;2;109;48;77m██[38;2;0;0;0m████    
                          ██[38;2;255;215;159m██[38;2;0;0;0m████[38;2;255;215;159m████[38;2;236;160;92m██[38;2;195;17;81m████████[38;2;0;0;0m██  
                          ██[38;2;255;215;159m██[38;2;236;160;92m██[38;2;65;65;65m██[38;2;255;215;159m██[38;2;236;160;92m██[38;2;195;17;81m██[38;2;109;48;77m██████[38;2;195;17;81m████[38;2;0;0;0m██
          ██          ████[38;2;255;215;159m████[38;2;236;160;92m██[38;2;255;215;159m████[38;2;195;17;81m████████[38;2;109;48;77m████[38;2;0;0;0m██  
        ██[38;2;236;160;92m██[38;2;0;0;0m██████████[38;2;65;65;65m██[38;2;255;215;159m██[38;2;65;65;65m██[38;2;255;215;159m██████[38;2;236;160;92m██[38;2;195;17;81m██████████[38;2;0;0;0m██    
        ██[38;2;236;160;92m██[38;2;190;114;46m██[38;2;255;215;159m████[38;2;236;160;92m██[38;2;65;65;65m██[38;2;255;215;159m██[38;2;126;10;65m██[38;2;65;65;65m██[38;2;255;215;159m████████[38;2;236;160;92m██[38;2;195;17;81m██[38;2;109;48;77m████[38;2;195;17;81m████[38;2;0;0;0m██  
        ██[38;2;190;114;46m██[38;2;255;215;159m██████████[38;2;126;10;65m██[38;2;239;140;58m██[38;2;65;65;65m██[38;2;255;215;159m████[38;2;236;160;92m██[38;2;195;17;81m██████████[38;2;109;48;77m██[38;2;0;0;0m██    
        ██[38;2;255;215;159m████████[38;2;190;114;46m████[38;2;126;10;65m██[38;2;239;140;58m██[38;2;109;48;77m██[38;2;195;17;81m██████████[38;2;109;48;77m████[38;2;195;17;81m████[38;2;0;0;0m██    
      ██[38;2;239;140;58m██[38;2;255;215;159m██████[38;2;190;114;46m██[38;2;255;255;255m████[38;2;239;140;58m██[38;2;195;17;81m██[38;2;109;48;77m██[38;2;195;17;81m██████████████[38;2;109;48;77m██[38;2;0;0;0m██      
  ██████[38;2;195;17;81m██[38;2;255;215;159m██████[38;2;190;114;46m██[38;2;0;0;0m██[38;2;255;255;255m██[38;2;239;140;58m██[38;2;195;17;81m██[38;2;126;10;65m██[38;2;109;48;77m██[38;2;195;17;81m████████████[38;2;0;0;0m██        
██[38;2;236;160;92m██[38;2;65;65;65m██[38;2;195;17;81m████[38;2;239;140;58m██[38;2;255;215;159m██[38;2;126;10;65m██[38;2;255;255;255m████[38;2;239;140;58m██[38;2;195;17;81m██████[38;2;109;48;77m██[38;2;195;17;81m██████[38;2;236;160;92m██[38;2;195;17;81m██[38;2;126;10;65m████[38;2;0;0;0m██      
  ██[38;2;65;65;65m██[38;2;195;17;81m████[38;2;109;48;77m██[38;2;195;17;81m████████████████[38;2;109;48;77m██[38;2;195;17;81m████[38;2;236;160;92m██[38;2;0;0;0m████[38;2;126;10;65m████[38;2;0;0;0m██      
    ██[38;2;195;17;81m████[38;2;109;48;77m██[38;2;195;17;81m██████████[38;2;255;215;159m██████[38;2;109;48;77m██[38;2;195;17;81m██[38;2;126;10;65m██[38;2;0;0;0m██  ██[38;2;126;10;65m████[38;2;0;0;0m██      
      ██[38;2;195;17;81m██[38;2;109;48;77m██[38;2;195;17;81m████████[38;2;236;160;92m██[38;2;255;215;159m██[38;2;65;65;65m████[38;2;126;10;65m██████[38;2;0;0;0m██    ████        
        ████[38;2;65;65;65m██[38;2;195;17;81m████[38;2;126;10;65m██[38;2;0;0;0m████[38;2;255;215;159m██[38;2;0;0;0m████[38;2;126;10;65m████[38;2;0;0;0m██                
            ████████    ████  ████                  
[0m