            [38;2;0;0;0m████                        
          ██[38;2;195;234;18m██[38;2;0;0;0m██  ████                  
          ██[38;2;195;234;18m██[38;2;0;0;0m██  ██[38;2;195;234;18m██[38;2;0;0;0m██                
          ██[38;2;195;234;18m████[38;2;0;0;0m██[38;2;195;234;18m████[38;2;0;0;0m██                
            ██[38;2;80;97;1m██[38;2;161;196;1m██[38;2;195;234;18m██[38;2;161;196;1m██[38;2;80;97;1m██[38;2;0;0;0m██              
          ██[38;2;161;196;1m██[38;2;195;234;18m██[38;2;132;173;58m██[38;2;80;97;1m████[38;2;195;234;18m████[38;2;0;0;0m██            
        ██[38;2;135;113;1m██[38;2;195;234;18m████[38;2;161;196;1m██[38;2;195;234;18m████████[38;2;135;113;1m██[38;2;0;0;0m██          
        ██[38;2;135;113;1m████[38;2;132;173;58m██[38;2;195;234;18m████████[38;2;135;113;1m████[38;2;0;0;0m██          
      ██[38;2;195;234;18m██[38;2;135;113;1m██[38;2;255;252;236m██[38;2;135;113;1m██[38;2;161;196;1m██[38;2;195;234;18m██[38;2;161;196;1m██[38;2;135;113;1m██████[38;2;161;196;1m██[38;2;0;0;0m██        
  ████[38;2;65;65;65m██[38;2;195;234;18m██[38;2;0;0;0m████[38;2;255;252;236m████████[38;2;135;113;1m████[38;2;195;234;18m████[38;2;0;0;0m██        
██[38;2;80;97;1m██[38;2;135;113;1m██[38;2;65;65;65m██[38;2;195;234;18m██[38;2;135;113;1m██[38;2;255;252;236m██████[38;2;0;0;0m████[38;2;135;113;1m██[38;2;195;234;18m██████[38;2;0;0;0m██        
██[38;2;135;113;1m████[38;2;65;65;65m██[38;2;161;196;1m██[38;2;195;234;18m██[38;2;80;97;1m██[38;2;140;128;98m██[38;2;255;252;236m████[38;2;135;113;1m██[38;2;195;234;18m████████[38;2;161;196;1m██[38;2;0;0;0m██      
  ████[38;2;135;113;1m██[38;2;65;65;65m██[38;2;161;196;1m████[38;2;80;97;1m████[38;2;135;113;1m██[38;2;195;234;18m████████[38;2;161;196;1m████[38;2;0;0;0m██████  
      ██████[38;2;65;65;65m██[38;2;140;128;98m██[38;2;65;65;65m██[38;2;195;234;18m██████[38;2;161;196;1m██████[38;2;65;65;65m██[38;2;135;113;1m██████[38;2;0;0;0m██
            ████████[38;2;161;196;1m████████[38;2;0;0;0m██[38;2;135;113;1m██████[38;2;80;97;1m██[38;2;0;0;0m██
                    ████████  ████████  
[0m