                [38;2;0;0;0m████████                
            ████[38;2;127;175;255m████████[38;2;0;0;0m████            
          ██[38;2;127;175;255m████████████████[38;2;0;0;0m██          
        ██[38;2;127;175;255m████████████████████[38;2;0;0;0m██        
        ██[38;2;127;175;255m████████████████████[38;2;0;0;0m██        
      ██[38;2;127;175;255m██[38;2;65;65;65m████[38;2;127;175;255m██████[38;2;255;255;255m██[38;2;127;175;255m██████████[38;2;0;0;0m██      
    ██[38;2;255;153;77m██[38;2;65;65;65m██[38;2;127;175;255m████[38;2;97;135;227m██[38;2;127;175;255m████[38;2;228;10;150m██[38;2;127;175;255m██████████[38;2;0;0;0m██      
  ██[38;2;255;153;77m██[38;2;97;135;227m██[38;2;65;65;65m██[38;2;127;175;255m██████████████████████[38;2;0;0;0m██      
  ██[38;2;255;153;77m██[38;2;97;135;227m██[38;2;127;175;255m██[38;2;65;65;65m████[38;2;127;175;255m██[38;2;97;135;227m██[38;2;255;153;77m██[38;2;127;175;255m██████████████[38;2;0;0;0m██    
██[38;2;255;153;77m██[38;2;65;65;65m██[38;2;97;135;227m██[38;2;65;65;65m██[38;2;127;175;255m████████[38;2;97;135;227m██[38;2;255;153;77m██[38;2;127;175;255m██████████[38;2;97;135;227m██[38;2;0;0;0m██    
  ████[38;2;97;135;227m████[38;2;65;65;65m████[38;2;127;175;255m████[38;2;90;90;90m██[38;2;255;153;77m██[38;2;65;65;65m██[38;2;127;175;255m████[38;2;65;65;65m██[38;2;97;135;227m████[38;2;0;0;0m██    
    ██[38;2;97;135;227m████████████[38;2;90;90;90m██[38;2;255;153;77m██[38;2;97;135;227m██[38;2;65;65;65m████[38;2;97;135;227m████[38;2;90;90;90m██[38;2;0;0;0m██    
  ██[38;2;97;135;227m████████[38;2;90;90;90m██[38;2;97;135;227m██████[38;2;90;90;90m██[38;2;255;153;77m██[38;2;90;90;90m██[38;2;97;135;227m██████[38;2;90;90;90m████[38;2;0;0;0m██  
  ██[38;2;97;135;227m██████[38;2;90;90;90m██████[38;2;97;135;227m██████[38;2;90;90;90m██████[38;2;97;135;227m██████[38;2;90;90;90m██[38;2;97;135;227m██[38;2;0;0;0m██
    ████[38;2;97;135;227m██[38;2;90;90;90m██████[38;2;97;135;227m██████[38;2;90;90;90m██████[38;2;97;135;227m██████████[38;2;0;0;0m██
        ██[38;2;97;135;227m██[38;2;90;90;90m██[38;2;97;135;227m██████████[38;2;90;90;90m██[38;2;97;135;227m██[38;2;0;0;0m██[38;2;97;135;227m████[38;2;0;0;0m████  
          ████[38;2;97;135;227m████[38;2;0;0;0m████[38;2;97;135;227m████[38;2;0;0;0m██  ████      
              ████    ████              
[0m