            [38;2;0;0;0m██████                
      ██████[38;2;251;232;192m████[38;2;220;190;123m██[38;2;0;0;0m██              
    ██[38;2;172;130;104m████[38;2;65;65;65m██[38;2;251;232;192m██████[38;2;164;122;77m██[38;2;0;0;0m██████        
    ██[38;2;172;130;104m██[38;2;251;232;192m██[38;2;65;65;65m██[38;2;220;190;123m██[38;2;251;232;192m████[38;2;164;122;77m██[38;2;251;232;192m██[38;2;172;130;104m████[38;2;0;0;0m██      
    ██[38;2;251;232;192m██████[38;2;164;122;77m██[38;2;251;232;192m████████[38;2;172;130;104m████[38;2;0;0;0m██      
  ██[38;2;251;232;192m██████████████████████[38;2;0;0;0m██      
  ██[38;2;251;232;192m██[38;2;177;37;77m██[38;2;251;232;192m██████████████[38;2;220;190;123m██[38;2;164;122;77m██[38;2;220;190;123m██[38;2;0;0;0m██    
██[38;2;251;232;192m████[38;2;177;37;77m██[38;2;251;232;192m██[38;2;203;172;108m██[38;2;251;232;192m██[38;2;177;37;77m██[38;2;251;232;192m████████████[38;2;0;0;0m██    
██[38;2;251;232;192m██[38;2;164;122;77m██[38;2;251;232;192m████████[38;2;177;37;77m██[38;2;251;232;192m████████████[38;2;0;0;0m██    
██[38;2;251;232;192m████[38;2;164;122;77m████[38;2;203;172;108m██[38;2;251;232;192m████[38;2;164;122;77m██[38;2;220;190;123m██[38;2;251;232;192m██████[38;2;164;122;77m██[38;2;0;0;0m████  
  ██[38;2;251;232;192m██████[38;2;164;122;77m██[38;2;177;37;77m████[38;2;203;172;108m██[38;2;251;232;192m████████[38;2;65;65;65m██[38;2;139;95;73m██[38;2;172;130;104m██[38;2;0;0;0m██
  ██[38;2;220;190;123m██[38;2;251;232;192m██████[38;2;177;37;77m████[38;2;251;232;192m████[38;2;220;190;123m████[38;2;139;95;73m██[38;2;172;130;104m██████[38;2;0;0;0m██
    ██[38;2;172;130;104m██[38;2;139;95;73m██[38;2;220;190;123m██████████████[38;2;164;122;77m██[38;2;0;0;0m██████  
      ██████[38;2;220;190;123m██████[38;2;139;95;73m████[38;2;65;65;65m██[38;2;0;0;0m██        
            ██████[38;2;172;130;104m████[38;2;0;0;0m██          
                  ████            
[0m