                  [38;2;0;0;0m████                                      
                ██[38;2;60;156;229m████[38;2;0;0;0m██                                    
            ██[38;2;16;0;0m██[38;2;87;56;63m██[38;2;62;156;228m████[38;2;0;0;0m██                                    
        ████[38;2;255;159;177m████[38;2;87;56;63m██[38;2;62;156;228m████[38;2;0;0;0m██                ████                
      ██[38;2;160;197;220m██[38;2;255;78;116m██[38;2;255;159;177m██[38;2;68;56;77m██[38;2;115;113;129m██[38;2;62;156;228m████[38;2;0;0;0m██            ████[38;2;95;196;255m████[38;2;0;0;0m██              
      ██[38;2;160;197;220m██[38;2;255;78;116m██[38;2;255;159;177m██[38;2;255;171;186m██[38;2;68;56;77m██[38;2;62;156;228m████[38;2;0;0;0m██          ██[38;2;95;196;255m████████[38;2;0;0;0m██              
        ██[38;2;140;154;231m██[38;2;68;56;77m██[38;2;139;106;137m██[38;2;49;135;203m██[38;2;60;156;229m██[38;2;0;0;0m██          ██[38;2;95;196;255m██████████[38;2;0;0;0m██              
          [38;2;33;8;0m██[38;2;104;105;154m██[38;2;247;57;87m██[38;2;49;135;203m██[38;2;60;156;229m██[38;2;0;0;0m██  ████  ██[38;2;95;196;255m████[38;2;255;80;118m████[38;2;95;196;255m██[38;2;0;0;0m██        ██      
          [38;2;0;20;16m██[38;2;79;163;227m██[38;2;66;65;66m████████[38;2;0;0;0m██[38;2;255;255;255m██[38;2;255;251;255m██[38;2;0;0;0m██[38;2;95;196;255m████[38;2;255;159;177m████[38;2;92;195;255m████[38;2;95;196;255m██[38;2;0;0;0m██    ██[38;2;255;159;177m██[38;2;0;0;0m████  
        ██[38;2;71;52;51m████[38;2;95;196;255m██████[38;2;66;65;66m██[38;2;255;255;255m████[38;2;255;251;255m██[38;2;85;83;85m██[38;2;95;196;255m██[38;2;255;80;118m██[38;2;255;159;177m██[38;2;95;196;255m██[38;2;92;195;255m████[38;2;0;0;0m██      ██[38;2;255;159;177m██[38;2;0;0;0m██[38;2;255;159;177m██[38;2;0;0;0m██
      ██[38;2;95;196;255m██[38;2;62;156;228m██[38;2;95;196;255m██[38;2;92;195;255m████[38;2;95;196;255m██[38;2;66;65;66m██[38;2;255;255;255m██[38;2;197;240;251m██[38;2;83;199;255m██[38;2;74;65;66m██[38;2;255;80;118m████[38;2;83;199;255m████[38;2;95;196;255m██[38;2;0;0;0m██      ██[38;2;255;95;129m██[38;2;244;119;145m██[38;2;255;159;177m████[38;2;0;0;0m██
        ██[38;2;95;196;255m████[38;2;92;195;255m████[38;2;95;196;255m██[38;2;66;65;66m██[38;2;255;255;255m██[38;2;89;194;255m██[38;2;83;199;255m██[38;2;85;152;207m██[38;2;66;65;66m████[38;2;74;65;66m██[38;2;85;152;207m██[38;2;0;0;0m██        ██[38;2;221;159;214m██[38;2;229;108;133m██[38;2;255;159;177m██[38;2;0;0;0m██  
      ██[38;2;95;196;255m██[38;2;90;195;255m████[38;2;92;195;255m████████[38;2;66;65;66m████[38;2;85;152;207m██[38;2;83;199;255m██[38;2;89;194;255m██[38;2;255;255;255m██[38;2;255;251;255m██[38;2;0;0;0m██      ██[38;2;16;0;0m██[38;2;175;164;170m██[38;2;129;193;232m██[38;2;148;106;143m██[38;2;0;0;0m██    
        ██[38;2;255;255;255m██[38;2;90;195;255m██[38;2;92;195;255m████████[38;2;95;196;255m████[38;2;74;65;66m██[38;2;83;199;255m██[38;2;197;240;251m██[38;2;255;255;255m██[38;2;255;251;255m██[38;2;85;83;85m██[38;2;0;0;0m██████[38;2;255;255;255m██[38;2;255;247;255m████[38;2;129;193;232m██[38;2;0;12;33m██      
        [38;2;0;0;0m██[38;2;255;118;147m██[38;2;255;255;255m██[38;2;90;195;255m████[38;2;255;255;255m████[38;2;199;242;253m████[38;2;74;60;66m██[38;2;218;249;255m██[38;2;255;255;255m████[38;2;66;65;66m██[38;2;160;197;220m██[38;2;156;196;220m██[38;2;255;255;255m████████[38;2;0;0;0m████        
        ██[38;2;255;211;213m██[38;2;255;255;255m██[38;2;90;195;255m██[38;2;255;255;255m████[38;2;255;116;146m████[38;2;199;242;253m██[38;2;167;186;197m██[38;2;74;60;66m██[38;2;66;65;66m████[38;2;160;197;220m████[38;2;255;255;255m████[38;2;66;65;66m████[38;2;0;0;0m██            
      ██[38;2;247;235;247m██[38;2;242;77;110m██[38;2;255;243;239m██[38;2;255;255;255m████[38;2;255;118;147m██[38;2;247;255;255m██[38;2;255;121;149m████[38;2;255;255;255m██[38;2;89;194;255m██[38;2;60;156;229m██[38;2;0;0;0m████████[38;2;66;67;66m██[38;2;62;156;228m████[38;2;0;0;0m██            
      ██[38;2;247;235;247m██[38;2;238;193;199m██[38;2;255;243;239m██[38;2;255;255;255m████[38;2;255;210;214m████[38;2;255;218;219m██[38;2;255;72;111m██[38;2;255;255;255m██[38;2;197;240;251m██[38;2;0;0;0m██        ██[38;2;62;156;228m████[38;2;0;0;0m██            
        [38;2;33;32;33m██[38;2;255;255;255m████████[38;2;214;143;158m██[38;2;255;202;208m██[38;2;255;80;118m██[38;2;216;240;246m██[38;2;204;231;240m████[38;2;85;83;85m██[38;2;0;0;0m████████[38;2;170;151;154m██[38;2;60;156;229m██[38;2;0;0;0m██              
    ██[38;2;33;32;33m██[38;2;255;255;255m██[38;2;66;65;66m████[38;2;255;255;255m████[38;2;57;65;74m████[38;2;216;240;246m████[38;2;66;65;66m████[38;2;255;251;255m████[38;2;255;255;255m████[38;2;255;227;231m██[38;2;85;75;77m██[38;2;0;0;0m██                
  ██[38;2;255;255;255m██[38;2;66;65;66m██[38;2;255;255;255m██[38;2;92;195;255m████[38;2;66;65;66m████[38;2;90;195;255m██[38;2;255;255;255m██[38;2;66;65;66m████[38;2;255;255;255m████[38;2;247;235;247m██[38;2;66;65;66m██████[38;2;160;197;220m██████[38;2;0;0;0m██              
██[38;2;255;255;255m████[38;2;66;65;66m██[38;2;255;255;255m██[38;2;204;231;240m██[38;2;92;195;255m██[38;2;86;151;204m██[38;2;81;197;255m██[38;2;90;195;255m██[38;2;255;255;255m██[38;2;66;65;66m██[38;2;204;231;240m██[38;2;255;255;255m██[38;2;66;65;66m████[38;2;247;235;247m██[38;2;204;231;240m████[38;2;66;65;66m████[38;2;160;197;220m████[38;2;0;0;0m██    ██████  
██[38;2;255;255;255m██[38;2;172;170;170m██[38;2;160;197;220m██[38;2;66;65;66m██[38;2;255;243;255m██[38;2;170;162;170m██[38;2;66;65;66m██[38;2;129;197;240m██[38;2;247;243;247m████[38;2;66;69;66m████[38;2;66;65;66m██[38;2;204;231;240m██[38;2;203;230;241m████[38;2;204;231;240m████[38;2;199;237;248m██[38;2;74;69;74m██[38;2;0;4;0m██[38;2;160;197;220m████[38;2;0;0;0m████[38;2;214;115;136m██[38;2;255;159;177m████[38;2;0;0;0m██
  [38;2;8;0;0m████[38;2;160;197;220m████[38;2;85;81;85m██[38;2;0;0;0m██[38;2;129;197;240m██[38;2;66;65;66m██[38;2;247;243;247m██[38;2;66;65;66m██[38;2;162;182;196m██[38;2;201;244;255m██[38;2;204;231;240m████[38;2;203;230;241m████[38;2;159;197;220m██[38;2;204;231;240m██[38;2;199;237;248m██[38;2;160;180;194m██[38;2;71;60;66m██[38;2;0;4;0m██[38;2;160;197;220m████[38;2;214;115;136m████[38;2;0;0;0m████  
      ██████  ██[38;2;160;197;220m██[38;2;74;69;57m██[38;2;114;134;154m██[38;2;255;255;255m████[38;2;160;197;220m██[38;2;0;0;0m██████[38;2;185;219;234m████[38;2;150;207;237m████[38;2;0;0;0m██  ████████      
                ██[38;2;157;202;229m██[38;2;114;134;154m██[38;2;255;255;255m████[38;2;0;0;0m██      ██[38;2;185;219;234m██[38;2;150;207;237m██[38;2;0;0;0m██                  
                ██[38;2;170;170;170m██[38;2;85;85;85m██[38;2;255;255;255m██[38;2;172;170;172m██[38;2;0;0;0m██        ██[38;2;60;156;229m██[38;2;0;0;0m██                  
                  ██[38;2;255;255;255m████[38;2;8;0;8m██        [38;2;0;0;0m██[38;2;95;196;255m██[38;2;60;156;229m██[38;2;0;0;0m██                  
                  ██[38;2;95;196;255m████[38;2;0;0;0m██          ████                    
                ██[38;2;95;196;255m████[38;2;0;0;0m██                                    
                  ████                                      
[0m