        [38;2;0;0;0m████  ██████                
      ██[38;2;109;227;188m██[38;2;62;188;144m██[38;2;0;0;0m██[38;2;109;227;188m██[38;2;62;188;144m██[38;2;62;142;121m██[38;2;0;0;0m██              
      ██[38;2;62;188;144m██[38;2;62;142;121m██[38;2;109;227;188m██[38;2;62;188;144m██[38;2;255;255;255m██[38;2;109;227;188m██[38;2;65;65;65m██[38;2;0;0;0m████          
      ██[38;2;109;227;188m██████[38;2;189;41;66m██[38;2;255;255;255m████[38;2;62;142;121m██[38;2;82;134;247m██[38;2;0;0;0m██          
  ████[38;2;109;227;188m██████[38;2;65;65;65m██[38;2;0;0;0m██[38;2;247;99;82m██[38;2;255;255;255m██[38;2;109;227;188m██[38;2;65;65;65m██[38;2;0;0;0m████        
██[38;2;165;235;203m████[38;2;62;188;144m██[38;2;109;227;188m████[38;2;65;65;65m██[38;2;0;0;0m██[38;2;189;41;66m██[38;2;109;227;188m████[38;2;62;142;121m██[38;2;82;134;247m██[38;2;0;0;0m██        
██[38;2;109;227;188m██[38;2;65;65;65m██[38;2;109;227;188m████████████[38;2;62;188;144m██[38;2;109;227;188m██[38;2;62;188;144m██[38;2;0;0;0m██          
██[38;2;62;188;144m██[38;2;109;227;188m████[38;2;65;65;65m████[38;2;255;255;255m██[38;2;65;65;65m██[38;2;62;142;121m██[38;2;109;227;188m██████[38;2;39;109;180m██[38;2;0;0;0m██  ██    
  ████[38;2;65;65;65m██[38;2;189;41;66m██[38;2;247;99;82m████[38;2;189;41;66m██[38;2;109;227;188m██████[38;2;62;188;144m██[38;2;109;227;188m██[38;2;65;65;65m██[38;2;0;0;0m██[38;2;82;134;247m██[38;2;0;0;0m████
      ██[38;2;247;99;82m████[38;2;255;255;255m██[38;2;109;227;188m████[38;2;65;65;65m██[38;2;62;188;144m██[38;2;109;227;188m██████[38;2;65;65;65m██[38;2;39;109;180m██[38;2;62;188;144m██[38;2;0;0;0m██
      ██[38;2;109;227;188m██████[38;2;65;65;65m████[38;2;247;230;107m██[38;2;62;142;121m██[38;2;109;227;188m██████[38;2;165;235;203m██[38;2;65;65;65m██[38;2;62;188;144m██[38;2;0;0;0m██
        ████[38;2;65;65;65m██[38;2;206;181;99m██[38;2;247;230;107m██[38;2;62;188;144m████[38;2;65;65;65m████[38;2;109;227;188m██[38;2;65;65;65m██[38;2;62;142;121m██[38;2;0;0;0m██  
          ██[38;2;206;181;99m████[38;2;62;188;144m██[38;2;62;142;121m██[38;2;109;227;188m██[38;2;62;188;144m██[38;2;62;142;121m██[38;2;65;65;65m████[38;2;62;188;144m██[38;2;0;0;0m██  
          ██[38;2;62;188;144m████[38;2;62;142;121m██[38;2;109;227;188m██████[38;2;62;188;144m██[38;2;62;142;121m██[38;2;62;188;144m██[38;2;0;0;0m██    
        ██[38;2;62;188;144m██[38;2;65;65;65m██[38;2;62;188;144m██[38;2;62;142;121m██[38;2;62;188;144m██[38;2;109;227;188m████[38;2;62;188;144m██[38;2;0;0;0m████      
          ████████[38;2;65;65;65m██[38;2;62;142;121m████[38;2;65;65;65m██[38;2;0;0;0m██        
                  ██[38;2;62;188;144m████[38;2;0;0;0m██          
                    ██████          
[0m