          [38;2;0;0;0m██                        
    ██  ██[38;2;210;59;124m██[38;2;0;0;0m██        ██            
  ██[38;2;198;199;199m██[38;2;16;0;12m██[38;2;169;100;129m██[38;2;210;59;124m██[38;2;0;0;0m██    ████[38;2;243;91;121m██[38;2;0;0;0m██          
  ██[38;2;198;199;199m██[38;2;244;153;189m██[38;2;169;100;129m██[38;2;210;59;124m████[38;2;0;0;0m████[38;2;243;91;121m██████[38;2;0;0;0m██          
    ██[38;2;247;255;249m██[38;2;201;61;118m██[38;2;210;59;124m██[38;2;243;93;124m██████████[38;2;255;101;146m██[38;2;8;0;6m██          
  [38;2;0;0;0m██[38;2;198;199;199m██[38;2;247;255;249m██[38;2;230;191;205m██[38;2;243;93;124m████████████[38;2;178;61;97m██[38;2;8;0;6m██          
[38;2;0;0;0m██[38;2;172;172;172m██[38;2;255;255;255m██[38;2;247;255;249m██[38;2;235;179;187m██[38;2;243;93;124m██████████[38;2;210;59;124m██[38;2;243;91;121m██[38;2;0;0;0m██          
  [38;2;8;8;8m██[38;2;172;172;172m██[38;2;247;255;249m██[38;2;225;101;127m██[38;2;243;93;124m████████████[38;2;243;91;121m████[38;2;0;0;0m██        
  ██[38;2;121;47;69m██[38;2;243;91;121m██[38;2;125;55;95m██[38;2;185;129;133m████[38;2;217;128;162m████[38;2;243;91;121m████[38;2;243;95;126m████[38;2;210;59;124m██[38;2;0;0;0m██      
  ██[38;2;243;96;138m██[38;2;243;91;121m████[38;2;255;237;231m██[38;2;110;33;49m██[38;2;176;36;115m██[38;2;255;234;227m██[38;2;125;55;95m██[38;2;243;91;121m██[38;2;210;60;126m████[38;2;0;0;0m██        
  ██[38;2;243;91;121m██[38;2;243;93;124m████[38;2;136;42;87m██[38;2;255;243;239m████[38;2;136;42;87m██[38;2;243;91;121m██[38;2;255;255;255m██[38;2;243;91;121m██[38;2;0;0;0m██          
  ██[38;2;243;91;121m██[38;2;243;93;124m████[38;2;197;138;158m██[38;2;136;42;87m████[38;2;197;138;158m██[38;2;255;255;255m██[38;2;249;173;188m██[38;2;0;0;0m██    ████    
    ████[38;2;255;174;195m██[38;2;116;50;69m██[38;2;233;97;132m██[38;2;225;147;162m██[38;2;66;65;65m██[38;2;91;45;64m██[38;2;0;12;7m██  [38;2;0;0;0m██[38;2;9;4;3m██[38;2;255;182;197m██[38;2;255;186;193m██[38;2;18;1;8m██  
        [38;2;0;0;0m██[38;2;0;3;4m██[38;2;116;50;69m██[38;2;66;65;65m██[38;2;225;147;162m██[38;2;185;77;123m██[38;2;91;45;64m██[38;2;0;0;0m██[38;2;255;174;195m██[38;2;255;182;197m██[38;2;182;112;125m██[38;2;185;115;124m████[38;2;0;0;0m██
    ████    ██[38;2;209;187;192m████[38;2;210;60;126m████[38;2;66;65;65m██[38;2;255;178;200m██[38;2;255;186;193m██[38;2;185;115;124m██[38;2;0;0;0m████  
  ██[38;2;198;199;199m██[38;2;210;59;124m██[38;2;0;0;0m████[38;2;210;59;124m██[38;2;154;113;132m██[38;2;98;39;70m██[38;2;210;60;126m████[38;2;66;65;65m██[38;2;202;129;150m██[38;2;185;115;124m██[38;2;18;1;8m██      
  [38;2;0;0;0m██[38;2;210;59;124m██[38;2;170;96;129m████[38;2;66;65;65m██[38;2;243;91;121m██[38;2;66;65;65m██[38;2;243;91;121m██[38;2;167;143;143m██[38;2;77;52;57m██████[38;2;220;119;140m██[38;2;0;0;0m██      
    ██[38;2;242;162;201m██[38;2;100;30;58m██[38;2;243;91;121m████[38;2;66;65;65m██[38;2;243;91;121m██[38;2;77;52;57m██[38;2;255;243;239m██[38;2;167;143;143m██[38;2;255;243;239m██[38;2;0;0;0m██        
      ██[38;2;243;91;121m██[38;2;198;75;136m██[38;2;98;39;70m██[38;2;243;93;124m████[38;2;79;41;55m██[38;2;243;96;128m██[38;2;243;92;123m████[38;2;0;0;0m██        
        ██[38;2;0;3;4m████[38;2;210;59;124m██[38;2;243;93;124m██[38;2;0;9;12m██[38;2;243;96;128m██[38;2;255;255;255m██[38;2;243;92;123m██[38;2;0;0;0m██        
              ████  ██████          
[0m