                        [38;2;0;4;0m██████                      
                      ██[38;2;177;133;221m██[38;2;198;65;107m██[38;2;172;118;65m██[38;2;8;0;16m██                    
                    [38;2;0;4;0m██[38;2;161;117;205m██[38;2;198;65;107m██[38;2;214;125;96m██[38;2;172;118;65m██[38;2;255;178;90m██[38;2;0;4;0m██                  
                    [38;2;0;4;8m██[38;2;100;56;144m██[38;2;192;61;88m████[38;2;189;60;90m██[38;2;161;117;205m██[38;2;0;4;0m██                  
                    [38;2;0;4;8m██[38;2;60;16;104m██[38;2;87;63;111m████[38;2;109;65;153m██[38;2;189;60;90m██[38;2;0;4;0m██                  
    ████      ██[38;2;8;4;8m████[38;2;81;77;96m██[38;2;131;122;169m██[38;2;130;120;175m████[38;2;76;70;99m██[38;2;8;4;8m██                    
  [38;2;0;4;0m██[38;2;212;202;255m██[38;2;142;129;199m██[38;2;0;4;0m██  ██[38;2;134;123;183m██[38;2;76;70;99m██[38;2;214;205;255m██[38;2;232;227;255m██[38;2;81;77;96m██[38;2;88;83;110m██[38;2;216;208;255m██[38;2;214;205;255m████[38;2;0;4;0m████                
██[38;2;213;204;255m██[38;2;229;223;255m██[38;2;213;204;255m██[38;2;142;129;199m██[38;2;0;4;0m██[38;2;134;123;183m██[38;2;82;79;68m██[38;2;213;204;255m██████[38;2;229;223;255m██[38;2;224;218;255m██[38;2;82;81;68m██[38;2;213;204;255m████████[38;2;0;4;0m██              
██[38;2;213;204;255m████[38;2;229;223;255m██[38;2;212;202;255m████[38;2;82;79;68m██[38;2;134;123;183m██[38;2;135;123;185m████[38;2;213;204;255m██[38;2;229;223;255m██[38;2;224;218;255m████[38;2;82;81;66m██████[38;2;213;204;255m████[38;2;0;4;0m██            
██[38;2;134;123;183m██[38;2;213;204;255m████████████[38;2;214;204;255m██[38;2;230;225;255m██[38;2;232;227;255m████[38;2;213;204;255m██[38;2;140;130;183m██[38;2;66;69;57m██[38;2;129;131;120m██[38;2;134;123;183m██[38;2;82;79;68m██[38;2;221;214;255m██[38;2;8;16;0m██            
  [38;2;0;4;0m██[38;2;135;123;185m██[38;2;213;204;255m██████████[38;2;214;204;255m████[38;2;201;189;255m██[38;2;140;127;195m██[38;2;66;65;66m████[38;2;237;240;171m██[38;2;66;69;57m██[38;2;134;123;183m████[38;2;152;136;218m██[38;2;221;214;255m██[38;2;0;4;0m██          
    ████[38;2;140;128;192m██[38;2;209;199;255m██[38;2;213;204;255m████[38;2;150;141;188m██[38;2;66;69;57m██[38;2;66;60;66m████[38;2;217;125;145m██[38;2;237;240;171m██[38;2;192;61;88m████[38;2;66;65;66m██[38;2;135;123;185m████[38;2;213;204;255m██[38;2;0;4;0m██          
        [38;2;0;0;8m██[38;2;70;65;93m██[38;2;66;65;66m████[38;2;66;69;57m██[38;2;237;240;171m██[38;2;231;109;123m██[38;2;176;92;104m██[38;2;198;60;90m████[38;2;192;61;88m██[38;2;66;65;66m██[38;2;135;123;185m██████[38;2;213;204;255m██[38;2;0;4;0m██          
        [38;2;0;8;8m██[38;2;122;110;172m██[38;2;0;0;0m██[38;2;237;240;171m██████[38;2;255;239;239m██[38;2;8;0;0m██[38;2;189;60;90m██[38;2;237;240;171m████[38;2;66;69;57m██[38;2;134;123;183m██[38;2;103;59;147m██[38;2;136;124;188m██[38;2;165;146;248m██[38;2;0;4;0m██          
      ██[38;2;122;110;172m██[38;2;77;58;52m██[38;2;85;85;85m██[38;2;237;240;171m██████[38;2;172;159;159m██[38;2;8;0;0m██[38;2;189;60;90m██[38;2;237;240;171m██[38;2;66;69;57m██[38;2;129;131;120m██[38;2;134;123;183m██[38;2;103;59;147m██[38;2;107;63;151m██[38;2;136;124;188m██[38;2;0;4;0m██          
      ██[38;2;135;123;185m██[38;2;66;65;66m██[38;2;184;106;110m██[38;2;74;69;66m██[38;2;237;240;171m██[38;2;90;73;66m██[38;2;82;81;66m████[38;2;82;77;66m████[38;2;222;130;132m██[38;2;66;65;66m██[38;2;135;123;184m████[38;2;103;59;147m██[38;2;134;123;183m██[38;2;0;4;0m██          
      ██[38;2;135;123;185m████[38;2;74;69;66m██[38;2;239;125;132m██[38;2;90;73;66m██[38;2;237;240;171m██[38;2;82;81;66m██[38;2;222;130;132m██[38;2;231;121;132m██[38;2;181;106;110m██[38;2;66;65;66m████[38;2;135;123;184m████[38;2;134;123;183m██████[38;2;0;4;0m██        
      ██[38;2;135;123;185m██[38;2;66;65;66m██████[38;2;198;95;104m████[38;2;197;94;104m████[38;2;73;74;68m████[38;2;135;123;185m████[38;2;66;65;66m██[38;2;135;123;185m██[38;2;135;123;184m████[38;2;134;123;183m██[38;2;0;4;0m██        
    ██[38;2;66;64;66m██[38;2;66;65;66m████[38;2;132;40;53m██[38;2;66;65;66m██[38;2;198;95;104m████[38;2;197;94;104m██[38;2;82;81;66m██[38;2;189;60;90m██[38;2;73;74;68m██[38;2;66;65;66m██[38;2;135;123;185m██[38;2;66;65;66m██[38;2;135;123;185m██[38;2;135;123;184m████[38;2;134;123;183m██[38;2;0;4;0m██        
    [38;2;24;0;8m██[38;2;78;69;53m██[38;2;90;56;66m████[38;2;82;69;66m██[38;2;129;123;87m██[38;2;145;128;85m██[38;2;222;130;132m██[38;2;156;138;97m██[38;2;82;52;49m██[38;2;74;69;66m██[38;2;194;60;88m██[38;2;74;73;66m████[38;2;63;82;68m██[38;2;126;87;79m██[38;2;135;123;184m████[38;2;135;123;185m████[38;2;0;4;0m██      
  ██[38;2;133;126;165m██[38;2;78;69;53m██[38;2;90;56;66m██[38;2;237;240;171m██████[38;2;145;128;85m████[38;2;156;138;97m██[38;2;237;240;171m██[38;2;74;69;66m████[38;2;194;61;88m████[38;2;189;93;90m██[38;2;63;82;68m██[38;2;135;123;184m████[38;2;135;123;185m██[38;2;104;60;148m██[38;2;213;204;255m██[38;2;0;4;0m██    
██[38;2;134;123;183m██[38;2;107;63;151m██[38;2;60;70;68m██[38;2;237;240;171m██████[38;2;145;127;85m██[38;2;237;240;171m██████[38;2;145;127;85m██[38;2;237;240;171m████[38;2;66;60;66m████[38;2;66;64;66m██[38;2;0;4;0m██[38;2;78;34;122m████[38;2;186;171;255m██[38;2;177;133;221m██[38;2;214;205;255m████[38;2;0;4;0m██  
██[38;2;134;123;183m██[38;2;77;33;121m██[38;2;60;70;68m██[38;2;66;65;66m██[38;2;237;240;171m██[38;2;145;127;85m██[38;2;237;240;171m██████████[38;2;145;127;85m██[38;2;237;240;171m██████[38;2;0;4;0m██  [38;2;0;20;33m██[38;2;217;180;255m██[38;2;200;187;255m██[38;2;177;133;221m██[38;2;161;117;205m██[38;2;214;205;255m██[38;2;213;204;255m██[38;2;0;4;0m██
██[38;2;134;123;183m████[38;2;103;59;147m██[38;2;63;73;54m████[38;2;145;128;85m██[38;2;237;240;171m████████[38;2;145;128;85m██[38;2;237;240;171m████████[38;2;0;4;0m██  ██[38;2;161;117;205m████[38;2;214;205;255m██[38;2;161;117;205m██[38;2;214;205;255m██[38;2;213;204;255m██[38;2;0;4;0m██
  ██[38;2;134;123;183m████[38;2;134;125;170m██[38;2;8;0;8m██[38;2;76;74;68m████[38;2;237;240;171m████[38;2;66;65;66m████[38;2;237;240;171m████[38;2;66;65;66m████[38;2;134;123;183m██[38;2;0;4;0m██  ██[38;2;161;117;205m██[38;2;214;205;255m██████[38;2;213;204;255m██[38;2;0;4;0m██
    ██████  ██[38;2;132;41;54m██[38;2;71;70;68m████[38;2;82;81;66m██[38;2;192;61;88m██[38;2;66;60;60m████[38;2;60;70;68m██[38;2;107;63;151m██[38;2;135;123;185m████[38;2;0;4;0m██  ██[38;2;213;204;255m██████[38;2;0;4;0m██  
            ██[38;2;132;41;54m██[38;2;132;40;57m██[38;2;71;70;68m██[38;2;192;61;88m████[38;2;132;56;71m██[38;2;198;52;82m██[38;2;60;70;68m██[38;2;77;33;121m██[38;2;135;123;185m██[38;2;94;88;121m██[38;2;0;4;0m██    ██████    
              ██[38;2;123;48;57m██[38;2;82;36;40m██[38;2;193;60;90m████[38;2;189;60;90m██[38;2;0;4;0m██████████                
              ██[38;2;123;48;57m██[38;2;0;12;8m██[38;2;132;40;57m██[38;2;193;60;90m██[38;2;0;4;0m██                          
                ██  ██[38;2;189;60;90m██[38;2;0;4;0m██                          
                      ██                            
[0m