                        [38;2;0;0;0m██                    
                      ██[38;2;239;90;41m██[38;2;0;0;0m██    ████          
                  ██  ██[38;2;239;90;41m██[38;2;0;0;0m██  ██[38;2;239;90;41m██[38;2;0;0;0m██          
                ██[38;2;239;90;41m██[38;2;0;0;0m██[38;2;239;90;41m████[38;2;156;33;8m██[38;2;0;0;0m██[38;2;239;90;41m████[38;2;0;0;0m██          
            ██████[38;2;156;33;8m██[38;2;239;90;41m████[38;2;255;156;41m██[38;2;239;90;41m██████[38;2;156;33;8m████[38;2;0;0;0m████      
    ██  ████[38;2;164;58;77m████████[38;2;119;47;53m██[38;2;255;214;41m██[38;2;255;156;41m██[38;2;239;90;41m████[38;2;156;33;8m████[38;2;239;90;41m████[38;2;0;0;0m██      
  ██[38;2;164;58;77m██[38;2;0;0;0m██[38;2;164;58;77m██████[38;2;0;0;0m████[38;2;164;58;77m██████[38;2;255;214;41m██[38;2;239;90;41m██[38;2;255;214;41m██[38;2;239;90;41m████[38;2;255;156;41m██[38;2;0;0;0m██        
  ██[38;2;119;47;53m██[38;2;164;58;77m██████[38;2;0;0;0m██[38;2;164;58;77m██[38;2;107;54;63m██[38;2;164;58;77m██████[38;2;255;156;41m██[38;2;255;214;41m██[38;2;239;90;41m██[38;2;255;156;41m████[38;2;0;0;0m██          
  ██[38;2;164;58;77m██████[38;2;107;54;63m██[38;2;164;58;77m████[38;2;119;47;53m██[38;2;164;58;77m████████[38;2;255;214;41m████[38;2;255;156;41m██[38;2;156;33;8m████          
  [38;2;0;0;0m██[38;2;164;58;77m██████████████[38;2;247;230;132m████[38;2;164;58;77m████[38;2;255;156;41m██[38;2;239;90;41m████████[38;2;0;0;0m██        
██[38;2;164;58;77m██████████[38;2;0;0;0m██[38;2;236;214;98m██[38;2;247;230;132m████████[38;2;164;58;77m██[38;2;239;90;41m██[38;2;255;156;41m██[38;2;239;90;41m████[38;2;156;33;8m██          
[38;2;0;0;0m██[38;2;164;58;77m████[38;2;119;47;53m██[38;2;164;58;77m██[38;2;156;33;8m██[38;2;255;255;255m██[38;2;178;150;57m██[38;2;247;230;132m████████[38;2;239;90;41m████[38;2;156;33;8m██[38;2;239;90;41m██[38;2;119;47;53m████[38;2;0;0;0m██        
██[38;2;164;58;77m██████[38;2;0;0;0m██[38;2;239;90;41m██[38;2;206;214;214m██[38;2;247;230;132m████████████[38;2;239;90;41m██[38;2;247;230;132m██[38;2;156;33;8m██[38;2;247;230;132m██[38;2;119;47;53m██[38;2;0;0;0m██        
██[38;2;164;58;77m██████[38;2;236;214;98m██████[38;2;65;65;65m████[38;2;247;230;132m██████████████████[38;2;119;47;53m██[38;2;0;0;0m██      
██[38;2;164;58;77m██[38;2;236;214;98m██████[38;2;0;0;0m████[38;2;236;214;98m██[38;2;178;150;57m██[38;2;65;65;65m██[38;2;247;230;132m████████[38;2;236;214;98m██[38;2;247;230;132m████████[38;2;0;0;0m██      
  ████████    ████[38;2;247;230;132m████████████[38;2;0;0;0m██[38;2;247;230;132m████████[38;2;0;0;0m██    
                ██[38;2;247;230;132m██████████████[38;2;0;0;0m████[38;2;247;230;132m██[38;2;0;0;0m████    
              ██[38;2;247;230;132m██[38;2;236;214;98m██[38;2;247;230;132m██████████████[38;2;236;214;98m██[38;2;0;0;0m██[38;2;119;47;53m████[38;2;0;0;0m██  
              ██[38;2;236;214;98m██████[38;2;247;230;132m██████[38;2;236;214;98m██[38;2;247;230;132m████████[38;2;119;47;53m██████[38;2;0;0;0m██
                ██[38;2;178;150;57m██[38;2;236;214;98m██████████[38;2;247;230;132m████████[38;2;236;214;98m██[38;2;119;47;53m██[38;2;0;0;0m████
              ██[38;2;236;214;98m██[38;2;178;150;57m██[38;2;0;0;0m████[38;2;236;214;98m████████[38;2;247;230;132m████[38;2;236;214;98m████[38;2;0;0;0m████  
                ████    ██████[38;2;236;214;98m████████[38;2;178;150;57m██[38;2;0;0;0m██    
                              ████[38;2;236;214;98m██[38;2;178;150;57m██[38;2;65;65;65m██[38;2;0;0;0m██    
                                  ██[38;2;247;230;132m████[38;2;0;0;0m██    
                                    ████      
[0m