                                              [38;2;0;0;0m████                                
            ██                              ██[38;2;242;242;242m██[38;2;0;0;0m██                                
          ██[38;2;129;115;131m██[38;2;0;0;0m██      ██          ██      ██[38;2;242;242;242m██[38;2;0;0;0m██                                  
          ██[38;2;129;115;131m██[38;2;0;0;0m██    ██[38;2;163;154;148m██[38;2;0;4;16m██      [38;2;0;0;0m██[38;2;193;192;192m██[38;2;0;0;0m██  ██[38;2;242;242;242m████[38;2;0;0;0m██                                  
          ██[38;2;129;115;131m██[38;2;163;154;148m██[38;2;0;0;0m████[38;2;129;115;131m██[38;2;163;154;148m██[38;2;55;53;52m██[38;2;0;0;0m████  ██[38;2;193;192;192m████[38;2;0;0;0m██[38;2;242;242;242m████[38;2;0;0;0m██      ████                          
          ██[38;2;129;115;131m██[38;2;163;154;148m██[38;2;65;64;65m██[38;2;127;113;129m██[38;2;163;154;148m██[38;2;171;153;156m██[38;2;56;68;74m██[38;2;97;90;95m██[38;2;171;153;156m██[38;2;0;16;16m██[38;2;49;58;77m██[38;2;193;192;192m████[38;2;65;64;65m██[38;2;242;242;242m████[38;2;0;0;0m██  ████[38;2;242;242;242m████[38;2;0;0;0m██                        
          ██[38;2;129;115;131m██[38;2;163;154;148m████[38;2;127;113;129m██[38;2;163;154;148m██[38;2;56;68;74m██[38;2;97;90;95m██[38;2;56;68;74m████[38;2;82;102;155m██[38;2;49;58;77m██[38;2;65;64;65m████[38;2;242;242;242m██████[38;2;80;80;80m██[38;2;0;0;0m██[38;2;242;242;242m██████[38;2;0;0;0m██                          
          [38;2;1;2;8m██[38;2;169;156;153m██[38;2;163;154;148m██[38;2;127;113;129m██[38;2;162;153;147m████[38;2;65;64;65m████[38;2;163;154;148m████[38;2;56;68;74m██[38;2;171;153;156m██[38;2;65;60;65m██[38;2;57;80;128m██[38;2;57;72;91m██[38;2;242;242;242m██[38;2;65;64;65m██[38;2;242;242;242m██[38;2;243;243;243m████[38;2;242;242;242m██[38;2;0;0;0m██                    ██      
        ██[38;2;105;96;95m██[38;2;169;156;153m██[38;2;163;154;148m██[38;2;127;113;129m██[38;2;162;153;147m████[38;2;163;154;148m████[38;2;127;113;129m████[38;2;56;68;74m██[38;2;97;90;95m██[38;2;55;87;159m██[38;2;65;60;65m██[38;2;57;72;91m████[38;2;242;242;242m████[38;2;243;243;243m████[38;2;0;0;0m██                ██  ██[38;2;129;115;131m██[38;2;0;0;0m██    
        ██[38;2;127;113;129m██[38;2;163;154;148m██████████[38;2;110;107;109m██[38;2;67;64;66m██[38;2;65;64;65m██[38;2;163;154;148m██[38;2;65;64;65m██[38;2;68;95;163m██[38;2;163;154;148m██[38;2;65;64;65m██[38;2;43;72;134m██[38;2;65;64;65m██[38;2;242;242;242m██████[38;2;193;192;192m██[38;2;169;169;169m██[38;2;8;8;8m██[38;2;0;0;0m████        [38;2;0;4;16m██[38;2;125;110;122m██[38;2;0;4;16m██[38;2;64;60;65m██[38;2;129;115;131m██[38;2;0;0;0m██    
        ██[38;2;163;154;148m████[38;2;127;113;129m██[38;2;163;154;148m████[38;2;65;64;65m██[38;2;195;191;192m██[38;2;67;64;66m██[38;2;65;64;65m██[38;2;163;154;148m██[38;2;65;64;65m██[38;2;68;95;163m██[38;2;163;154;148m██[38;2;65;64;65m██[38;2;43;72;134m████[38;2;65;64;65m██[38;2;242;242;242m██████[38;2;251;251;250m████[38;2;242;242;242m████[38;2;0;0;0m██    ██[38;2;64;60;65m██[38;2;125;110;122m██████[38;2;129;115;131m██[38;2;0;0;0m██    
      [38;2;0;0;8m██[38;2;55;52;51m██[38;2;65;64;65m████[38;2;124;114;116m██[38;2;162;144;146m██[38;2;84;84;84m██[38;2;0;0;0m██[38;2;242;242;242m██[38;2;57;72;91m██[38;2;65;64;65m████[38;2;68;95;163m████[38;2;68;95;162m████[38;2;65;64;65m██[38;2;43;72;134m██[38;2;65;64;65m██[38;2;242;242;242m████████[38;2;0;0;0m██████  ██[38;2;0;8;24m██[38;2;60;68;113m██[38;2;129;115;131m████[38;2;44;58;134m████[38;2;83;97;171m██[38;2;0;0;8m██    
      ██[38;2;167;159;154m██[38;2;163;154;148m████[38;2;65;60;65m████[38;2;169;169;169m██[38;2;255;255;255m██[38;2;57;72;91m████[38;2;68;95;163m██[38;2;65;64;65m████[38;2;68;95;163m██[38;2;68;95;162m██[38;2;43;76;134m██[38;2;43;72;134m████[38;2;65;64;65m██[38;2;242;242;242m████[38;2;65;64;65m██[38;2;0;0;0m██      ██[38;2;129;115;131m██[38;2;121;114;148m██[38;2;37;44;64m██[38;2;43;60;134m████[38;2;44;58;134m████[38;2;47;59;122m████[38;2;0;0;0m██  
    ██[38;2;63;112;167m██[38;2;144;136;149m██[38;2;110;123;205m██[38;2;67;95;162m██[38;2;175;158;162m██[38;2;51;56;99m██[38;2;43;57;134m████[38;2;43;60;134m██[38;2;68;95;162m██[38;2;65;64;65m██[38;2;193;192;192m████[38;2;65;64;65m██[38;2;44;73;134m████[38;2;57;72;91m████[38;2;243;243;243m████[38;2;80;80;80m██[38;2;0;0;0m██    ████[38;2;50;69;108m████[38;2;43;60;134m██[38;2;129;115;131m██[38;2;36;51;83m██[38;2;50;60;125m██[38;2;0;0;0m██████[38;2;43;57;130m██[38;2;43;58;134m██[38;2;0;0;0m██
  ██[38;2;163;154;148m██[38;2;169;157;154m████[38;2;67;95;162m████[38;2;83;84;135m████[38;2;67;94;159m████[38;2;68;95;162m████[38;2;193;192;192m██████[38;2;65;64;65m██[38;2;44;73;134m████[38;2;57;72;91m██[38;2;242;242;242m██[38;2;243;243;243m████[38;2;242;242;242m████[38;2;0;0;0m████[38;2;105;95;99m██[38;2;171;154;162m██[38;2;163;154;148m██[38;2;50;69;108m██[38;2;43;60;134m████[38;2;50;60;125m██[38;2;0;8;8m██      [38;2;0;0;0m██████
██[38;2;108;119;205m████[38;2;108;127;208m████[38;2;164;151;148m██[38;2;31;87;134m██[38;2;68;95;162m████[38;2;67;95;162m████[38;2;82;79;104m██[38;2;65;58;65m██[38;2;193;192;192m████[38;2;195;194;195m████[38;2;65;64;65m██[38;2;43;72;134m██[38;2;65;64;65m██[38;2;193;192;192m██[38;2;242;242;242m████████████[38;2;56;68;74m██[38;2;97;90;95m██[38;2;67;94;159m██[38;2;163;154;148m██[38;2;56;59;65m██[38;2;54;67;133m██[38;2;0;0;0m██              
██[38;2;108;119;205m████[38;2;56;66;74m██[38;2;82;97;141m██[38;2;69;77;167m████[38;2;68;95;162m████[38;2;67;95;162m██[38;2;129;115;131m██[38;2;119;110;129m██[38;2;65;58;65m██[38;2;65;64;65m██[38;2;193;192;192m██[38;2;195;194;195m████[38;2;65;64;65m████[38;2;193;192;192m██████[38;2;242;242;242m████[38;2;65;64;65m██████[38;2;171;153;156m██[38;2;56;68;74m██[38;2;67;94;159m████[38;2;52;90;168m██[38;2;54;67;133m██[38;2;0;0;0m██              
██[38;2;79;69;167m████[38;2;68;95;162m████[38;2;71;79;152m████[38;2;77;78;143m██[38;2;64;75;119m██[38;2;65;64;65m████[38;2;163;154;148m██[38;2;65;64;65m████[38;2;124;124;124m██[38;2;126;126;128m██[38;2;189;188;189m██[38;2;65;64;65m██[38;2;193;192;192m██████[38;2;65;64;65m██████[38;2;68;95;163m██[38;2;68;95;162m██[38;2;43;60;134m██[38;2;69;77;167m██[38;2;164;151;148m██[38;2;65;64;65m██[38;2;68;95;163m██[38;2;68;97;175m██[38;2;0;0;0m██                
  ██[38;2;79;69;167m██[38;2;68;95;162m████[38;2;64;64;64m██[38;2;87;89;175m██[38;2;122;116;138m██[38;2;49;72;83m██[38;2;65;64;65m██████████[38;2;242;242;242m██[38;2;251;250;251m██[38;2;65;64;65m██[38;2;193;192;192m████[38;2;65;64;65m██[38;2;193;192;192m████[38;2;65;64;65m██[38;2;68;95;163m████[38;2;68;95;162m████[38;2;31;70;134m██[38;2;69;77;167m██[38;2;68;95;163m████[38;2;45;52;117m██[38;2;0;0;0m██                
    ██[38;2;163;154;148m██[38;2;0;0;0m██[38;2;64;64;64m████[38;2;163;154;148m██[38;2;65;64;65m████[38;2;75;106;189m████[38;2;65;64;65m████[38;2;242;242;242m██[38;2;193;192;192m██[38;2;65;64;65m██[38;2;189;188;189m██[38;2;65;64;65m██[38;2;65;60;65m████[38;2;181;185;214m██[38;2;53;62;74m██[38;2;65;64;65m██[38;2;68;95;163m██[38;2;68;95;162m████[38;2;43;60;134m██[38;2;68;95;162m██████[38;2;43;58;134m██[38;2;0;0;0m██                
      ██  ██[38;2;193;192;192m██[38;2;65;64;65m████[38;2;75;106;189m██████[38;2;65;64;65m██[38;2;242;242;242m████[38;2;193;192;192m████[38;2;65;64;65m██[38;2;251;250;251m██[38;2;57;80;128m██[38;2;55;87;159m██[38;2;53;62;74m██[38;2;96;104;121m██[38;2;65;64;65m██[38;2;68;95;163m██[38;2;68;95;162m██████████[38;2;43;60;134m██[38;2;43;58;134m██[38;2;0;0;0m██                
          [38;2;0;4;0m██[38;2;169;171;169m██[38;2;52;53;74m██[38;2;114;134;149m██[38;2;75;106;189m████[38;2;65;64;65m██[38;2;242;242;242m████[38;2;193;192;192m██[38;2;65;64;65m████[38;2;65;68;65m██[38;2;242;242;242m██[38;2;58;78;117m████[38;2;56;59;65m██[38;2;81;96;161m██[38;2;68;95;163m██[38;2;65;64;65m██[38;2;67;94;159m████[38;2;68;95;162m████[38;2;65;64;65m██[38;2;43;57;134m██[38;2;43;57;130m██[38;2;0;0;0m██                
          [38;2;0;4;0m██[38;2;255;255;255m██[38;2;175;199;223m██[38;2;52;53;74m██[38;2;65;64;65m████[38;2;242;242;242m████[38;2;193;192;192m████[38;2;65;64;65m██[38;2;133;133;132m██[38;2;125;126;124m████[38;2;242;242;242m██[38;2;58;78;117m██[38;2;81;96;161m██[38;2;93;115;209m██[38;2;68;95;163m██[38;2;65;64;65m██[38;2;163;154;148m████[38;2;68;95;162m████[38;2;65;64;65m██[38;2;43;57;134m██[38;2;0;0;0m██                  
            ██[38;2;242;242;242m████[38;2;246;250;246m████[38;2;193;192;192m██[38;2;65;64;65m██[38;2;109;109;109m██[38;2;197;196;196m██[38;2;65;64;65m██[38;2;133;133;132m██████[38;2;56;66;74m██[38;2;108;127;208m██[38;2;110;123;205m████[38;2;56;68;74m██[38;2;97;90;95m██[38;2;67;94;159m████[38;2;164;151;148m██[38;2;69;77;167m██[38;2;71;101;159m██[38;2;42;54;79m██[38;2;0;0;0m██                  
              ████[38;2;186;190;186m██[38;2;65;68;65m██[38;2;193;192;192m██[38;2;65;64;65m██[38;2;65;68;65m████[38;2;133;133;132m██████[38;2;65;64;65m██[38;2;108;127;208m██[38;2;82;97;141m██[38;2;110;123;205m██[38;2;67;95;162m██[38;2;56;68;74m██[38;2;171;153;156m██[38;2;163;154;148m██[38;2;67;94;159m██[38;2;69;77;167m██[38;2;31;87;134m██[38;2;71;101;159m██[38;2;0;12;8m██                    
                  [38;2;0;0;0m██[38;2;90;94;90m██[38;2;43;58;134m████[38;2;0;0;0m██[38;2;43;57;130m██[38;2;57;71;85m██[38;2;135;135;135m██[38;2;133;133;132m██[38;2;65;64;65m██[38;2;80;85;95m██[38;2;75;100;158m██[38;2;90;94;90m██[38;2;65;64;65m██[38;2;68;95;162m████[38;2;67;94;159m██[38;2;163;154;148m██[38;2;68;95;162m████[38;2;50;60;125m██[38;2;0;8;8m██                    
                  [38;2;0;0;0m██[38;2;90;94;90m██[38;2;0;0;0m████  ██[38;2;57;71;85m████[38;2;133;133;132m██[38;2;65;64;65m██[38;2;80;85;95m██[38;2;65;85;82m██[38;2;90;94;90m██[38;2;65;64;65m██[38;2;68;95;162m████[38;2;67;94;159m████[38;2;43;76;134m██[38;2;68;95;162m██[38;2;50;60;125m██[38;2;36;43;83m██[38;2;0;0;0m██                  
                    ██      ██[38;2;60;69;116m████[38;2;65;64;65m████[38;2;74;75;76m████[38;2;95;94;95m██[38;2;65;64;65m██[38;2;46;64;114m██[38;2;67;95;167m██[38;2;68;95;162m████[38;2;52;90;168m██[38;2;54;67;133m██[38;2;65;64;65m██[38;2;43;57;134m██[38;2;0;0;0m██                  
                              [38;2;1;2;8m██[38;2;94;106;169m██[38;2;43;57;134m████[38;2;74;75;76m██[38;2;44;58;134m██[38;2;65;64;65m██[38;2;0;0;0m██[38;2;1;2;8m██[38;2;67;95;167m██[38;2;68;95;162m████[38;2;56;59;65m██[38;2;54;67;133m██[38;2;43;57;134m████[38;2;0;0;0m██                  
                            ██[38;2;65;64;65m██████[38;2;132;125;131m██[38;2;43;58;134m████[38;2;0;0;0m██    ██[38;2;65;48;65m████[38;2;43;60;134m████[38;2;43;58;134m████[38;2;0;0;0m██                  
                          ██[38;2;65;64;65m██████████[38;2;0;0;0m████    ██[38;2;163;154;148m██[38;2;91;85;91m██[38;2;160;144;144m██[38;2;43;60;134m██[38;2;163;154;148m██[38;2;43;58;134m██[38;2;0;0;0m██                    
                            ██████████      ██[38;2;95;94;95m██[38;2;65;64;65m██[38;2;90;94;90m████[38;2;65;64;65m██[38;2;90;94;90m██[38;2;43;57;130m██[38;2;0;0;0m██                    
                                            ████[38;2;95;94;95m██[38;2;90;94;90m██[38;2;65;64;65m██[38;2;90;94;90m████[38;2;0;0;0m██                      
                                                ██████████                        
[0m