[38;2;0;4;0m████                                                
██[38;2;78;89;107m██[38;2;0;4;0m████                                            
██[38;2;78;89;107m██████[38;2;0;4;0m██                      ██████              
██[38;2;78;89;107m██[38;2;82;89;104m██[38;2;97;252;255m██[38;2;0;4;0m██                  [38;2;0;4;16m████[38;2;99;115;127m████[38;2;0;4;0m██              
  ██[38;2;97;252;255m██████[38;2;0;4;0m██              ██[38;2;155;253;255m██[38;2;81;117;118m██[38;2;99;115;127m██[38;2;0;4;0m██                
  ██[38;2;113;253;255m██[38;2;70;81;81m██[38;2;78;89;107m██[38;2;0;4;0m██            ██[38;2;126;253;255m██[38;2;97;252;255m██[38;2;159;253;255m██[38;2;99;115;127m██[38;2;0;4;0m██            ██  
    [38;2;0;16;49m██[38;2;70;81;81m██[38;2;78;89;107m██[38;2;0;4;0m██            ██[38;2;126;253;255m██[38;2;97;252;255m████[38;2;0;4;0m██            ██[38;2;99;115;127m██[38;2;0;4;0m██
      ██[38;2;82;91;104m████[38;2;0;4;0m██████    ██[38;2;99;115;128m████[38;2;175;254;255m██[38;2;71;84;84m██[38;2;0;4;0m██        ██[38;2;0;0;49m██[38;2;97;117;118m██[38;2;99;115;127m██[38;2;0;4;0m██
      ██[38;2;126;253;255m████[38;2;99;115;127m██████[38;2;0;4;0m████[38;2;66;64;66m██[38;2;99;115;128m████[38;2;71;84;84m██[38;2;0;8;49m██        [38;2;0;4;0m██[38;2;159;253;255m██[38;2;152;253;255m██[38;2;97;117;118m██[38;2;99;115;127m██[38;2;0;4;0m██
    [38;2;0;4;33m██[38;2;133;253;255m██[38;2;159;253;255m██[38;2;101;114;126m██[38;2;159;253;255m██[38;2;101;114;126m██[38;2;99;115;128m████[38;2;66;65;66m██[38;2;99;115;127m████[38;2;0;4;0m████        ██[38;2;97;252;255m██████[38;2;159;253;255m██[38;2;99;115;127m██[38;2;0;4;0m██
  ██[38;2;79;115;116m██[38;2;133;253;255m██[38;2;101;114;126m████[38;2;159;253;255m██[38;2;101;114;126m██[38;2;99;115;128m████[38;2;99;115;127m████[38;2;0;4;0m██            ██[38;2;159;253;255m████[38;2;97;252;255m████[38;2;0;4;0m██  
  ██[38;2;98;116;126m██[38;2;97;252;255m██[38;2;98;116;126m██[38;2;97;252;255m████[38;2;98;116;126m██[38;2;99;115;127m██████[38;2;0;4;0m██            ██[38;2;99;115;127m██[38;2;99;115;128m████[38;2;133;253;255m████[38;2;0;4;0m██  
██[38;2;255;255;255m██[38;2;98;116;126m████[38;2;97;252;255m████[38;2;98;116;126m████[38;2;66;65;66m████[38;2;99;115;127m████[38;2;0;4;0m██          ██[38;2;99;115;127m██[38;2;99;115;128m████[38;2;79;115;116m██[38;2;0;4;33m██    
[38;2;0;4;0m██[38;2;156;65;74m██[38;2;99;115;128m████[38;2;99;115;127m████[38;2;77;49;51m████[38;2;255;255;255m██[38;2;255;85;82m██[38;2;101;116;126m████[38;2;0;4;0m██          ██[38;2;78;89;107m██[38;2;79;90;104m██[38;2;101;116;126m██[38;2;99;115;127m██[38;2;0;4;0m██    
  ██[38;2;99;115;128m████[38;2;99;115;127m██[38;2;66;65;66m██[38;2;154;79;87m██[38;2;0;20;16m██[38;2;255;85;82m████[38;2;101;116;126m██[38;2;79;90;104m██[38;2;0;4;0m██          ██[38;2;78;89;107m██[38;2;79;90;104m████[38;2;0;4;0m██      
  ██[38;2;107;113;123m████[38;2;99;115;128m████[38;2;85;95;104m██[38;2;255;85;82m████[38;2;82;89;107m████[38;2;0;4;0m██      ██████[38;2;66;65;66m██[38;2;82;90;99m██[38;2;78;89;107m██[38;2;0;4;0m██        
    ██[38;2;71;76;82m██[38;2;99;115;128m████[38;2;85;95;104m████[38;2;82;89;107m████[38;2;54;60;71m██[38;2;82;89;107m██[38;2;0;4;0m██████[38;2;99;115;127m██████[38;2;98;116;132m██[38;2;66;65;66m██[38;2;0;4;0m██          
      ████[38;2;78;89;107m██[38;2;79;90;104m████[38;2;66;65;66m████[38;2;79;90;104m████[38;2;99;115;128m████████████████[38;2;0;4;0m██          
          ██[38;2;79;90;104m██████████[38;2;101;116;126m██[38;2;99;115;128m████████████████[38;2;159;253;255m██[38;2;0;4;0m██        
          ██[38;2;78;89;107m████[38;2;82;88;101m████[38;2;101;114;126m████[38;2;126;253;255m██[38;2;98;115;126m██[38;2;99;115;127m████[38;2;107;117;132m████[38;2;101;114;126m██[38;2;159;253;255m██[38;2;99;115;127m██[38;2;0;4;0m██        
            ██[38;2;78;89;107m██[38;2;65;64;71m██[38;2;99;113;132m██[38;2;101;114;126m██[38;2;159;253;255m██[38;2;98;115;126m██[38;2;126;253;255m██[38;2;66;65;66m████[38;2;0;8;8m██[38;2;71;80;90m██[38;2;101;114;126m██[38;2;159;253;255m██[38;2;99;115;127m██[38;2;0;4;0m██        
              ██[38;2;79;90;104m██[38;2;66;65;66m██[38;2;101;114;126m██[38;2;159;253;255m██[38;2;94;113;114m██[38;2;57;65;82m██[38;2;66;64;66m██[38;2;0;4;0m██  ██[38;2;71;83;96m██[38;2;107;121;140m██[38;2;97;252;255m██[38;2;82;89;104m██[38;2;0;4;0m██      
              ██[38;2;79;90;104m██[38;2;66;65;66m██[38;2;101;114;126m████[38;2;94;252;255m██[38;2;57;65;82m██[38;2;66;64;66m████[38;2;0;4;0m██  [38;2;0;8;8m██[38;2;71;83;96m██[38;2;82;89;104m████[38;2;0;4;0m██      
              ██[38;2;82;90;99m██[38;2;66;65;66m██[38;2;99;115;128m████[38;2;66;64;66m██[38;2;0;4;0m██[38;2;66;64;66m████[38;2;0;4;0m██    ██[38;2;79;90;104m████[38;2;0;4;0m██      
            ██[38;2;78;89;107m██[38;2;66;65;66m██[38;2;98;116;132m██[38;2;99;115;128m████[38;2;0;4;0m██  ████    ██[38;2;78;89;107m██[38;2;66;65;66m██[38;2;79;90;104m██[38;2;0;4;0m██      
            ██[38;2;66;64;66m██[38;2;107;121;140m██[38;2;71;83;93m██[38;2;99;115;127m██[38;2;0;4;0m██              ██████        
              ██[38;2;0;8;0m████[38;2;0;4;0m██                              
[0m