    [38;2;46;46;46m██████          
  ██[38;2;67;133;225m██[38;2;113;172;255m████[38;2;46;46;46m██        
    ████[38;2;45;111;203m██[38;2;113;172;255m██[38;2;46;46;46m██      
        ██[38;2;45;111;203m██[38;2;113;172;255m██[38;2;46;46;46m██    
      ██████[38;2;45;111;203m██[38;2;113;172;255m██[38;2;46;46;46m██  
    ██[38;2;20;86;178m██[38;2;67;133;225m████[38;2;20;86;178m████[38;2;46;46;46m██  
  ██[38;2;67;133;225m████[38;2;20;86;178m████[38;2;67;133;225m████[38;2;46;46;46m██  
  ██[38;2;45;111;203m██[38;2;169;204;255m██[38;2;234;242;255m██[38;2;169;204;255m██[38;2;20;86;178m██[38;2;67;133;225m██[38;2;46;46;46m██  
██[38;2;45;111;203m██[38;2;169;204;255m██[38;2;234;242;255m██████[38;2;169;204;255m██[38;2;20;86;178m██[38;2;67;133;225m██[38;2;46;46;46m██
██[38;2;45;111;203m██[38;2;234;242;255m██[38;2;76;76;76m██[38;2;123;123;123m██[38;2;234;242;255m████[38;2;20;86;178m██[38;2;67;133;225m██[38;2;46;46;46m██
██[38;2;45;111;203m██[38;2;234;242;255m██[38;2;163;163;163m██[38;2;46;46;46m██[38;2;234;242;255m████[38;2;20;86;178m██[38;2;45;111;203m██[38;2;46;46;46m██
██[38;2;20;86;178m██[38;2;234;242;255m██[38;2;46;46;46m██[38;2;76;76;76m██[38;2;234;242;255m████[38;2;20;86;178m██[38;2;45;111;203m██[38;2;46;46;46m██
  ██[38;2;169;204;255m██[38;2;234;242;255m██████[38;2;113;172;255m██[38;2;20;86;178m██[38;2;46;46;46m██  
  ██[38;2;20;86;178m██[38;2;169;204;255m██[38;2;234;242;255m██[38;2;113;172;255m██[38;2;46;46;46m████    
    ████[38;2;20;86;178m██[38;2;46;46;46m██        
      ██[38;2;20;86;178m██[38;2;45;111;203m██[38;2;46;46;46m██      
        ██[38;2;20;86;178m██[38;2;45;111;203m██[38;2;46;46;46m████  
          ██[38;2;20;86;178m██[38;2;45;111;203m████[38;2;46;46;46m██
            ██████  
[0m