                    [38;2;0;0;0m████████                                      
            ████████[38;2;255;178;106m████████[38;2;0;0;0m████                                  
        ████[38;2;255;178;106m████[38;2;166;91;30m██[38;2;255;178;106m██[38;2;255;180;103m████████████[38;2;0;0;0m████                              
      ██[38;2;255;178;106m██████[38;2;166;91;30m██[38;2;255;178;106m████[38;2;255;180;103m████████████[38;2;255;178;106m████[38;2;0;0;0m██                            
      ██[38;2;255;180;103m████[38;2;255;178;106m██[38;2;159;92;36m██[38;2;255;180;103m████[38;2;255;178;106m██████[38;2;166;91;30m██████████[38;2;255;183;98m██[38;2;8;3;0m██                          
    [38;2;0;0;0m██[38;2;255;178;106m██[38;2;255;180;103m████[38;2;213;134;64m██[38;2;255;178;106m██[38;2;255;180;103m████[38;2;255;178;106m██[38;2;166;91;30m████[38;2;255;178;106m██████████[38;2;138;92;41m██[38;2;8;3;0m██                          
  [38;2;0;0;0m██[38;2;157;93;40m██[38;2;255;180;106m██[38;2;255;178;106m████[38;2;172;60;41m██[38;2;255;180;103m██████[38;2;204;136;77m██[38;2;255;178;106m██[38;2;255;180;103m████████████████[38;2;0;0;0m██                        
  ██[38;2;207;137;71m████[38;2;255;178;106m██[38;2;189;56;49m██[38;2;255;243;222m██[38;2;172;60;41m██[38;2;255;180;103m████[38;2;255;178;106m████[38;2;255;180;103m████████████████[38;2;255;178;106m██[38;2;0;0;0m██      ██              
██[38;2;207;135;80m██[38;2;200;138;77m████[38;2;139;82;90m██[38;2;164;48;41m██[38;2;145;51;52m████[38;2;255;178;106m████[38;2;65;64;65m████████[38;2;255;178;106m████[38;2;255;180;103m████████[38;2;255;178;106m██[38;2;0;0;0m██    ██[38;2;221;188;40m██[38;2;0;0;0m██            
██[38;2;207;135;80m██[38;2;200;138;77m██[38;2;65;64;65m██[38;2;223;185;28m██[38;2;164;48;41m██[38;2;238;80;74m██[38;2;145;51;52m██[38;2;255;178;106m██[38;2;65;64;65m██[38;2;255;234;116m████[38;2;255;241;127m██[38;2;216;188;55m██[38;2;65;64;65m████[38;2;255;180;103m████████[38;2;255;178;106m████[38;2;0;0;0m██  ██[38;2;221;188;40m██[38;2;0;0;0m██            
██[38;2;207;135;80m██[38;2;166;91;30m██[38;2;65;64;65m██[38;2;166;91;30m██[38;2;217;135;62m██[38;2;148;52;49m██[38;2;255;178;106m██[38;2;255;168;90m██[38;2;144;128;110m██[38;2;255;234;116m██[38;2;185;95;19m████[38;2;255;234;116m██[38;2;228;195;36m████[38;2;81;87;51m██[38;2;255;180;103m██████[38;2;255;178;106m████[38;2;65;64;65m██[38;2;0;0;0m██[38;2;224;192;38m████[38;2;221;188;40m██[38;2;16;4;0m██[38;2;0;0;0m██        
  ██[38;2;166;91;30m██[38;2;65;64;65m██[38;2;255;178;106m██[38;2;166;91;30m██[38;2;255;178;106m████[38;2;255;168;90m██[38;2;171;160;119m██[38;2;185;95;19m██[38;2;194;167;121m████[38;2;185;95;19m██[38;2;255;234;116m██[38;2;228;195;36m██[38;2;167;137;53m██[38;2;81;87;51m██[38;2;255;180;103m████[38;2;255;178;106m██[38;2;204;136;77m██[38;2;65;64;65m████[38;2;224;192;38m████[38;2;221;188;40m██[38;2;66;66;46m██[38;2;255;234;116m██[38;2;0;0;0m██      
  ██[38;2;162;96;39m██[38;2;80;51;28m██[38;2;255;168;90m██[38;2;168;112;66m██[38;2;255;180;103m████████[38;2;200;138;77m██[38;2;255;175;98m██[38;2;255;168;90m██[38;2;65;59;57m██[38;2;255;236;119m████[38;2;224;190;40m██[38;2;65;64;65m██[38;2;65;61;56m██[38;2;209;127;53m██[38;2;200;138;77m████[38;2;65;64;65m██[38;2;224;190;40m██[38;2;255;234;116m██[38;2;123;56;57m██[38;2;216;188;55m██[38;2;65;64;65m██[38;2;255;234;116m██[38;2;0;0;0m██      
    [38;2;0;16;14m██[38;2;162;96;39m██[38;2;65;59;57m████[38;2;255;180;103m████████[38;2;65;64;65m████[38;2;65;59;57m██[38;2;168;112;66m██[38;2;255;236;119m████[38;2;224;190;40m██[38;2;65;64;65m██[38;2;161;105;54m██[38;2;65;61;56m██[38;2;200;138;77m██[38;2;65;64;65m██[38;2;224;190;40m████[38;2;123;56;57m████[38;2;65;64;65m██[38;2;255;241;127m██[38;2;255;234;116m████[38;2;0;0;0m██    
      ████[38;2;207;135;80m██[38;2;255;186;106m████[38;2;255;178;106m████[38;2;204;136;77m██[38;2;255;178;106m██[38;2;194;167;121m██[38;2;185;95;19m██[38;2;255;234;116m████[38;2;65;64;65m██[38;2;166;91;30m██████[38;2;207;135;80m██[38;2;0;0;0m██[38;2;73;64;37m██[38;2;243;207;32m██[38;2;65;64;65m██[38;2;255;234;116m██[38;2;194;162;24m██[38;2;254;215;86m██[38;2;255;234;116m████[38;2;92;78;20m██[38;2;0;0;0m██  
          ██[38;2;8;4;8m██[38;2;181;126;65m██[38;2;204;136;77m██[38;2;255;178;106m████[38;2;204;136;77m██[38;2;185;95;19m██[38;2;255;234;116m████[38;2;65;64;65m██[38;2;166;91;30m████████[38;2;0;0;0m██  [38;2;8;5;0m██[38;2;162;136;25m██[38;2;65;64;65m██[38;2;255;234;116m██[38;2;254;215;86m██[38;2;254;246;158m██[38;2;148;52;49m██[38;2;255;234;116m██[38;2;186;159;41m██[38;2;255;235;111m██[38;2;0;0;0m██
              ████[38;2;65;64;65m██████[38;2;224;190;40m██[38;2;65;64;65m██[38;2;84;61;46m██[38;2;102;104;89m██[38;2;162;96;39m████[38;2;0;0;0m████  ██[38;2;224;190;40m████[38;2;65;64;65m██[38;2;255;241;127m██[38;2;255;234;116m██[38;2;189;64;57m██[38;2;148;52;49m██[38;2;255;234;116m██████[38;2;0;0;0m██
                  ██[38;2;65;64;65m██[38;2;185;155;24m██[38;2;224;190;40m████[38;2;196;155;59m██[38;2;84;61;46m██[38;2;80;51;28m██[38;2;0;16;14m██      [38;2;0;0;0m██[38;2;65;64;65m████[38;2;216;188;55m██[38;2;65;64;65m██[38;2;255;234;116m██[38;2;189;64;57m██[38;2;255;234;116m██████[38;2;0;0;0m██  
                [38;2;16;4;0m██[38;2;221;188;40m██[38;2;66;61;55m██[38;2;255;238;123m██[38;2;228;195;36m████[38;2;255;234;116m████[38;2;0;0;0m██      ██[38;2;185;155;24m██████[38;2;153;129;40m██[38;2;77;72;53m██[38;2;186;160;25m██[38;2;255;238;123m██[38;2;255;238;126m████[38;2;0;0;0m██    
              ██[38;2;221;188;40m██[38;2;66;66;46m██[38;2;209;180;59m██[38;2;255;238;123m██[38;2;255;234;116m████[38;2;65;64;65m██[38;2;255;234;116m████[38;2;0;0;0m██      ██[38;2;65;64;65m██[38;2;185;155;24m██[38;2;77;72;53m██[38;2;255;237;122m██[38;2;255;238;123m██[38;2;232;201;44m██[38;2;195;168;48m██[38;2;8;7;0m██      
          [38;2;0;0;0m██[38;2;16;5;0m██[38;2;232;201;44m██[38;2;65;64;65m██[38;2;255;234;116m██[38;2;255;236;119m████████[38;2;65;64;65m██[38;2;255;241;127m██[38;2;255;236;119m████[38;2;0;0;0m██      [38;2;8;0;0m██[38;2;90;79;16m██[38;2;153;129;40m██[38;2;77;72;53m██[38;2;65;64;65m██[38;2;255;234;116m██████[38;2;0;0;0m██    
        ██[38;2;221;188;40m██[38;2;67;65;49m████[38;2;255;234;116m████[38;2;255;236;119m████████[38;2;216;188;55m██[38;2;65;64;65m██[38;2;255;236;119m████[38;2;255;234;116m██[38;2;0;0;0m██    [38;2;8;0;0m██[38;2;181;155;24m██[38;2;77;72;53m██[38;2;255;237;122m██[38;2;255;234;116m████[38;2;92;77;23m██[38;2;0;0;0m██      
        ██[38;2;221;188;40m██[38;2;224;190;40m██[38;2;65;64;44m██[38;2;255;234;116m██████[38;2;65;64;44m██[38;2;255;236;118m██[38;2;216;184;49m██[38;2;221;188;40m██[38;2;66;66;46m██[38;2;0;0;0m██[38;2;255;234;116m██[38;2;196;166;47m██[38;2;255;241;134m██[38;2;0;0;0m████[38;2;185;155;24m████[38;2;0;0;0m██[38;2;65;64;65m██[38;2;185;155;24m██[38;2;255;234;116m████[38;2;0;0;0m██      
          ██[38;2;224;190;40m████[38;2;228;195;36m██[38;2;255;234;116m██[38;2;65;64;44m██[38;2;255;234;116m██[38;2;66;61;38m██[38;2;216;184;49m██[38;2;221;188;40m██[38;2;16;4;0m██  [38;2;0;0;0m██[38;2;0;4;0m████  [38;2;0;0;0m██[38;2;185;155;24m██[38;2;0;0;0m██  ██[38;2;255;234;116m██[38;2;185;155;24m██[38;2;0;0;0m██        
          ██[38;2;232;201;44m██[38;2;69;66;42m██[38;2;221;188;40m████[38;2;65;64;44m██[38;2;255;234;116m██[38;2;255;238;123m██[38;2;232;201;44m██[38;2;66;66;46m██[38;2;221;188;40m██[38;2;0;0;0m████    ██[38;2;185;155;24m████[38;2;0;0;0m██  ██[38;2;255;241;134m██[38;2;0;4;0m██          
            [38;2;8;3;0m████[38;2;0;0;0m██[38;2;221;188;40m██[38;2;65;64;44m██[38;2;255;234;116m██[38;2;255;238;123m██[38;2;186;160;25m██[38;2;16;4;0m██[38;2;221;188;40m██████[38;2;0;0;0m████[38;2;185;155;24m████[38;2;0;0;0m██  ██[38;2;255;234;116m██[38;2;196;166;47m██[38;2;0;4;0m██          
                  [38;2;0;0;0m████[38;2;185;155;24m██[38;2;255;234;116m██[38;2;0;0;0m██  ████[38;2;221;188;40m██[38;2;200;169;47m████[38;2;65;64;65m████[38;2;92;77;23m██[38;2;0;0;0m██[38;2;255;234;116m████[38;2;0;0;0m██            
                      ████        ██[38;2;8;7;0m██[38;2;255;238;131m██[38;2;255;234;116m████████[38;2;0;0;0m████              
                                      ██████████                  
[0m