                [38;2;0;0;0m██████        
              ██[38;2;255;255;255m██████[38;2;0;0;0m██      
            ████[38;2;255;255;255m████[38;2;0;0;0m██        
          ██[38;2;255;255;255m██████[38;2;217;225;255m██[38;2;0;0;0m██        
        ██[38;2;65;65;65m██[38;2;255;255;255m██████████[38;2;0;0;0m██      
      ██[38;2;255;255;255m████[38;2;181;206;239m██[38;2;255;255;255m██████[38;2;217;225;255m██[38;2;0;0;0m██      
██████[38;2;184;178;255m██[38;2;255;255;255m██[38;2;184;178;255m██[38;2;255;255;255m██████[38;2;217;225;255m██[38;2;181;206;239m██[38;2;255;255;255m██[38;2;0;0;0m██    
██[38;2;184;178;255m██[38;2;65;65;65m██[38;2;255;255;255m██[38;2;184;178;255m██[38;2;107;132;222m██[38;2;255;255;255m██[38;2;184;178;255m██[38;2;255;255;255m██████████[38;2;0;0;0m██  
██[38;2;180;141;232m██[38;2;181;206;239m██[38;2;255;255;255m██[38;2;184;178;255m██[38;2;107;132;222m██[38;2;255;255;255m██[38;2;107;132;222m██[38;2;184;178;255m██[38;2;255;255;255m██[38;2;184;178;255m██[38;2;255;255;255m████[38;2;0;0;0m██  
  ██[38;2;255;255;255m██[38;2;132;156;239m██[38;2;255;255;255m██[38;2;184;178;255m██[38;2;255;255;255m██[38;2;107;132;222m██[38;2;184;178;255m██[38;2;255;255;255m██████[38;2;180;141;232m██[38;2;0;0;0m████
██[38;2;255;255;255m████[38;2;132;156;239m██[38;2;107;132;222m██[38;2;255;255;255m████[38;2;184;178;255m██[38;2;255;255;255m██[38;2;132;156;239m██[38;2;255;255;255m██[38;2;180;141;232m██[38;2;184;178;255m████[38;2;0;0;0m██
██[38;2;217;225;255m██[38;2;255;255;255m████[38;2;184;178;255m██[38;2;132;156;239m██[38;2;107;132;222m████[38;2;132;156;239m██[38;2;255;255;255m████[38;2;184;178;255m██[38;2;180;141;232m██[38;2;0;0;0m██  
  ██[38;2;217;225;255m██[38;2;255;255;255m██[38;2;180;141;232m██[38;2;132;156;239m██[38;2;184;178;255m██[38;2;132;156;239m██[38;2;255;255;255m████████████[38;2;0;0;0m██
  ██[38;2;180;141;232m██[38;2;217;225;255m████[38;2;255;255;255m██[38;2;180;141;232m██[38;2;132;156;239m██[38;2;217;225;255m██[38;2;184;178;255m██[38;2;255;255;255m████[38;2;217;225;255m██[38;2;184;178;255m██[38;2;0;0;0m██
    ██[38;2;180;141;232m████[38;2;217;225;255m██████[38;2;180;141;232m████[38;2;217;225;255m████[38;2;180;141;232m██[38;2;0;0;0m██  
      ██[38;2;184;178;255m██[38;2;180;141;232m██████[38;2;184;178;255m████[38;2;180;141;232m████[38;2;0;0;0m██    
        ████[38;2;184;178;255m████[38;2;180;141;232m██[38;2;65;65;65m██[38;2;0;0;0m████      
          ██[38;2;180;141;232m██████[38;2;0;0;0m██          
            ██[38;2;180;141;232m██[38;2;0;0;0m██            
            ██[38;2;180;141;232m██[38;2;0;0;0m██            
              ██              
[0m