                                        [38;2;0;0;0m██      ██                                          
                                      ██[38;2;255;218;123m██[38;2;0;0;0m██  ██[38;2;255;218;123m██[38;2;0;0;0m██    ██                                  
                                ██    ██[38;2;255;218;123m████[38;2;0;0;0m██[38;2;246;210;106m██[38;2;233;191;74m██[38;2;255;218;123m██[38;2;0;0;0m████[38;2;255;218;123m██[38;2;0;0;0m██                                
                              ██[38;2;255;218;123m██[38;2;0;0;0m████[38;2;255;218;123m██[38;2;233;191;74m████[38;2;246;210;106m████[38;2;255;218;123m██[38;2;233;191;74m██[38;2;246;206;98m████[38;2;255;218;123m██[38;2;0;0;0m██                                
                              ██[38;2;255;222;115m████[38;2;255;226;106m██[38;2;222;187;87m██[38;2;255;218;123m██[38;2;150;102;52m████████[38;2;255;218;123m██[38;2;222;187;87m████[38;2;255;222;115m████[38;2;0;0;0m██                              
                            ██[38;2;230;194;74m██[38;2;156;105;49m██[38;2;222;183;93m██[38;2;222;187;87m██[38;2;156;109;49m██[38;2;150;102;52m██[38;2;255;218;123m████████[38;2;150;102;52m██[38;2;156;109;49m██[38;2;255;226;106m██[38;2;222;183;93m██[38;2;156;105;49m██[38;2;230;194;74m██[38;2;0;0;0m██                            
                              ██[38;2;238;190;74m██[38;2;156;101;49m██[38;2;148;105;53m██[38;2;230;194;74m██[38;2;148;105;49m██[38;2;255;226;115m██[38;2;255;218;123m████[38;2;156;101;49m██[38;2;238;190;74m██[38;2;148;105;53m████[38;2;156;101;49m██[38;2;238;190;74m██[38;2;0;0;0m██                              
                        ██████[38;2;65;64;65m██[38;2;211;160;65m██[38;2;238;190;74m██[38;2;148;105;53m██[38;2;230;194;74m██[38;2;219;186;93m██[38;2;148;105;49m██[38;2;255;218;123m██[38;2;150;102;52m██[38;2;238;190;74m██[38;2;211;160;65m██[38;2;230;194;74m██[38;2;148;105;53m██[38;2;238;190;74m██[38;2;211;160;65m██[38;2;148;105;49m██[38;2;0;0;0m████                          
                    ████[38;2;255;204;0m████[38;2;74;52;74m██[38;2;246;170;82m██[38;2;156;101;49m██[38;2;216;157;60m██[38;2;246;182;65m██[38;2;216;153;60m████[38;2;246;182;65m██[38;2;156;101;49m██[38;2;238;190;74m██[38;2;211;160;65m██[38;2;238;190;74m██[38;2;227;145;54m██[38;2;233;194;76m██[38;2;216;157;60m██[38;2;156;101;49m██[38;2;238;170;123m██[38;2;65;64;65m██[38;2;255;204;0m██[38;2;0;0;0m████                      
                  ██[38;2;255;204;0m████[38;2;206;131;13m████[38;2;160;111;78m██[38;2;74;52;74m██[38;2;246;186;65m██[38;2;156;101;49m██[38;2;216;153;60m██[38;2;156;97;49m████[38;2;216;153;60m██[38;2;238;190;74m██[38;2;211;160;65m██[38;2;238;190;74m██[38;2;156;101;49m██[38;2;233;194;76m██[38;2;227;145;54m██[38;2;156;101;49m██[38;2;246;186;65m██[38;2;65;64;65m██[38;2;255;204;0m████████[38;2;0;0;0m████                  
                [38;2;22;17;0m██[38;2;147;119;80m██[38;2;206;131;13m████[38;2;255;204;0m██████[38;2;79;58;41m██[38;2;230;161;57m████[38;2;156;101;49m██[38;2;238;190;74m██[38;2;148;105;53m██[38;2;230;194;74m██[38;2;216;157;60m██[38;2;246;186;65m██[38;2;156;101;49m██[38;2;238;190;74m██[38;2;148;105;53m████[38;2;230;161;57m████[38;2;79;58;41m██[38;2;177;128;73m██[38;2;206;131;13m██████[38;2;255;204;0m████[38;2;0;4;0m██                
            [38;2;0;0;0m████[38;2;255;218;180m████[38;2;255;204;0m████████████[38;2;65;64;65m██[38;2;230;161;57m██[38;2;238;190;74m██[38;2;211;160;65m██[38;2;230;194;74m██[38;2;148;105;53m██[38;2;156;101;49m████[38;2;238;190;74m██[38;2;211;160;65m██[38;2;230;194;74m████[38;2;230;161;57m██[38;2;65;64;65m██[38;2;255;204;0m██████████[38;2;206;131;13m██[38;2;183;138;68m██[38;2;91;72;37m██[38;2;0;0;0m██              
          ██[38;2;255;204;0m██████████[38;2;246;242;246m████[38;2;255;204;0m████[38;2;206;131;13m██[38;2;177;128;73m██[38;2;79;58;41m██[38;2;230;170;65m████[38;2;227;145;54m██[38;2;233;194;76m██████[38;2;227;145;54m██[38;2;233;194;76m██[38;2;230;145;49m████[38;2;91;58;32m██[38;2;255;204;0m████████████████[38;2;246;242;246m██[38;2;255;204;0m██[38;2;0;0;0m██            
        ██[38;2;246;242;246m██[38;2;255;204;0m████████[38;2;246;242;246m████[38;2;255;204;0m████[38;2;206;131;13m██[38;2;255;204;0m██████[38;2;65;64;65m████[38;2;233;194;76m██[38;2;227;145;54m██████[38;2;233;194;76m████[38;2;65;64;65m████[38;2;185;122;58m████[38;2;255;204;0m████████████████████[38;2;0;0;0m██          
      ██[38;2;246;242;246m████[38;2;255;204;0m██████████████[38;2;206;131;13m██[38;2;255;204;0m████████████[38;2;65;64;65m████████████[38;2;255;204;0m████████[38;2;206;131;13m██[38;2;255;204;0m████[38;2;246;242;246m████[38;2;255;204;0m████[38;2;246;242;246m████[38;2;255;204;0m████[38;2;0;0;0m██        
      ██[38;2;255;204;0m████████[38;2;246;242;246m██[38;2;255;204;0m██████[38;2;206;131;13m██[38;2;255;204;0m██████████████████[38;2;205;132;12m████[38;2;255;204;0m██████████████[38;2;206;131;13m██[38;2;255;204;0m████[38;2;246;242;246m████[38;2;255;204;0m████[38;2;246;242;246m████[38;2;255;204;0m████[38;2;0;0;0m██      
    [38;2;15;12;0m██[38;2;255;204;0m████████[38;2;246;242;246m████[38;2;255;204;0m████[38;2;206;131;13m██[38;2;255;204;0m██[38;2;246;242;246m██[38;2;255;204;0m████[38;2;246;242;246m██[38;2;255;204;0m██████████[38;2;206;131;13m██[38;2;255;204;0m████████[38;2;246;242;246m██████[38;2;255;204;0m██[38;2;206;131;13m██[38;2;255;204;0m████████████████████[38;2;0;0;0m██      
  ██[38;2;189;147;75m██[38;2;255;204;0m██████████████[38;2;206;131;13m██[38;2;255;204;0m████████[38;2;246;242;246m████[38;2;255;204;0m██████████[38;2;206;131;13m██[38;2;255;204;0m██████████[38;2;246;242;246m██[38;2;255;204;0m██████[38;2;206;131;13m██[38;2;255;204;0m██████████████████[38;2;227;151;0m██[38;2;0;0;0m██    
  ██[38;2;227;151;0m████[38;2;255;204;0m████████████[38;2;206;131;13m██[38;2;255;204;0m████████████████[38;2;246;242;246m██[38;2;246;242;238m██[38;2;240;194;128m██[38;2;206;131;13m██[38;2;255;204;0m████[38;2;246;242;246m██[38;2;255;204;0m████████████[38;2;255;251;236m██[38;2;210;135;11m██[38;2;255;204;0m██[38;2;246;242;246m████[38;2;255;204;0m████████[38;2;227;151;0m████[38;2;0;0;0m██    
██[38;2;227;151;0m████████[38;2;255;204;0m████████[38;2;206;131;13m██[38;2;255;204;0m████[38;2;246;242;246m██[38;2;255;204;0m██████████████[38;2;246;242;238m██[38;2;216;135;7m██[38;2;255;204;0m████[38;2;246;242;246m██████[38;2;255;204;0m██████████[38;2;240;194;128m██[38;2;210;135;11m██[38;2;255;204;0m████████████[38;2;227;151;0m████████[38;2;0;0;0m██  
██[38;2;227;151;0m████████████[38;2;255;204;0m████[38;2;205;132;12m██[38;2;255;204;0m██[38;2;246;242;246m██████[38;2;255;204;0m██████████████[38;2;206;131;13m██[38;2;255;204;0m████[38;2;246;242;246m████[38;2;255;204;0m████████[38;2;246;242;246m██[38;2;255;204;0m██████[38;2;205;132;12m██[38;2;255;204;0m████[38;2;227;151;0m██[38;2;255;204;0m██[38;2;227;151;0m██████████[38;2;0;0;0m██  
  ██[38;2;227;151;0m██[38;2;205;132;12m██[38;2;227;151;0m████████[38;2;205;132;12m██[38;2;227;151;0m██[38;2;255;204;0m██████████████[38;2;246;242;246m████[38;2;255;204;0m████[38;2;206;131;13m██[38;2;255;204;0m██████████████[38;2;246;242;246m████[38;2;255;204;0m████[38;2;227;151;0m██[38;2;205;132;12m██[38;2;227;151;0m████████████████[38;2;0;0;0m██    
    [38;2;0;16;8m██[38;2;227;151;0m██████████[38;2;205;132;12m██[38;2;227;151;0m██████[38;2;255;204;0m████████[38;2;246;242;246m████[38;2;255;204;0m██████[38;2;206;131;13m██[38;2;255;204;0m██[38;2;246;242;246m██[38;2;255;204;0m██████████████[38;2;227;151;0m████████[38;2;205;132;12m██[38;2;227;151;0m██████████████[38;2;0;0;0m██    
  ██[38;2;79;67;36m██[38;2;227;151;0m██████████[38;2;205;132;12m██[38;2;227;151;0m████████[38;2;255;204;0m██[38;2;227;151;0m██[38;2;255;204;0m████████████[38;2;206;131;13m██[38;2;255;204;0m██████████████[38;2;227;151;0m████[38;2;255;204;0m██[38;2;227;151;0m██████[38;2;205;132;12m██[38;2;227;151;0m████████[38;2;205;132;12m██[38;2;227;151;0m██[38;2;0;0;0m██      
██[38;2;4;127;111m██[38;2;16;129;115m██[38;2;20;64;57m██[38;2;227;151;0m████[38;2;255;165;49m██[38;2;203;130;41m██[38;2;227;151;0m██████████████████[38;2;255;204;0m██[38;2;227;151;0m██[38;2;255;204;0m██[38;2;227;151;0m██[38;2;192;124;51m██[38;2;227;151;0m██[38;2;255;204;0m██[38;2;227;151;0m██[38;2;255;204;0m██[38;2;227;151;0m██[38;2;255;204;0m██[38;2;227;151;0m██[38;2;255;204;0m██[38;2;227;151;0m██████████[38;2;65;64;65m██[38;2;74;91;90m██[38;2;248;165;41m██[38;2;227;151;0m████[38;2;24;80;71m██[38;2;8;0;0m██        
  [38;2;0;0;0m██[38;2;24;0;0m██[38;2;16;129;115m██[38;2;65;64;65m████[38;2;77;58;51m██[38;2;203;130;41m██[38;2;227;151;0m██████████████[38;2;205;132;12m██[38;2;227;151;0m██████████[38;2;65;56;65m██[38;2;227;151;0m██████████████████████████[38;2;65;64;65m██[38;2;0;97;82m██[38;2;74;91;90m██[38;2;65;64;65m████[38;2;32;121;106m██[38;2;8;0;0m██        
      [38;2;0;0;0m██[38;2;108;162;3m██[38;2;65;64;65m██[38;2;108;162;3m██[38;2;65;64;65m██[38;2;227;151;0m████████████[38;2;205;132;12m██[38;2;65;64;65m██[38;2;227;151;0m████████[38;2;65;64;65m██[38;2;108;162;3m██[38;2;65;64;65m██[38;2;227;151;0m██████████████████████[38;2;248;165;41m██[38;2;74;91;90m██[38;2;5;129;112m████[38;2;65;64;65m██[38;2;8;129;106m██████[38;2;0;0;0m████    
      ██[38;2;108;162;3m██[38;2;65;64;65m██[38;2;108;162;3m██[38;2;65;64;65m██[38;2;227;151;0m████████████[38;2;65;64;65m████[38;2;227;151;0m████████[38;2;65;64;65m██████[38;2;227;151;0m████████████████████[38;2;65;64;65m██[38;2;74;91;90m██[38;2;0;97;82m██[38;2;5;129;112m████[38;2;8;129;106m██[38;2;65;64;65m████[38;2;8;129;106m██[38;2;5;129;109m████[38;2;0;0;0m████
    ██[38;2;105;159;0m██[38;2;108;162;3m██[38;2;65;64;65m██[38;2;108;162;3m████[38;2;65;64;65m████[38;2;227;151;0m████[38;2;255;166;47m██[38;2;193;129;49m██[38;2;65;64;65m████[38;2;227;151;0m████████[38;2;167;102;79m██[38;2;189;32;57m██[38;2;156;255;123m██[38;2;65;64;65m██[38;2;227;151;0m████████████████[38;2;65;64;65m██[38;2;8;129;106m██[38;2;65;64;65m██[38;2;8;129;106m██[38;2;24;174;106m██[38;2;35;136;95m██[38;2;8;170;115m██[38;2;24;133;101m██[38;2;65;64;65m████[38;2;0;0;0m████    
    ██[38;2;66;99;1m██[38;2;108;162;3m██[38;2;65;64;65m██[38;2;108;162;3m████████[38;2;65;64;65m████[38;2;65;60;65m████[38;2;108;162;3m██[38;2;65;64;65m██[38;2;227;151;0m██████[38;2;65;64;65m██[38;2;189;32;57m██[38;2;123;242;123m██[38;2;156;255;123m██[38;2;65;64;65m██[38;2;227;151;0m████████[38;2;65;64;65m████████[38;2;8;129;106m██████[38;2;65;64;65m██[38;2;57;60;74m██[38;2;24;174;106m██[38;2;24;133;101m██[38;2;57;60;74m██[38;2;114;168;9m██[38;2;16;0;0m██        
    [38;2;0;0;0m██[38;2;109;163;4m██[38;2;108;162;3m██[38;2;65;64;65m██[38;2;115;169;10m████[38;2;107;161;2m████████[38;2;108;162;3m████████[38;2;65;64;65m██████[38;2;148;250;148m██[38;2;156;255;123m████[38;2;66;99;1m██[38;2;108;162;3m██[38;2;65;64;65m████████[38;2;5;129;112m████[38;2;65;64;65m██[38;2;8;129;106m██████[38;2;16;174;115m██[38;2;65;64;65m██[38;2;108;162;3m██[38;2;65;64;65m████[38;2;108;162;3m██[38;2;105;159;0m██[38;2;0;0;0m██        
    ██[38;2;109;163;4m██[38;2;108;162;3m████[38;2;57;60;65m██[38;2;159;215;51m████████[38;2;107;161;2m██[38;2;108;162;3m████████████████████████[38;2;65;64;65m██[38;2;8;129;106m██████[38;2;5;129;112m████[38;2;65;64;65m████[38;2;8;129;106m██[38;2;32;178;106m██[38;2;32;137;98m██[38;2;65;64;65m██[38;2;108;162;3m████████[38;2;66;99;1m██[38;2;0;0;0m██        
    [38;2;0;8;24m██[38;2;60;70;84m██[38;2;66;99;1m██[38;2;109;163;4m██[38;2;108;162;3m██[38;2;65;64;65m██[38;2;159;215;51m████████[38;2;66;99;1m██[38;2;159;215;51m██[38;2;108;162;3m████████[38;2;81;121;1m████[38;2;66;99;1m██████[38;2;109;163;4m██[38;2;111;165;6m██[38;2;65;64;65m██[38;2;24;133;101m████[38;2;24;174;106m████[38;2;65;64;65m██[38;2;108;162;3m██[38;2;65;64;65m██[38;2;32;126;131m██[38;2;57;165;115m██[38;2;65;64;65m██[38;2;66;99;1m██[38;2;109;163;4m████[38;2;66;99;1m██[38;2;0;0;0m██          
  ██[38;2;180;194;205m██[38;2;60;70;84m██[38;2;180;194;205m██[38;2;66;99;1m██[38;2;108;162;3m████[38;2;0;0;0m████[38;2;109;163;4m██[38;2;66;99;1m██[38;2;109;163;4m████[38;2;108;162;3m██████[38;2;66;99;1m██[38;2;81;121;1m██[38;2;156;64;65m██████[38;2;180;194;205m██[38;2;66;99;1m██[38;2;16;0;0m██[38;2;111;165;6m██[38;2;65;64;65m██[38;2;8;170;115m██[38;2;35;136;95m██[38;2;65;64;65m██[38;2;108;162;3m████[38;2;99;149;1m██[38;2;65;64;65m████[38;2;24;0;8m██[38;2;66;99;1m██[38;2;180;194;205m██[38;2;66;99;1m██[38;2;180;194;205m██[38;2;0;0;0m██          
    ████[38;2;189;190;197m████[38;2;0;0;0m████    ████[38;2;109;163;4m████[38;2;105;159;0m██[38;2;66;99;1m██[38;2;82;55;63m██[38;2;123;80;90m██[38;2;106;89;94m██[38;2;205;178;189m██[38;2;180;194;205m██[38;2;60;67;74m██[38;2;0;0;0m██████[38;2;109;163;4m██[38;2;105;159;0m██[38;2;65;64;65m██[38;2;41;170;131m██[38;2;65;64;65m██[38;2;109;163;4m████[38;2;159;215;51m██[38;2;105;158;1m██[38;2;0;0;0m██  ████████            
        ████            ████████[38;2;0;4;8m████[38;2;8;0;0m████[38;2;0;4;8m████    [38;2;0;0;0m██[38;2;109;163;4m██[38;2;66;99;1m██[38;2;105;159;0m██[38;2;65;64;65m██[38;2;108;162;3m██[38;2;159;215;51m██[38;2;66;99;1m██[38;2;105;158;1m██[38;2;0;4;8m██                        
                                                  [38;2;0;0;0m██[38;2;108;162;3m██[38;2;66;99;1m██[38;2;108;162;3m████████[38;2;109;163;4m██[38;2;0;0;0m██                        
                                                ██[38;2;66;99;1m██[38;2;108;162;3m██████████[38;2;66;99;1m██[38;2;109;163;4m██[38;2;0;0;0m██                        
                                                ██[38;2;189;190;197m██[38;2;66;99;1m██[38;2;105;159;0m██[38;2;66;99;1m████[38;2;60;70;84m██[38;2;180;194;205m██[38;2;66;99;1m██[38;2;0;0;0m██                        
                                                  ██████[38;2;246;242;246m████[38;2;60;70;84m██[38;2;0;8;24m██[38;2;0;0;0m██                          
                                                        ██████                              
[0m