          [38;2;0;0;0m████                                      
          ██████        ████                        
██████    ██[38;2;222;199;130m██[38;2;0;0;0m██      ██[38;2;65;65;65m██[38;2;0;0;0m████                      
████[38;2;222;199;130m██[38;2;0;0;0m██    ████      ██[38;2;214;132;82m██[38;2;65;65;65m██[38;2;0;0;0m██                      
  ██████      ██      ██[38;2;214;132;82m██[38;2;65;65;65m██[38;2;0;0;0m██                      
        ██      ██  ██[38;2;214;132;82m████[38;2;197;115;66m██[38;2;0;0;0m██              ██████  
          ██    ██  ██[38;2;214;132;82m██[38;2;197;115;66m██[38;2;214;132;82m██[38;2;0;0;0m██          ████[38;2;247;156;82m██[38;2;65;65;65m████[38;2;0;0;0m██
          ██    ██  ██[38;2;214;132;82m██[38;2;197;115;66m██[38;2;214;132;82m██[38;2;0;0;0m██      ████[38;2;247;156;82m██████[38;2;65;65;65m████[38;2;0;0;0m██
            ██  ██  ██[38;2;197;115;66m██[38;2;214;132;82m██[38;2;0;0;0m██      ██[38;2;247;156;82m██████[38;2;197;115;66m██[38;2;65;65;65m████[38;2;0;0;0m██  
            ██████████[38;2;197;115;66m██[38;2;214;132;82m██[38;2;0;0;0m██    ██[38;2;247;156;82m██[38;2;173;66;66m██[38;2;247;156;82m████[38;2;65;65;65m████[38;2;0;0;0m██    
          ██[38;2;65;65;65m██[38;2;223;223;223m██[38;2;101;101;101m██[38;2;223;223;223m██[38;2;119;119;119m██[38;2;65;65;65m██[38;2;214;132;82m██[38;2;0;0;0m██  ██[38;2;247;156;82m██████[38;2;197;115;66m████[38;2;148;82;49m████[38;2;0;0;0m██    
        ██[38;2;181;181;189m██[38;2;223;223;223m████[38;2;247;247;247m████[38;2;223;223;223m████[38;2;0;0;0m██  ██[38;2;247;156;82m████[38;2;197;115;66m████[38;2;247;156;82m██[38;2;148;82;49m██[38;2;247;156;82m██[38;2;65;65;65m████[38;2;0;0;0m██  
      ██[38;2;181;181;189m██[38;2;0;0;0m██[38;2;223;223;223m██[38;2;247;247;247m██[38;2;166;166;166m██[38;2;65;65;65m██[38;2;166;166;166m██[38;2;223;223;223m██[38;2;119;119;119m██[38;2;0;0;0m██[38;2;247;156;82m██[38;2;197;115;66m████[38;2;247;156;82m██[38;2;173;66;66m██[38;2;247;156;82m██████[38;2;65;65;65m████[38;2;0;0;0m██  
      ██[38;2;166;166;166m██[38;2;65;65;65m██[38;2;247;247;247m██[38;2;166;166;166m██[38;2;65;65;65m██[38;2;255;255;255m██[38;2;65;65;65m██[38;2;166;166;166m██[38;2;223;223;223m██[38;2;65;65;65m██[38;2;197;115;66m██[38;2;247;156;82m████[38;2;197;115;66m████████[38;2;148;82;49m████[38;2;65;65;65m██[38;2;0;0;0m██  
      ██[38;2;65;65;65m██[38;2;223;223;223m██[38;2;247;247;247m██[38;2;65;65;65m██[38;2;255;255;255m██[38;2;0;0;0m██[38;2;255;255;255m██[38;2;65;65;65m██[38;2;247;247;249m██[38;2;65;65;65m██[38;2;197;115;66m██████[38;2;247;156;82m████████[38;2;65;65;65m████[38;2;0;0;0m██    
        ██[38;2;65;65;65m██[38;2;247;247;249m████[38;2;65;65;65m██████[38;2;247;247;249m██[38;2;65;65;65m██[38;2;247;156;82m████[38;2;173;66;66m██[38;2;247;156;82m██████████[38;2;65;65;65m████[38;2;0;0;0m██    
          ████[38;2;123;123;123m██[38;2;247;247;249m██████[38;2;65;65;65m██[38;2;214;132;82m██[38;2;65;65;65m██████[38;2;247;156;82m████[38;2;148;82;49m██[38;2;247;156;82m██[38;2;65;65;65m██[38;2;0;0;0m████      
              ████[38;2;65;65;65m████[38;2;197;115;66m██[38;2;65;65;65m██[38;2;214;132;82m██[38;2;247;156;82m████[38;2;65;65;65m████████[38;2;0;0;0m██          
                  ██[38;2;247;247;249m██[38;2;166;166;166m██[38;2;65;65;65m██[38;2;197;115;66m████[38;2;247;156;82m██[38;2;90;173;107m████[38;2;247;197;58m██[38;2;148;82;49m██[38;2;65;65;65m██[38;2;0;0;0m██        
                  ██[38;2;65;65;65m██[38;2;247;247;249m████[38;2;65;65;65m██[38;2;90;173;107m██[38;2;197;115;66m████[38;2;247;197;58m██[38;2;148;82;49m████[38;2;65;65;65m██[38;2;0;0;0m██        
                ██[38;2;222;199;130m██[38;2;0;0;0m██[38;2;65;65;65m████[38;2;223;223;223m██[38;2;0;0;0m██[38;2;247;197;58m████[38;2;148;82;49m████[38;2;65;65;65m████[38;2;0;0;0m██        
              ██[38;2;65;65;65m██[38;2;0;0;0m██  ██[38;2;222;199;130m██[38;2;0;0;0m██  ██[38;2;148;82;49m████[38;2;65;65;65m████[38;2;0;0;0m██          
              ████    ██[38;2;65;65;65m██[38;2;0;0;0m██    ████████            
                      ██[38;2;65;65;65m██[38;2;0;0;0m██                        
                        ██                          
[0m