          [38;2;0;0;0m████                                      
          ██████        ████                        
██████    ██[38;2;222;199;130m██[38;2;0;0;0m██      ██[38;2;65;65;65m██[38;2;0;0;0m████                      
████[38;2;222;199;130m██[38;2;0;0;0m██    ████      ██[38;2;66;82;132m██[38;2;65;65;65m██[38;2;0;0;0m██                      
  ██████      ██      ██[38;2;66;82;132m██[38;2;65;65;65m██[38;2;0;0;0m██                      
        ██      ██  ██[38;2;66;82;132m████[38;2;58;66;115m██[38;2;0;0;0m██              ██████  
          ██    ██  ██[38;2;66;82;132m██[38;2;58;66;115m██[38;2;66;82;132m██[38;2;0;0;0m██          ████[38;2;82;107;181m██[38;2;65;65;65m████[38;2;0;0;0m██
          ██    ██  ██[38;2;66;82;132m██[38;2;58;66;115m██[38;2;66;82;132m██[38;2;0;0;0m██      ████[38;2;58;66;115m██[38;2;82;107;181m████[38;2;65;65;65m████[38;2;0;0;0m██
            ██  ██  ██[38;2;58;66;115m██[38;2;66;82;132m██[38;2;0;0;0m██      ██[38;2;58;66;115m██[38;2;82;107;181m████[38;2;65;65;65m██████[38;2;0;0;0m██  
            ██████████[38;2;58;66;115m██[38;2;66;82;132m██[38;2;0;0;0m██    ██[38;2;255;255;255m██[38;2;82;107;181m████[38;2;255;255;255m██[38;2;65;65;65m████[38;2;0;0;0m██    
          ██[38;2;65;65;65m██[38;2;223;223;223m██[38;2;101;101;101m██[38;2;223;223;223m██[38;2;119;119;119m██[38;2;65;65;65m██[38;2;66;82;132m██[38;2;0;0;0m██  ██[38;2;82;107;181m████████[38;2;58;66;115m██[38;2;53;53;53m████[38;2;0;0;0m██    
        ██[38;2;181;181;189m██[38;2;223;223;223m████[38;2;247;247;247m████[38;2;223;223;223m████[38;2;0;0;0m██  ██[38;2;82;107;181m████[38;2;58;66;115m██████[38;2;82;107;181m████[38;2;65;65;65m████[38;2;0;0;0m██  
      ██[38;2;181;181;189m██[38;2;0;0;0m██[38;2;223;223;223m██[38;2;247;247;247m██[38;2;166;166;166m██[38;2;65;65;65m██[38;2;166;166;166m██[38;2;223;223;223m██[38;2;119;119;119m██[38;2;0;0;0m██[38;2;82;107;181m██[38;2;58;66;115m████[38;2;82;107;181m████[38;2;255;255;255m██[38;2;82;107;181m████[38;2;65;65;65m████[38;2;0;0;0m██  
      ██[38;2;166;166;166m██[38;2;65;65;65m██[38;2;247;247;247m██[38;2;166;166;166m██[38;2;65;65;65m██[38;2;255;255;255m██[38;2;65;65;65m██[38;2;166;166;166m██[38;2;223;223;223m██[38;2;65;65;65m██[38;2;58;66;115m██[38;2;82;107;181m██[38;2;255;255;255m██[38;2;82;107;181m██[38;2;58;66;115m████████[38;2;65;65;65m████[38;2;0;0;0m██  
      ██[38;2;65;65;65m██[38;2;223;223;223m██[38;2;247;247;247m██[38;2;65;65;65m██[38;2;255;255;255m██[38;2;0;0;0m██[38;2;255;255;255m██[38;2;65;65;65m██[38;2;247;247;249m██[38;2;65;65;65m██[38;2;82;107;181m██[38;2;58;66;115m██████[38;2;82;107;181m████████[38;2;65;65;65m████[38;2;0;0;0m██  
        ██[38;2;65;65;65m██[38;2;247;247;249m████[38;2;65;65;65m██████[38;2;247;247;249m██[38;2;65;65;65m██[38;2;82;107;181m██[38;2;58;66;115m██[38;2;255;255;255m██[38;2;82;107;181m██████████[38;2;65;65;65m████[38;2;0;0;0m██    
          ████[38;2;123;123;123m██[38;2;247;247;249m██████[38;2;65;65;65m██[38;2;66;82;132m██[38;2;65;65;65m██████[38;2;82;107;181m████[38;2;255;255;255m██[38;2;58;66;115m██[38;2;65;65;65m██[38;2;0;0;0m████      
              ████[38;2;65;65;65m████[38;2;123;123;123m██[38;2;65;65;65m██[38;2;66;82;132m██[38;2;82;107;181m████[38;2;65;65;65m████████[38;2;0;0;0m██          
                  ██[38;2;247;247;249m██[38;2;166;166;166m██[38;2;65;65;65m██[38;2;58;66;115m████[38;2;82;107;181m██[38;2;107;148;255m████[38;2;255;255;255m████[38;2;65;65;65m██[38;2;0;0;0m██        
                  ██[38;2;65;65;65m██[38;2;247;247;249m████[38;2;65;65;65m██[38;2;107;148;255m██[38;2;58;66;115m████[38;2;255;255;255m██████[38;2;65;65;65m██[38;2;0;0;0m██        
                ██[38;2;222;199;130m██[38;2;0;0;0m██[38;2;65;65;65m████[38;2;223;223;223m██[38;2;0;0;0m██[38;2;255;255;255m████[38;2;123;123;123m████[38;2;65;65;65m████[38;2;0;0;0m██        
              ██[38;2;65;65;65m██[38;2;0;0;0m██  ██[38;2;222;199;130m██[38;2;0;0;0m██  ██[38;2;255;255;255m████[38;2;65;65;65m████[38;2;0;0;0m██          
              ████    ██[38;2;65;65;65m██[38;2;0;0;0m██    ████████            
                      ██[38;2;65;65;65m██[38;2;0;0;0m██                        
                        ██                          
[0m