          [38;2;0;0;0m████                                      
          ██████        ████                        
██████    ██[38;2;222;199;130m██[38;2;0;0;0m██      ██[38;2;65;65;65m██[38;2;0;0;0m████                      
████[38;2;222;199;130m██[38;2;0;0;0m██    ████      ██[38;2;66;156;82m██[38;2;65;65;65m██[38;2;0;0;0m██                      
  ██████      ██      ██[38;2;66;156;82m██[38;2;65;65;65m██[38;2;0;0;0m██                      
        ██      ██  ██[38;2;66;156;82m████[38;2;58;140;82m██[38;2;0;0;0m██              ██████  
          ██    ██  ██[38;2;66;156;82m██[38;2;58;140;82m██[38;2;66;156;82m██[38;2;0;0;0m██          ████[38;2;58;132;74m██[38;2;65;65;65m████[38;2;0;0;0m██
          ██    ██  ██[38;2;66;156;82m██[38;2;58;140;82m██[38;2;66;156;82m██[38;2;0;0;0m██      ████[38;2;58;132;74m██████[38;2;65;65;65m████[38;2;0;0;0m██
            ██  ██  ██[38;2;58;140;82m██[38;2;66;156;82m██[38;2;0;0;0m██      ██[38;2;49;107;66m██[38;2;58;132;74m████[38;2;65;65;65m██████[38;2;0;0;0m██  
            ██████████[38;2;58;140;82m██[38;2;66;156;82m██[38;2;0;0;0m██    ██[38;2;82;181;115m████[38;2;58;132;74m████[38;2;65;65;65m████[38;2;0;0;0m██    
          ██[38;2;65;65;65m██[38;2;223;223;223m██[38;2;101;101;101m██[38;2;223;223;223m██[38;2;119;119;119m██[38;2;65;65;65m██[38;2;66;156;82m██[38;2;0;0;0m██  ██[38;2;82;181;115m██████[38;2;49;107;66m████████[38;2;0;0;0m██    
        ██[38;2;181;181;189m██[38;2;223;223;223m████[38;2;247;247;247m████[38;2;223;223;223m████[38;2;0;0;0m██  ██[38;2;82;181;115m████[38;2;58;140;82m██[38;2;189;49;58m██[38;2;123;214;99m██[38;2;58;132;74m████[38;2;65;65;65m████[38;2;0;0;0m██  
      ██[38;2;181;181;189m██[38;2;0;0;0m██[38;2;223;223;223m██[38;2;247;247;247m██[38;2;166;166;166m██[38;2;65;65;65m██[38;2;166;166;166m██[38;2;223;223;223m██[38;2;119;119;119m██[38;2;0;0;0m██[38;2;82;181;115m██[38;2;58;140;82m████[38;2;189;49;58m██[38;2;123;214;99m████[38;2;58;132;74m████[38;2;65;65;65m████[38;2;0;0;0m██  
      ██[38;2;166;166;166m██[38;2;65;65;65m██[38;2;247;247;247m██[38;2;166;166;166m██[38;2;65;65;65m██[38;2;255;255;255m██[38;2;65;65;65m██[38;2;166;166;166m██[38;2;223;223;223m██[38;2;65;65;65m██[38;2;58;140;82m██[38;2;82;181;115m██████[38;2;189;49;58m██[38;2;49;107;66m████████[38;2;65;65;65m██[38;2;0;0;0m██  
      ██[38;2;65;65;65m██[38;2;223;223;223m██[38;2;247;247;247m██[38;2;65;65;65m██[38;2;255;255;255m██[38;2;0;0;0m██[38;2;255;255;255m██[38;2;65;65;65m██[38;2;247;247;249m██[38;2;65;65;65m██[38;2;82;181;115m██[38;2;58;140;82m██████[38;2;82;181;115m██[38;2;58;132;74m████[38;2;65;65;65m████[38;2;0;0;0m██    
        ██[38;2;65;65;65m██[38;2;247;247;249m████[38;2;65;65;65m██████[38;2;247;247;249m██[38;2;65;65;65m██[38;2;82;181;115m██[38;2;58;140;82m██[38;2;82;181;115m████████[38;2;58;132;74m████[38;2;65;65;65m████[38;2;0;0;0m██    
          ████[38;2;123;123;123m██[38;2;247;247;249m██████[38;2;65;65;65m██[38;2;66;156;82m██[38;2;65;65;65m████[38;2;82;181;115m██████[38;2;58;132;74m████[38;2;65;65;65m██[38;2;0;0;0m████      
              ████[38;2;65;65;65m████[38;2;58;140;82m██[38;2;65;65;65m██[38;2;66;156;82m██[38;2;82;181;115m██[38;2;65;65;65m██████████[38;2;0;0;0m██          
                  ██[38;2;247;247;249m██[38;2;166;166;166m██[38;2;65;65;65m██[38;2;58;140;82m████[38;2;82;181;115m██████[38;2;123;214;99m██[38;2;58;132;74m██[38;2;65;65;65m██[38;2;0;0;0m██        
                  ██[38;2;65;65;65m██[38;2;247;247;249m████[38;2;65;65;65m██[38;2;82;181;115m██[38;2;58;140;82m████[38;2;123;214;99m██[38;2;58;132;74m████[38;2;65;65;65m██[38;2;0;0;0m██        
                ██[38;2;222;199;130m██[38;2;0;0;0m██[38;2;65;65;65m████[38;2;223;223;223m██[38;2;0;0;0m██[38;2;123;214;99m████[38;2;49;107;66m████[38;2;65;65;65m████[38;2;0;0;0m██        
              ██[38;2;65;65;65m██[38;2;0;0;0m██  ██[38;2;222;199;130m██[38;2;0;0;0m██  ██[38;2;58;132;74m████[38;2;65;65;65m████[38;2;0;0;0m██          
              ████    ██[38;2;65;65;65m██[38;2;0;0;0m██    ████████            
                      ██[38;2;65;65;65m██[38;2;0;0;0m██                        
                        ██                          
[0m