      [38;2;0;0;0m██                                        
    ██[38;2;197;224;210m██[38;2;0;0;0m██                                      
    ██[38;2;197;224;210m██[38;2;0;0;0m██                ████                  
  ██[38;2;158;196;174m██[38;2;140;124;214m██[38;2;197;224;210m██[38;2;0;0;0m██          ████[38;2;197;224;210m██[38;2;0;0;0m██                  
  ██[38;2;158;196;174m██[38;2;140;124;214m██[38;2;197;224;210m██[38;2;0;0;0m██        ██[38;2;197;224;210m████[38;2;158;196;174m██[38;2;0;0;0m██        ██████    
  ██[38;2;158;196;174m████[38;2;65;65;65m██[38;2;0;0;0m██████  ██[38;2;197;224;210m████[38;2;183;164;249m██[38;2;0;0;0m██        ██[38;2;197;224;210m██████[38;2;0;0;0m██  
    ██[38;2;65;65;65m██[38;2;183;164;249m██████[38;2;140;124;214m██[38;2;0;0;0m██[38;2;65;65;65m██[38;2;197;224;210m██[38;2;140;124;214m██[38;2;158;196;174m██[38;2;0;0;0m██      ██[38;2;197;224;210m██████████[38;2;0;0;0m██
  ██[38;2;140;124;214m██[38;2;183;164;249m██████████[38;2;65;65;65m██[38;2;197;224;210m██[38;2;140;124;214m██[38;2;158;196;174m██[38;2;65;65;65m██[38;2;0;0;0m██      ██[38;2;197;224;210m████[38;2;65;65;65m██[38;2;197;224;210m██[38;2;158;196;174m██[38;2;0;0;0m██
  ██[38;2;183;164;249m████████████[38;2;65;65;65m██[38;2;197;224;210m██[38;2;140;124;214m██[38;2;158;196;174m████[38;2;0;0;0m██    ██[38;2;197;224;210m██████[38;2;158;196;174m██[38;2;65;65;65m████[38;2;0;0;0m██
██[38;2;183;164;249m████████████[38;2;0;0;0m██[38;2;103;94;169m██[38;2;65;65;65m██[38;2;158;196;174m████[38;2;65;65;65m██[38;2;96;181;74m██[38;2;0;0;0m██  ██[38;2;197;224;210m████[38;2;65;65;65m████[38;2;158;196;174m██[38;2;0;0;0m██  
██[38;2;183;164;249m██████[38;2;140;124;214m██[38;2;183;164;249m██[38;2;0;0;0m██[38;2;181;181;181m██[38;2;103;94;169m██[38;2;140;124;214m██[38;2;65;65;65m████[38;2;57;107;41m██[38;2;96;181;74m██[38;2;78;140;58m██[38;2;0;0;0m██[38;2;158;196;174m████[38;2;65;65;65m██[38;2;197;224;210m████[38;2;0;0;0m██    
  ██[38;2;183;164;249m████[38;2;140;124;214m██[38;2;103;94;169m██[38;2;0;0;0m██[38;2;255;255;255m████[38;2;140;124;214m██[38;2;65;65;65m██[38;2;255;255;255m████[38;2;57;107;41m██[38;2;96;181;74m██[38;2;65;65;65m██[38;2;158;196;174m████[38;2;65;65;65m██[38;2;197;224;210m████[38;2;0;0;0m██    
  ██[38;2;140;124;214m██[38;2;183;164;249m██████[38;2;78;140;58m██[38;2;255;255;255m██[38;2;103;94;169m████[38;2;65;65;65m████[38;2;255;255;255m██[38;2;57;107;41m██[38;2;96;181;74m██[38;2;78;140;58m██[38;2;65;65;65m██[38;2;158;196;174m██████[38;2;0;0;0m██      
██[38;2;140;124;214m██[38;2;0;0;0m██[38;2;140;124;214m██[38;2;103;94;169m██[38;2;140;124;214m██████[38;2;65;65;65m████[38;2;183;164;249m████[38;2;65;65;65m██[38;2;255;255;255m██[38;2;57;107;41m████[38;2;65;65;65m██[38;2;158;196;174m██████[38;2;0;0;0m██      
██[38;2;181;181;181m██[38;2;140;124;214m██[38;2;0;0;0m██[38;2;65;65;65m████████[38;2;202;103;54m██[38;2;65;65;65m██[38;2;183;164;249m████[38;2;140;124;214m██[38;2;255;255;255m██[38;2;57;107;41m██[38;2;78;140;58m██[38;2;65;65;65m██[38;2;158;196;174m████[38;2;0;0;0m██        
  ████  ██[38;2;236;152;93m██████[38;2;65;65;65m██[38;2;255;255;255m██[38;2;183;164;249m████[38;2;65;65;65m██[38;2;255;255;255m██[38;2;57;107;41m██[38;2;78;140;58m██[38;2;65;65;65m██[38;2;0;0;0m████          
          ██[38;2;202;103;54m████[38;2;65;65;65m██[38;2;140;124;214m██[38;2;181;181;181m██[38;2;65;65;65m████[38;2;181;181;181m██[38;2;57;107;41m████[38;2;0;0;0m██              
        ██[38;2;103;94;169m██[38;2;65;65;65m████[38;2;236;152;93m██[38;2;65;65;65m████[38;2;236;152;93m██[38;2;65;65;65m████[38;2;181;181;181m██[38;2;0;0;0m██                
        ██[38;2;103;94;169m████[38;2;65;65;65m██[38;2;0;0;0m██[38;2;202;103;54m████[38;2;65;65;65m██[38;2;183;164;249m██[38;2;65;65;65m██[38;2;181;181;181m██[38;2;0;0;0m██                
          ██████  ██[38;2;65;65;65m██[38;2;183;164;249m████[38;2;140;124;214m██[38;2;0;0;0m██                  
                    ██[38;2;140;124;214m██[38;2;103;94;169m██[38;2;140;124;214m██[38;2;0;0;0m██                  
                      ██████                    
[0m