                                      [38;2;177;122;176m██████                                                  
                                    ████[38;2;255;195;240m████[38;2;177;122;176m████                                              
                                    ██[38;2;255;195;240m██████████[38;2;177;122;176m██                                            
                                  ██[38;2;255;195;240m██████████████[38;2;177;122;176m██                                          
                                  ██[38;2;255;195;240m██████████████[38;2;177;122;176m██              ████                        
                                    ██[38;2;255;195;240m██████████[38;2;177;122;176m██              ██[38;2;216;158;208m████[38;2;177;122;176m████                    
        ████                          ████[38;2;255;195;240m██[38;2;177;122;176m████              ██[38;2;216;158;208m██████████[38;2;177;122;176m██                  
  ██████[38;2;255;195;240m████[38;2;177;122;176m██                            ██                  ██[38;2;216;158;208m██████████[38;2;177;122;176m██                  
████[38;2;255;195;240m██████████[38;2;177;122;176m██                                                ██[38;2;216;158;208m████████[38;2;177;122;176m██                  
██[38;2;255;195;240m████████████[38;2;177;122;176m██              [38;2;0;0;0m██[38;2;0;4;0m██                              [38;2;177;122;176m██[38;2;216;158;208m██[38;2;177;122;176m██████                    
██[38;2;255;195;240m██████████[38;2;177;122;176m████          [38;2;0;4;0m██[38;2;59;100;90m██[38;2;119;207;187m██[38;2;117;228;196m██[38;2;0;4;0m██                    ██████    [38;2;177;122;176m██                          
██[38;2;255;195;240m██████████████[38;2;177;122;176m██        [38;2;0;4;0m██[38;2;117;228;196m██[38;2;84;136;123m██████[38;2;0;4;0m████  ████        ██[38;2;95;186;173m████[38;2;43;71;69m██[38;2;8;8;0m██[38;2;0;4;0m██    ████                    
  [38;2;177;122;176m██[38;2;255;195;240m████[38;2;177;122;176m████[38;2;255;195;240m████[38;2;177;122;176m██        [38;2;0;4;0m██[38;2;84;136;123m██[38;2;117;228;196m██████████[38;2;0;4;0m██[38;2;117;228;196m████[38;2;0;4;0m██      ██[38;2;78;137;128m██[38;2;110;244;224m██[38;2;117;228;210m████[38;2;117;228;196m██[38;2;0;4;0m████[38;2;117;228;196m██[38;2;56;57;58m██[38;2;0;4;0m██                  
    [38;2;177;122;176m████    ████      [38;2;0;4;0m████[38;2;117;228;196m██[38;2;116;232;203m████████████████[38;2;113;229;200m██[38;2;90;167;152m██[38;2;0;4;0m██  ██[38;2;117;228;196m██[38;2;116;232;203m████████████[38;2;116;229;203m██[38;2;79;161;175m██[38;2;117;228;196m██[38;2;0;4;0m██                  
                    ██[38;2;117;228;196m██████[38;2;116;232;203m████████████████[38;2;78;137;128m████[38;2;117;228;196m██[38;2;0;4;0m██[38;2;117;228;196m████[38;2;116;232;203m████████████[38;2;116;229;203m████[38;2;0;4;0m██                    
                  ██[38;2;117;228;196m████[38;2;79;161;175m██[38;2;116;229;203m██[38;2;117;228;196m████[38;2;79;161;175m██[38;2;116;229;203m██[38;2;116;232;203m████████████[38;2;117;228;196m██[38;2;66;65;66m██[38;2;116;232;203m████[38;2;117;228;196m████████[38;2;110;244;224m██[38;2;92;167;149m██[38;2;116;232;203m████[38;2;0;4;0m██                    
                  ██[38;2;79;168;174m████[38;2;116;229;203m████[38;2;117;228;196m██[38;2;65;121;122m██[38;2;116;229;203m████[38;2;116;232;203m████████████[38;2;66;65;66m██[38;2;117;228;196m██[38;2;116;232;203m████[38;2;62;103;77m████████[38;2;65;103;81m████[38;2;116;232;203m████[38;2;117;228;196m██[38;2;0;4;0m██                  
                    [38;2;0;0;8m██[38;2;239;235;255m██[38;2;116;232;203m████[38;2;116;229;203m████[38;2;57;134;122m██[38;2;143;184;174m██[38;2;117;228;196m████[38;2;116;232;203m████████[38;2;66;65;66m██[38;2;117;228;196m██[38;2;116;232;203m████[38;2;42;137;126m██[38;2;239;235;255m██[38;2;255;255;255m████[38;2;0;0;16m██[38;2;255;251;255m██[38;2;116;232;203m████[38;2;85;87;90m██[38;2;0;4;8m██                  
                  [38;2;0;4;0m██[38;2;159;156;172m████[38;2;116;232;203m████[38;2;116;229;203m██[38;2;79;161;175m██[38;2;247;251;255m██[38;2;57;134;122m██[38;2;65;121;122m████[38;2;116;232;203m████████[38;2;66;65;66m██[38;2;117;228;196m██[38;2;116;232;203m████[38;2;152;209;202m██[38;2;98;171;162m██[38;2;255;255;255m████[38;2;255;251;255m██[38;2;170;167;175m██[38;2;116;232;203m████[38;2;255;255;255m██[38;2;0;4;8m██                  
                  [38;2;0;4;0m██[38;2;117;228;196m████[38;2;116;232;203m████[38;2;116;229;203m██[38;2;79;161;175m██[38;2;255;255;255m████[38;2;0;4;0m██[38;2;255;255;255m██[38;2;65;120;122m████[38;2;117;228;196m████[38;2;66;65;66m██[38;2;82;141;132m██[38;2;117;228;196m████████████[38;2;113;229;200m██[38;2;63;96;69m██[38;2;66;99;79m████[38;2;79;161;175m██[38;2;0;4;0m██      [38;2;177;122;176m██████      
                [38;2;0;4;0m██[38;2;255;255;255m██[38;2;62;103;77m██[38;2;117;228;196m██[38;2;116;232;203m████[38;2;116;229;203m████[38;2;79;167;175m██[38;2;255;255;255m██████████[38;2;88;140;127m██[38;2;66;65;66m██[38;2;108;230;206m████[38;2;84;136;123m██[38;2;117;228;196m████[38;2;62;103;77m██████[38;2;63;96;69m██[38;2;113;229;200m██[38;2;78;165;178m████[38;2;0;4;0m██      [38;2;177;122;176m██[38;2;255;195;240m██████[38;2;177;122;176m████  
                [38;2;0;4;0m██[38;2;198;195;206m██[38;2;62;103;74m████████[38;2;117;228;196m████████[38;2;79;168;174m████[38;2;88;170;163m██[38;2;105;245;229m██[38;2;108;230;206m██[38;2;57;65;57m██[38;2;72;114;101m██[38;2;103;232;212m██[38;2;76;135;124m██[38;2;83;174;161m██[38;2;47;116;102m██[38;2;255;243;255m██[38;2;80;173;178m████[38;2;78;177;181m████[38;2;100;146;147m████[38;2;0;4;0m██    [38;2;177;122;176m██[38;2;255;195;240m████████████[38;2;177;122;176m██
                [38;2;0;4;0m██[38;2;66;67;63m██[38;2;62;103;74m██[38;2;189;60;90m██████[38;2;62;103;77m██████[38;2;117;228;196m██████[38;2;105;245;229m██[38;2;65;106;86m██[38;2;73;106;92m██[38;2;108;230;206m██[38;2;57;65;66m████[38;2;66;69;66m██[38;2;83;174;161m██[38;2;104;156;151m████[38;2;80;173;178m████[38;2;198;195;206m████[38;2;161;203;207m██[38;2;39;90;88m██[38;2;84;136;123m██[38;2;0;4;0m██  [38;2;177;122;176m████[38;2;255;195;240m██████████[38;2;177;122;176m██
          ████    [38;2;0;4;0m██[38;2;108;230;206m██[38;2;65;103;81m██[38;2;198;85;99m████[38;2;170;125;123m██[38;2;231;178;165m████[38;2;109;72;82m██[38;2;62;104;74m████[38;2;68;92;75m██[38;2;255;255;247m██[38;2;189;60;90m██[38;2;62;103;74m██[38;2;80;173;178m████[38;2;81;167;171m██[38;2;44;83;77m██[38;2;0;4;0m██[38;2;79;161;175m██[38;2;107;126;130m██[38;2;198;186;206m██[38;2;89;193;187m██[38;2;0;4;0m████[38;2;84;136;123m██[38;2;56;57;58m██[38;2;0;4;0m██  [38;2;177;122;176m██[38;2;255;195;240m████████[38;2;177;122;176m██[38;2;255;195;240m██[38;2;177;122;176m██
        ██[38;2;216;158;208m████[38;2;177;122;176m██  [38;2;0;4;0m██[38;2;108;230;206m████[38;2;60;101;68m████[38;2;109;72;82m██[38;2;170;125;123m██████[38;2;206;109;107m██[38;2;62;104;74m██[38;2;197;199;197m██[38;2;255;255;247m██[38;2;62;103;74m████[38;2;80;173;178m████[38;2;81;167;171m██[38;2;0;8;0m██  [38;2;0;4;0m██[38;2;51;68;69m████[38;2;0;4;0m██    ████  [38;2;177;122;176m██[38;2;255;195;240m████████████[38;2;177;122;176m██  
      ██[38;2;216;158;208m██████[38;2;177;122;176m██    [38;2;0;4;0m██[38;2;91;182;169m██[38;2;117;228;196m██████[38;2;62;103;77m██████[38;2;65;103;81m████[38;2;66;99;79m██████[38;2;78;165;178m██[38;2;80;173;178m████[38;2;51;72;72m██[38;2;0;8;0m██    [38;2;0;4;0m██[38;2;65;121;122m██[38;2;0;4;0m██          [38;2;177;122;176m██[38;2;255;195;240m████████████[38;2;177;122;176m██  
      ██[38;2;216;158;208m████[38;2;177;122;176m██      [38;2;0;4;0m██[38;2;47;88;80m██[38;2;89;193;179m████[38;2;117;228;196m████████[38;2;110;244;224m██[38;2;92;167;149m██[38;2;78;165;178m████████[38;2;80;173;178m████[38;2;51;72;72m██[38;2;71;108;110m██[38;2;0;4;0m████[38;2;65;121;122m████[38;2;56;57;58m██[38;2;0;4;0m██          [38;2;177;122;176m██[38;2;255;195;240m████████[38;2;177;122;176m██    
        ████      [38;2;0;4;0m██[38;2;65;121;122m██[38;2;58;58;58m██[38;2;198;195;206m██████[38;2;78;177;181m██[38;2;81;168;174m████[38;2;78;177;181m████████[38;2;80;173;178m████[38;2;79;161;175m██[38;2;0;4;0m████[38;2;65;121;122m██[38;2;58;58;58m██[38;2;65;121;122m██[38;2;65;120;122m████[38;2;65;121;122m██[38;2;0;4;0m██            [38;2;177;122;176m████████      
                  [38;2;0;4;0m██[38;2;58;58;58m██[38;2;65;121;122m██[38;2;0;4;16m██[38;2;132;131;142m██[38;2;198;195;206m████[38;2;108;230;206m██[38;2;81;168;174m██[38;2;78;177;181m██[38;2;198;195;206m████[38;2;78;177;181m██[38;2;80;173;178m████[38;2;0;4;0m██    ██[38;2;58;58;58m██[38;2;65;121;122m██[38;2;65;120;122m████[38;2;65;121;122m██[38;2;0;4;0m██                          
        [38;2;177;122;176m████  ████  [38;2;0;4;0m████  ████[38;2;89;193;187m██[38;2;198;186;206m██[38;2;107;126;130m██[38;2;198;182;198m██[38;2;114;145;142m██[38;2;86;182;184m██[38;2;60;101;68m██[38;2;56;57;58m██[38;2;0;4;0m██        ██[38;2;56;57;58m██[38;2;65;121;122m████[38;2;0;4;0m██                            
    [38;2;177;122;176m████[38;2;255;195;240m████[38;2;177;122;176m██[38;2;255;195;240m██[38;2;177;122;176m██            [38;2;0;4;0m██[38;2;0;0;8m██[38;2;51;68;69m██[38;2;58;109;81m████[38;2;60;101;68m██[38;2;86;182;184m██[38;2;0;4;0m██            ██████    [38;2;177;122;176m██                        
  ██[38;2;255;195;240m██████████[38;2;177;122;176m██                  [38;2;0;4;0m██[38;2;46;79;77m██[38;2;85;161;165m██[38;2;88;173;163m██[38;2;61;113;105m██[38;2;0;4;0m██                    [38;2;177;122;176m██[38;2;216;158;208m██[38;2;177;122;176m████                    
██[38;2;255;195;240m██████████████[38;2;177;122;176m██                  [38;2;0;8;0m████████                      [38;2;177;122;176m██[38;2;216;158;208m██████[38;2;177;122;176m██                  
██[38;2;255;195;240m██████████████[38;2;177;122;176m██                                              ██[38;2;216;158;208m████████[38;2;177;122;176m██                  
██[38;2;255;195;240m██████████████[38;2;177;122;176m██                          ██  ██████          ██[38;2;216;158;208m██████[38;2;177;122;176m██                    
  ██[38;2;255;195;240m██████████[38;2;177;122;176m██                          ██[38;2;255;195;240m██[38;2;177;122;176m██[38;2;255;195;240m██████[38;2;177;122;176m██          ██████                      
    ██[38;2;255;195;240m██████[38;2;177;122;176m██                        ████[38;2;255;195;240m██████████████[38;2;177;122;176m██                                    
      ██████                        ██[38;2;255;195;240m██████████████████[38;2;177;122;176m██                                    
                                  ██[38;2;255;195;240m██████████████████[38;2;177;122;176m██                                      
                                  ██[38;2;255;195;240m████████████[38;2;177;122;176m██[38;2;255;195;240m████[38;2;177;122;176m██                                      
                                    ██[38;2;255;195;240m██████████[38;2;177;122;176m██████                                        
                                      ██[38;2;255;195;240m██████[38;2;177;122;176m██                                              
                                        ██████                                                
[0m