          [38;2;0;0;0m████  ████████████                
          ██[38;2;149;110;187m██[38;2;0;0;0m██[38;2;0;199;118m██[38;2;65;65;65m████[38;2;90;59;129m████[38;2;149;110;187m██[38;2;0;0;0m████            
          ██[38;2;65;65;65m██[38;2;0;199;118m██[38;2;149;110;187m██[38;2;65;65;65m██[38;2;149;110;187m██[38;2;65;65;65m██[38;2;149;110;187m██[38;2;90;59;129m██[38;2;149;110;187m██[38;2;0;199;118m██[38;2;0;0;0m██████      
████    ██[38;2;114;80;156m██[38;2;149;110;187m████[38;2;0;199;118m████[38;2;65;65;65m██[38;2;149;110;187m██████[38;2;90;59;129m██[38;2;149;110;187m██[38;2;65;65;65m██[38;2;149;110;187m██[38;2;0;0;0m██      
██[38;2;149;110;187m██[38;2;0;0;0m██  ██[38;2;65;65;65m████[38;2;90;59;129m████[38;2;149;110;187m██████[38;2;114;80;156m████[38;2;90;59;129m██[38;2;114;80;156m██[38;2;149;110;187m██[38;2;0;0;0m██        
██[38;2;149;110;187m██[38;2;90;59;129m██[38;2;0;0;0m██[38;2;114;80;156m██[38;2;65;65;65m██[38;2;149;110;187m██[38;2;65;65;65m██[38;2;149;110;187m██[38;2;90;59;129m████[38;2;114;80;156m██[38;2;55;53;93m██████[38;2;114;80;156m████[38;2;90;59;129m██[38;2;0;0;0m██      
  ██[38;2;90;59;129m██[38;2;149;110;187m██[38;2;65;65;65m████[38;2;149;110;187m██[38;2;90;59;129m██[38;2;65;65;65m██[38;2;149;110;187m██[38;2;114;80;156m██[38;2;55;53;93m██[38;2;82;81;129m██████[38;2;55;53;93m██[38;2;90;59;129m██[38;2;114;80;156m██[38;2;0;0;0m██      
    ██[38;2;65;65;65m████[38;2;114;80;156m██[38;2;65;65;65m██[38;2;90;59;129m██[38;2;149;110;187m██[38;2;65;65;65m██[38;2;55;53;93m██[38;2;82;81;129m████[38;2;55;53;93m████[38;2;82;81;129m██[38;2;55;53;93m██[38;2;114;80;156m██[38;2;0;0;0m██      
      ██[38;2;0;199;118m██[38;2;149;110;187m██[38;2;0;199;118m██[38;2;65;65;65m████[38;2;114;80;156m██[38;2;55;53;93m██[38;2;82;81;129m██[38;2;55;53;93m██[38;2;90;59;129m████[38;2;55;53;93m████[38;2;114;80;156m██[38;2;0;0;0m██      
      ██[38;2;149;110;187m██[38;2;0;199;118m████[38;2;149;110;187m████[38;2;114;80;156m██[38;2;55;53;93m████[38;2;90;59;129m████[38;2;197;140;107m██[38;2;65;65;65m██[38;2;55;53;93m██[38;2;90;59;129m██[38;2;0;0;0m██      
      ██[38;2;90;59;129m██[38;2;149;110;187m██████[38;2;90;59;129m████[38;2;55;53;93m████[38;2;197;140;107m██[38;2;0;0;0m██[38;2;247;247;41m██[38;2;65;65;65m████[38;2;114;80;156m██[38;2;65;65;65m██[38;2;0;0;0m██    
        ██[38;2;90;59;129m██████[38;2;114;80;156m██████[38;2;55;53;93m██[38;2;65;65;65m██[38;2;247;247;41m██[38;2;197;140;107m██[38;2;65;65;65m██[38;2;114;80;156m████[38;2;65;65;65m██[38;2;149;110;187m██[38;2;0;0;0m██  
      ██[38;2;90;59;129m██[38;2;0;0;0m██[38;2;0;199;118m████[38;2;65;65;65m██[38;2;90;59;129m██[38;2;114;80;156m████[38;2;55;53;93m██[38;2;65;65;65m████[38;2;114;80;156m████[38;2;65;65;65m██[38;2;0;0;0m██[38;2;90;59;129m██[38;2;149;110;187m██[38;2;0;0;0m██
      ██████[38;2;114;80;156m██[38;2;65;65;65m██[38;2;114;80;156m██[38;2;65;65;65m██[38;2;114;80;156m████[38;2;90;59;129m██[38;2;114;80;156m████[38;2;90;59;129m██[38;2;65;65;65m██[38;2;0;0;0m██  ██████
            ████[38;2;65;65;65m██[38;2;114;80;156m████[38;2;90;59;129m██[38;2;114;80;156m████[38;2;0;0;0m██[38;2;114;80;156m██[38;2;0;0;0m██          
                ████████████  ████          
[0m