          [38;2;0;4;0m████████████                              
    ██████[38;2;255;115;253m██[38;2;255;186;250m████[38;2;255;186;254m████[38;2;255;165;234m██[38;2;0;0;0m██                            
  [38;2;0;4;0m██[38;2;255;115;253m██████████[38;2;255;186;250m██[38;2;255;186;254m████[38;2;170;110;156m██[38;2;55;73;85m██[38;2;0;4;0m██████                      
  ██[38;2;255;115;253m████████[38;2;255;148;245m████[38;2;254;181;255m████[38;2;66;65;66m██[38;2;254;181;255m██[38;2;255;186;254m████[38;2;254;181;255m██[38;2;0;4;0m████                  
██[38;2;200;82;206m██[38;2;206;82;210m██[38;2;255;115;253m████[38;2;66;65;66m██████████[38;2;254;181;255m████[38;2;255;186;254m████[38;2;254;181;255m████[38;2;255;115;253m██[38;2;0;4;0m████              
██[38;2;200;82;206m██[38;2;206;82;210m██[38;2;255;115;253m██[38;2;66;65;66m██████[38;2;255;115;253m████[38;2;254;181;255m██[38;2;255;186;254m████████[38;2;255;186;250m████[38;2;254;181;255m██[38;2;255;115;253m██[38;2;166;82;172m██[38;2;0;8;8m██            
[38;2;0;4;0m██[38;2;200;82;206m██[38;2;206;82;210m████[38;2;66;65;66m██[38;2;200;82;206m██[38;2;255;115;253m██[38;2;66;65;66m██[38;2;255;115;253m████[38;2;255;186;254m████████[38;2;255;186;250m██[38;2;255;115;253m██████[38;2;247;123;255m██[38;2;166;82;172m██[38;2;0;4;0m██          
██[38;2;200;82;206m██[38;2;214;82;210m██[38;2;167;76;162m██[38;2;57;65;74m██[38;2;255;115;253m██[38;2;193;74;150m████[38;2;66;65;66m██[38;2;255;115;253m██[38;2;255;118;253m████████████████[38;2;255;115;253m██[38;2;206;82;210m██[38;2;200;82;206m██[38;2;0;4;0m██        
██[38;2;200;82;206m██[38;2;214;82;210m██[38;2;66;60;74m██[38;2;182;95;194m██[38;2;255;115;253m██████████[38;2;255;118;253m████████████████[38;2;255;115;253m████[38;2;200;82;206m██[38;2;0;4;0m██        
██[38;2;200;82;206m████[38;2;66;65;66m██[38;2;255;115;253m██[38;2;66;65;66m██[38;2;255;115;253m████████[38;2;255;118;253m████[38;2;255;115;253m██[38;2;66;65;66m██████████[38;2;255;118;253m████[38;2;200;82;206m████[38;2;0;4;0m██      
██[38;2;200;82;206m████[38;2;66;65;66m██[38;2;255;115;253m██[38;2;66;65;66m██████[38;2;193;74;150m██[38;2;255;115;253m██[38;2;255;118;253m████[38;2;255;115;253m████[38;2;66;65;66m██[38;2;192;71;153m██[38;2;255;115;253m████[38;2;255;118;253m████[38;2;66;65;66m██[38;2;200;82;206m██[38;2;0;4;0m██      
  ██[38;2;200;82;206m██[38;2;66;65;66m██[38;2;255;115;253m████[38;2;159;64;73m██[38;2;195;60;90m██[38;2;66;65;66m██[38;2;255;115;253m██████[38;2;255;118;253m████[38;2;255;115;253m██[38;2;193;74;150m██[38;2;66;65;66m██[38;2;255;115;253m██[38;2;255;118;253m████[38;2;66;65;66m██[38;2;200;82;206m████[38;2;0;4;0m██    
  ██[38;2;200;82;206m████[38;2;66;65;66m██[38;2;255;115;253m██[38;2;159;64;73m██[38;2;195;60;90m██[38;2;66;65;66m████████[38;2;255;118;253m████[38;2;255;115;253m████████[38;2;255;118;253m████[38;2;200;82;206m██[38;2;66;65;66m██[38;2;200;82;206m██[38;2;0;4;0m██    
  ██[38;2;200;82;206m████[38;2;66;65;66m██[38;2;255;115;253m██[38;2;159;64;73m██[38;2;195;60;90m██[38;2;193;60;90m████[38;2;195;60;90m████[38;2;107;65;74m██[38;2;255;115;253m██[38;2;66;65;66m████[38;2;255;118;253m████████[38;2;200;82;206m██[38;2;66;65;66m██[38;2;200;82;206m██[38;2;0;4;0m██    
    ██[38;2;200;82;206m██[38;2;255;115;253m████[38;2;159;64;73m██[38;2;195;60;90m██[38;2;193;60;90m██[38;2;156;65;74m██[38;2;159;64;73m████[38;2;107;65;74m████[38;2;160;65;74m██[38;2;66;65;66m██[38;2;255;118;253m████████[38;2;66;65;66m██[38;2;200;82;206m██[38;2;0;4;0m██      
    ██[38;2;255;115;253m██[38;2;255;118;253m████[38;2;159;64;73m██[38;2;195;60;90m██[38;2;160;62;74m██[38;2;255;121;140m██[38;2;255;123;139m████[38;2;160;62;74m████[38;2;156;65;74m██[38;2;255;115;253m██[38;2;255;118;253m████[38;2;252;115;255m██[38;2;169;76;172m██[38;2;0;4;0m████        
    ██[38;2;255;115;253m██[38;2;255;118;253m████[38;2;159;64;73m████[38;2;255;121;140m████[38;2;255;123;139m████[38;2;255;121;140m████[38;2;156;65;74m██[38;2;255;115;253m██[38;2;255;118;253m████[38;2;252;115;255m██[38;2;0;8;8m██            
    [38;2;0;4;0m██[38;2;255;115;253m██[38;2;255;118;253m████[38;2;255;115;253m██[38;2;156;65;74m██[38;2;255;121;140m████[38;2;255;123;139m████[38;2;175;113;134m██[38;2;189;65;74m██[38;2;255;115;253m████[38;2;255;118;253m████[38;2;0;4;0m██              
    ██[38;2;255;115;253m██[38;2;255;118;253m████[38;2;255;115;253m██[38;2;156;65;74m██[38;2;160;62;74m██[38;2;255;121;140m██[38;2;255;123;139m████[38;2;189;65;74m██[38;2;255;148;246m██[38;2;193;74;150m██[38;2;255;115;253m██[38;2;255;118;253m████[38;2;0;4;0m██              
      ██[38;2;255;118;253m████████[38;2;156;65;74m████████[38;2;255;115;253m██[38;2;66;65;66m██[38;2;255;118;253m████[38;2;245;123;247m██[38;2;8;4;0m██      [38;2;0;4;0m██████    
      ██[38;2;255;118;253m████████[38;2;255;115;253m████████[38;2;66;65;66m██[38;2;255;115;253m██[38;2;255;118;253m████[38;2;81;46;82m██[38;2;8;4;0m██    [38;2;0;4;0m██[38;2;255;255;255m██[38;2;82;93;107m██[38;2;54;63;71m██[38;2;0;4;0m██  
      ██[38;2;166;82;172m██[38;2;247;123;255m██[38;2;255;118;253m████████[38;2;255;115;253m██[38;2;66;65;66m██[38;2;255;118;253m████[38;2;253;107;255m██[38;2;66;65;66m██[38;2;0;4;0m██    ██[38;2;255;255;255m██[38;2;82;89;107m██[38;2;85;87;90m██[38;2;255;255;255m████[38;2;0;4;0m██
        [38;2;0;8;8m██[38;2;166;82;172m██[38;2;255;118;253m████████[38;2;66;65;66m██[38;2;255;115;253m██[38;2;255;118;253m████[38;2;66;65;66m██[38;2;178;93;192m██[38;2;0;4;0m██    ██[38;2;255;255;255m██[38;2;82;89;107m██[38;2;255;255;255m██[38;2;0;4;8m██[38;2;255;255;255m██[38;2;0;4;0m██
        ██[38;2;200;82;206m██[38;2;203;82;208m████[38;2;253;107;255m██[38;2;66;65;66m██[38;2;255;115;253m████[38;2;200;82;206m████[38;2;67;35;68m██[38;2;8;8;0m██    [38;2;0;4;0m██[38;2;78;89;107m██[38;2;79;90;104m████[38;2;255;255;255m████[38;2;78;89;107m██[38;2;0;4;0m██
          ██[38;2;203;82;208m████[38;2;178;93;192m██[38;2;66;65;66m██[38;2;206;82;210m████[38;2;200;82;206m██[38;2;66;65;66m██[38;2;200;90;206m██[38;2;8;8;0m██    [38;2;0;4;0m██[38;2;78;89;107m██[38;2;79;90;104m████[38;2;82;89;107m████[38;2;0;4;0m██  
          ██[38;2;203;82;208m████[38;2;66;65;66m██[38;2;200;82;206m██[38;2;203;82;208m████[38;2;66;65;66m██[38;2;200;82;206m██[38;2;0;4;0m██    ██[38;2;79;90;104m████[38;2;78;89;107m████[38;2;0;4;0m████    
        ██[38;2;200;82;206m██[38;2;203;82;208m████[38;2;66;65;66m██[38;2;200;82;206m██[38;2;203;82;208m████[38;2;66;65;66m██[38;2;200;82;206m██[38;2;0;4;0m██  ██[38;2;78;89;107m██[38;2;79;90;104m████[38;2;0;4;0m████        
    [38;2;0;8;8m████[38;2;206;82;210m████[38;2;203;82;208m████[38;2;200;82;206m██[38;2;66;65;66m██████[38;2;200;82;206m██████[38;2;0;4;0m██[38;2;43;55;66m██[38;2;71;102;132m██[38;2;0;4;0m████            
  ██[38;2;168;82;172m██[38;2;250;123;255m██[38;2;255;115;253m██[38;2;206;82;210m██[38;2;203;82;208m████[38;2;200;82;206m██████████[38;2;66;65;66m██[38;2;200;82;206m████[38;2;198;99;183m██[38;2;16;8;0m██                
  [38;2;0;4;0m██[38;2;67;35;68m██[38;2;200;90;206m██[38;2;200;82;206m████[38;2;0;4;0m██████[38;2;200;82;206m██[38;2;206;82;210m██[38;2;255;115;253m████[38;2;206;82;210m██[38;2;38;56;68m██[38;2;200;82;206m████[38;2;0;4;0m██                
    [38;2;8;8;0m████[38;2;0;4;0m████      ██[38;2;255;115;253m████████[38;2;200;82;206m██[38;2;16;8;0m██[38;2;0;4;0m██                  
                    [38;2;0;8;8m██[38;2;239;123;233m██[38;2;250;123;255m██[38;2;168;82;172m██[38;2;0;4;0m██                      
                      [38;2;0;0;0m██[38;2;0;8;8m████                        
[0m