                      [38;2;0;0;0m████                  
                  ████[38;2;89;121;153m██[38;2;0;0;0m██                  
                ██[38;2;65;65;65m██[38;2;89;121;153m████[38;2;0;0;0m██                  
                ██[38;2;89;121;153m██[38;2;65;65;65m████                    
                  [38;2;0;0;0m██[38;2;89;121;153m████[38;2;0;0;0m██                  
  ████████      ██[38;2;89;121;153m████[38;2;65;65;65m██[38;2;0;0;0m██                  
██[38;2;58;99;74m████[38;2;74;123;107m████[38;2;0;0;0m██████  ██[38;2;89;121;153m██[38;2;0;0;0m██    ██████          
  ██[38;2;74;123;107m██[38;2;58;99;74m████[38;2;74;123;107m██████[38;2;0;0;0m████[38;2;89;121;153m██[38;2;0;0;0m██  ██[38;2;74;165;99m████[38;2;0;0;0m██          
  ██[38;2;74;123;107m██████[38;2;58;99;74m██[38;2;65;65;65m████[38;2;89;121;153m██████[38;2;0;0;0m████[38;2;74;165;99m████[38;2;0;0;0m██            
    ██[38;2;74;123;107m██[38;2;65;65;65m████[38;2;89;121;153m████████████[38;2;65;65;65m██████[38;2;0;0;0m████          
    ██[38;2;58;99;74m██[38;2;65;65;65m██[38;2;255;255;255m██[38;2;89;121;153m██████████████[38;2;65;65;65m██[38;2;58;99;74m██[38;2;74;165;99m████[38;2;0;0;0m████      
  ██[38;2;156;206;74m██[38;2;65;65;65m██[38;2;89;121;153m██[38;2;0;0;0m██[38;2;89;121;153m██████████[38;2;65;65;65m██[38;2;89;121;153m██[38;2;65;65;65m██[38;2;74;165;99m██[38;2;58;99;74m████[38;2;74;165;99m████[38;2;0;0;0m██    
██[38;2;156;206;74m████[38;2;123;156;74m██[38;2;89;121;153m██[38;2;255;255;255m██[38;2;89;121;153m████████[38;2;255;255;255m██[38;2;89;121;153m██████[38;2;65;65;65m██[38;2;74;165;99m████[38;2;58;99;74m██[38;2;74;165;99m████[38;2;0;0;0m██  
██[38;2;156;206;74m████[38;2;255;255;255m██[38;2;65;65;65m██[38;2;89;121;153m██████████[38;2;0;0;0m██[38;2;189;189;189m██[38;2;89;121;153m████[38;2;65;65;65m██[38;2;58;99;74m██[38;2;74;165;99m████[38;2;58;99;74m██[38;2;74;165;99m██[38;2;0;0;0m██  
  ██[38;2;255;255;255m██[38;2;123;156;74m██[38;2;255;255;255m██[38;2;65;65;65m██[38;2;89;121;153m████████[38;2;255;255;255m██[38;2;89;121;153m████[38;2;65;65;65m██[38;2;156;206;74m██[38;2;65;65;65m██[38;2;58;99;74m██[38;2;74;165;99m████[38;2;58;99;74m██[38;2;74;165;99m██[38;2;0;0;0m██
  ██[38;2;123;156;74m██[38;2;255;255;255m██[38;2;123;156;74m██[38;2;65;65;65m██[38;2;123;156;74m████[38;2;65;65;65m████████[38;2;123;156;74m██[38;2;156;206;74m██████[38;2;65;65;65m████[38;2;58;99;74m██[38;2;74;165;99m██[38;2;58;99;74m██[38;2;0;0;0m██
    ████[38;2;123;156;74m██[38;2;65;65;65m██[38;2;123;156;74m██[38;2;65;65;65m██[38;2;156;206;74m████████[38;2;255;255;255m██[38;2;156;206;74m██████[38;2;123;156;74m████[38;2;65;65;65m██[38;2;0;0;0m██████
        ██[38;2;65;65;65m████[38;2;156;206;74m████████[38;2;255;255;255m██[38;2;123;156;74m██[38;2;255;255;255m██[38;2;123;156;74m████[38;2;65;65;65m██[38;2;123;156;74m██[38;2;0;0;0m██      
          ██[38;2;156;206;74m██[38;2;255;255;255m██[38;2;156;206;74m██████[38;2;123;156;74m██[38;2;255;255;255m██[38;2;65;65;65m██[38;2;123;156;74m██████[38;2;0;0;0m██        
            ██[38;2;123;156;74m██[38;2;255;255;255m██[38;2;123;156;74m██████████[38;2;0;0;0m██████          
            ██[38;2;255;255;255m██[38;2;123;156;74m████████[38;2;0;0;0m████                
              ██[38;2;123;156;74m██████[38;2;0;0;0m██                    
                ██████                      
[0m