                      [38;2;0;0;0m██                                                    
          ████      ██[38;2;62;102;205m██[38;2;0;0;0m██                                                  
          ██[38;2;62;102;205m██[38;2;0;0;0m██    ██[38;2;62;102;205m██[38;2;0;0;0m██        ██            ██    ████                  
          ██[38;2;62;102;205m██[38;2;0;0;0m██    ██[38;2;65;104;207m████[38;2;0;0;0m██    ██[38;2;28;59;174m██[38;2;0;0;0m██        ██[38;2;28;59;174m██[38;2;8;4;0m████[38;2;28;59;174m████[38;2;0;0;0m██                
          ██[38;2;62;102;205m████[38;2;0;0;0m██  ██[38;2;65;104;207m████[38;2;0;0;0m██    ██[38;2;28;59;174m██[38;2;0;0;0m██      ██[38;2;28;59;174m████[38;2;35;40;57m██[38;2;30;67;180m██[38;2;28;59;174m██[38;2;0;0;0m██    ████          
████        ██[38;2;62;102;205m██[38;2;0;0;0m██    ██[38;2;62;102;205m████[38;2;8;0;0m██  [38;2;0;0;0m██[38;2;28;59;174m██[38;2;0;0;0m██      ██[38;2;28;59;174m██[38;2;65;64;65m██[38;2;28;59;174m████[38;2;0;0;0m██  ████[38;2;28;59;174m████[38;2;0;0;0m██        
██[38;2;62;102;205m██[38;2;0;0;0m██      ██[38;2;62;102;205m████[38;2;0;0;0m██  ██[38;2;62;102;205m████[38;2;51;58;73m██[38;2;0;0;0m██[38;2;28;59;174m████[38;2;0;0;0m██    ██[38;2;28;59;174m██[38;2;65;64;65m██[38;2;28;59;174m████[38;2;0;0;0m██  ██[38;2;65;64;65m████[38;2;37;40;59m██[38;2;16;4;0m██          
  [38;2;0;0;0m██[38;2;62;102;205m██[38;2;0;0;0m██      ██[38;2;62;102;205m██[38;2;0;0;0m██    ██[38;2;26;51;169m██[38;2;43;64;84m██[38;2;0;0;0m██[38;2;28;57;171m██[38;2;28;59;174m██[38;2;0;0;0m██  ██[38;2;28;59;174m████[38;2;65;64;65m██[38;2;28;59;174m██[38;2;0;0;0m██  ██[38;2;62;102;205m██████[38;2;0;0;0m██            
  ██[38;2;62;102;205m████[38;2;0;0;0m████  ██[38;2;62;102;205m████[38;2;0;0;0m██  ██[38;2;26;51;169m██[38;2;48;74;115m██[38;2;38;44;80m████[38;2;0;0;0m██    ██[38;2;28;59;174m██[38;2;65;64;65m██[38;2;28;59;174m████[38;2;68;76;76m██[38;2;0;0;0m██[38;2;62;102;205m████[38;2;0;0;0m████              
    ██[38;2;62;102;205m████[38;2;51;58;73m██[38;2;8;0;0m██[38;2;65;68;65m██[38;2;62;102;205m██[38;2;50;98;212m██[38;2;0;6;16m██  [38;2;0;0;0m██[38;2;36;137;174m██[38;2;67;180;225m██[38;2;65;64;65m██[38;2;39;138;175m██[38;2;0;0;0m██  ██[38;2;43;120;151m██[38;2;55;91;126m██[38;2;51;60;78m██[38;2;52;83;178m██[38;2;65;64;65m██[38;2;62;102;205m██████[38;2;0;0;0m██                  
      ██[38;2;62;102;205m██████[38;2;65;68;65m████[38;2;50;98;212m██[38;2;42;47;80m██[38;2;0;0;0m██[38;2;65;64;65m██[38;2;36;137;174m██[38;2;67;180;225m██[38;2;65;64;65m██[38;2;39;138;175m██[38;2;65;64;65m██[38;2;0;0;0m██[38;2;67;180;225m████[38;2;51;60;78m██[38;2;26;48;169m██[38;2;65;64;65m██[38;2;41;94;211m██[38;2;62;102;205m██[38;2;74;80;74m██[38;2;0;0;0m██                    
        ██[38;2;66;75;111m██[38;2;51;97;213m██[38;2;61;187;235m████[38;2;53;58;62m██[38;2;55;123;152m██[38;2;59;186;232m██[38;2;58;69;72m██[38;2;28;59;174m██[38;2;65;64;65m██[38;2;25;48;173m██[38;2;64;59;66m██[38;2;67;180;225m████[38;2;65;64;65m████████[38;2;50;98;212m████[38;2;35;78;102m██[38;2;8;0;0m██                      
          [38;2;0;3;8m████[38;2;55;66;69m██[38;2;59;127;152m██[38;2;56;188;243m██[38;2;53;58;62m██[38;2;59;127;152m██[38;2;58;69;72m██[38;2;28;59;174m██[38;2;65;64;65m██[38;2;64;59;66m██[38;2;62;84;143m██[38;2;67;180;225m██[38;2;29;61;173m██[38;2;62;102;205m████████[38;2;28;65;151m██[38;2;49;75;103m██[38;2;49;123;158m██[38;2;8;0;0m██                      
              [38;2;0;0;0m██[38;2;62;102;205m██[38;2;26;51;169m██[38;2;43;64;84m██[38;2;35;78;179m██[38;2;53;70;82m██[38;2;51;85;174m██[38;2;55;66;69m██[38;2;29;61;173m██████[38;2;62;102;205m██████[38;2;73;179;219m████[38;2;65;64;65m██[38;2;0;0;0m████                        
            ██  ██[38;2;48;74;115m██[38;2;26;51;169m██[38;2;35;78;179m██[38;2;37;87;205m██[38;2;46;97;206m████[38;2;62;102;205m████████[38;2;51;58;73m██[38;2;8;0;0m██[38;2;39;86;106m██[38;2;8;4;0m██[38;2;0;0;0m██                            
          ██[38;2;36;137;174m██[38;2;0;0;0m██  ██[38;2;35;65;153m██[38;2;62;102;205m████████[38;2;47;94;206m██[38;2;37;144;181m██████[38;2;0;0;0m██  ██                                
          ██[38;2;36;137;174m████[38;2;0;0;0m██[38;2;42;47;70m██[38;2;46;89;205m██[38;2;62;102;205m██[38;2;67;180;225m██████[38;2;54;129;192m██[38;2;29;126;178m██[38;2;51;101;213m██[38;2;37;144;181m██[38;2;49;48;49m██[38;2;0;0;0m██[38;2;67;180;225m██[38;2;0;0;0m██                              
            ██[38;2;44;134;164m████[38;2;65;64;65m██[38;2;62;102;205m██[38;2;67;180;225m████[38;2;53;56;67m████[38;2;65;64;65m██[38;2;62;102;205m██[38;2;59;127;152m██[38;2;61;187;235m██[38;2;65;64;65m██[38;2;67;180;225m████[38;2;0;0;0m██                        ██    
              [38;2;8;4;0m██[38;2;31;90;108m██[38;2;62;102;205m████[38;2;67;180;225m██[38;2;0;0;0m██[38;2;161;192;194m██[38;2;213;255;255m██[38;2;65;64;65m██[38;2;62;102;205m██[38;2;61;187;235m██[38;2;55;66;69m██[38;2;67;180;225m████[38;2;0;0;0m██                        ██[38;2;233;233;233m██[38;2;0;0;0m██  
              [38;2;0;6;16m██[38;2;50;98;212m██[38;2;62;102;205m██[38;2;67;180;225m██[38;2;45;48;59m██[38;2;104;165;191m██[38;2;57;149;189m██[38;2;230;255;255m██[38;2;123;149;227m██[38;2;67;180;225m██[38;2;59;187;239m████[38;2;64;183;237m██[38;2;43;123;158m██[38;2;0;0;0m██                        ██[38;2;233;233;233m██[38;2;0;0;0m██  
            ██[38;2;50;98;212m██[38;2;65;75;114m██[38;2;67;180;225m████[38;2;74;109;227m██[38;2;101;131;227m██[38;2;109;136;227m████[38;2;67;180;225m████[38;2;49;122;151m██[38;2;38;53;64m██[38;2;0;0;0m████                        ██[38;2;233;233;233m████[38;2;0;0;0m██  
            ██[38;2;27;54;176m██[38;2;47;55;116m██[38;2;69;184;226m████[38;2;67;180;225m████████[38;2;49;48;49m████[38;2;36;137;174m██[38;2;0;0;0m██                      ██████[38;2;233;233;233m████[38;2;171;174;177m██[38;2;0;0;0m██  
              [38;2;0;3;8m██[38;2;27;54;176m██[38;2;69;184;226m████[38;2;0;0;0m████[38;2;49;48;49m████[38;2;36;137;174m████[38;2;0;0;0m██                      ██[38;2;67;180;225m██[38;2;64;183;237m██[38;2;43;123;158m██[38;2;233;233;233m████[38;2;171;174;177m████[38;2;0;0;0m██
                ██████    ██[38;2;36;137;174m██[38;2;39;138;175m████[38;2;0;0;0m██                    ██[38;2;51;190;237m██[38;2;54;138;165m██[38;2;35;132;168m██[38;2;229;230;227m██[38;2;233;235;233m██[38;2;148;148;148m██[38;2;185;191;191m████[38;2;0;0;0m██
                            ██[38;2;39;138;175m████[38;2;0;0;0m██          ████████  ██[38;2;54;138;165m██[38;2;51;66;82m██[38;2;229;230;227m██[38;2;214;216;222m██[38;2;193;195;193m████[38;2;185;191;191m██[38;2;0;0;0m██  
                            ██[38;2;36;137;174m████[38;2;67;180;225m██[38;2;0;0;0m██      ██[38;2;233;233;233m████████[38;2;7;3;8m██[38;2;38;37;38m██[38;2;185;191;191m████[38;2;183;189;188m██████[38;2;148;148;148m██[38;2;0;0;0m██    
                            ██[38;2;67;180;225m████████[38;2;0;0;0m██████[38;2;233;233;233m██████████[38;2;233;235;233m██[38;2;169;173;169m██[38;2;0;0;0m████[38;2;183;189;188m██[38;2;148;148;148m██[38;2;183;189;188m████[38;2;179;184;185m██[38;2;0;0;0m██  
                  ██        ██[38;2;69;184;226m████[38;2;67;180;225m████[38;2;38;116;142m██[38;2;232;233;232m██[38;2;171;172;177m██[38;2;76;118;134m██[38;2;233;233;233m██████[38;2;148;148;148m██[38;2;233;233;233m██[38;2;0;0;0m██    ██████████    
                ██[38;2;67;180;225m██[38;2;0;0;0m██    ██[38;2;67;180;225m██[38;2;69;184;226m████[38;2;67;180;225m██[38;2;36;137;174m██[38;2;232;233;232m██[38;2;57;111;129m██[38;2;86;165;193m██[38;2;57;48;32m██[38;2;233;233;233m████[38;2;148;148;148m██[38;2;233;233;233m████[38;2;0;0;0m██                  
                ██[38;2;69;184;226m████[38;2;8;4;0m████[38;2;37;80;169m██[38;2;61;98;204m██[38;2;69;184;226m████[38;2;67;180;225m██[38;2;118;117;118m████[38;2;67;180;225m██[38;2;69;187;226m██[38;2;49;52;49m██[38;2;233;235;233m████[38;2;148;148;148m██[38;2;233;233;233m██████[38;2;0;0;0m██                
                ██[38;2;69;184;226m████[38;2;80;175;209m██[38;2;43;85;101m██[38;2;141;161;216m██[38;2;61;98;204m██[38;2;69;184;226m████[38;2;118;117;118m██[38;2;67;180;225m██████[38;2;49;52;49m██[38;2;50;80;101m██[38;2;193;195;193m██[38;2;148;148;148m██[38;2;233;233;233m████████[38;2;0;0;0m██                
                ██[38;2;43;123;158m██[38;2;64;183;237m██[38;2;39;138;175m██[38;2;148;148;148m██[38;2;29;63;172m██[38;2;141;161;216m██[38;2;62;102;205m██[38;2;67;180;225m██[38;2;69;184;226m████[38;2;59;187;239m████[38;2;49;48;49m██[38;2;185;187;189m██[38;2;49;48;49m████[38;2;154;158;154m██[38;2;233;235;233m██[38;2;233;233;233m████[38;2;0;0;0m██                
                  ██[38;2;43;123;158m██[38;2;39;138;175m██[38;2;148;148;148m██[38;2;29;63;172m██[38;2;173;169;166m██[38;2;62;102;205m██[38;2;67;180;225m██[38;2;69;184;226m████[38;2;49;122;151m██[38;2;38;53;64m██[38;2;231;232;234m██[38;2;49;48;49m██[38;2;148;148;148m████[38;2;49;48;49m██[38;2;233;235;233m██[38;2;233;233;233m██████[38;2;0;0;0m██              
                    ████[38;2;36;137;174m██[38;2;148;148;148m████[38;2;58;94;189m██[38;2;51;96;165m██[38;2;36;137;174m████[38;2;49;48;49m██[38;2;233;233;233m████[38;2;0;0;0m██[38;2;148;148;148m██████[38;2;49;48;49m██[38;2;231;232;234m████[38;2;184;187;190m████[38;2;0;0;0m██            
                        ██[38;2;148;148;148m██[38;2;183;189;188m██[38;2;43;64;84m██[38;2;54;116;146m██[38;2;49;48;49m████[38;2;233;233;233m████[38;2;0;0;0m██  ██[38;2;148;148;148m██████[38;2;49;48;49m██[38;2;185;187;189m██[38;2;184;187;190m██[38;2;28;59;174m██[38;2;0;0;0m██            
                          ██[38;2;28;59;174m██[38;2;42;46;58m████[38;2;0;0;0m██[38;2;233;233;233m██[38;2;62;102;205m██[38;2;229;230;232m██[38;2;0;0;0m██    ██[38;2;148;148;148m████[38;2;49;48;49m████[38;2;118;117;118m██[38;2;33;74;174m██[38;2;0;0;0m██            
                          ██[38;2;28;59;174m██[38;2;32;71;175m██[38;2;16;4;0m██  [38;2;0;0;0m██[38;2;62;102;205m██[38;2;229;230;232m██[38;2;0;0;0m██    ██[38;2;148;148;148m████[38;2;0;0;0m██[38;2;49;48;49m██[38;2;118;117;118m██[38;2;8;0;0m██              
                            [38;2;0;0;0m██[38;2;164;167;170m██[38;2;28;59;174m██[38;2;8;4;0m██[38;2;35;40;57m██[38;2;50;98;212m██[38;2;149;174;232m██[38;2;0;0;0m██    ██[38;2;114;130;171m██[38;2;8;4;0m██  [38;2;0;0;0m██[38;2;185;191;191m██[38;2;0;0;0m██              
                            ██[38;2;164;167;170m██[38;2;28;59;174m██[38;2;8;4;0m██[38;2;30;67;180m██[38;2;230;231;234m██[38;2;50;98;212m██[38;2;62;102;205m██[38;2;0;0;0m██  ██[38;2;30;67;180m██[38;2;8;4;0m██  [38;2;0;0;0m██[38;2;185;191;191m██[38;2;0;0;0m██              
                              ██[38;2;168;170;172m██[38;2;28;59;174m██[38;2;49;48;49m██[38;2;229;230;232m██[38;2;62;102;205m██[38;2;28;59;174m██[38;2;0;0;0m██[38;2;8;4;0m██[38;2;35;40;57m██[38;2;28;59;174m██[38;2;0;0;0m██  ██[38;2;193;197;193m██[38;2;62;102;205m██[38;2;0;0;0m██            
                              ██[38;2;168;170;172m██[38;2;28;59;174m██[38;2;49;48;49m██[38;2;229;230;232m██[38;2;62;102;205m██[38;2;0;0;0m██  [38;2;8;4;0m██[38;2;30;67;180m██[38;2;0;0;0m██  ██[38;2;179;184;185m██[38;2;193;197;193m██[38;2;62;102;205m██[38;2;0;0;0m██            
                              ██[38;2;118;117;118m██[38;2;32;69;175m██[38;2;49;48;41m██[38;2;230;230;232m██[38;2;41;95;211m██[38;2;0;0;0m██    ██    ██[38;2;28;59;174m██[38;2;118;117;118m██[38;2;62;102;205m██[38;2;0;0;0m██            
                              ██[38;2;33;74;174m██[38;2;49;48;41m██[38;2;118;117;118m██[38;2;230;230;232m██[38;2;155;173;227m██[38;2;0;0;0m██            ██[38;2;62;102;205m██[38;2;8;0;0m██              
                                [38;2;0;0;0m████[38;2;233;233;233m██[38;2;51;101;213m██[38;2;0;3;8m██                [38;2;0;0;0m██                
                                    ██[38;2;41;73;160m██[38;2;0;3;8m██                                  
                                      [38;2;0;0;0m██                                    
[0m