          [38;2;0;4;0m██                                
        ██[38;2;140;113;115m██[38;2;0;4;0m██        ████                  
        ██[38;2;140;113;115m██[38;2;0;4;0m██    ████[38;2;236;172;195m████[38;2;0;4;0m██                
      ██[38;2;140;115;111m████[38;2;0;4;0m██  ██[38;2;236;172;195m██[38;2;236;167;123m██[38;2;66;65;66m██[38;2;52;74;49m██[38;2;0;0;8m██                
      [38;2;0;4;0m██[38;2;140;115;111m██[38;2;66;65;66m██[38;2;66;64;66m██[38;2;0;4;0m██[38;2;236;172;195m████[38;2;66;65;66m██[38;2;255;187;150m██[38;2;156;223;132m██[38;2;0;0;8m██                
      [38;2;0;4;0m██[38;2;255;255;255m██████[38;2;244;161;194m██[38;2;243;169;198m██[38;2;71;66;73m██[38;2;221;229;88m██[38;2;255;234;66m██[38;2;148;223;132m██[38;2;0;4;0m██                
    ██[38;2;255;255;255m██████[38;2;244;161;194m████[38;2;243;169;198m██[38;2;148;101;110m██[38;2;255;234;66m██[38;2;156;219;132m██[38;2;148;223;132m██[38;2;0;4;0m██            ██  
  ██[38;2;242;166;192m██[38;2;255;255;255m██████[38;2;244;161;194m██[38;2;255;238;66m██[38;2;239;169;197m████[38;2;123;125;101m██[38;2;172;190;128m██[38;2;0;4;0m██            ██[38;2;255;238;66m██[38;2;0;4;0m██
  ██[38;2;255;255;255m██████[38;2;244;161;194m██[38;2;255;238;66m██████[38;2;239;169;197m██[38;2;172;190;128m██[38;2;74;60;74m██[38;2;0;4;0m██          ██[38;2;66;64;66m██[38;2;255;238;66m██[38;2;0;4;0m██
  ██[38;2;255;255;255m██████[38;2;244;161;194m██[38;2;239;255;222m██[38;2;57;77;41m██[38;2;255;238;66m██[38;2;239;169;197m██[38;2;169;153;148m██[38;2;80;57;60m██[38;2;255;238;66m██[38;2;0;0;16m██[38;2;0;4;0m████  ██[38;2;255;242;66m██[38;2;172;164;46m██[38;2;255;238;66m██[38;2;0;4;0m██
██[38;2;255;238;66m████[38;2;255;255;255m██████[38;2;178;195;161m██[38;2;117;136;101m██[38;2;255;238;66m██[38;2;239;169;197m██[38;2;255;255;239m██[38;2;80;57;60m██[38;2;255;238;66m██[38;2;85;79;32m██[38;2;173;195;123m████[38;2;0;4;0m██[38;2;66;64;66m██[38;2;255;242;66m██[38;2;8;8;8m██[38;2;0;4;0m██  
██[38;2;255;255;255m██[38;2;151;125;129m██[38;2;255;255;255m██████████████[38;2;66;65;66m██[38;2;255;238;66m████[38;2;66;65;66m██[38;2;238;171;199m████[38;2;148;207;132m██[38;2;255;200;86m██[38;2;0;4;0m██      
  ██[38;2;99;60;66m████[38;2;66;65;66m████[38;2;255;255;255m██████[38;2;66;65;66m██[38;2;255;238;66m██████[38;2;66;65;66m██[38;2;238;171;199m████[38;2;251;197;221m██[38;2;148;207;132m██[38;2;255;238;66m██[38;2;0;4;0m██    
    [38;2;16;0;0m██[38;2;119;60;66m██[38;2;90;56;66m██[38;2;202;190;193m██[38;2;214;207;148m██[38;2;81;58;58m██[38;2;66;65;66m██[38;2;255;238;66m██████[38;2;66;65;66m██[38;2;239;171;198m██[38;2;238;171;199m████████[38;2;173;195;123m██[38;2;0;4;0m██    
  ██[38;2;119;60;66m██[38;2;222;121;132m██[38;2;90;56;66m████[38;2;81;58;58m██[38;2;167;161;117m██[38;2;255;238;66m████[38;2;193;180;66m████[38;2;66;65;66m██[38;2;239;171;198m██[38;2;238;171;199m████████[38;2;173;195;123m██[38;2;0;4;0m██    
  ██[38;2;206;138;148m██[38;2;0;4;0m██[38;2;189;174;66m████[38;2;192;179;63m████[38;2;192;181;66m████[38;2;193;180;66m██[38;2;66;65;66m██[38;2;239;169;197m████████[38;2;170;171;162m██[38;2;250;234;237m██[38;2;140;146;148m██[38;2;0;4;0m██    
    ██  ██[38;2;189;174;66m██[38;2;192;179;63m████[38;2;192;181;66m██[38;2;66;65;66m████[38;2;244;161;194m██[38;2;239;169;197m██[38;2;222;223;222m██████[38;2;140;146;140m████[38;2;0;4;0m██      
          ██[38;2;66;65;66m████[38;2;66;73;74m██[38;2;255;255;255m██████[38;2;66;64;66m██[38;2;0;4;0m████[38;2;66;64;66m██[38;2;222;223;222m████[38;2;0;4;0m██      
          ██[38;2;136;146;148m██[38;2;66;65;66m██[38;2;255;255;255m██[38;2;129;133;134m██[38;2;255;255;255m██[38;2;135;145;148m██[38;2;0;4;0m██    ██████        
            ████████████                    
[0m