                          [38;2;0;0;0m██                                                
                        ██[38;2;169;95;105m██[38;2;0;0;0m██                                              
                        ██[38;2;169;95;105m██[38;2;0;0;0m██                                              
                    ████[38;2;169;95;105m████[38;2;0;0;0m██  ████████      ████                          
            ██    ██[38;2;191;90;213m████[38;2;156;82;92m██[38;2;121;47;57m██[38;2;191;89;213m██[38;2;0;0;0m██[38;2;191;90;213m████████[38;2;0;8;8m████[38;2;0;0;0m██[38;2;169;95;105m██[38;2;0;0;0m██                          
          ██[38;2;169;95;105m██[38;2;0;0;0m████[38;2;191;89;213m██[38;2;191;90;213m████[38;2;121;47;57m██[38;2;185;105;205m██[38;2;191;89;213m████[38;2;191;90;213m████████[38;2;190;117;205m██[38;2;151;77;87m██[38;2;169;95;105m██[38;2;0;0;0m██                            
          ██[38;2;160;86;96m██[38;2;127;53;63m██[38;2;191;89;213m████[38;2;191;90;213m████████████[38;2;191;89;213m██████[38;2;138;63;159m██[38;2;115;41;51m████[38;2;0;0;0m██                              
          ██[38;2;189;109;205m██[38;2;160;86;96m██[38;2;115;41;51m██[38;2;191;89;213m██[38;2;191;90;213m████████████[38;2;191;89;213m██[38;2;138;63;159m████[38;2;191;89;213m████████[38;2;0;0;0m██                            
          ██[38;2;191;90;213m████[38;2;113;39;49m██[38;2;186;85;213m██[38;2;191;90;213m████████████████████[38;2;191;89;213m████[38;2;191;90;213m████[38;2;0;0;0m████                        
        ██[38;2;191;89;213m██[38;2;191;90;213m████[38;2;144;76;164m██[38;2;186;85;213m██[38;2;191;90;213m████████████████████[38;2;138;63;159m████[38;2;191;90;213m████[38;2;191;89;213m████[38;2;0;0;0m██████                  
    ██  ██[38;2;191;89;213m██[38;2;191;90;213m████████████[38;2;191;89;213m████[38;2;65;64;65m██████[38;2;191;89;213m██[38;2;191;90;213m████████[38;2;144;76;164m██[38;2;113;39;49m██[38;2;185;105;205m██[38;2;125;89;135m██[38;2;169;95;105m██████[38;2;0;0;0m██                
  ██[38;2;106;105;139m██[38;2;0;0;0m██[38;2;191;89;213m████[38;2;191;90;213m████████████[38;2;65;64;65m████[38;2;139;141;180m████[38;2;65;64;65m██[38;2;191;89;213m██[38;2;191;90;213m████████[38;2;186;85;213m████[38;2;121;47;57m████[38;2;0;0;0m██████                  
  ██[38;2;104;105;142m██[38;2;65;64;65m██[38;2;191;90;213m████████████[38;2;163;116;175m██[38;2;65;64;65m██[38;2;139;141;180m████[38;2;114;63;128m██[38;2;139;141;180m██[38;2;65;64;65m██[38;2;191;89;213m██[38;2;191;90;213m████████[38;2;191;89;213m██████[38;2;0;0;0m██                        
  ██[38;2;104;105;142m██[38;2;65;64;65m██[38;2;191;90;213m████████████[38;2;65;64;65m██[38;2;163;116;175m██[38;2;161;76;183m████[38;2;114;63;128m████[38;2;191;89;213m████[38;2;191;90;213m████████[38;2;191;89;213m██[38;2;138;63;159m██[38;2;191;89;213m████[38;2;0;0;0m██                      
    [38;2;0;4;0m██[38;2;54;56;68m██[38;2;147;71;164m██[38;2;185;76;213m██[38;2;186;85;213m████[38;2;106;82;105m██[38;2;78;56;82m██[38;2;137;111;145m██[38;2;131;137;180m██[38;2;139;141;180m██[38;2;137;64;156m██[38;2;156;133;172m██[38;2;78;56;82m██[38;2;186;85;213m████[38;2;65;64;65m██████[38;2;191;89;213m██[38;2;191;90;213m████[38;2;138;63;159m██[38;2;191;89;213m██[38;2;0;0;0m██                      
    [38;2;0;4;0m██[38;2;109;109;137m██[38;2;65;57;61m██[38;2;147;71;164m██[38;2;144;76;164m██[38;2;65;60;65m██[38;2;78;56;82m██[38;2;156;133;172m██[38;2;131;137;180m██[38;2;125;60;148m██[38;2;139;141;180m████[38;2;78;56;82m██[38;2;106;82;105m██[38;2;144;76;164m██[38;2;65;60;65m██[38;2;168;94;104m████[38;2;65;64;65m██[38;2;191;89;213m██[38;2;191;90;213m████[38;2;138;63;159m████[38;2;0;0;0m██                      
      ██[38;2;78;56;82m██[38;2;106;82;105m██[38;2;65;64;65m██[38;2;139;141;180m██[38;2;134;169;159m██[38;2;87;82;79m██[38;2;175;80;197m████[38;2;139;141;180m████[38;2;65;64;65m██[38;2;140;64;160m██[38;2;65;64;65m██[38;2;168;94;104m████[38;2;65;64;65m██[38;2;140;64;160m████[38;2;65;64;65m████[38;2;138;62;160m████[38;2;142;64;159m██[38;2;0;0;0m██                    
      ██[38;2;156;133;172m██[38;2;78;56;82m██[38;2;139;141;180m████[38;2;37;0;41m██[38;2;242;231;1m██[38;2;255;255;255m██[38;2;175;80;197m██[38;2;139;141;180m████[38;2;65;64;65m████[38;2;168;94;104m██████[38;2;65;64;65m██████[38;2;139;141;180m██[38;2;65;64;65m██[38;2;138;62;160m██[38;2;90;89;90m██[38;2;142;64;159m██[38;2;0;0;0m██                    
      ██[38;2;139;141;180m██████[38;2;137;64;156m██[38;2;244;234;1m████[38;2;191;89;213m██[38;2;115;116;153m██[38;2;106;105;139m██[38;2;68;63;67m██[38;2;142;68;78m████[38;2;159;85;95m██[38;2;65;68;65m██[38;2;65;64;65m██[38;2;139;141;180m██████[38;2;78;56;82m██[38;2;106;82;105m██[38;2;138;62;160m██[38;2;90;89;90m██[38;2;90;91;90m██[38;2;0;0;0m██                    
    ██[38;2;139;141;180m██████████████[38;2;115;116;153m████[38;2;68;63;67m██[38;2;138;64;74m██[38;2;65;64;65m████[38;2;65;68;65m██[38;2;148;145;180m██[38;2;139;141;180m██████[38;2;104;105;142m██[38;2;156;133;172m██[38;2;78;56;82m██[38;2;90;89;90m██[38;2;138;62;160m██[38;2;90;91;90m██[38;2;0;0;0m██                    
    ████[38;2;117;86;115m██[38;2;172;129;166m██[38;2;139;141;180m████[38;2;65;64;65m████[38;2;60;62;60m████[38;2;142;68;78m██[38;2;65;64;65m██[38;2;191;89;213m██[38;2;65;64;65m██[38;2;131;137;180m████[38;2;139;141;180m██████[38;2;0;0;0m████[38;2;90;91;90m████████[38;2;65;64;65m██[38;2;0;0;0m██  ██████          
        [38;2;7;0;8m████[38;2;65;64;65m████[38;2;104;105;142m████[38;2;0;0;0m██[38;2;143;69;79m██[38;2;65;64;65m██[38;2;142;68;78m██[38;2;65;64;65m████[38;2;137;111;145m██[38;2;125;60;148m██[38;2;65;64;65m██[38;2;139;141;180m██[38;2;0;0;0m██    ██████[38;2;90;91;90m██[38;2;65;64;65m██[38;2;235;222;1m██[38;2;0;0;0m██[38;2;169;95;105m██████[38;2;0;0;0m██        
  ██[38;2;7;0;8m████[38;2;104;105;139m████[38;2;104;105;142m████[38;2;106;105;139m██[38;2;0;0;0m██  ██████[38;2;69;48;76m██[38;2;139;80;153m██[38;2;57;85;106m██[38;2;188;101;213m██[38;2;65;64;65m██[38;2;0;0;0m██            ██[38;2;232;219;1m██[38;2;235;222;1m██[38;2;71;60;74m██[38;2;169;95;105m████████[38;2;0;0;0m██      
██[38;2;191;89;213m██[38;2;117;86;115m██[38;2;172;129;166m██[38;2;142;141;180m██[38;2;104;105;139m██[38;2;104;105;142m██[38;2;0;0;0m████          [38;2;0;16;16m██[38;2;69;48;76m██[38;2;109;90;109m████[38;2;0;0;0m██              ██[38;2;138;115;1m██[38;2;71;60;74m██[38;2;142;68;78m██[38;2;140;66;76m██[38;2;169;95;105m████[38;2;191;89;213m██[38;2;0;0;0m██      
  ████[38;2;191;89;213m██[38;2;106;105;139m██[38;2;0;0;0m████          ████[38;2;104;105;142m██[38;2;65;64;65m██[38;2;115;113;142m██[38;2;65;64;65m██[38;2;139;145;189m██[38;2;0;4;8m██[38;2;0;0;0m██          ██[38;2;142;68;78m██████████[38;2;156;82;92m██[38;2;170;68;197m██[38;2;191;89;213m██[38;2;0;0;0m████  
      ████            ██[38;2;104;105;142m████████[38;2;65;64;65m██[38;2;139;137;180m██[38;2;93;98;128m██[38;2;139;145;189m██[38;2;139;141;180m██[38;2;0;0;0m████      ██[38;2;142;68;78m████████[38;2;137;64;156m██[38;2;148;80;167m████[38;2;191;89;213m██████[38;2;0;0;0m██
                    ██[38;2;104;105;142m██████[38;2;112;110;137m██[38;2;60;59;68m██[38;2;0;0;0m████[38;2;139;141;180m████████[38;2;109;109;137m██[38;2;0;4;0m██      [38;2;0;0;0m██[38;2;142;68;78m████[38;2;140;66;76m████[38;2;139;64;159m████[38;2;142;64;159m████[38;2;0;0;0m██  
                    ██[38;2;104;105;142m████[38;2;65;64;65m██[38;2;60;59;68m██[38;2;8;8;0m██    [38;2;0;0;0m██[38;2;139;141;180m██████[38;2;54;56;68m██[38;2;0;4;0m██        [38;2;0;0;0m████[38;2;138;62;160m████[38;2;139;64;159m████[38;2;0;0;0m████    
                      ██[38;2;65;64;65m██[38;2;104;105;142m██[38;2;0;0;0m██        ████[38;2;65;64;65m████[38;2;104;105;142m██[38;2;0;0;0m██          ████████        
                    ██[38;2;106;105;139m██[38;2;104;105;142m████[38;2;106;105;139m██[38;2;0;0;0m██          ██[38;2;104;105;142m████[38;2;0;0;0m██                          
                  ██[38;2;203;93;222m██[38;2;136;62;148m██[38;2;191;89;213m██[38;2;0;0;0m████          [38;2;0;4;8m██[38;2;115;74;131m██[38;2;115;72;137m████[38;2;0;0;0m██                          
                    ██████            ██[38;2;168;109;197m██[38;2;0;4;8m██[38;2;177;105;205m██[38;2;0;8;16m██                            
                                      [38;2;0;0;0m████  ██                              
[0m