                        [38;2;7;7;7m██████                                      
                      ██[38;2;139;64;159m██[38;2;191;90;213m████[38;2;7;7;7m████                  ██████    ██    
                  ████[38;2;139;64;159m████[38;2;66;66;66m██[38;2;191;90;213m████[38;2;243;243;243m██[38;2;7;7;7m██      ██████  ██[38;2;191;90;213m██[38;2;139;64;159m████[38;2;7;7;7m████[38;2;139;64;159m██[38;2;7;7;7m██  
              ████[38;2;139;64;159m██[38;2;66;66;66m██[38;2;139;64;159m██[38;2;66;66;66m██[38;2;191;90;213m██[38;2;243;243;243m██████[38;2;212;192;192m██[38;2;7;7;7m██████[38;2;243;243;243m██████[38;2;7;7;7m██[38;2;191;90;213m████[38;2;7;7;7m████[38;2;139;64;159m████[38;2;7;7;7m██    
              ██[38;2;139;64;159m████[38;2;66;66;66m██[38;2;139;64;159m██[38;2;66;66;66m██[38;2;243;243;243m██████████[38;2;66;66;66m██[38;2;212;192;192m██[38;2;243;243;243m██████████[38;2;191;90;213m██[38;2;7;7;7m██    ████      
            ██[38;2;139;64;159m██[38;2;66;66;66m████[38;2;243;243;243m██[38;2;66;66;66m██[38;2;139;64;159m██[38;2;66;66;66m██[38;2;243;243;243m████████[38;2;212;192;192m██[38;2;66;66;66m██[38;2;243;243;243m████████[38;2;212;192;192m██[38;2;66;66;66m██[38;2;243;243;243m██[38;2;7;7;7m██            
            ██[38;2;66;66;66m██[38;2;191;90;213m██[38;2;243;243;243m██████[38;2;66;66;66m██[38;2;243;243;243m████████████[38;2;66;66;66m██[38;2;243;243;243m██████[38;2;212;192;192m██[38;2;243;243;243m████████[38;2;7;7;7m██          
          ██[38;2;191;90;213m████[38;2;243;243;243m██████████████████████[38;2;212;192;192m██[38;2;243;243;243m████████████████[38;2;7;7;7m██          
  ██    ██[38;2;139;64;159m██[38;2;191;90;213m████[38;2;212;192;192m██[38;2;243;243;243m██████████[38;2;212;192;192m██[38;2;243;243;243m██████████████[38;2;212;192;192m████[38;2;243;243;243m██████████[38;2;7;7;7m██        
██[38;2;139;64;159m██[38;2;7;7;7m██  ██[38;2;139;64;159m████[38;2;66;66;66m██[38;2;243;243;243m████████[38;2;66;66;66m██[38;2;212;192;192m██[38;2;243;243;243m████[38;2;66;66;66m██████[38;2;243;243;243m██████████[38;2;212;192;192m██[38;2;66;66;66m██[38;2;243;243;243m██████[38;2;7;7;7m██        
  ██[38;2;139;64;159m██[38;2;7;7;7m██[38;2;139;64;159m████[38;2;66;66;66m██[38;2;243;243;243m██████[38;2;66;66;66m████[38;2;243;243;243m████[38;2;66;66;66m████[38;2;191;90;213m████[38;2;66;66;66m██[38;2;243;243;243m██████████████[38;2;66;66;66m████[38;2;243;243;243m██[38;2;7;7;7m██        
  ██[38;2;139;64;159m██[38;2;66;66;66m██[38;2;139;64;159m██[38;2;66;66;66m██[38;2;110;98;111m██[38;2;243;243;243m████[38;2;66;66;66m██[38;2;191;90;213m████[38;2;243;243;243m██[38;2;66;66;66m██[38;2;138;132;138m████[38;2;90;91;90m██[38;2;191;90;213m██[38;2;66;66;66m██[38;2;243;243;243m██████████[38;2;212;192;192m██[38;2;243;243;243m████[38;2;212;192;192m██[38;2;66;66;66m████[38;2;7;7;7m██      
██[38;2;139;64;159m██[38;2;66;66;66m████[38;2;139;64;159m██[38;2;66;66;66m██[38;2;243;243;243m████[38;2;66;66;66m██[38;2;139;64;159m██[38;2;191;90;213m██[38;2;66;66;66m████[38;2;138;132;138m██[38;2;117;117;117m████[38;2;90;91;90m██[38;2;66;66;66m██[38;2;243;243;243m████████[38;2;66;66;66m████[38;2;243;243;243m██[38;2;212;192;192m████████[38;2;139;64;159m████[38;2;7;7;7m██    
██[38;2;139;64;159m████[38;2;191;90;213m██[38;2;66;66;66m██[38;2;191;90;213m████[38;2;243;243;243m██[38;2;66;66;66m██[38;2;139;64;159m██[38;2;66;66;66m██[38;2;138;132;138m████████[38;2;90;91;90m██[38;2;138;132;138m██[38;2;66;66;66m██[38;2;243;243;243m██[38;2;212;192;192m██[38;2;66;66;66m████[38;2;243;243;243m██[38;2;66;66;66m██[38;2;212;192;192m████████[38;2;139;64;159m██[38;2;7;7;7m██[38;2;139;64;159m████[38;2;7;7;7m██  
  ██[38;2;191;90;213m████[38;2;66;66;66m██[38;2;191;90;213m████[38;2;243;243;243m██[38;2;110;98;111m██[38;2;66;66;66m██[38;2;138;132;138m██████[38;2;139;64;159m██[38;2;138;132;138m████[38;2;66;66;66m██[38;2;212;192;192m████[38;2;66;66;66m██[38;2;243;243;243m████[38;2;66;66;66m██[38;2;212;192;192m██████[38;2;66;66;66m████[38;2;7;7;7m██  ██[38;2;139;64;159m██[38;2;7;7;7m██  
    ██████[38;2;191;90;213m██████[38;2;66;66;66m██[38;2;138;132;138m████[38;2;139;64;159m██[38;2;191;90;213m████[38;2;138;132;138m████[38;2;66;66;66m██████[38;2;191;90;213m██[38;2;243;243;243m██[38;2;212;192;192m██[38;2;66;66;66m██[38;2;212;192;192m██[38;2;66;66;66m████[38;2;139;64;159m████[38;2;7;7;7m██    ██[38;2;139;64;159m██[38;2;7;7;7m██
          ██[38;2;191;90;213m██[38;2;139;64;159m██[38;2;66;66;66m██[38;2;138;132;138m██[38;2;234;207;25m████[38;2;243;243;243m██[38;2;191;90;213m██[38;2;138;132;138m████[38;2;66;66;66m██[38;2;191;90;213m████████[38;2;66;66;66m██████[38;2;191;90;213m██[38;2;139;64;159m██[38;2;7;7;7m████      ████  
          ██[38;2;191;90;213m██[38;2;66;66;66m██[38;2;138;132;138m██[38;2;191;90;213m██[38;2;7;7;7m██[38;2;234;207;25m██[38;2;191;90;213m██[38;2;110;98;111m████[38;2;66;66;66m██[38;2;139;64;159m████[38;2;191;90;213m██[38;2;66;66;66m████[38;2;138;132;138m██████[38;2;191;90;213m██[38;2;7;7;7m██                
  ██    ██[38;2;139;64;159m████[38;2;66;66;66m██[38;2;138;132;138m████████[38;2;110;98;111m████[38;2;66;66;66m██[38;2;139;64;159m██[38;2;66;66;66m██████[38;2;138;132;138m██[38;2;139;64;159m████[38;2;138;132;138m██[38;2;110;98;111m██[38;2;138;132;138m██[38;2;7;7;7m██                
██[38;2;139;64;159m██[38;2;7;7;7m████[38;2;139;64;159m████[38;2;66;66;66m██[38;2;138;132;138m██████[38;2;66;66;66m████████[38;2;139;64;159m██[38;2;66;66;66m██[38;2;90;91;90m██[38;2;66;66;66m██[38;2;138;132;138m██████[38;2;139;64;159m████[38;2;7;7;7m████                  
  ██[38;2;139;64;159m██████[38;2;66;66;66m██████████[38;2;110;98;111m████[38;2;7;7;7m██[38;2;139;64;159m██[38;2;113;51;128m██[38;2;139;64;159m██[38;2;66;66;66m████[38;2;138;132;138m██[38;2;90;91;90m██[38;2;66;66;66m██[38;2;138;132;138m██[38;2;66;66;66m██[38;2;7;7;7m██                    
    ██[38;2;66;66;66m████[38;2;110;98;111m██[38;2;113;51;128m████[38;2;110;98;111m██████[38;2;7;7;7m██  ██████[38;2;66;66;66m██[38;2;90;91;90m██[38;2;66;66;66m██[38;2;117;117;117m██[38;2;66;66;66m██████[38;2;110;98;111m██[38;2;7;7;7m██                  
    ██[38;2;117;117;117m██[38;2;90;91;90m██[38;2;138;132;138m████[38;2;110;98;111m████[38;2;139;64;159m██[38;2;7;7;7m██          ██[38;2;66;66;66m██[38;2;110;98;111m██[38;2;90;91;90m██[38;2;66;66;66m██[38;2;110;98;111m████[38;2;7;7;7m██                    
      ████[38;2;117;117;117m██[38;2;110;98;111m██[38;2;7;7;7m████[38;2;139;64;159m██[38;2;7;7;7m██      ████[38;2;110;98;111m██[38;2;66;66;66m██[38;2;110;98;111m██[38;2;66;66;66m██[38;2;138;132;138m██[38;2;110;98;111m██[38;2;7;7;7m██        ██            
          ████    ██      ██[38;2;113;51;128m████[38;2;110;98;111m████[38;2;66;66;66m██[38;2;138;132;138m██[38;2;110;98;111m██[38;2;138;132;138m████[38;2;7;7;7m████  ██[38;2;110;98;111m██[38;2;7;7;7m██          
                        ██[38;2;113;51;128m████[38;2;110;98;111m████[38;2;66;66;66m██[38;2;7;7;7m████[38;2;138;132;138m██[38;2;139;64;159m████[38;2;138;132;138m████[38;2;7;7;7m██[38;2;110;98;111m██[38;2;7;7;7m██            
                        ██[38;2;110;98;111m████[38;2;66;66;66m████[38;2;7;7;7m██    ██[38;2;138;132;138m██[38;2;139;64;159m████[38;2;66;66;66m████[38;2;110;98;111m██[38;2;7;7;7m██            
                          ██[38;2;66;66;66m██[38;2;110;98;111m██[38;2;7;7;7m██        ████[38;2;66;66;66m████[38;2;110;98;111m██[38;2;7;7;7m██              
                        ██[38;2;113;51;128m██[38;2;110;98;111m██████[38;2;7;7;7m██          ██[38;2;113;51;128m██[38;2;110;98;111m██[38;2;7;7;7m██              
                      ██[38;2;117;117;117m██[38;2;90;91;90m██[38;2;117;117;117m██[38;2;7;7;7m████          ██[38;2;110;98;111m██[38;2;90;91;90m██[38;2;110;98;111m██[38;2;7;7;7m██              
                        ██████            ██[38;2;117;117;117m██[38;2;7;7;7m██[38;2;117;117;117m██[38;2;7;7;7m██                
                                          ████  ██                  
[0m