 [38;2;0;0;0m▄[38;2;0;0;0m[48;2;65;65;65m▀[0m[38;2;0;0;0m[48;2;123;123;123m▀[0m[38;2;0;0;0m▄               
 [38;2;0;0;0m[48;2;0;0;0m▀[0m[38;2;230;189;66m[48;2;65;65;65m▀[0m[38;2;230;189;66m[48;2;255;255;255m▀[0m[38;2;65;65;65m[48;2;247;148;41m▀[0m[38;2;0;0;0m[48;2;214;99;66m▀[0m[38;2;0;0;0m[48;2;255;239;58m▀[0m[38;2;0;0;0m[48;2;230;189;66m▀[0m[38;2;0;0;0m▄           
 [38;2;0;0;0m[48;2;0;0;0m▀[0m[38;2;214;99;66m[48;2;255;239;58m▀[0m[38;2;247;148;41m[48;2;214;99;66m▀[0m[38;2;247;148;41m[48;2;214;99;66m▀[0m[38;2;214;99;66m[48;2;255;239;58m▀[0m[38;2;255;239;58m[48;2;255;239;58m▀[0m[38;2;255;239;58m[48;2;255;239;58m▀[0m[38;2;230;189;66m[48;2;65;65;65m▀[0m[38;2;0;0;0m[48;2;123;123;123m▀[0m[38;2;0;0;0m[48;2;255;239;58m▀[0m[38;2;0;0;0m[48;2;123;123;123m▀[0m[38;2;0;0;0m▄       
[38;2;0;0;0m[48;2;0;0;0m▀[0m[38;2;255;255;255m[48;2;0;0;0m▀[0m[38;2;255;239;58m[48;2;255;239;58m▀[0m[38;2;255;239;58m[48;2;255;239;58m▀[0m[38;2;255;239;58m[48;2;255;239;58m▀[0m[38;2;255;239;58m[48;2;255;239;58m▀[0m[38;2;255;239;58m[48;2;255;239;58m▀[0m[38;2;255;239;58m[48;2;230;189;66m▀[0m[38;2;65;65;65m[48;2;156;123;66m▀[0m[38;2;123;123;123m[48;2;65;65;65m▀[0m[38;2;255;239;58m[48;2;230;189;66m▀[0m[38;2;65;65;65m[48;2;0;0;0m▀[0m[38;2;0;0;0m▀       
[38;2;0;0;0m[48;2;0;0;0m▀[0m[38;2;255;239;58m[48;2;255;239;58m▀[0m[38;2;255;239;58m[48;2;255;239;58m▀[0m[38;2;255;239;58m[48;2;255;239;58m▀[0m[38;2;255;255;255m[48;2;0;0;0m▀[0m[38;2;0;0;0m[48;2;0;0;0m▀[0m[38;2;255;239;58m[48;2;230;189;66m▀[0m[38;2;230;189;66m[48;2;230;189;66m▀[0m[38;2;230;189;66m[48;2;65;65;65m▀[0m[38;2;0;0;0m[48;2;0;0;0m▀[0m[38;2;0;0;0m▀         
[38;2;0;0;0m▀[38;2;230;189;66m[48;2;0;0;0m▀[0m[38;2;255;239;58m[48;2;65;65;65m▀[0m[38;2;255;239;58m[48;2;65;65;65m▀[0m[38;2;255;239;58m[48;2;65;65;65m▀[0m[38;2;255;239;58m[48;2;65;65;65m▀[0m[38;2;156;123;66m[48;2;65;65;65m▀[0m[38;2;65;65;65m[48;2;230;189;66m▀[0m[38;2;230;189;66m[48;2;65;65;65m▀[0m[38;2;0;0;0m[48;2;65;65;65m▀[0m[38;2;0;0;0m▄    [38;2;0;0;0m▄[38;2;0;0;0m[48;2;255;255;255m▀[0m[38;2;0;0;0m[48;2;247;148;41m▀[0m[38;2;0;0;0m▄ 
[38;2;0;0;0m▄[38;2;0;0;0m[48;2;230;189;66m▀[0m[38;2;230;189;66m[48;2;230;189;66m▀[0m[38;2;230;189;66m[48;2;230;189;66m▀[0m[38;2;230;189;66m[48;2;65;65;65m▀[0m[38;2;65;65;65m[48;2;255;255;255m▀[0m[38;2;65;65;65m[48;2;255;255;255m▀[0m[38;2;65;65;65m[48;2;230;189;66m▀[0m[38;2;65;65;65m[48;2;230;189;66m▀[0m[38;2;230;189;66m[48;2;230;189;66m▀[0m[38;2;0;0;0m[48;2;230;189;66m▀[0m[38;2;0;0;0m▄[38;2;0;0;0m▄  [38;2;0;0;0m▀[38;2;247;148;41m[48;2;0;0;0m▀[0m[38;2;214;99;66m[48;2;65;65;65m▀[0m[38;2;0;0;0m[48;2;0;0;0m▀[0m 
 [38;2;0;0;0m▀[38;2;0;0;0m▀[38;2;0;0;0m[48;2;0;0;0m▀[0m[38;2;156;123;66m[48;2;255;255;255m▀[0m[38;2;255;255;255m[48;2;255;255;255m▀[0m[38;2;255;255;255m[48;2;255;255;255m▀[0m[38;2;255;255;255m[48;2;255;255;255m▀[0m[38;2;230;189;66m[48;2;230;189;66m▀[0m[38;2;156;123;66m[48;2;230;189;66m▀[0m[38;2;255;239;58m[48;2;65;65;65m▀[0m[38;2;255;239;58m[48;2;255;239;58m▀[0m[38;2;230;189;66m[48;2;255;239;58m▀[0m[38;2;0;0;0m[48;2;255;239;58m▀[0m[38;2;0;0;0m▄  [38;2;0;0;0m[48;2;0;0;0m▀[0m[38;2;230;189;66m[48;2;65;65;65m▀[0m[38;2;0;0;0m[48;2;0;0;0m▀[0m
  [38;2;0;0;0m[48;2;0;0;0m▀[0m[38;2;230;189;66m[48;2;230;189;66m▀[0m[38;2;255;255;255m[48;2;189;189;189m▀[0m[38;2;255;255;255m[48;2;255;255;255m▀[0m[38;2;255;255;255m[48;2;255;255;255m▀[0m[38;2;255;255;255m[48;2;255;255;255m▀[0m[38;2;255;255;255m[48;2;255;255;255m▀[0m[38;2;230;189;66m[48;2;230;189;66m▀[0m[38;2;230;189;66m[48;2;230;189;66m▀[0m[38;2;65;65;65m[48;2;255;239;58m▀[0m[38;2;65;65;65m[48;2;156;123;66m▀[0m[38;2;0;0;0m[48;2;230;189;66m▀[0m[38;2;0;0;0m▄[38;2;0;0;0m▄[38;2;0;0;0m[48;2;65;65;65m▀[0m[38;2;230;189;66m[48;2;65;65;65m▀[0m[38;2;230;189;66m[48;2;230;189;66m▀[0m[38;2;0;0;0m[48;2;0;0;0m▀[0m
   [38;2;0;0;0m[48;2;0;0;0m▀[0m[38;2;156;123;66m[48;2;230;189;66m▀[0m[38;2;255;255;255m[48;2;156;123;66m▀[0m[38;2;255;255;255m[48;2;255;255;255m▀[0m[38;2;255;255;255m[48;2;255;255;255m▀[0m[38;2;255;255;255m[48;2;255;255;255m▀[0m[38;2;156;123;66m[48;2;156;123;66m▀[0m[38;2;255;239;58m[48;2;255;239;58m▀[0m[38;2;255;239;58m[48;2;255;239;58m▀[0m[38;2;255;239;58m[48;2;255;239;58m▀[0m[38;2;156;123;66m[48;2;156;123;66m▀[0m[38;2;230;189;66m[48;2;230;189;66m▀[0m[38;2;230;189;66m[48;2;230;189;66m▀[0m[38;2;230;189;66m[48;2;230;189;66m▀[0m[38;2;65;65;65m[48;2;230;189;66m▀[0m[38;2;0;0;0m[48;2;0;0;0m▀[0m 
  [38;2;0;0;0m▀[38;2;255;255;255m[48;2;0;0;0m▀[0m[38;2;255;239;58m[48;2;0;0;0m▀[0m[38;2;230;189;66m[48;2;0;0;0m▀[0m[38;2;0;0;0m▀[38;2;0;0;0m▀[38;2;189;189;189m[48;2;0;0;0m▀[0m[38;2;189;189;189m[48;2;0;0;0m▀[0m[38;2;156;123;66m[48;2;65;65;65m▀[0m[38;2;255;239;58m[48;2;230;189;66m▀[0m[38;2;230;189;66m[48;2;156;123;66m▀[0m[38;2;156;123;66m[48;2;230;189;66m▀[0m[38;2;230;189;66m[48;2;0;0;0m▀[0m[38;2;230;189;66m[48;2;0;0;0m▀[0m[38;2;0;0;0m▀[38;2;0;0;0m▀  
          [38;2;0;0;0m[48;2;0;0;0m▀[0m[38;2;255;239;58m[48;2;255;255;255m▀[0m[38;2;255;239;58m[48;2;230;189;66m▀[0m[38;2;0;0;0m[48;2;0;0;0m▀[0m      
           [38;2;0;0;0m▀[38;2;0;0;0m▀       
[0m