        [38;2;0;0;0m▄[38;2;0;0;0m[48;2;247;247;165m▀[0m[38;2;0;0;0m[48;2;0;0;0m▀[0m               
   [38;2;0;0;0m▄[38;2;0;0;0m[48;2;247;247;165m▀[0m[38;2;0;0;0m▄ [38;2;0;0;0m[48;2;0;0;0m▀[0m[38;2;247;247;165m[48;2;247;247;165m▀[0m[38;2;247;247;165m[48;2;247;247;165m▀[0m[38;2;0;0;0m[48;2;66;67;66m▀[0m[38;2;0;0;0m▄[38;2;0;0;0m[48;2;247;247;165m▀[0m[38;2;0;0;0m[48;2;247;247;165m▀[0m[38;2;0;0;0m[48;2;0;0;0m▀[0m           
   [38;2;0;0;0m[48;2;0;0;0m▀[0m[38;2;247;247;165m[48;2;247;247;165m▀[0m[38;2;66;65;66m[48;2;66;65;66m▀[0m[38;2;0;0;0m[48;2;247;247;165m▀[0m[38;2;247;247;165m[48;2;247;247;165m▀[0m[38;2;247;247;165m[48;2;66;65;66m▀[0m[38;2;66;65;66m[48;2;247;247;165m▀[0m[38;2;66;65;66m[48;2;247;247;165m▀[0m[38;2;247;247;165m[48;2;247;247;165m▀[0m[38;2;247;247;165m[48;2;247;247;165m▀[0m[38;2;0;0;8m[48;2;82;82;60m▀[0m[38;2;0;0;0m▄[38;2;0;0;0m▄          
  [38;2;0;0;0m[48;2;0;0;0m▀[0m[38;2;82;81;55m[48;2;247;243;165m▀[0m[38;2;247;247;165m[48;2;255;223;33m▀[0m[38;2;247;247;165m[48;2;247;247;165m▀[0m[38;2;255;223;33m[48;2;255;223;33m▀[0m[38;2;247;247;165m[48;2;247;247;165m▀[0m[38;2;247;247;165m[48;2;255;223;33m▀[0m[38;2;255;223;33m[48;2;247;247;165m▀[0m[38;2;247;247;165m[48;2;66;65;66m▀[0m[38;2;66;65;66m[48;2;247;247;165m▀[0m[38;2;66;65;66m[48;2;247;247;165m▀[0m[38;2;247;247;165m[48;2;247;247;165m▀[0m[38;2;247;247;165m[48;2;247;247;165m▀[0m[38;2;247;247;165m[48;2;0;0;0m▀[0m[38;2;0;0;0m▀         
   [38;2;0;0;0m[48;2;0;0;0m▀[0m[38;2;255;223;33m[48;2;189;142;0m▀[0m[38;2;255;223;33m[48;2;255;223;33m▀[0m[38;2;255;222;33m[48;2;255;222;33m▀[0m[38;2;255;222;33m[48;2;255;222;33m▀[0m[38;2;255;223;33m[48;2;189;142;0m▀[0m[38;2;255;223;33m[48;2;255;223;33m▀[0m[38;2;247;247;165m[48;2;255;223;33m▀[0m[38;2;255;223;33m[48;2;255;223;33m▀[0m[38;2;247;247;165m[48;2;247;247;165m▀[0m[38;2;66;65;66m[48;2;247;247;165m▀[0m[38;2;0;0;0m[48;2;66;67;66m▀[0m[38;2;0;0;0m▄          
 [38;2;0;0;0m▄[38;2;0;0;0m▄[38;2;0;0;0m▄[38;2;0;0;0m[48;2;255;223;33m▀[0m[38;2;255;223;33m[48;2;255;223;33m▀[0m[38;2;255;219;16m[48;2;172;146;10m▀[0m[38;2;172;146;10m[48;2;8;0;0m▀[0m[38;2;0;0;24m[48;2;255;223;41m▀[0m[38;2;85;74;29m[48;2;255;223;41m▀[0m[38;2;222;182;16m[48;2;222;182;16m▀[0m[38;2;107;207;255m[48;2;107;207;255m▀[0m[38;2;156;227;222m[48;2;156;227;222m▀[0m[38;2;120;158;148m[48;2;49;20;0m▀[0m[38;2;247;247;165m[48;2;0;0;0m▀[0m[38;2;247;247;165m[48;2;0;0;0m▀[0m[38;2;0;0;0m▀         
[38;2;0;0;0m[48;2;0;0;0m▀[0m[38;2;255;223;33m[48;2;255;223;33m▀[0m[38;2;192;162;35m[48;2;66;56;57m▀[0m[38;2;255;215;24m[48;2;255;215;24m▀[0m[38;2;255;223;33m[48;2;255;223;33m▀[0m[38;2;255;223;33m[48;2;66;65;66m▀[0m[38;2;255;223;33m[48;2;255;223;33m▀[0m[38;2;255;223;33m[48;2;66;65;66m▀[0m[38;2;41;60;74m[48;2;99;203;255m▀[0m[38;2;60;107;134m[48;2;60;107;134m▀[0m[38;2;255;223;33m[48;2;255;223;33m▀[0m[38;2;255;223;33m[48;2;66;65;66m▀[0m[38;2;0;0;0m[48;2;0;0;0m▀[0m             
 [38;2;0;0;0m[48;2;0;0;0m▀[0m[38;2;255;251;255m[48;2;255;251;255m▀[0m[38;2;0;0;0m[48;2;85;83;85m▀[0m[38;2;255;223;33m[48;2;0;0;0m▀[0m[38;2;0;0;0m▀[38;2;46;69;85m[48;2;16;0;0m▀[0m[38;2;107;207;255m[48;2;107;207;255m▀[0m[38;2;41;105;148m[48;2;41;105;148m▀[0m[38;2;255;223;33m[48;2;255;223;33m▀[0m[38;2;66;65;66m[48;2;66;65;66m▀[0m[38;2;189;142;0m[48;2;189;142;0m▀[0m[38;2;82;83;82m[48;2;82;83;82m▀[0m[38;2;0;0;0m[48;2;247;251;247m▀[0m[38;2;0;0;0m[48;2;255;255;255m▀[0m[38;2;0;0;0m[48;2;255;255;255m▀[0m[38;2;0;0;0m▄[38;2;0;0;0m▄        
[38;2;0;0;0m▀[38;2;255;255;255m[48;2;0;0;0m▀[0m[38;2;255;255;255m[48;2;255;255;255m▀[0m[38;2;255;255;255m[48;2;0;0;0m▀[0m[38;2;0;0;0m▀[38;2;0;0;0m[48;2;0;0;0m▀[0m[38;2;57;130;181m[48;2;117;151;126m▀[0m[38;2;57;130;181m[48;2;239;195;16m▀[0m[38;2;194;193;137m[48;2;74;69;49m▀[0m[38;2;74;69;49m[48;2;255;255;181m▀[0m[38;2;255;223;33m[48;2;66;65;66m▀[0m[38;2;255;223;33m[48;2;66;65;66m▀[0m[38;2;194;193;137m[48;2;74;69;49m▀[0m[38;2;74;69;49m[48;2;255;255;181m▀[0m[38;2;255;255;255m[48;2;255;255;255m▀[0m[38;2;255;255;255m[48;2;255;255;255m▀[0m[38;2;255;255;255m[48;2;255;255;255m▀[0m[38;2;255;255;255m[48;2;255;255;255m▀[0m[38;2;0;0;0m[48;2;255;255;255m▀[0m[38;2;0;0;0m▄      
  [38;2;0;0;0m▀[38;2;0;0;0m▄[38;2;0;0;0m[48;2;66;70;79m▀[0m[38;2;198;211;239m[48;2;66;70;79m▀[0m[38;2;214;227;247m[48;2;214;227;247m▀[0m[38;2;66;65;66m[48;2;214;227;247m▀[0m[38;2;255;255;255m[48;2;255;255;255m▀[0m[38;2;255;255;255m[48;2;255;255;255m▀[0m[38;2;255;255;255m[48;2;255;255;255m▀[0m[38;2;255;255;255m[48;2;198;215;239m▀[0m[38;2;255;255;255m[48;2;197;214;238m▀[0m[38;2;255;255;255m[48;2;197;214;238m▀[0m[38;2;198;214;239m[48;2;198;214;239m▀[0m[38;2;198;214;239m[48;2;198;214;239m▀[0m[38;2;198;215;239m[48;2;198;215;239m▀[0m[38;2;255;255;255m[48;2;198;215;239m▀[0m[38;2;239;243;247m[48;2;239;243;247m▀[0m[38;2;0;0;0m[48;2;239;243;247m▀[0m[38;2;0;0;0m▄     
 [38;2;0;0;0m▄[38;2;0;0;0m[48;2;255;223;33m▀[0m[38;2;255;223;33m[48;2;255;223;33m▀[0m[38;2;255;222;33m[48;2;255;222;33m▀[0m[38;2;255;222;33m[48;2;255;222;33m▀[0m[38;2;66;69;74m[48;2;66;69;74m▀[0m[38;2;189;223;255m[48;2;148;171;194m▀[0m[38;2;189;219;255m[48;2;145;169;197m▀[0m[38;2;189;219;255m[48;2;57;69;82m▀[0m[38;2;66;65;66m[48;2;255;223;33m▀[0m[38;2;66;65;66m[48;2;255;223;33m▀[0m[38;2;189;219;255m[48;2;57;69;82m▀[0m[38;2;189;219;255m[48;2;145;169;197m▀[0m[38;2;132;181;231m[48;2;132;181;231m▀[0m[38;2;132;181;231m[48;2;132;181;231m▀[0m[38;2;41;109;148m[48;2;139;179;214m▀[0m[38;2;189;215;247m[48;2;41;109;148m▀[0m[38;2;198;214;239m[48;2;198;214;239m▀[0m[38;2;198;214;239m[48;2;198;214;239m▀[0m[38;2;0;0;0m[48;2;0;0;0m▀[0m  [38;2;0;0;0m▄[38;2;0;0;0m▄ 
[38;2;0;0;0m[48;2;0;0;0m▀[0m[38;2;189;142;0m[48;2;189;142;0m▀[0m[38;2;255;223;33m[48;2;255;223;33m▀[0m[38;2;66;65;66m[48;2;66;65;66m▀[0m[38;2;255;223;33m[48;2;255;223;33m▀[0m[38;2;66;65;66m[48;2;66;65;66m▀[0m[38;2;123;182;231m[48;2;68;106;126m▀[0m[38;2;123;182;231m[48;2;41;69;74m▀[0m[38;2;66;65;66m[48;2;255;223;33m▀[0m[38;2;255;223;33m[48;2;255;223;33m▀[0m[38;2;255;222;33m[48;2;255;222;33m▀[0m[38;2;255;222;33m[48;2;255;222;33m▀[0m[38;2;255;223;33m[48;2;255;223;33m▀[0m[38;2;66;65;66m[48;2;66;65;66m▀[0m[38;2;123;195;247m[48;2;41;108;148m▀[0m[38;2;41;108;148m[48;2;123;195;247m▀[0m[38;2;132;182;231m[48;2;41;105;148m▀[0m[38;2;132;182;231m[48;2;132;182;231m▀[0m[38;2;41;105;148m[48;2;132;182;231m▀[0m[38;2;41;105;148m[48;2;132;182;231m▀[0m[38;2;0;0;0m[48;2;0;0;0m▀[0m[38;2;0;0;0m▄[38;2;0;0;0m[48;2;33;89;115m▀[0m[38;2;33;89;115m[48;2;33;89;115m▀[0m[38;2;0;0;0m[48;2;0;0;0m▀[0m 
 [38;2;0;0;0m▀[38;2;255;223;33m[48;2;0;0;0m▀[0m[38;2;0;0;0m▀[38;2;0;0;0m▀[38;2;0;0;0m[48;2;0;0;0m▀[0m[38;2;165;239;255m[48;2;165;239;255m▀[0m[38;2;66;65;66m[48;2;66;65;66m▀[0m[38;2;255;223;33m[48;2;255;223;33m▀[0m[38;2;66;65;66m[48;2;66;65;66m▀[0m[38;2;255;223;33m[48;2;255;223;33m▀[0m[38;2;66;65;66m[48;2;66;65;66m▀[0m[38;2;255;223;33m[48;2;255;223;33m▀[0m[38;2;66;65;66m[48;2;66;65;66m▀[0m[38;2;165;239;255m[48;2;165;239;255m▀[0m[38;2;107;206;255m[48;2;107;206;255m▀[0m[38;2;65;156;197m[48;2;65;156;197m▀[0m[38;2;40;106;148m[48;2;65;156;197m▀[0m[38;2;115;178;231m[48;2;76;118;154m▀[0m[38;2;0;0;0m[48;2;38;59;77m▀[0m[38;2;0;0;0m▄[38;2;0;0;0m[48;2;66;67;66m▀[0m[38;2;33;89;115m[48;2;66;64;65m▀[0m[38;2;33;89;115m[48;2;66;64;65m▀[0m[38;2;30;55;66m[48;2;74;158;198m▀[0m[38;2;8;4;0m[48;2;8;4;0m▀[0m
    [38;2;0;0;0m▄[38;2;0;0;0m▄[38;2;8;0;0m[48;2;52;74;85m▀[0m[38;2;140;223;255m[48;2;140;223;255m▀[0m[38;2;66;65;66m[48;2;165;239;255m▀[0m[38;2;66;65;66m[48;2;165;239;255m▀[0m[38;2;175;193;137m[48;2;82;69;49m▀[0m[38;2;82;69;49m[48;2;222;255;181m▀[0m[38;2;66;65;66m[48;2;165;239;255m▀[0m[38;2;165;239;255m[48;2;165;239;255m▀[0m[38;2;99;207;255m[48;2;66;65;66m▀[0m[38;2;88;159;192m[48;2;66;65;66m▀[0m[38;2;66;156;198m[48;2;66;156;198m▀[0m[38;2;66;156;198m[48;2;66;156;198m▀[0m[38;2;66;156;198m[48;2;66;156;198m▀[0m[38;2;66;156;198m[48;2;66;156;198m▀[0m[38;2;66;156;198m[48;2;66;156;198m▀[0m[38;2;66;156;198m[48;2;66;156;198m▀[0m[38;2;66;158;198m[48;2;66;158;198m▀[0m[38;2;66;158;198m[48;2;0;0;0m▀[0m[38;2;0;0;0m▀ 
  [38;2;0;0;0m▄[38;2;0;0;0m[48;2;198;215;239m▀[0m[38;2;24;89;115m[48;2;181;215;247m▀[0m[38;2;102;152;181m[48;2;24;89;115m▀[0m[38;2;46;91;110m[48;2;57;154;198m▀[0m[38;2;41;60;66m[48;2;46;91;110m▀[0m[38;2;140;223;255m[48;2;0;0;0m▀[0m[38;2;140;223;255m[48;2;0;0;0m▀[0m[38;2;165;239;255m[48;2;107;206;255m▀[0m[38;2;165;239;255m[48;2;107;206;255m▀[0m[38;2;140;223;255m[48;2;140;223;255m▀[0m[38;2;66;65;66m[48;2;66;65;66m▀[0m[38;2;41;107;148m[48;2;41;107;148m▀[0m[38;2;41;107;148m[48;2;41;107;148m▀[0m[38;2;63;64;68m[48;2;60;109;137m▀[0m[38;2;57;154;206m[48;2;63;64;68m▀[0m[38;2;66;158;198m[48;2;0;0;0m▀[0m[38;2;66;158;198m[48;2;0;0;0m▀[0m[38;2;66;158;198m[48;2;0;0;0m▀[0m[38;2;0;0;0m▀[38;2;0;0;0m▀   
   [38;2;0;0;0m▀[38;2;0;0;0m▀[38;2;0;0;0m▀[38;2;0;0;0m▀[38;2;0;0;0m▀  [38;2;0;0;0m▀[38;2;0;0;0m▀[38;2;49;69;82m[48;2;16;0;0m▀[0m[38;2;49;69;82m[48;2;115;207;247m▀[0m[38;2;107;207;255m[48;2;41;105;148m▀[0m[38;2;41;105;148m[48;2;107;207;255m▀[0m[38;2;99;207;255m[48;2;49;103;127m▀[0m[38;2;0;0;0m[48;2;0;0;0m▀[0m        
           [38;2;0;0;0m▀[38;2;255;255;255m[48;2;0;0;0m▀[0m[38;2;255;255;255m[48;2;255;255;255m▀[0m[38;2;255;255;255m[48;2;255;255;255m▀[0m[38;2;255;255;255m[48;2;255;255;255m▀[0m[38;2;107;207;255m[48;2;0;0;0m▀[0m[38;2;0;0;0m▀        
             [38;2;0;0;0m▀[38;2;0;0;0m▀[38;2;0;0;0m▀          
[0m