          [38;2;0;0;0m▄[38;2;0;0;0m[48;2;82;115;49m▀[0m[38;2;0;0;0m▄     
        [38;2;0;0;0m▄[38;2;0;0;0m[48;2;99;156;49m▀[0m[38;2;99;156;49m[48;2;82;115;49m▀[0m[38;2;82;115;49m[48;2;82;115;49m▀[0m[38;2;0;0;0m[48;2;0;0;0m▀[0m     
     [38;2;0;0;0m▄[38;2;0;0;0m[48;2;99;156;49m▀[0m[38;2;0;0;0m[48;2;82;115;49m▀[0m[38;2;99;156;49m[48;2;82;115;49m▀[0m[38;2;82;115;49m[48;2;65;65;65m▀[0m[38;2;65;65;65m[48;2;82;115;49m▀[0m[38;2;82;115;49m[48;2;82;115;49m▀[0m[38;2;0;0;0m[48;2;0;0;0m▀[0m     
   [38;2;0;0;0m▄[38;2;0;0;0m[48;2;82;115;49m▀[0m[38;2;99;156;49m[48;2;82;115;49m▀[0m[38;2;82;115;49m[48;2;82;115;49m▀[0m[38;2;82;115;49m[48;2;82;115;49m▀[0m[38;2;82;115;49m[48;2;132;206;107m▀[0m[38;2;90;173;74m[48;2;132;206;107m▀[0m[38;2;132;206;107m[48;2;132;206;107m▀[0m[38;2;90;173;74m[48;2;132;206;107m▀[0m[38;2;0;0;0m[48;2;90;173;74m▀[0m[38;2;0;0;0m▄    
 [38;2;0;0;0m▄[38;2;0;0;0m▄[38;2;0;0;0m[48;2;132;206;107m▀[0m[38;2;82;115;49m[48;2;82;115;49m▀[0m[38;2;82;115;49m[48;2;99;156;49m▀[0m[38;2;90;173;74m[48;2;132;206;107m▀[0m[38;2;132;206;107m[48;2;230;90;74m▀[0m[38;2;82;115;49m[48;2;255;255;255m▀[0m[38;2;82;115;49m[48;2;189;189;189m▀[0m[38;2;82;115;49m[48;2;82;115;49m▀[0m[38;2;90;173;74m[48;2;82;115;49m▀[0m[38;2;132;206;107m[48;2;132;206;107m▀[0m[38;2;0;0;0m[48;2;0;0;0m▀[0m    
[38;2;0;0;0m▀[38;2;214;247;173m[48;2;0;0;0m▀[0m[38;2;65;65;65m[48;2;0;0;0m▀[0m[38;2;132;206;107m[48;2;132;206;107m▀[0m[38;2;132;206;107m[48;2;132;206;107m▀[0m[38;2;132;206;107m[48;2;132;206;107m▀[0m[38;2;99;156;49m[48;2;99;156;49m▀[0m[38;2;0;0;0m[48;2;0;0;0m▀[0m[38;2;230;90;74m[48;2;230;90;74m▀[0m[38;2;255;255;255m[48;2;255;255;255m▀[0m[38;2;82;115;49m[48;2;82;115;49m▀[0m[38;2;82;115;49m[48;2;90;173;74m▀[0m[38;2;90;173;74m[48;2;123;255;16m▀[0m[38;2;0;0;0m[48;2;123;255;16m▀[0m[38;2;0;0;0m▄ [38;2;0;0;0m▄ 
  [38;2;0;0;0m▀[38;2;132;206;107m[48;2;0;0;0m▀[0m[38;2;90;173;74m[48;2;0;0;0m▀[0m[38;2;132;206;107m[48;2;0;0;0m▀[0m[38;2;132;206;107m[48;2;65;65;65m▀[0m[38;2;90;173;74m[48;2;214;247;173m▀[0m[38;2;214;247;173m[48;2;214;247;173m▀[0m[38;2;90;173;74m[48;2;214;247;173m▀[0m[38;2;65;65;65m[48;2;214;247;173m▀[0m[38;2;123;255;16m[48;2;65;65;65m▀[0m[38;2;123;255;16m[48;2;65;65;65m▀[0m[38;2;65;65;65m[48;2;132;206;107m▀[0m[38;2;90;173;74m[48;2;65;65;65m▀[0m[38;2;0;0;0m[48;2;132;206;107m▀[0m[38;2;132;206;107m[48;2;132;206;107m▀[0m[38;2;0;0;0m[48;2;0;0;0m▀[0m
      [38;2;0;0;0m▀[38;2;0;0;0m[48;2;0;0;0m▀[0m[38;2;65;65;65m[48;2;90;173;74m▀[0m[38;2;65;65;65m[48;2;90;173;74m▀[0m[38;2;65;65;65m[48;2;65;65;65m▀[0m[38;2;132;206;107m[48;2;65;65;65m▀[0m[38;2;132;206;107m[48;2;132;206;107m▀[0m[38;2;90;173;74m[48;2;65;65;65m▀[0m[38;2;65;65;65m[48;2;90;173;74m▀[0m[38;2;132;206;107m[48;2;65;65;65m▀[0m[38;2;90;173;74m[48;2;0;0;0m▀[0m[38;2;0;0;0m▀
      [38;2;0;0;0m▀[38;2;90;173;74m[48;2;0;0;0m▀[0m[38;2;65;65;65m[48;2;0;0;0m▀[0m[38;2;90;173;74m[48;2;0;0;0m▀[0m[38;2;90;173;74m[48;2;0;0;0m▀[0m[38;2;65;65;65m[48;2;90;173;74m▀[0m[38;2;65;65;65m[48;2;90;173;74m▀[0m[38;2;90;173;74m[48;2;90;173;74m▀[0m[38;2;90;173;74m[48;2;0;0;0m▀[0m[38;2;0;0;0m▀  
           [38;2;0;0;0m▀[38;2;132;206;107m[48;2;0;0;0m▀[0m[38;2;132;206;107m[48;2;0;0;0m▀[0m[38;2;0;0;0m▀   
[0m