               [38;2;0;0;0m▄[38;2;0;0;0m[48;2;98;190;246m▀[0m[38;2;0;0;0m[48;2;98;188;246m▀[0m[38;2;0;0;0m[48;2;98;188;246m▀[0m[38;2;0;0;0m▄            
              [38;2;0;0;0m[48;2;0;0;0m▀[0m[38;2;98;190;246m[48;2;172;174;230m▀[0m[38;2;98;190;246m[48;2;123;87;115m▀[0m[38;2;98;188;246m[48;2;191;63;87m▀[0m[38;2;98;188;246m[48;2;98;190;246m▀[0m[38;2;98;190;246m[48;2;98;190;246m▀[0m[38;2;0;0;0m[48;2;0;0;0m▀[0m           
     [38;2;0;0;0m▄[38;2;0;0;0m▄[38;2;0;0;0m[48;2;98;188;246m▀[0m[38;2;0;0;0m[48;2;98;188;246m▀[0m[38;2;0;0;0m[48;2;98;190;246m▀[0m[38;2;0;0;0m▄    [38;2;74;0;0m[48;2;0;0;0m▀[0m[38;2;123;87;115m[48;2;189;60;90m▀[0m[38;2;191;63;87m[48;2;191;62;90m▀[0m[38;2;191;63;87m[48;2;191;62;90m▀[0m[38;2;98;190;246m[48;2;65;132;205m▀[0m[38;2;98;190;246m[48;2;98;190;246m▀[0m[38;2;0;0;0m[48;2;0;0;0m▀[0m          
   [38;2;0;0;0m▄[38;2;0;0;0m[48;2;98;190;246m▀[0m[38;2;98;190;246m[48;2;98;188;246m▀[0m[38;2;98;190;246m[48;2;98;188;246m▀[0m[38;2;98;188;246m[48;2;131;190;246m▀[0m[38;2;98;188;246m[48;2;82;63;82m▀[0m[38;2;98;190;246m[48;2;131;63;82m▀[0m[38;2;98;190;246m[48;2;98;190;246m▀[0m[38;2;0;0;0m[48;2;0;0;0m▀[0m    [38;2;0;0;0m[48;2;0;0;0m▀[0m[38;2;191;62;90m[48;2;255;113;74m▀[0m[38;2;191;62;90m[48;2;193;60;90m▀[0m[38;2;65;132;205m[48;2;65;126;172m▀[0m[38;2;98;190;246m[48;2;98;190;255m▀[0m[38;2;0;0;0m[48;2;0;0;0m▀[0m          
   [38;2;0;0;0m▀[38;2;98;190;246m[48;2;0;0;0m▀[0m[38;2;98;188;246m[48;2;0;0;0m▀[0m[38;2;98;188;246m[48;2;0;0;0m▀[0m[38;2;57;0;0m▀[38;2;82;63;82m[48;2;0;0;0m▀[0m[38;2;131;63;82m[48;2;255;113;74m▀[0m[38;2;98;190;246m[48;2;193;60;90m▀[0m[38;2;98;190;246m[48;2;98;190;246m▀[0m[38;2;0;0;0m[48;2;0;0;0m▀[0m   [38;2;0;0;0m[48;2;0;0;0m▀[0m[38;2;255;113;74m[48;2;230;97;82m▀[0m[38;2;193;60;90m[48;2;230;97;82m▀[0m[38;2;98;190;255m[48;2;98;190;246m▀[0m[38;2;0;0;8m[48;2;0;0;0m▀[0m           
        [38;2;0;0;0m▀[38;2;193;60;90m[48;2;24;0;0m▀[0m[38;2;193;60;90m[48;2;86;89;119m▀[0m[38;2;98;190;246m[48;2;98;190;246m▀[0m[38;2;0;0;0m[48;2;65;132;205m▀[0m[38;2;0;0;0m▄[38;2;0;0;0m▄[38;2;0;8;32m▄[38;2;0;0;0m[48;2;230;125;139m▀[0m[38;2;230;97;82m[48;2;191;63;87m▀[0m[38;2;98;190;246m[48;2;98;190;246m▀[0m[38;2;0;0;0m[48;2;0;0;0m▀[0m            
        [38;2;0;0;0m▄[38;2;24;0;0m[48;2;98;188;246m▀[0m[38;2;148;178;238m[48;2;98;188;246m▀[0m[38;2;98;190;246m[48;2;98;188;246m▀[0m[38;2;98;190;246m[48;2;98;188;246m▀[0m[38;2;98;190;246m[48;2;98;188;246m▀[0m[38;2;98;190;246m[48;2;98;188;246m▀[0m[38;2;153;86;104m[48;2;98;188;246m▀[0m[38;2;153;86;104m[48;2;98;188;246m▀[0m[38;2;191;63;87m[48;2;98;190;246m▀[0m[38;2;98;190;246m[48;2;0;0;0m▀[0m[38;2;0;0;0m▀            
      [38;2;0;0;0m▄[38;2;0;0;0m[48;2;0;0;0m▀[0m[38;2;255;255;255m[48;2;0;0;0m▀[0m[38;2;98;188;246m[48;2;98;190;246m▀[0m[38;2;98;188;246m[48;2;98;190;246m▀[0m[38;2;98;188;246m[48;2;98;188;246m▀[0m[38;2;98;188;246m[48;2;98;188;246m▀[0m[38;2;98;188;246m[48;2;255;255;255m▀[0m[38;2;98;188;246m[48;2;0;0;0m▀[0m[38;2;98;188;246m[48;2;98;188;246m▀[0m[38;2;98;188;246m[48;2;98;188;246m▀[0m[38;2;98;190;246m[48;2;98;188;246m▀[0m[38;2;98;190;246m[48;2;98;188;246m▀[0m[38;2;0;0;0m[48;2;0;0;0m▀[0m            
     [38;2;0;0;0m[48;2;0;0;0m▀[0m[38;2;98;190;246m[48;2;98;190;246m▀[0m[38;2;0;0;0m[48;2;98;188;246m▀[0m[38;2;98;190;246m[48;2;98;188;246m▀[0m[38;2;98;190;246m[48;2;98;190;246m▀[0m[38;2;74;113;193m[48;2;98;190;246m▀[0m[38;2;98;188;246m[48;2;98;190;246m▀[0m[38;2;98;188;246m[48;2;98;190;246m▀[0m[38;2;0;0;0m[48;2;0;0;8m▀[0m[38;2;0;0;0m[48;2;65;126;172m▀[0m[38;2;98;188;246m[48;2;98;188;246m▀[0m[38;2;98;188;246m[48;2;98;188;246m▀[0m[38;2;98;188;246m[48;2;98;188;246m▀[0m[38;2;98;188;246m[48;2;98;188;246m▀[0m[38;2;98;190;246m[48;2;98;190;246m▀[0m[38;2;0;0;0m[48;2;0;0;0m▀[0m           
   [38;2;24;12;0m▄[38;2;0;0;0m[48;2;43;53;68m▀[0m[38;2;98;190;246m[48;2;98;190;246m▀[0m[38;2;98;190;246m[48;2;255;255;255m▀[0m[38;2;98;188;246m[48;2;98;188;246m▀[0m[38;2;98;188;246m[48;2;98;188;246m▀[0m[38;2;65;64;65m[48;2;98;188;246m▀[0m[38;2;65;64;65m[48;2;98;188;246m▀[0m[38;2;65;64;65m[48;2;98;188;246m▀[0m[38;2;98;190;246m[48;2;98;188;246m▀[0m[38;2;98;190;255m[48;2;98;188;246m▀[0m[38;2;98;190;255m[48;2;98;188;246m▀[0m[38;2;98;188;246m[48;2;98;188;246m▀[0m[38;2;98;188;246m[48;2;98;188;246m▀[0m[38;2;98;188;246m[48;2;98;188;246m▀[0m[38;2;98;188;246m[48;2;98;188;246m▀[0m[38;2;98;190;246m[48;2;98;188;246m▀[0m[38;2;98;190;246m[48;2;98;188;246m▀[0m[38;2;0;0;0m[48;2;0;0;0m▀[0m     [38;2;0;0;0m▄[38;2;0;0;0m▄[38;2;0;0;0m▄  
[38;2;0;0;0m▄[38;2;0;0;0m[48;2;65;132;205m▀[0m[38;2;0;0;0m[48;2;65;132;205m▀[0m[38;2;82;137;205m[48;2;65;64;65m▀[0m[38;2;43;53;68m[48;2;65;133;205m▀[0m[38;2;98;190;246m[48;2;156;208;230m▀[0m[38;2;98;190;246m[48;2;255;255;255m▀[0m[38;2;98;188;246m[48;2;150;211;241m▀[0m[38;2;98;188;246m[48;2;98;190;238m▀[0m[38;2;98;188;246m[48;2;98;188;246m▀[0m[38;2;98;188;246m[48;2;98;188;246m▀[0m[38;2;98;188;246m[48;2;98;188;246m▀[0m[38;2;98;188;246m[48;2;98;188;246m▀[0m[38;2;98;188;246m[48;2;156;208;230m▀[0m[38;2;98;188;246m[48;2;255;255;255m▀[0m[38;2;98;188;246m[48;2;150;211;241m▀[0m[38;2;98;188;246m[48;2;98;190;238m▀[0m[38;2;98;188;246m[48;2;98;188;246m▀[0m[38;2;98;188;246m[48;2;98;188;246m▀[0m[38;2;98;188;246m[48;2;65;64;65m▀[0m[38;2;98;188;246m[48;2;98;190;246m▀[0m[38;2;0;0;0m[48;2;74;137;205m▀[0m[38;2;8;4;0m▄  [38;2;0;0;0m▄[38;2;0;0;0m[48;2;98;190;246m▀[0m[38;2;98;190;246m[48;2;255;255;255m▀[0m[38;2;98;190;246m[48;2;98;190;246m▀[0m[38;2;98;190;246m[48;2;98;190;246m▀[0m[38;2;0;0;0m[48;2;65;132;205m▀[0m[38;2;0;0;0m▄
[38;2;0;0;0m▀[38;2;65;132;205m[48;2;0;0;0m▀[0m[38;2;65;132;205m[48;2;0;0;0m▀[0m[38;2;65;64;65m[48;2;0;0;0m▀[0m[38;2;65;133;205m[48;2;65;133;205m▀[0m[38;2;255;255;255m[48;2;150;211;241m▀[0m[38;2;255;255;255m[48;2;255;255;246m▀[0m[38;2;255;255;246m[48;2;156;208;230m▀[0m[38;2;98;190;238m[48;2;98;190;246m▀[0m[38;2;98;188;246m[48;2;98;190;246m▀[0m[38;2;98;188;246m[48;2;255;255;255m▀[0m[38;2;98;188;246m[48;2;255;255;255m▀[0m[38;2;98;188;246m[48;2;98;190;246m▀[0m[38;2;255;255;255m[48;2;150;211;241m▀[0m[38;2;255;255;255m[48;2;255;255;246m▀[0m[38;2;255;255;246m[48;2;156;208;230m▀[0m[38;2;98;190;238m[48;2;98;190;246m▀[0m[38;2;98;188;246m[48;2;79;144;194m▀[0m[38;2;98;188;246m[48;2;90;186;255m▀[0m[38;2;98;190;246m[48;2;98;188;246m▀[0m[38;2;65;64;65m[48;2;98;188;246m▀[0m[38;2;30;48;68m[48;2;98;190;246m▀[0m[38;2;8;4;0m[48;2;65;132;205m▀[0m[38;2;0;0;0m▄ [38;2;0;0;0m[48;2;0;0;0m▀[0m[38;2;98;190;246m[48;2;65;133;205m▀[0m[38;2;98;190;246m[48;2;65;132;205m▀[0m[38;2;98;190;246m[48;2;65;132;205m▀[0m[38;2;65;132;205m[48;2;65;133;205m▀[0m[38;2;65;132;205m[48;2;65;133;205m▀[0m[38;2;0;0;0m[48;2;0;0;0m▀[0m
    [38;2;0;0;0m[48;2;0;0;0m▀[0m[38;2;98;190;238m[48;2;238;255;255m▀[0m[38;2;98;190;238m[48;2;159;171;175m▀[0m[38;2;98;190;246m[48;2;98;188;246m▀[0m[38;2;98;190;246m[48;2;98;188;246m▀[0m[38;2;98;190;246m[48;2;98;190;246m▀[0m[38;2;255;255;255m[48;2;98;190;246m▀[0m[38;2;255;255;255m[48;2;98;188;246m▀[0m[38;2;98;190;246m[48;2;98;188;246m▀[0m[38;2;98;190;238m[48;2;98;190;246m▀[0m[38;2;98;190;238m[48;2;255;255;255m▀[0m[38;2;98;190;246m[48;2;98;188;246m▀[0m[38;2;98;190;246m[48;2;98;188;246m▀[0m[38;2;90;186;255m[48;2;98;190;246m▀[0m[38;2;57;60;74m[48;2;98;190;246m▀[0m[38;2;98;188;246m[48;2;65;64;65m▀[0m[38;2;98;188;246m[48;2;65;64;65m▀[0m[38;2;98;190;246m[48;2;98;190;246m▀[0m[38;2;98;190;246m[48;2;98;190;246m▀[0m[38;2;98;190;246m[48;2;98;190;246m▀[0m[38;2;0;0;0m[48;2;0;0;0m▀[0m [38;2;0;0;0m▀[38;2;65;132;205m[48;2;0;0;0m▀[0m[38;2;65;132;205m[48;2;0;0;0m▀[0m[38;2;65;133;205m[48;2;0;0;0m▀[0m[38;2;0;0;0m▀ 
     [38;2;0;4;16m[48;2;0;0;0m▀[0m[38;2;238;255;255m[48;2;255;255;255m▀[0m[38;2;98;188;246m[48;2;255;255;255m▀[0m[38;2;98;188;246m[48;2;255;255;255m▀[0m[38;2;255;255;255m[48;2;255;255;255m▀[0m[38;2;255;255;255m[48;2;255;255;255m▀[0m[38;2;98;188;246m[48;2;255;255;255m▀[0m[38;2;98;188;246m[48;2;98;190;246m▀[0m[38;2;98;190;246m[48;2;98;190;246m▀[0m[38;2;98;190;246m[48;2;255;255;255m▀[0m[38;2;98;188;246m[48;2;255;242;230m▀[0m[38;2;98;188;246m[48;2;106;178;222m▀[0m[38;2;98;190;246m[48;2;191;198;202m▀[0m[38;2;191;198;202m[48;2;191;198;202m▀[0m[38;2;189;198;205m[48;2;189;198;205m▀[0m[38;2;189;198;205m[48;2;0;0;0m▀[0m[38;2;0;0;0m▀[38;2;0;0;0m▀[38;2;0;0;0m▀ [38;2;0;0;0m▄[38;2;0;0;0m[48;2;0;0;0m▀[0m[38;2;0;0;0m▀    
      [38;2;0;0;0m▀[38;2;255;255;255m[48;2;16;8;0m▀[0m[38;2;255;255;255m[48;2;35;49;68m▀[0m[38;2;255;255;255m[48;2;255;255;255m▀[0m[38;2;255;255;255m[48;2;255;255;255m▀[0m[38;2;255;255;255m[48;2;255;255;255m▀[0m[38;2;255;255;255m[48;2;255;255;255m▀[0m[38;2;255;255;255m[48;2;191;198;202m▀[0m[38;2;255;255;255m[48;2;191;198;202m▀[0m[38;2;180;210;226m[48;2;189;198;205m▀[0m[38;2;180;210;226m[48;2;189;198;205m▀[0m[38;2;191;198;202m[48;2;189;198;205m▀[0m[38;2;191;198;202m[48;2;0;0;0m▀[0m[38;2;0;0;0m[48;2;0;0;0m▀[0m[38;2;0;0;0m▄     [38;2;0;0;0m▀[38;2;0;0;0m[48;2;0;0;0m▀[0m[38;2;0;0;0m▄   
     [38;2;0;0;0m▄[38;2;0;0;0m[48;2;98;190;246m▀[0m[38;2;74;133;205m[48;2;98;190;255m▀[0m[38;2;74;133;205m[48;2;65;126;172m▀[0m[38;2;65;64;65m[48;2;65;133;205m▀[0m[38;2;65;64;65m[48;2;0;0;0m▀[0m[38;2;191;198;202m[48;2;0;0;0m▀[0m[38;2;191;198;202m[48;2;0;0;0m▀[0m[38;2;191;198;202m[48;2;0;0;0m▀[0m[38;2;191;198;202m[48;2;65;64;65m▀[0m[38;2;189;198;205m[48;2;65;64;65m▀[0m[38;2;65;64;65m[48;2;65;133;205m▀[0m[38;2;0;0;0m[48;2;0;0;0m▀[0m  [38;2;0;0;0m▀[38;2;0;0;0m[48;2;0;0;0m▀[0m[38;2;0;0;0m▄[38;2;0;0;0m▄[38;2;0;0;0m[48;2;0;0;0m▀[0m[38;2;0;0;0m▀[38;2;0;0;0m▀[38;2;0;0;0m▀[38;2;0;0;0m▀   
      [38;2;0;0;0m▀[38;2;0;0;8m▀[38;2;0;0;8m▀[38;2;0;0;0m▀    [38;2;0;0;0m[48;2;0;0;0m▀[0m[38;2;65;133;205m[48;2;98;190;246m▀[0m[38;2;65;133;205m[48;2;98;190;246m▀[0m[38;2;98;190;246m[48;2;98;190;246m▀[0m[38;2;0;0;0m[48;2;0;0;0m▀[0m   [38;2;0;0;0m▀[38;2;0;0;0m▀        
               [38;2;0;0;0m▀[38;2;0;0;0m▀[38;2;0;0;0m▀              
[0m