         [38;2;0;0;0m▄[38;2;0;0;0m▄[38;2;0;0;0m[48;2;239;207;181m▀[0m[38;2;0;0;0m[48;2;239;207;181m▀[0m[38;2;0;0;0m[48;2;239;207;181m▀[0m[38;2;0;0;0m[48;2;239;207;181m▀[0m[38;2;0;0;0m▄[38;2;0;0;0m▄       
       [38;2;0;0;0m▄[38;2;0;0;0m[48;2;239;207;181m▀[0m[38;2;239;207;181m[48;2;239;207;181m▀[0m[38;2;239;207;184m[48;2;239;207;184m▀[0m[38;2;239;207;184m[48;2;239;207;184m▀[0m[38;2;239;207;184m[48;2;239;207;184m▀[0m[38;2;239;207;184m[48;2;239;207;184m▀[0m[38;2;247;207;181m[48;2;115;89;66m▀[0m[38;2;115;89;66m[48;2;159;128;104m▀[0m[38;2;165;121;90m[48;2;165;121;90m▀[0m[38;2;0;0;0m[48;2;0;0;0m▀[0m      
      [38;2;0;0;0m▄[38;2;0;0;0m[48;2;222;186;156m▀[0m[38;2;222;186;156m[48;2;222;186;156m▀[0m[38;2;238;208;184m[48;2;222;186;156m▀[0m[38;2;238;208;184m[48;2;222;186;156m▀[0m[38;2;238;208;184m[48;2;222;186;156m▀[0m[38;2;222;186;156m[48;2;222;186;156m▀[0m[38;2;222;186;156m[48;2;96;96;96m▀[0m[38;2;112;93;73m[48;2;167;121;90m▀[0m[38;2;167;121;90m[48;2;167;121;90m▀[0m[38;2;165;121;90m[48;2;165;121;90m▀[0m[38;2;0;0;0m[48;2;165;121;90m▀[0m[38;2;0;0;0m▄     
      [38;2;0;0;0m[48;2;0;0;0m▀[0m[38;2;94;97;94m[48;2;94;97;94m▀[0m[38;2;225;185;156m[48;2;225;185;156m▀[0m[38;2;225;185;156m[48;2;225;185;156m▀[0m[38;2;222;186;156m[48;2;222;186;156m▀[0m[38;2;222;186;156m[48;2;96;96;96m▀[0m[38;2;96;96;96m[48;2;96;96;96m▀[0m[38;2;96;96;96m[48;2;222;186;156m▀[0m[38;2;167;121;90m[48;2;167;121;90m▀[0m[38;2;167;121;90m[48;2;167;121;90m▀[0m[38;2;167;121;90m[48;2;167;121;90m▀[0m[38;2;167;121;90m[48;2;167;121;90m▀[0m[38;2;0;0;0m[48;2;0;0;0m▀[0m     
      [38;2;0;0;0m[48;2;0;0;0m▀[0m[38;2;107;93;82m[48;2;214;186;165m▀[0m[38;2;96;96;96m[48;2;96;96;96m▀[0m[38;2;222;186;156m[48;2;96;96;96m▀[0m[38;2;96;96;96m[48;2;96;96;96m▀[0m[38;2;96;96;96m[48;2;222;186;156m▀[0m[38;2;222;186;156m[48;2;222;186;156m▀[0m[38;2;222;186;156m[48;2;96;96;96m▀[0m[38;2;112;93;73m[48;2;112;93;73m▀[0m[38;2;167;121;90m[48;2;167;121;90m▀[0m[38;2;167;121;90m[48;2;222;186;156m▀[0m[38;2;167;121;90m[48;2;167;121;90m▀[0m[38;2;0;0;0m[48;2;222;186;156m▀[0m[38;2;0;0;0m▄    
      [38;2;0;0;0m[48;2;0;0;0m▀[0m[38;2;214;186;165m[48;2;107;93;82m▀[0m[38;2;222;186;156m[48;2;222;186;156m▀[0m[38;2;96;96;96m[48;2;96;96;96m▀[0m[38;2;222;186;156m[48;2;222;186;156m▀[0m[38;2;222;186;156m[48;2;96;96;96m▀[0m[38;2;96;96;96m[48;2;96;96;96m▀[0m[38;2;96;96;96m[48;2;222;186;156m▀[0m[38;2;222;186;156m[48;2;222;186;156m▀[0m[38;2;112;91;74m[48;2;222;186;156m▀[0m[38;2;159;121;96m[48;2;123;89;66m▀[0m[38;2;231;186;156m[48;2;159;121;96m▀[0m[38;2;154;121;98m[48;2;231;182;148m▀[0m[38;2;0;0;0m[48;2;0;0;0m▀[0m    
     [38;2;0;0;0m▄[38;2;0;4;8m[48;2;214;186;165m▀[0m[38;2;107;95;86m[48;2;107;95;86m▀[0m[38;2;222;186;156m[48;2;222;186;156m▀[0m[38;2;96;96;96m[48;2;96;96;96m▀[0m[38;2;222;186;156m[48;2;222;186;156m▀[0m[38;2;96;96;96m[48;2;96;96;96m▀[0m[38;2;222;186;156m[48;2;222;186;156m▀[0m[38;2;222;186;156m[48;2;96;96;96m▀[0m[38;2;225;185;156m[48;2;225;185;156m▀[0m[38;2;225;185;156m[48;2;225;185;156m▀[0m[38;2;222;186;156m[48;2;222;186;156m▀[0m[38;2;112;91;74m[48;2;222;186;156m▀[0m[38;2;112;91;74m[48;2;222;186;156m▀[0m[38;2;222;186;156m[48;2;222;186;156m▀[0m[38;2;0;0;0m[48;2;222;186;156m▀[0m[38;2;0;0;0m▄[38;2;0;0;0m▄ 
  [38;2;0;0;0m▄[38;2;111;91;74m▄[38;2;0;0;0m[48;2;222;186;156m▀[0m[38;2;222;186;156m[48;2;222;186;156m▀[0m[38;2;93;97;95m[48;2;93;97;95m▀[0m[38;2;231;195;173m[48;2;231;195;173m▀[0m[38;2;239;207;181m[48;2;95;95;93m▀[0m[38;2;95;95;93m[48;2;239;207;181m▀[0m[38;2;239;207;181m[48;2;239;207;181m▀[0m[38;2;95;95;93m[48;2;95;95;93m▀[0m[38;2;200;174;153m[48;2;247;211;181m▀[0m[38;2;107;101;99m[48;2;247;211;181m▀[0m[38;2;222;186;156m[48;2;96;96;96m▀[0m[38;2;222;186;156m[48;2;222;186;156m▀[0m[38;2;225;185;156m[48;2;225;185;156m▀[0m[38;2;225;185;156m[48;2;225;185;156m▀[0m[38;2;225;185;156m[48;2;225;185;156m▀[0m[38;2;225;185;156m[48;2;225;185;156m▀[0m[38;2;222;186;156m[48;2;222;186;156m▀[0m[38;2;222;186;156m[48;2;112;91;74m▀[0m[38;2;222;186;156m[48;2;111;93;78m▀[0m[38;2;0;0;0m[48;2;0;0;0m▀[0m
  [38;2;0;0;0m▀[38;2;165;121;90m[48;2;0;0;0m▀[0m[38;2;112;93;73m[48;2;167;121;90m▀[0m[38;2;112;93;73m[48;2;167;121;90m▀[0m[38;2;239;207;181m[48;2;90;113;74m▀[0m[38;2;239;207;181m[48;2;90;113;74m▀[0m[38;2;239;207;181m[48;2;90;113;74m▀[0m[38;2;239;207;181m[48;2;90;113;74m▀[0m[38;2;239;207;181m[48;2;112;93;71m▀[0m[38;2;239;207;181m[48;2;112;93;71m▀[0m[38;2;239;207;181m[48;2;90;113;74m▀[0m[38;2;239;207;181m[48;2;90;113;74m▀[0m[38;2;239;207;181m[48;2;74;138;74m▀[0m[38;2;239;207;181m[48;2;74;138;74m▀[0m[38;2;231;182;156m[48;2;99;109;74m▀[0m[38;2;99;109;74m[48;2;143;133;101m▀[0m[38;2;112;93;73m[48;2;167;121;90m▀[0m[38;2;112;93;73m[48;2;167;121;90m▀[0m[38;2;110;84;60m[48;2;165;125;90m▀[0m[38;2;165;125;90m[48;2;0;4;0m▀[0m[38;2;0;0;0m▀ 
    [38;2;0;0;0m▀[38;2;165;121;90m[48;2;0;0;0m▀[0m[38;2;74;123;70m[48;2;0;12;8m▀[0m[38;2;148;235;132m[48;2;74;123;70m▀[0m[38;2;0;4;0m[48;2;173;243;140m▀[0m[38;2;86;123;70m[48;2;173;243;140m▀[0m[38;2;167;121;90m[48;2;74;138;74m▀[0m[38;2;167;121;90m[48;2;74;138;74m▀[0m[38;2;74;135;74m[48;2;148;223;132m▀[0m[38;2;148;223;132m[48;2;148;223;132m▀[0m[38;2;0;0;0m[48;2;165;235;132m▀[0m[38;2;165;235;132m[48;2;165;235;132m▀[0m[38;2;170;203;123m[48;2;82;125;74m▀[0m[38;2;82;125;74m[48;2;126;164;98m▀[0m[38;2;165;121;90m[48;2;0;0;0m▀[0m[38;2;0;0;0m▀[38;2;0;0;0m▀   
       [38;2;0;0;0m▀[38;2;0;0;0m▀[38;2;74;138;74m[48;2;0;0;0m▀[0m[38;2;165;121;90m[48;2;66;65;66m▀[0m[38;2;165;121;90m[48;2;66;65;66m▀[0m[38;2;74;136;74m[48;2;66;65;66m▀[0m[38;2;74;136;74m[48;2;66;65;66m▀[0m[38;2;74;136;74m[48;2;66;65;66m▀[0m[38;2;66;65;66m[48;2;66;65;66m▀[0m[38;2;68;55;52m[48;2;206;158;140m▀[0m[38;2;0;4;8m[48;2;206;158;140m▀[0m[38;2;0;0;0m▄     
 [38;2;0;0;0m▄[38;2;0;0;0m▄[38;2;0;0;0m[48;2;222;186;156m▀[0m[38;2;0;0;0m[48;2;222;186;156m▀[0m[38;2;0;0;0m[48;2;222;186;156m▀[0m[38;2;0;0;0m▄[38;2;0;0;0m▄[38;2;0;0;0m▄[38;2;0;0;0m[48;2;165;121;90m▀[0m[38;2;186;162;137m[48;2;66;65;66m▀[0m[38;2;66;65;66m[48;2;247;211;173m▀[0m[38;2;165;121;90m[48;2;66;65;66m▀[0m[38;2;165;121;90m[48;2;66;65;66m▀[0m[38;2;66;65;66m[48;2;239;215;181m▀[0m[38;2;239;215;181m[48;2;66;65;66m▀[0m[38;2;239;207;165m[48;2;66;60;57m▀[0m[38;2;66;60;57m[48;2;152;133;111m▀[0m[38;2;78;62;53m[48;2;78;62;53m▀[0m[38;2;0;4;8m[48;2;156;121;99m▀[0m[38;2;0;0;0m[48;2;111;93;78m▀[0m[38;2;0;0;0m[48;2;222;186;156m▀[0m[38;2;0;0;0m▄ 
[38;2;0;4;8m[48;2;0;4;8m▀[0m[38;2;222;97;66m[48;2;148;66;46m▀[0m[38;2;112;91;71m[48;2;112;91;71m▀[0m[38;2;165;121;90m[48;2;112;91;71m▀[0m[38;2;107;109;66m[48;2;142;140;96m▀[0m[38;2;214;203;156m[48;2;107;109;66m▀[0m[38;2;225;185;156m[48;2;225;185;156m▀[0m[38;2;225;185;156m[48;2;225;185;156m▀[0m[38;2;90;70;57m[48;2;239;186;156m▀[0m[38;2;164;128;106m[48;2;16;12;8m▀[0m[38;2;0;0;0m[48;2;0;0;0m▀[0m[38;2;77;70;60m[48;2;231;211;181m▀[0m[38;2;165;121;90m[48;2;206;158;135m▀[0m[38;2;165;121;90m[48;2;206;158;135m▀[0m[38;2;90;69;57m[48;2;255;211;173m▀[0m[38;2;145;116;95m[48;2;200;163;134m▀[0m[38;2;66;65;66m[48;2;66;65;66m▀[0m[38;2;66;65;66m[48;2;115;186;90m▀[0m[38;2;165;121;90m[48;2;112;91;71m▀[0m[38;2;112;91;71m[48;2;112;91;71m▀[0m[38;2;239;81;49m[48;2;112;91;71m▀[0m[38;2;112;91;71m[48;2;112;91;71m▀[0m[38;2;222;186;156m[48;2;222;186;156m▀[0m[38;2;0;0;0m[48;2;0;0;0m▀[0m
[38;2;0;0;0m▀[38;2;111;91;74m[48;2;0;0;0m▀[0m[38;2;247;219;107m[48;2;115;91;73m▀[0m[38;2;115;91;73m[48;2;115;91;73m▀[0m[38;2;112;93;73m[48;2;167;121;90m▀[0m[38;2;167;121;90m[48;2;167;121;90m▀[0m[38;2;165;121;90m[48;2;0;0;0m▀[0m[38;2;165;121;90m[48;2;0;0;0m▀[0m[38;2;0;0;0m▀[38;2;0;0;0m▄[38;2;16;4;8m[48;2;255;223;189m▀[0m[38;2;175;150;128m[48;2;175;150;128m▀[0m[38;2;222;186;156m[48;2;222;186;156m▀[0m[38;2;222;186;156m[48;2;205;158;135m▀[0m[38;2;205;158;137m[48;2;239;215;181m▀[0m[38;2;222;186;159m[48;2;205;158;137m▀[0m[38;2;66;60;57m[48;2;222;182;148m▀[0m[38;2;118;100;87m[48;2;66;60;57m▀[0m[38;2;115;89;74m[48;2;159;131;85m▀[0m[38;2;247;215;107m[48;2;115;89;74m▀[0m[38;2;112;93;73m[48;2;167;121;90m▀[0m[38;2;167;121;90m[48;2;167;121;90m▀[0m[38;2;165;121;90m[48;2;0;0;0m▀[0m[38;2;0;0;0m▀
  [38;2;0;0;0m▀[38;2;0;0;0m▀[38;2;0;0;0m▀[38;2;0;0;0m▀  [38;2;0;0;0m▄[38;2;0;0;0m[48;2;165;121;90m▀[0m[38;2;118;95;79m[48;2;170;134;109m▀[0m[38;2;222;174;140m[48;2;66;56;49m▀[0m[38;2;222;186;156m[48;2;66;65;66m▀[0m[38;2;222;186;156m[48;2;66;65;66m▀[0m[38;2;222;170;140m[48;2;74;65;57m▀[0m[38;2;222;170;140m[48;2;148;117;98m▀[0m[38;2;225;185;156m[48;2;225;185;156m▀[0m[38;2;225;185;156m[48;2;225;185;156m▀[0m[38;2;74;64;60m[48;2;222;186;165m▀[0m[38;2;74;64;60m[48;2;0;4;8m▀[0m[38;2;0;0;0m▀[38;2;0;0;0m▀  
        [38;2;0;0;0m▀[38;2;165;121;90m[48;2;0;0;0m▀[0m[38;2;78;62;53m[48;2;0;4;8m▀[0m[38;2;156;121;99m[48;2;78;62;53m▀[0m[38;2;165;121;90m[48;2;165;121;90m▀[0m[38;2;66;65;66m[48;2;66;65;66m▀[0m[38;2;165;121;90m[48;2;165;121;90m▀[0m[38;2;66;65;66m[48;2;165;121;90m▀[0m[38;2;82;60;52m[48;2;164;121;96m▀[0m[38;2;164;121;96m[48;2;0;0;8m▀[0m[38;2;165;121;90m[48;2;0;0;0m▀[0m[38;2;165;121;90m[48;2;0;0;0m▀[0m[38;2;0;0;0m▀   
           [38;2;0;0;0m▀[38;2;0;0;0m▀[38;2;222;186;156m[48;2;0;0;0m▀[0m[38;2;222;186;156m[48;2;0;0;0m▀[0m[38;2;222;186;156m[48;2;0;0;0m▀[0m[38;2;0;0;0m▀       
[0m