     [38;2;0;4;0m▄    [38;2;0;4;0m▄[38;2;0;4;0m[48;2;189;146;66m▀[0m[38;2;0;4;0m▄             
   [38;2;0;4;0m▄[38;2;0;4;0m[48;2;255;255;255m▀[0m[38;2;255;251;255m[48;2;255;251;255m▀[0m[38;2;0;0;0m[48;2;85;83;85m▀[0m[38;2;0;4;0m▄  [38;2;0;4;0m▀[38;2;255;215;82m[48;2;8;8;8m▀[0m[38;2;172;146;57m[48;2;172;146;57m▀[0m[38;2;0;4;0m[48;2;189;146;66m▀[0m[38;2;0;4;0m▄           
  [38;2;0;4;0m▄[38;2;24;12;0m[48;2;255;255;247m▀[0m[38;2;255;255;247m[48;2;139;133;123m▀[0m[38;2;193;146;66m[48;2;247;211;66m▀[0m[38;2;247;211;66m[48;2;247;211;66m▀[0m[38;2;85;70;38m[48;2;255;211;82m▀[0m[38;2;0;0;16m[48;2;170;140;60m▀[0m[38;2;0;4;0m▄[38;2;0;4;0m[48;2;189;146;66m▀[0m[38;2;247;199;66m[48;2;192;157;66m▀[0m[38;2;192;157;66m[48;2;82;73;66m▀[0m[38;2;181;146;82m[48;2;90;75;49m▀[0m[38;2;0;4;16m[48;2;90;75;49m▀[0m[38;2;0;4;0m▄          
  [38;2;0;4;0m[48;2;0;4;0m▀[0m[38;2;255;255;255m[48;2;255;255;255m▀[0m[38;2;189;146;66m[48;2;189;146;66m▀[0m[38;2;244;211;66m[48;2;244;211;66m▀[0m[38;2;244;211;66m[48;2;244;211;66m▀[0m[38;2;244;211;66m[48;2;244;211;66m▀[0m[38;2;244;211;66m[48;2;244;211;66m▀[0m[38;2;247;207;66m[48;2;247;207;66m▀[0m[38;2;192;162;66m[48;2;82;73;66m▀[0m[38;2;107;65;41m[48;2;156;82;68m▀[0m[38;2;156;82;68m[48;2;255;117;123m▀[0m[38;2;181;72;43m[48;2;181;72;43m▀[0m[38;2;181;72;43m[48;2;181;72;43m▀[0m[38;2;181;73;41m[48;2;181;73;41m▀[0m[38;2;0;4;0m[48;2;181;73;41m▀[0m[38;2;0;4;0m▄        
  [38;2;0;4;0m▀[38;2;255;255;255m[48;2;0;4;0m▀[0m[38;2;255;255;255m[48;2;255;255;255m▀[0m[38;2;193;146;66m[48;2;193;146;66m▀[0m[38;2;247;211;66m[48;2;247;211;66m▀[0m[38;2;244;211;66m[48;2;244;211;66m▀[0m[38;2;244;211;66m[48;2;244;211;66m▀[0m[38;2;82;78;68m[48;2;82;78;68m▀[0m[38;2;181;73;41m[48;2;181;73;41m▀[0m[38;2;181;72;43m[48;2;181;72;43m▀[0m[38;2;181;72;43m[48;2;181;72;43m▀[0m[38;2;181;72;43m[48;2;181;72;43m▀[0m[38;2;181;72;43m[48;2;181;72;43m▀[0m[38;2;165;48;41m[48;2;140;60;57m▀[0m[38;2;140;60;57m[48;2;90;85;90m▀[0m[38;2;94;97;94m[48;2;94;97;94m▀[0m[38;2;0;4;0m[48;2;0;4;0m▀[0m       
   [38;2;0;4;0m▀[38;2;255;255;255m[48;2;0;4;0m▀[0m[38;2;255;255;255m[48;2;255;255;255m▀[0m[38;2;189;146;66m[48;2;255;255;255m▀[0m[38;2;247;203;66m[48;2;192;161;66m▀[0m[38;2;82;77;66m[48;2;82;77;66m▀[0m[38;2;181;73;41m[48;2;131;40;53m▀[0m[38;2;181;73;41m[48;2;131;40;53m▀[0m[38;2;181;73;41m[48;2;131;40;53m▀[0m[38;2;181;73;41m[48;2;131;40;53m▀[0m[38;2;132;40;57m[48;2;93;96;95m▀[0m[38;2;132;40;57m[48;2;93;96;95m▀[0m[38;2;94;97;94m[48;2;66;65;66m▀[0m[38;2;94;97;94m[48;2;94;97;94m▀[0m[38;2;95;97;95m[48;2;95;97;95m▀[0m[38;2;95;97;95m[48;2;95;97;95m▀[0m[38;2;0;4;0m[48;2;0;4;0m▀[0m      
    [38;2;0;4;0m[48;2;0;4;0m▀[0m[38;2;88;83;79m[48;2;88;83;79m▀[0m[38;2;198;195;189m[48;2;88;83;79m▀[0m[38;2;198;195;189m[48;2;198;195;189m▀[0m[38;2;82;78;68m[48;2;198;195;189m▀[0m[38;2;94;97;94m[48;2;94;97;94m▀[0m[38;2;94;97;94m[48;2;66;65;66m▀[0m[38;2;90;93;90m[48;2;8;12;8m▀[0m[38;2;90;93;90m[48;2;255;255;255m▀[0m[38;2;85;85;85m[48;2;255;255;255m▀[0m[38;2;85;85;85m[48;2;85;85;85m▀[0m[38;2;99;97;90m[48;2;99;97;90m▀[0m[38;2;66;65;66m[48;2;77;75;74m▀[0m[38;2;94;97;94m[48;2;0;4;0m▀[0m[38;2;94;97;94m[48;2;0;4;0m▀[0m[38;2;0;4;0m▀      
   [38;2;0;8;0m[48;2;0;8;0m▀[0m[38;2;82;40;44m[48;2;123;56;66m▀[0m[38;2;74;52;66m[48;2;115;79;63m▀[0m[38;2;198;134;57m[48;2;74;52;66m▀[0m[38;2;66;65;66m[48;2;192;145;66m▀[0m[38;2;66;65;66m[48;2;192;145;66m▀[0m[38;2;82;73;24m[48;2;197;194;123m▀[0m[38;2;255;255;173m[48;2;197;194;123m▀[0m[38;2;255;255;255m[48;2;90;89;82m▀[0m[38;2;255;255;255m[48;2;90;89;82m▀[0m[38;2;94;97;94m[48;2;66;65;66m▀[0m[38;2;94;97;94m[48;2;66;65;66m▀[0m[38;2;94;97;94m[48;2;0;4;0m▀[0m[38;2;0;4;0m▀[38;2;0;4;0m▄[38;2;0;4;0m▄[38;2;0;4;0m▄[38;2;0;4;0m▄[38;2;0;4;0m▄    
   [38;2;0;4;0m▀[38;2;127;40;53m[48;2;0;4;0m▀[0m[38;2;131;41;54m[48;2;131;41;54m▀[0m[38;2;131;41;54m[48;2;131;41;54m▀[0m[38;2;66;65;66m[48;2;186;157;66m▀[0m[38;2;247;203;66m[48;2;66;65;66m▀[0m[38;2;239;207;74m[48;2;57;60;74m▀[0m[38;2;117;109;74m[48;2;57;60;74m▀[0m[38;2;66;65;66m[48;2;77;75;74m▀[0m[38;2;66;65;66m[48;2;99;97;90m▀[0m[38;2;74;72;66m[48;2;74;72;66m▀[0m[38;2;8;8;0m[48;2;107;105;99m▀[0m[38;2;0;4;0m▄[38;2;0;4;0m[48;2;247;211;66m▀[0m[38;2;181;72;43m[48;2;181;72;43m▀[0m[38;2;181;72;43m[48;2;181;72;43m▀[0m[38;2;181;73;41m[48;2;181;73;41m▀[0m[38;2;181;73;41m[48;2;131;40;53m▀[0m[38;2;189;69;57m[48;2;126;47;38m▀[0m[38;2;0;4;0m[48;2;0;4;0m▀[0m   
[38;2;0;4;0m▄[38;2;0;4;0m[48;2;198;195;189m▀[0m[38;2;0;4;0m▄ [38;2;0;4;0m▄[38;2;0;4;0m[48;2;119;58;66m▀[0m[38;2;119;58;66m[48;2;119;58;66m▀[0m[38;2;189;146;74m[48;2;66;65;74m▀[0m[38;2;66;65;74m[48;2;107;92;74m▀[0m[38;2;93;95;95m[48;2;93;95;95m▀[0m[38;2;79;77;68m[48;2;79;77;68m▀[0m[38;2;93;95;95m[48;2;93;95;95m▀[0m[38;2;79;77;68m[48;2;79;77;68m▀[0m[38;2;94;97;94m[48;2;94;97;94m▀[0m[38;2;66;65;66m[48;2;66;65;66m▀[0m[38;2;247;211;66m[48;2;247;211;66m▀[0m[38;2;181;73;44m[48;2;181;73;44m▀[0m[38;2;181;73;41m[48;2;181;73;41m▀[0m[38;2;181;73;41m[48;2;131;40;53m▀[0m[38;2;132;40;53m[48;2;66;65;66m▀[0m[38;2;132;40;53m[48;2;132;40;53m▀[0m[38;2;0;4;0m[48;2;0;4;0m▀[0m    
[38;2;0;4;0m[48;2;0;4;0m▀[0m[38;2;198;195;189m[48;2;198;195;189m▀[0m[38;2;57;60;57m[48;2;104;105;101m▀[0m[38;2;8;12;8m[48;2;206;199;198m▀[0m[38;2;74;74;71m[48;2;74;74;71m▀[0m[38;2;94;97;94m[48;2;66;65;66m▀[0m[38;2;66;65;66m[48;2;66;65;66m▀[0m[38;2;222;223;222m[48;2;66;65;66m▀[0m[38;2;66;65;66m[48;2;222;223;222m▀[0m[38;2;99;97;90m[48;2;66;65;66m▀[0m[38;2;77;75;74m[48;2;99;97;90m▀[0m[38;2;109;113;109m[48;2;57;60;57m▀[0m[38;2;57;60;57m[48;2;214;219;214m▀[0m[38;2;66;65;66m[48;2;222;223;222m▀[0m[38;2;222;223;222m[48;2;66;65;66m▀[0m[38;2;79;69;43m[48;2;79;69;43m▀[0m[38;2;239;207;82m[48;2;0;0;24m▀[0m[38;2;0;4;0m▀[38;2;0;4;0m▀[38;2;94;97;94m[48;2;0;4;0m▀[0m[38;2;0;4;0m[48;2;94;97;94m▀[0m[38;2;0;4;0m▄ [38;2;0;4;0m▄[38;2;0;4;0m[48;2;255;255;255m▀[0m[38;2;0;4;0m▄
[38;2;0;4;0m[48;2;0;4;0m▀[0m[38;2;93;97;95m[48;2;93;97;95m▀[0m[38;2;198;195;189m[48;2;198;195;189m▀[0m[38;2;198;195;189m[48;2;198;195;189m▀[0m[38;2;104;105;101m[48;2;57;60;57m▀[0m[38;2;66;65;66m[48;2;132;40;53m▀[0m[38;2;132;40;53m[48;2;132;40;53m▀[0m[38;2;222;223;222m[48;2;66;65;66m▀[0m[38;2;66;65;66m[48;2;222;223;222m▀[0m[38;2;66;65;66m[48;2;66;65;66m▀[0m[38;2;66;65;66m[48;2;66;65;66m▀[0m[38;2;66;65;66m[48;2;222;223;222m▀[0m[38;2;66;65;66m[48;2;222;223;222m▀[0m[38;2;66;65;66m[48;2;222;223;222m▀[0m[38;2;222;223;222m[48;2;66;65;66m▀[0m[38;2;0;4;0m[48;2;181;73;41m▀[0m[38;2;0;4;0m▄   [38;2;0;4;0m[48;2;0;4;0m▀[0m[38;2;85;83;85m[48;2;255;251;255m▀[0m[38;2;0;0;0m[48;2;85;83;85m▀[0m[38;2;255;255;255m[48;2;255;255;255m▀[0m[38;2;255;255;255m[48;2;255;255;255m▀[0m[38;2;0;4;0m[48;2;0;4;0m▀[0m
 [38;2;0;4;0m[48;2;0;4;0m▀[0m[38;2;198;195;189m[48;2;66;67;63m▀[0m[38;2;74;74;71m[48;2;206;199;198m▀[0m[38;2;74;74;71m[48;2;8;12;8m▀[0m[38;2;131;41;54m[48;2;131;41;54m▀[0m[38;2;131;41;54m[48;2;131;41;54m▀[0m[38;2;132;40;53m[48;2;132;40;53m▀[0m[38;2;66;65;66m[48;2;132;40;53m▀[0m[38;2;71;70;66m[48;2;0;8;0m▀[0m[38;2;107;101;99m[48;2;0;8;0m▀[0m[38;2;66;65;66m[48;2;66;65;66m▀[0m[38;2;66;65;66m[48;2;132;40;53m▀[0m[38;2;66;65;66m[48;2;181;73;44m▀[0m[38;2;181;73;44m[48;2;181;73;44m▀[0m[38;2;181;73;41m[48;2;181;73;41m▀[0m[38;2;181;73;41m[48;2;131;40;53m▀[0m[38;2;0;4;0m[48;2;0;4;0m▀[0m [38;2;0;4;0m[48;2;0;4;0m▀[0m[38;2;255;255;255m[48;2;255;255;255m▀[0m[38;2;255;255;255m[48;2;255;255;255m▀[0m[38;2;95;95;95m[48;2;255;255;255m▀[0m[38;2;255;255;255m[48;2;200;195;189m▀[0m[38;2;255;255;255m[48;2;255;255;255m▀[0m[38;2;0;4;0m[48;2;0;4;0m▀[0m
  [38;2;0;4;0m▀[38;2;0;4;0m▀ [38;2;0;4;0m▀[38;2;127;40;53m[48;2;0;4;0m▀[0m[38;2;84;63;63m[48;2;206;190;189m▀[0m[38;2;24;0;0m[48;2;206;190;189m▀[0m[38;2;0;4;0m▄ [38;2;0;4;0m▀[38;2;127;40;53m[48;2;0;4;0m▀[0m[38;2;132;40;53m[48;2;66;65;66m▀[0m[38;2;132;40;53m[48;2;132;40;53m▀[0m[38;2;131;41;54m[48;2;131;41;54m▀[0m[38;2;131;41;54m[48;2;131;41;54m▀[0m[38;2;0;4;0m[48;2;0;4;0m▀[0m  [38;2;0;4;0m[48;2;0;4;0m▀[0m[38;2;255;255;255m[48;2;255;255;255m▀[0m[38;2;255;255;255m[48;2;200;195;189m▀[0m[38;2;255;255;255m[48;2;170;172;170m▀[0m[38;2;0;8;0m[48;2;0;8;0m▀[0m 
    [38;2;0;4;0m▄[38;2;0;4;0m[48;2;99;99;94m▀[0m[38;2;99;99;94m[48;2;198;195;189m▀[0m[38;2;198;195;189m[48;2;198;195;189m▀[0m[38;2;198;195;189m[48;2;0;4;0m▀[0m[38;2;0;4;0m▀  [38;2;0;4;0m▄[38;2;8;12;8m[48;2;255;255;255m▀[0m[38;2;90;93;90m[48;2;90;93;90m▀[0m[38;2;255;255;255m[48;2;255;255;255m▀[0m[38;2;0;4;0m[48;2;255;255;255m▀[0m[38;2;0;4;0m▄   [38;2;0;4;0m▀[38;2;255;255;255m[48;2;0;4;0m▀[0m[38;2;0;4;0m▀  
     [38;2;0;4;0m▀[38;2;0;4;0m▀[38;2;0;4;0m▀   [38;2;0;4;0m▀[38;2;255;255;255m[48;2;0;4;0m▀[0m[38;2;85;90;85m[48;2;0;8;0m▀[0m[38;2;255;255;255m[48;2;0;8;0m▀[0m[38;2;255;255;255m[48;2;0;8;0m▀[0m[38;2;85;90;85m[48;2;0;8;0m▀[0m[38;2;0;4;0m▀        
[0m