        [38;2;0;0;0m▄[38;2;0;0;0m[48;2;66;123;74m▀[0m[38;2;0;0;0m▄        
       [38;2;0;0;0m▀[38;2;90;148;82m[48;2;0;0;0m▀[0m[38;2;66;123;74m[48;2;66;123;74m▀[0m[38;2;90;148;82m[48;2;0;0;0m▀[0m[38;2;0;0;0m▀       
       [38;2;0;0;0m[48;2;0;0;0m▀[0m[38;2;123;173;99m[48;2;123;173;99m▀[0m[38;2;58;99;74m[48;2;58;99;74m▀[0m[38;2;66;123;74m[48;2;66;123;74m▀[0m[38;2;0;0;0m[48;2;0;0;0m▀[0m       
 [38;2;0;0;0m▄ [38;2;0;0;0m▄[38;2;0;0;0m▄[38;2;0;0;0m[48;2;90;148;82m▀[0m[38;2;0;0;0m[48;2;90;148;82m▀[0m[38;2;90;148;82m[48;2;123;173;99m▀[0m[38;2;123;173;99m[48;2;58;99;74m▀[0m[38;2;58;99;74m[48;2;66;123;74m▀[0m[38;2;66;123;74m[48;2;66;123;74m▀[0m[38;2;58;99;74m[48;2;66;123;74m▀[0m[38;2;0;0;0m[48;2;58;99;74m▀[0m[38;2;0;0;0m▄     
[38;2;0;0;0m▀[38;2;90;148;82m[48;2;0;0;0m▀[0m[38;2;0;0;0m▀[38;2;90;148;82m[48;2;0;0;0m▀[0m[38;2;90;148;82m[48;2;90;148;82m▀[0m[38;2;90;148;82m[48;2;90;148;82m▀[0m[38;2;90;148;82m[48;2;123;173;99m▀[0m[38;2;123;173;99m[48;2;58;99;74m▀[0m[38;2;58;99;74m[48;2;66;123;74m▀[0m[38;2;66;123;74m[48;2;66;123;74m▀[0m[38;2;66;123;74m[48;2;66;123;74m▀[0m[38;2;66;123;74m[48;2;66;123;74m▀[0m[38;2;66;123;74m[48;2;66;123;74m▀[0m[38;2;58;99;74m[48;2;66;123;74m▀[0m[38;2;0;0;0m[48;2;66;123;74m▀[0m[38;2;0;0;0m▄ [38;2;0;0;0m▄ 
    [38;2;0;0;0m[48;2;0;0;0m▀[0m[38;2;90;148;82m[48;2;90;148;82m▀[0m[38;2;90;148;82m[48;2;58;99;74m▀[0m[38;2;58;99;74m[48;2;66;123;74m▀[0m[38;2;66;123;74m[48;2;66;123;74m▀[0m[38;2;66;123;74m[48;2;58;99;74m▀[0m[38;2;58;99;74m[48;2;65;65;65m▀[0m[38;2;66;123;74m[48;2;58;99;74m▀[0m[38;2;58;99;74m[48;2;65;65;65m▀[0m[38;2;66;123;74m[48;2;58;99;74m▀[0m[38;2;66;123;74m[48;2;0;0;0m▀[0m[38;2;66;123;74m[48;2;0;0;0m▀[0m[38;2;0;0;0m▀[38;2;66;123;74m[48;2;0;0;0m▀[0m[38;2;0;0;0m▀
   [38;2;0;0;0m[48;2;0;0;0m▀[0m[38;2;90;148;82m[48;2;0;0;0m▀[0m[38;2;66;123;74m[48;2;65;65;65m▀[0m[38;2;66;123;74m[48;2;123;173;99m▀[0m[38;2;58;99;74m[48;2;123;173;99m▀[0m[38;2;58;99;74m[48;2;65;65;65m▀[0m[38;2;189;165;16m[48;2;65;65;65m▀[0m[38;2;0;0;0m[48;2;247;222;58m▀[0m[38;2;247;222;58m[48;2;65;65;65m▀[0m[38;2;123;173;99m[48;2;123;173;99m▀[0m[38;2;0;0;0m[48;2;0;0;0m▀[0m     
    [38;2;0;0;0m▄[38;2;0;0;0m[48;2;0;0;0m▀[0m[38;2;65;65;65m[48;2;123;173;99m▀[0m[38;2;123;173;99m[48;2;65;65;65m▀[0m[38;2;123;173;99m[48;2;65;65;65m▀[0m[38;2;65;65;65m[48;2;123;173;99m▀[0m[38;2;65;65;65m[48;2;123;173;99m▀[0m[38;2;123;173;99m[48;2;0;0;0m▀[0m[38;2;0;0;0m▀      
  [38;2;0;0;0m▄[38;2;0;0;0m[48;2;123;173;99m▀[0m[38;2;123;173;99m[48;2;123;173;99m▀[0m[38;2;123;173;99m[48;2;123;173;99m▀[0m[38;2;123;173;99m[48;2;65;65;65m▀[0m[38;2;65;65;65m[48;2;156;206;140m▀[0m[38;2;123;173;99m[48;2;66;123;74m▀[0m[38;2;123;173;99m[48;2;156;206;140m▀[0m[38;2;123;173;99m[48;2;156;206;140m▀[0m[38;2;156;206;140m[48;2;156;206;140m▀[0m[38;2;0;0;0m[48;2;156;206;140m▀[0m[38;2;0;0;0m[48;2;156;206;140m▀[0m[38;2;0;0;0m▄    
  [38;2;0;0;0m▀[38;2;123;173;99m[48;2;0;0;0m▀[0m[38;2;123;173;99m[48;2;0;0;0m▀[0m[38;2;65;65;65m[48;2;0;0;0m▀[0m[38;2;65;65;65m[48;2;123;173;99m▀[0m[38;2;156;206;140m[48;2;66;123;74m▀[0m[38;2;156;206;140m[48;2;156;206;140m▀[0m[38;2;156;206;140m[48;2;156;206;140m▀[0m[38;2;156;206;140m[48;2;156;206;140m▀[0m[38;2;65;65;65m[48;2;65;65;65m▀[0m[38;2;156;206;140m[48;2;65;65;65m▀[0m[38;2;156;206;140m[48;2;156;206;140m▀[0m[38;2;156;206;140m[48;2;156;206;140m▀[0m[38;2;0;0;0m[48;2;156;206;140m▀[0m[38;2;0;0;0m▄  
    [38;2;0;0;0m▄[38;2;0;0;0m[48;2;66;123;74m▀[0m[38;2;123;173;99m[48;2;123;173;99m▀[0m[38;2;156;206;140m[48;2;65;65;65m▀[0m[38;2;156;206;140m[48;2;156;206;140m▀[0m[38;2;156;206;140m[48;2;156;206;140m▀[0m[38;2;156;206;140m[48;2;66;123;74m▀[0m[38;2;65;65;65m[48;2;156;206;140m▀[0m[38;2;65;65;65m[48;2;65;65;65m▀[0m[38;2;156;206;140m[48;2;123;173;99m▀[0m[38;2;156;206;140m[48;2;156;206;140m▀[0m[38;2;66;123;74m[48;2;156;206;140m▀[0m[38;2;0;0;0m[48;2;0;0;0m▀[0m  
    [38;2;0;0;0m[48;2;0;0;0m▀[0m[38;2;123;173;99m[48;2;65;65;65m▀[0m[38;2;123;173;99m[48;2;123;173;99m▀[0m[38;2;123;173;99m[48;2;123;173;99m▀[0m[38;2;65;65;65m[48;2;65;65;65m▀[0m[38;2;156;206;140m[48;2;156;206;140m▀[0m[38;2;156;206;140m[48;2;156;206;140m▀[0m[38;2;156;206;140m[48;2;66;123;74m▀[0m[38;2;156;206;140m[48;2;156;206;140m▀[0m[38;2;65;65;65m[48;2;0;0;0m▀[0m[38;2;0;0;0m▀[38;2;0;0;0m▀   
     [38;2;0;0;0m▀[38;2;0;0;0m▀[38;2;0;0;0m▀[38;2;0;0;0m[48;2;0;0;0m▀[0m[38;2;123;173;99m[48;2;65;65;65m▀[0m[38;2;156;206;140m[48;2;123;173;99m▀[0m[38;2;156;206;140m[48;2;66;123;74m▀[0m[38;2;156;206;140m[48;2;123;173;99m▀[0m[38;2;0;0;0m[48;2;0;0;0m▀[0m     
         [38;2;0;0;0m▀[38;2;0;0;0m▀[38;2;0;0;0m▀[38;2;0;0;0m▀      
[0m