              [38;2;0;0;0m▄[38;2;0;0;0m[48;2;247;107;74m▀[0m[38;2;0;0;0m▄     
       [38;2;0;0;0m▄[38;2;0;0;0m[48;2;206;74;66m▀[0m[38;2;0;0;0m[48;2;247;107;74m▀[0m[38;2;0;0;0m▄  [38;2;0;0;0m▄[38;2;0;0;0m[48;2;247;107;74m▀[0m[38;2;247;107;74m[48;2;247;165;66m▀[0m[38;2;0;0;0m[48;2;247;107;74m▀[0m[38;2;0;0;0m▄    
    [38;2;0;0;0m▄[38;2;0;0;0m▄[38;2;0;0;0m[48;2;247;107;74m▀[0m[38;2;247;107;74m[48;2;247;107;74m▀[0m[38;2;247;107;74m[48;2;247;107;74m▀[0m[38;2;206;74;66m[48;2;0;0;0m▀[0m[38;2;0;0;0m▀  [38;2;0;0;0m[48;2;0;0;0m▀[0m[38;2;247;107;74m[48;2;247;165;66m▀[0m[38;2;247;247;41m[48;2;247;247;41m▀[0m[38;2;247;107;74m[48;2;247;165;66m▀[0m[38;2;247;107;74m[48;2;247;107;74m▀[0m[38;2;0;0;0m[48;2;0;0;0m▀[0m   
  [38;2;0;0;0m▄[38;2;0;0;0m[48;2;247;107;74m▀[0m[38;2;247;107;74m[48;2;247;107;74m▀[0m[38;2;247;107;74m[48;2;247;107;74m▀[0m[38;2;247;107;74m[48;2;247;107;74m▀[0m[38;2;247;107;74m[48;2;247;107;74m▀[0m[38;2;65;65;65m[48;2;247;107;74m▀[0m[38;2;0;0;0m[48;2;206;74;66m▀[0m[38;2;0;0;0m▄   [38;2;0;0;0m[48;2;0;0;0m▀[0m[38;2;247;247;41m[48;2;247;165;66m▀[0m[38;2;247;165;66m[48;2;206;74;66m▀[0m[38;2;0;0;0m[48;2;0;0;0m▀[0m    
 [38;2;0;0;0m▄[38;2;0;0;0m[48;2;247;107;74m▀[0m[38;2;247;107;74m[48;2;247;107;74m▀[0m[38;2;247;107;74m[48;2;206;74;66m▀[0m[38;2;247;107;74m[48;2;247;107;74m▀[0m[38;2;247;107;74m[48;2;247;107;74m▀[0m[38;2;247;107;74m[48;2;0;0;0m▀[0m[38;2;247;107;74m[48;2;247;107;74m▀[0m[38;2;247;107;74m[48;2;247;107;74m▀[0m[38;2;0;0;0m[48;2;206;74;66m▀[0m[38;2;0;0;0m▄   [38;2;0;0;0m▀[38;2;247;107;74m[48;2;0;0;0m▀[0m[38;2;206;74;66m[48;2;247;107;74m▀[0m[38;2;0;0;0m[48;2;247;107;74m▀[0m[38;2;0;0;0m▄  
[38;2;0;0;0m[48;2;0;0;0m▀[0m[38;2;247;107;74m[48;2;247;107;74m▀[0m[38;2;247;107;74m[48;2;247;107;74m▀[0m[38;2;247;107;74m[48;2;247;107;74m▀[0m[38;2;165;66;58m[48;2;247;107;74m▀[0m[38;2;247;107;74m[48;2;65;65;65m▀[0m[38;2;25;99;99m[48;2;0;0;0m▀[0m[38;2;255;255;255m[48;2;255;255;255m▀[0m[38;2;247;107;74m[48;2;206;74;66m▀[0m[38;2;206;74;66m[48;2;206;74;66m▀[0m[38;2;206;74;66m[48;2;206;74;66m▀[0m[38;2;65;65;65m[48;2;247;107;74m▀[0m[38;2;0;0;0m[48;2;247;107;74m▀[0m[38;2;0;0;0m▄[38;2;0;0;0m▄ [38;2;0;0;0m▀[38;2;247;107;74m[48;2;0;0;0m▀[0m[38;2;247;107;74m[48;2;247;107;74m▀[0m[38;2;247;107;74m[48;2;247;107;74m▀[0m[38;2;0;0;0m[48;2;0;0;0m▀[0m 
 [38;2;0;0;0m▀[38;2;247;107;74m[48;2;0;0;0m▀[0m[38;2;206;74;66m[48;2;65;65;65m▀[0m[38;2;247;107;74m[48;2;206;74;66m▀[0m[38;2;247;107;74m[48;2;206;74;66m▀[0m[38;2;247;107;74m[48;2;65;65;65m▀[0m[38;2;206;74;66m[48;2;65;65;65m▀[0m[38;2;206;74;66m[48;2;65;65;65m▀[0m[38;2;65;65;65m[48;2;214;181;123m▀[0m[38;2;206;74;66m[48;2;206;74;66m▀[0m[38;2;206;74;66m[48;2;65;65;65m▀[0m[38;2;247;107;74m[48;2;247;107;74m▀[0m[38;2;247;107;74m[48;2;247;107;74m▀[0m[38;2;206;74;66m[48;2;206;74;66m▀[0m[38;2;0;0;0m[48;2;206;74;66m▀[0m[38;2;65;65;65m▄[38;2;0;0;0m[48;2;206;74;66m▀[0m[38;2;247;107;74m[48;2;206;74;66m▀[0m[38;2;206;74;66m[48;2;206;74;66m▀[0m[38;2;206;74;66m[48;2;206;74;66m▀[0m[38;2;0;0;0m[48;2;0;0;0m▀[0m
[38;2;0;0;0m▄[38;2;0;0;0m[48;2;189;189;189m▀[0m[38;2;165;66;58m[48;2;165;66;58m▀[0m[38;2;165;66;58m[48;2;165;66;58m▀[0m[38;2;65;65;65m[48;2;165;66;58m▀[0m[38;2;65;65;65m[48;2;0;0;0m▀[0m[38;2;0;0;0m▀[38;2;0;0;0m[48;2;0;0;0m▀[0m[38;2;247;214;156m[48;2;247;214;156m▀[0m[38;2;247;214;156m[48;2;247;214;156m▀[0m[38;2;214;181;123m[48;2;247;214;156m▀[0m[38;2;206;74;66m[48;2;65;65;65m▀[0m[38;2;65;65;65m[48;2;206;74;66m▀[0m[38;2;247;107;74m[48;2;206;74;66m▀[0m[38;2;65;65;65m[48;2;206;74;66m▀[0m[38;2;206;74;66m[48;2;65;65;65m▀[0m[38;2;65;65;65m[48;2;206;74;66m▀[0m[38;2;206;74;66m[48;2;65;65;65m▀[0m[38;2;206;74;66m[48;2;206;74;66m▀[0m[38;2;206;74;66m[48;2;206;74;66m▀[0m[38;2;0;0;0m[48;2;0;0;0m▀[0m 
[38;2;0;0;0m▀[38;2;165;66;58m[48;2;0;0;0m▀[0m[38;2;189;189;189m[48;2;0;0;0m▀[0m[38;2;0;0;0m▀[38;2;0;0;0m▀ [38;2;0;0;0m[48;2;0;0;0m▀[0m[38;2;165;66;58m[48;2;165;66;58m▀[0m[38;2;65;65;65m[48;2;165;66;58m▀[0m[38;2;214;181;123m[48;2;65;65;65m▀[0m[38;2;65;65;65m[48;2;255;255;255m▀[0m[38;2;206;74;66m[48;2;206;74;66m▀[0m[38;2;206;74;66m[48;2;206;74;66m▀[0m[38;2;206;74;66m[48;2;206;74;66m▀[0m[38;2;206;74;66m[48;2;65;65;65m▀[0m[38;2;65;65;65m[48;2;206;74;66m▀[0m[38;2;206;74;66m[48;2;206;74;66m▀[0m[38;2;65;65;65m[48;2;65;65;65m▀[0m[38;2;206;74;66m[48;2;0;0;0m▀[0m[38;2;0;0;0m▀  
      [38;2;0;0;0m▀[38;2;189;189;189m[48;2;0;0;0m▀[0m[38;2;165;66;58m[48;2;0;0;0m▀[0m[38;2;165;66;58m[48;2;0;0;0m▀[0m[38;2;0;0;0m▀[38;2;206;74;66m[48;2;0;0;0m▀[0m[38;2;206;74;66m[48;2;65;65;65m▀[0m[38;2;65;65;65m[48;2;206;74;66m▀[0m[38;2;206;74;66m[48;2;206;74;66m▀[0m[38;2;206;74;66m[48;2;206;74;66m▀[0m[38;2;206;74;66m[48;2;165;66;58m▀[0m[38;2;0;0;0m[48;2;0;0;0m▀[0m    
            [38;2;0;0;0m[48;2;0;0;0m▀[0m[38;2;165;66;58m[48;2;255;255;255m▀[0m[38;2;165;66;58m[48;2;165;66;58m▀[0m[38;2;165;66;58m[48;2;189;189;189m▀[0m[38;2;0;0;0m[48;2;0;0;0m▀[0m     
             [38;2;0;0;0m▀[38;2;0;0;0m▀[38;2;0;0;0m▀      
[0m