      [38;2;0;0;0m▄[38;2;0;0;0m▄[38;2;0;0;0m[48;2;90;197;90m▀[0m[38;2;0;0;0m[48;2;90;197;90m▀[0m[38;2;0;0;0m[48;2;90;197;90m▀[0m[38;2;0;0;0m[48;2;90;197;90m▀[0m[38;2;0;0;0m▄[38;2;0;0;0m▄ 
    [38;2;0;0;0m▄[38;2;0;0;0m[48;2;58;148;58m▀[0m[38;2;90;197;90m[48;2;90;197;90m▀[0m[38;2;90;197;90m[48;2;90;197;90m▀[0m[38;2;90;197;90m[48;2;90;197;90m▀[0m[38;2;90;197;90m[48;2;90;197;90m▀[0m[38;2;90;197;90m[48;2;58;148;58m▀[0m[38;2;90;197;90m[48;2;0;0;0m▀[0m[38;2;90;197;90m[48;2;0;0;0m▀[0m[38;2;58;148;58m[48;2;0;0;0m▀[0m[38;2;0;0;0m▀
  [38;2;0;0;0m▄[38;2;0;0;0m[48;2;173;255;115m▀[0m[38;2;65;65;65m[48;2;107;165;82m▀[0m[38;2;90;197;90m[48;2;65;65;65m▀[0m[38;2;65;65;65m[48;2;173;255;115m▀[0m[38;2;65;65;65m[48;2;140;197;82m▀[0m[38;2;65;65;65m[48;2;0;0;0m▀[0m[38;2;0;0;0m▀[38;2;0;0;0m▀    
[38;2;0;0;0m▄[38;2;0;0;0m[48;2;255;255;255m▀[0m[38;2;140;197;82m[48;2;173;255;115m▀[0m[38;2;173;255;115m[48;2;222;255;189m▀[0m[38;2;173;255;115m[48;2;173;255;115m▀[0m[38;2;173;255;115m[48;2;173;255;115m▀[0m[38;2;173;255;115m[48;2;107;165;82m▀[0m[38;2;173;255;115m[48;2;107;165;82m▀[0m[38;2;173;255;115m[48;2;173;255;115m▀[0m[38;2;0;0;0m[48;2;0;0;0m▀[0m     
[38;2;0;0;0m[48;2;0;0;0m▀[0m[38;2;239;90;132m[48;2;197;33;16m▀[0m[38;2;173;255;115m[48;2;173;255;115m▀[0m[38;2;173;255;115m[48;2;173;255;115m▀[0m[38;2;173;255;115m[48;2;173;255;115m▀[0m[38;2;140;197;82m[48;2;255;255;255m▀[0m[38;2;197;33;16m[48;2;239;90;132m▀[0m[38;2;255;255;255m[48;2;255;255;255m▀[0m[38;2;107;165;82m[48;2;140;197;82m▀[0m[38;2;173;255;115m[48;2;173;255;115m▀[0m[38;2;0;0;0m[48;2;0;0;0m▀[0m    
[38;2;0;0;0m▀[38;2;173;255;115m[48;2;0;0;0m▀[0m[38;2;140;197;82m[48;2;173;255;115m▀[0m[38;2;173;255;115m[48;2;107;165;82m▀[0m[38;2;173;255;115m[48;2;140;197;82m▀[0m[38;2;197;33;16m[48;2;173;255;115m▀[0m[38;2;239;90;132m[48;2;173;255;115m▀[0m[38;2;255;255;255m[48;2;173;255;115m▀[0m[38;2;173;255;115m[48;2;173;255;115m▀[0m[38;2;173;255;115m[48;2;173;255;115m▀[0m[38;2;58;148;58m[48;2;140;197;82m▀[0m[38;2;0;0;0m[48;2;65;65;65m▀[0m[38;2;0;0;0m[48;2;140;197;82m▀[0m[38;2;0;0;0m▄ 
[38;2;0;0;0m▀[38;2;58;148;58m[48;2;65;65;65m▀[0m[38;2;173;255;115m[48;2;173;255;115m▀[0m[38;2;173;255;115m[48;2;58;148;58m▀[0m[38;2;173;255;115m[48;2;173;255;115m▀[0m[38;2;173;255;115m[48;2;173;255;115m▀[0m[38;2;173;255;115m[48;2;58;148;58m▀[0m[38;2;173;255;115m[48;2;173;255;115m▀[0m[38;2;173;255;115m[48;2;140;197;82m▀[0m[38;2;58;148;58m[48;2;140;197;82m▀[0m[38;2;140;197;82m[48;2;140;197;82m▀[0m[38;2;140;197;82m[48;2;140;197;82m▀[0m[38;2;65;65;65m[48;2;140;197;82m▀[0m[38;2;0;0;0m[48;2;0;0;0m▀[0m 
 [38;2;0;0;0m[48;2;0;0;0m▀[0m[38;2;107;165;82m[48;2;189;189;206m▀[0m[38;2;173;255;115m[48;2;90;132;66m▀[0m[38;2;173;255;115m[48;2;140;197;82m▀[0m[38;2;140;197;82m[48;2;140;197;82m▀[0m[38;2;140;197;82m[48;2;140;197;82m▀[0m[38;2;140;197;82m[48;2;140;197;82m▀[0m[38;2;140;197;82m[48;2;107;165;82m▀[0m[38;2;140;197;82m[48;2;140;197;82m▀[0m[38;2;140;197;82m[48;2;140;197;82m▀[0m[38;2;140;197;82m[48;2;65;65;65m▀[0m[38;2;140;197;82m[48;2;255;255;255m▀[0m[38;2;0;0;0m[48;2;0;0;0m▀[0m 
  [38;2;0;0;0m▀[38;2;0;0;0m▀[38;2;0;0;0m▀[38;2;107;165;82m[48;2;0;0;0m▀[0m[38;2;140;197;82m[48;2;255;255;255m▀[0m[38;2;140;197;82m[48;2;107;165;82m▀[0m[38;2;90;132;66m[48;2;0;0;0m▀[0m[38;2;140;197;82m[48;2;0;0;0m▀[0m[38;2;0;0;0m▀[38;2;0;0;0m▀[38;2;0;0;0m▀  
      [38;2;0;0;0m▀[38;2;0;0;0m▀       
[0m