  [38;2;0;0;0m▄[38;2;0;0;0m[48;2;247;215;49m▀[0m[38;2;0;0;0m[48;2;247;215;49m▀[0m[38;2;0;0;0m▄                         
[38;2;0;0;0m▄[38;2;0;0;0m[48;2;247;215;49m▀[0m[38;2;247;215;49m[48;2;247;215;49m▀[0m[38;2;247;214;49m[48;2;247;214;49m▀[0m[38;2;247;214;49m[48;2;247;214;49m▀[0m[38;2;0;0;0m[48;2;0;0;0m▀[0m                         
[38;2;0;0;0m[48;2;0;0;0m▀[0m[38;2;247;214;49m[48;2;247;214;49m▀[0m[38;2;247;214;49m[48;2;247;214;49m▀[0m[38;2;247;214;49m[48;2;247;214;49m▀[0m[38;2;247;214;49m[48;2;247;214;49m▀[0m[38;2;0;0;0m[48;2;0;0;0m▀[0m   [38;2;0;0;0m▄[38;2;0;0;0m▄                    
[38;2;0;0;0m▀[38;2;247;215;49m[48;2;0;0;0m▀[0m[38;2;247;215;49m[48;2;247;215;49m▀[0m[38;2;247;214;49m[48;2;247;214;49m▀[0m[38;2;247;214;49m[48;2;247;214;49m▀[0m[38;2;247;215;57m[48;2;247;215;57m▀[0m[38;2;0;0;24m[48;2;82;71;35m▀[0m[38;2;0;0;0m▄[38;2;0;0;0m▀[38;2;255;190;74m[48;2;0;0;16m▀[0m[38;2;255;190;74m[48;2;85;63;35m▀[0m[38;2;0;0;0m[48;2;255;190;66m▀[0m[38;2;0;0;0m[48;2;255;190;66m▀[0m[38;2;0;0;0m▄[38;2;0;0;0m▄  [38;2;0;0;0m▄[38;2;0;0;0m▄[38;2;0;0;0m▄[38;2;0;0;0m[48;2;49;113;173m▀[0m[38;2;0;0;0m▄[38;2;0;0;0m[48;2;49;113;173m▀[0m[38;2;0;0;0m▄ [38;2;0;0;0m▄[38;2;0;0;0m[48;2;49;113;173m▀[0m[38;2;0;0;0m[48;2;49;113;173m▀[0m[38;2;0;0;0m▄[38;2;0;0;0m▄ 
 [38;2;0;0;0m▀[38;2;247;215;49m[48;2;0;0;0m▀[0m[38;2;247;214;49m[48;2;247;214;49m▀[0m[38;2;247;214;49m[48;2;247;214;49m▀[0m[38;2;247;215;49m[48;2;247;215;49m▀[0m[38;2;156;131;65m[48;2;247;215;49m▀[0m[38;2;247;215;57m[48;2;247;215;57m▀[0m[38;2;0;0;24m[48;2;82;71;35m▀[0m[38;2;247;215;49m[48;2;156;131;65m▀[0m[38;2;247;215;49m[48;2;247;215;49m▀[0m[38;2;66;65;66m[48;2;156;138;57m▀[0m[38;2;66;65;66m[48;2;247;211;49m▀[0m[38;2;255;190;66m[48;2;66;65;66m▀[0m[38;2;255;190;66m[48;2;66;65;66m▀[0m[38;2;0;0;16m[48;2;247;215;57m▀[0m[38;2;0;0;16m[48;2;82;71;29m▀[0m[38;2;49;113;173m[48;2;49;113;173m▀[0m[38;2;49;113;173m[48;2;66;65;66m▀[0m[38;2;49;113;173m[48;2;156;223;90m▀[0m[38;2;49;113;173m[48;2;156;223;90m▀[0m[38;2;49;115;173m[48;2;49;115;173m▀[0m[38;2;49;115;173m[48;2;49;115;173m▀[0m[38;2;32;75;123m[48;2;49;113;181m▀[0m[38;2;0;0;8m[48;2;49;113;181m▀[0m[38;2;49;115;173m[48;2;49;115;173m▀[0m[38;2;49;115;173m[48;2;49;115;173m▀[0m[38;2;49;115;173m[48;2;49;115;173m▀[0m[38;2;49;115;173m[48;2;49;115;173m▀[0m[38;2;49;113;173m[48;2;0;0;0m▀[0m[38;2;0;0;0m▀
   [38;2;0;0;0m▀[38;2;247;215;49m[48;2;0;0;0m▀[0m[38;2;247;215;49m[48;2;0;0;0m▀[0m[38;2;0;0;0m▀[38;2;247;207;49m[48;2;0;0;0m▀[0m[38;2;247;207;49m[48;2;164;138;32m▀[0m[38;2;159;123;60m[48;2;159;123;60m▀[0m[38;2;159;123;60m[48;2;247;215;49m▀[0m[38;2;247;214;49m[48;2;247;214;49m▀[0m[38;2;247;214;49m[48;2;247;214;49m▀[0m[38;2;247;215;49m[48;2;247;215;49m▀[0m[38;2;197;166;41m[48;2;247;215;49m▀[0m[38;2;255;215;41m[48;2;192;165;49m▀[0m[38;2;66;65;66m[48;2;66;65;66m▀[0m[38;2;16;97;132m[48;2;239;235;66m▀[0m[38;2;164;189;88m[48;2;164;189;88m▀[0m[38;2;66;65;66m[48;2;156;223;90m▀[0m[38;2;156;223;90m[48;2;66;65;66m▀[0m[38;2;49;115;173m[48;2;49;115;173m▀[0m[38;2;49;115;173m[48;2;49;115;173m▀[0m[38;2;49;116;172m[48;2;24;74;131m▀[0m[38;2;49;116;172m[48;2;24;74;131m▀[0m[38;2;49;113;173m[48;2;0;0;0m▀[0m[38;2;49;113;173m[48;2;0;0;0m▀[0m[38;2;0;0;0m▀[38;2;0;0;0m▀  
        [38;2;0;0;0m▀[38;2;170;148;46m[48;2;0;0;24m▀[0m[38;2;255;223;57m[48;2;85;74;35m▀[0m[38;2;247;215;49m[48;2;66;65;66m▀[0m[38;2;247;215;49m[48;2;66;65;66m▀[0m[38;2;165;106;49m[48;2;165;106;49m▀[0m[38;2;198;164;41m[48;2;198;164;41m▀[0m[38;2;198;164;41m[48;2;165;106;49m▀[0m[38;2;198;164;41m[48;2;198;164;41m▀[0m[38;2;66;69;66m[48;2;192;155;60m▀[0m[38;2;255;199;57m[48;2;66;69;66m▀[0m[38;2;255;190;66m[48;2;255;190;66m▀[0m[38;2;49;113;173m[48;2;255;190;66m▀[0m[38;2;49;115;173m[48;2;24;73;132m▀[0m[38;2;49;115;173m[48;2;49;115;173m▀[0m[38;2;41;113;181m[48;2;27;75;120m▀[0m[38;2;0;0;0m[48;2;0;0;0m▀[0m      
         [38;2;0;0;0m▀[38;2;189;142;49m[48;2;0;0;0m▀[0m[38;2;189;142;49m[48;2;0;0;0m▀[0m[38;2;189;142;49m[48;2;0;0;0m▀[0m[38;2;66;65;66m[48;2;189;142;49m▀[0m[38;2;66;65;66m[48;2;189;142;49m▀[0m[38;2;66;65;66m[48;2;189;142;49m▀[0m[38;2;66;65;66m[48;2;189;142;49m▀[0m[38;2;66;65;66m[48;2;189;142;49m▀[0m[38;2;66;65;66m[48;2;189;142;49m▀[0m[38;2;66;65;57m[48;2;192;143;57m▀[0m[38;2;255;182;57m[48;2;192;143;57m▀[0m[38;2;24;74;132m[48;2;24;74;132m▀[0m[38;2;24;74;132m[48;2;24;74;132m▀[0m[38;2;24;73;132m[48;2;0;0;0m▀[0m[38;2;0;0;0m▀      
             [38;2;0;0;0m▀[38;2;0;0;0m▀[38;2;0;0;0m[48;2;0;0;0m▀[0m[38;2;0;0;0m[48;2;24;73;132m▀[0m[38;2;24;74;132m[48;2;24;74;132m▀[0m[38;2;24;74;132m[48;2;24;74;132m▀[0m[38;2;33;77;123m[48;2;27;52;82m▀[0m[38;2;33;77;123m[48;2;16;4;0m▀[0m[38;2;0;0;0m▀[38;2;0;0;0m▀        
          [38;2;0;0;0m▄[38;2;0;0;0m[48;2;24;73;132m▀[0m[38;2;0;0;0m▄ [38;2;0;0;0m[48;2;0;0;0m▀[0m[38;2;24;74;131m[48;2;49;116;172m▀[0m[38;2;24;74;131m[48;2;49;116;172m▀[0m[38;2;65;83;109m[48;2;49;65;74m▀[0m[38;2;49;65;74m[48;2;99;121;181m▀[0m[38;2;115;121;173m[48;2;115;121;173m▀[0m[38;2;115;121;173m[48;2;66;65;66m▀[0m[38;2;0;0;0m[48;2;115;121;173m▀[0m[38;2;0;0;0m[48;2;115;121;173m▀[0m[38;2;0;0;0m▄       
         [38;2;0;0;0m[48;2;0;0;0m▀[0m[38;2;24;73;132m[48;2;24;73;132m▀[0m[38;2;44;91;137m[48;2;66;65;66m▀[0m[38;2;66;65;66m[48;2;33;105;173m▀[0m[38;2;0;0;0m[48;2;49;113;173m▀[0m[38;2;49;113;173m[48;2;49;113;173m▀[0m[38;2;49;115;173m[48;2;49;115;173m▀[0m[38;2;49;115;173m[48;2;49;115;173m▀[0m[38;2;46;86;120m[48;2;41;113;173m▀[0m[38;2;51;59;68m[48;2;41;113;173m▀[0m[38;2;66;65;66m[48;2;66;65;66m▀[0m[38;2;115;121;173m[48;2;115;121;173m▀[0m[38;2;115;121;173m[48;2;0;0;0m▀[0m[38;2;0;0;0m▀[38;2;0;0;0m▄[38;2;0;0;0m[48;2;49;113;173m▀[0m[38;2;0;0;0m[48;2;49;113;173m▀[0m[38;2;0;0;0m[48;2;49;113;173m▀[0m[38;2;0;0;0m▄   
        [38;2;0;0;0m[48;2;0;0;0m▀[0m[38;2;24;73;132m[48;2;24;73;132m▀[0m[38;2;65;64;66m[48;2;65;64;66m▀[0m[38;2;156;174;222m[48;2;156;174;222m▀[0m[38;2;66;65;66m[48;2;156;174;222m▀[0m[38;2;57;65;74m[48;2;132;170;231m▀[0m[38;2;94;117;152m[48;2;57;65;74m▀[0m[38;2;94;117;152m[48;2;57;65;74m▀[0m[38;2;57;65;74m[48;2;132;170;231m▀[0m[38;2;94;117;152m[48;2;57;65;74m▀[0m[38;2;57;65;74m[48;2;132;170;231m▀[0m[38;2;156;174;231m[48;2;156;174;231m▀[0m[38;2;0;0;8m[48;2;104;116;156m▀[0m[38;2;0;0;0m▄[38;2;0;0;0m[48;2;49;113;173m▀[0m[38;2;49;115;173m[48;2;49;115;173m▀[0m[38;2;49;115;173m[48;2;49;115;173m▀[0m[38;2;49;115;173m[48;2;49;115;173m▀[0m[38;2;49;115;173m[48;2;24;73;132m▀[0m[38;2;49;113;173m[48;2;49;113;173m▀[0m[38;2;0;0;0m[48;2;0;0;0m▀[0m  
        [38;2;0;0;0m[48;2;0;0;0m▀[0m[38;2;66;65;66m[48;2;66;65;66m▀[0m[38;2;148;166;222m[48;2;120;132;170m▀[0m[38;2;156;173;222m[48;2;156;173;222m▀[0m[38;2;156;173;222m[48;2;156;173;222m▀[0m[38;2;156;173;222m[48;2;156;173;222m▀[0m[38;2;156;173;222m[48;2;156;173;222m▀[0m[38;2;156;173;222m[48;2;156;173;222m▀[0m[38;2;156;173;222m[48;2;156;173;222m▀[0m[38;2;156;174;222m[48;2;156;174;222m▀[0m[38;2;156;174;222m[48;2;115;123;172m▀[0m[38;2;66;65;66m[48;2;66;65;66m▀[0m[38;2;66;65;66m[48;2;49;113;173m▀[0m[38;2;49;115;173m[48;2;49;115;173m▀[0m[38;2;49;115;173m[48;2;24;73;132m▀[0m[38;2;49;116;172m[48;2;49;116;172m▀[0m[38;2;24;74;131m[48;2;24;74;131m▀[0m[38;2;49;115;173m[48;2;49;115;173m▀[0m[38;2;24;73;132m[48;2;49;115;173m▀[0m[38;2;49;115;173m[48;2;24;73;132m▀[0m[38;2;49;115;173m[48;2;49;115;173m▀[0m[38;2;0;0;0m[48;2;0;0;0m▀[0m 
         [38;2;0;0;0m▀[38;2;0;0;0m▀[38;2;115;121;173m[48;2;0;0;0m▀[0m[38;2;115;121;173m[48;2;115;121;173m▀[0m[38;2;156;174;222m[48;2;115;123;172m▀[0m[38;2;156;174;222m[48;2;115;123;172m▀[0m[38;2;115;123;173m[48;2;115;123;173m▀[0m[38;2;115;123;173m[48;2;115;123;173m▀[0m[38;2;82;117;173m[48;2;66;65;66m▀[0m[38;2;66;65;66m[48;2;82;117;173m▀[0m[38;2;49;115;173m[48;2;49;115;173m▀[0m[38;2;49;115;173m[48;2;49;115;173m▀[0m[38;2;27;75;123m[48;2;41;113;181m▀[0m[38;2;27;75;123m[48;2;0;0;8m▀[0m[38;2;0;0;0m▀[38;2;49;113;173m[48;2;0;0;0m▀[0m[38;2;32;75;123m[48;2;0;0;8m▀[0m[38;2;49;113;181m[48;2;49;113;181m▀[0m[38;2;28;76;123m[48;2;8;40;74m▀[0m[38;2;49;113;173m[48;2;49;113;173m▀[0m[38;2;49;113;173m[48;2;49;113;173m▀[0m[38;2;0;0;0m[48;2;0;0;0m▀[0m
            [38;2;0;0;0m▀[38;2;115;121;173m[48;2;0;0;0m▀[0m[38;2;115;121;173m[48;2;0;0;0m▀[0m[38;2;65;64;66m[48;2;24;73;132m▀[0m[38;2;65;64;66m[48;2;24;73;132m▀[0m[38;2;49;116;172m[48;2;24;74;131m▀[0m[38;2;49;116;172m[48;2;24;74;131m▀[0m[38;2;49;116;172m[48;2;24;74;131m▀[0m[38;2;24;74;131m[48;2;24;74;131m▀[0m[38;2;24;72;132m[48;2;24;72;132m▀[0m[38;2;24;72;132m[48;2;8;40;66m▀[0m[38;2;0;0;0m[48;2;24;73;132m▀[0m[38;2;24;73;132m[48;2;24;73;132m▀[0m[38;2;24;73;132m[48;2;0;0;0m▀[0m[38;2;0;0;0m▀[38;2;0;0;0m▀[38;2;24;73;132m[48;2;0;0;0m▀[0m[38;2;49;113;173m[48;2;49;113;173m▀[0m[38;2;0;0;0m[48;2;0;0;0m▀[0m
              [38;2;0;0;0m▄[38;2;0;0;0m[48;2;66;66;66m▀[0m[38;2;66;66;66m[48;2;66;66;66m▀[0m[38;2;24;73;132m[48;2;0;0;0m▀[0m[38;2;0;0;0m▀[38;2;24;73;132m[48;2;0;0;0m▀[0m[38;2;24;73;132m[48;2;24;73;132m▀[0m[38;2;24;73;132m[48;2;0;0;0m▀[0m[38;2;24;73;132m[48;2;24;73;132m▀[0m[38;2;66;67;66m[48;2;0;0;0m▀[0m[38;2;0;0;0m▀    [38;2;0;0;0m▀ 
              [38;2;0;0;0m▀[38;2;0;0;0m▀[38;2;0;0;0m[48;2;0;0;0m▀[0m[38;2;0;0;0m[48;2;66;66;66m▀[0m[38;2;0;0;0m[48;2;66;66;66m▀[0m[38;2;66;66;66m[48;2;0;0;0m▀[0m[38;2;0;0;0m[48;2;66;66;66m▀[0m[38;2;66;66;66m[48;2;0;0;0m▀[0m[38;2;0;0;0m[48;2;66;66;66m▀[0m[38;2;0;0;0m▄       
                 [38;2;0;0;0m▀[38;2;0;0;0m▀[38;2;0;0;0m▀[38;2;0;0;0m▀[38;2;0;0;0m▀[38;2;0;0;0m▀        
[0m