            [38;2;0;4;0m▄[38;2;0;4;0m▄[38;2;0;4;0m[48;2;231;227;181m▀[0m[38;2;0;4;0m[48;2;231;227;181m▀[0m[38;2;0;4;0m[48;2;231;227;181m▀[0m[38;2;0;4;0m▄       
           [38;2;0;4;0m[48;2;0;4;0m▀[0m[38;2;222;219;181m[48;2;148;147;120m▀[0m[38;2;228;226;181m[48;2;228;226;181m▀[0m[38;2;228;226;181m[48;2;228;226;181m▀[0m[38;2;148;146;126m[48;2;222;219;189m▀[0m[38;2;148;146;126m[48;2;0;0;0m▀[0m[38;2;0;4;0m▀       
         [38;2;0;4;0m▄[38;2;0;4;0m[48;2;156;101;82m▀[0m[38;2;231;227;181m[48;2;231;227;181m▀[0m[38;2;231;227;181m[48;2;66;65;66m▀[0m[38;2;231;227;181m[48;2;0;4;0m▀[0m[38;2;0;4;0m▀[38;2;0;4;0m▀         
     [38;2;0;4;0m▄[38;2;0;4;0m▄[38;2;0;0;0m[48;2;99;166;123m▀[0m[38;2;0;0;0m[48;2;49;83;61m▀[0m[38;2;255;113;74m[48;2;255;113;74m▀[0m[38;2;160;91;74m[48;2;66;69;74m▀[0m[38;2;49;85;61m[48;2;90;170;123m▀[0m[38;2;8;0;0m[48;2;90;170;123m▀[0m[38;2;0;4;0m▄[38;2;0;4;0m▄          
   [38;2;0;4;0m▄[38;2;0;4;0m[48;2;74;121;123m▀[0m[38;2;74;121;123m[48;2;86;176;123m▀[0m[38;2;86;176;123m[48;2;86;176;123m▀[0m[38;2;82;170;132m[48;2;76;133;112m▀[0m[38;2;66;60;74m[48;2;82;170;132m▀[0m[38;2;66;65;66m[48;2;88;175;120m▀[0m[38;2;88;175;120m[48;2;88;175;120m▀[0m[38;2;87;175;123m[48;2;87;175;123m▀[0m[38;2;87;175;123m[48;2;87;175;123m▀[0m[38;2;88;175;120m[48;2;88;175;120m▀[0m[38;2;88;175;120m[48;2;66;65;66m▀[0m[38;2;0;4;0m[48;2;90;174;123m▀[0m[38;2;0;4;0m[48;2;90;174;123m▀[0m[38;2;0;4;0m[48;2;90;174;123m▀[0m[38;2;0;4;0m▄      
 [38;2;0;4;0m▄[38;2;0;4;0m[48;2;74;121;123m▀[0m[38;2;76;135;110m[48;2;66;65;66m▀[0m[38;2;71;100;88m[48;2;82;170;132m▀[0m[38;2;87;175;123m[48;2;87;175;123m▀[0m[38;2;87;175;123m[48;2;87;175;123m▀[0m[38;2;88;175;120m[48;2;88;175;120m▀[0m[38;2;88;175;120m[48;2;66;65;66m▀[0m[38;2;82;170;132m[48;2;66;65;66m▀[0m[38;2;76;135;110m[48;2;71;100;88m▀[0m[38;2;74;121;123m[48;2;86;176;123m▀[0m[38;2;86;176;123m[48;2;86;176;123m▀[0m[38;2;87;175;123m[48;2;87;175;123m▀[0m[38;2;87;175;123m[48;2;87;175;123m▀[0m[38;2;86;176;123m[48;2;86;176;123m▀[0m[38;2;86;176;123m[48;2;74;121;123m▀[0m[38;2;0;4;0m[48;2;74;121;123m▀[0m[38;2;0;4;0m▄[38;2;0;4;0m▄     
 [38;2;0;4;0m▄[38;2;0;4;0m[48;2;66;64;66m▀[0m[38;2;66;65;66m[48;2;74;101;85m▀[0m[38;2;90;174;123m[48;2;66;65;66m▀[0m[38;2;90;174;123m[48;2;66;65;66m▀[0m[38;2;66;65;66m[48;2;74;101;85m▀[0m[38;2;66;65;66m[48;2;79;105;74m▀[0m[38;2;79;105;74m[48;2;66;65;66m▀[0m[38;2;66;65;66m[48;2;88;175;120m▀[0m[38;2;88;175;120m[48;2;88;175;120m▀[0m[38;2;86;176;123m[48;2;86;176;123m▀[0m[38;2;86;176;123m[48;2;74;121;123m▀[0m[38;2;86;176;123m[48;2;74;121;123m▀[0m[38;2;86;176;123m[48;2;74;121;123m▀[0m[38;2;88;175;120m[48;2;88;175;120m▀[0m[38;2;66;65;66m[48;2;88;175;120m▀[0m[38;2;66;65;66m[48;2;88;175;120m▀[0m[38;2;88;175;120m[48;2;88;175;120m▀[0m[38;2;90;174;123m[48;2;0;4;0m▀[0m[38;2;0;4;0m▀    
[38;2;0;4;0m▄[38;2;0;4;8m[48;2;82;105;82m▀[0m[38;2;82;105;82m[48;2;54;71;57m▀[0m[38;2;74;91;71m[48;2;74;91;71m▀[0m[38;2;206;105;115m[48;2;74;91;71m▀[0m[38;2;68;78;71m[48;2;68;78;71m▀[0m[38;2;68;78;71m[48;2;206;105;115m▀[0m[38;2;79;105;74m[48;2;66;65;66m▀[0m[38;2;66;65;66m[48;2;79;105;74m▀[0m[38;2;66;65;66m[48;2;206;105;115m▀[0m[38;2;66;65;66m[48;2;206;105;115m▀[0m[38;2;79;105;74m[48;2;66;65;66m▀[0m[38;2;66;65;66m[48;2;66;65;66m▀[0m[38;2;66;65;66m[48;2;88;175;120m▀[0m[38;2;88;175;120m[48;2;88;175;120m▀[0m[38;2;87;175;123m[48;2;87;175;123m▀[0m[38;2;87;175;123m[48;2;87;175;123m▀[0m[38;2;99;178;148m[48;2;68;120;104m▀[0m[38;2;8;4;16m[48;2;68;120;104m▀[0m[38;2;0;4;0m▄     
 [38;2;0;4;0m▀[38;2;66;64;66m[48;2;0;4;0m▀[0m[38;2;255;223;214m[48;2;255;223;214m▀[0m[38;2;24;0;0m[48;2;178;148;142m▀[0m[38;2;66;65;74m[48;2;66;65;74m▀[0m[38;2;192;99;84m[48;2;255;117;90m▀[0m[38;2;82;105;82m[48;2;255;109;90m▀[0m[38;2;197;107;87m[48;2;82;105;82m▀[0m[38;2;78;105;74m[48;2;0;4;0m▀[0m[38;2;78;105;74m[48;2;78;105;74m▀[0m[38;2;57;77;66m[48;2;247;255;255m▀[0m[38;2;120;136;129m[48;2;57;77;66m▀[0m[38;2;82;170;132m[48;2;66;60;74m▀[0m[38;2;82;170;132m[48;2;76;133;112m▀[0m[38;2;71;121;123m[48;2;71;121;123m▀[0m[38;2;71;121;123m[48;2;71;121;123m▀[0m[38;2;71;121;123m[48;2;71;121;123m▀[0m[38;2;71;121;123m[48;2;66;65;66m▀[0m[38;2;74;121;123m[48;2;0;4;0m▀[0m[38;2;0;4;0m▀    
 [38;2;0;4;0m▀[38;2;78;105;74m[48;2;0;4;0m▀[0m[38;2;74;93;74m[48;2;74;93;74m▀[0m[38;2;231;235;239m[48;2;74;93;74m▀[0m[38;2;66;77;57m[48;2;90;138;140m▀[0m[38;2;74;97;84m[48;2;74;97;84m▀[0m[38;2;189;132;101m[48;2;156;77;33m▀[0m[38;2;255;243;239m[48;2;189;132;101m▀[0m[38;2;255;113;74m[48;2;255;255;255m▀[0m[38;2;255;255;255m[48;2;255;255;255m▀[0m[38;2;255;243;239m[48;2;189;132;101m▀[0m[38;2;189;132;101m[48;2;156;77;33m▀[0m[38;2;76;105;73m[48;2;71;121;123m▀[0m[38;2;71;121;123m[48;2;71;121;123m▀[0m[38;2;71;121;123m[48;2;71;121;123m▀[0m[38;2;66;65;66m[48;2;71;121;123m▀[0m[38;2;66;64;66m[48;2;0;4;0m▀[0m[38;2;0;4;0m▀      
  [38;2;0;4;0m▄[38;2;0;20;24m[48;2;82;53;46m▀[0m[38;2;82;53;46m[48;2;247;121;90m▀[0m[38;2;79;105;74m[48;2;66;65;66m▀[0m[38;2;79;105;74m[48;2;79;105;74m▀[0m[38;2;79;105;74m[48;2;66;65;66m▀[0m[38;2;79;105;74m[48;2;66;65;66m▀[0m[38;2;66;65;66m[48;2;231;146;115m▀[0m[38;2;231;146;115m[48;2;66;65;66m▀[0m[38;2;189;186;156m[48;2;57;69;74m▀[0m[38;2;57;69;74m[48;2;101;108;101m▀[0m[38;2;66;65;66m[48;2;76;135;110m▀[0m[38;2;71;100;88m[48;2;82;170;132m▀[0m[38;2;60;117;90m[48;2;90;174;132m▀[0m[38;2;0;4;8m[48;2;90;174;132m▀[0m[38;2;0;4;0m▄[38;2;0;4;0m▄      
 [38;2;0;4;0m[48;2;0;4;0m▀[0m[38;2;90;174;123m[48;2;90;174;123m▀[0m[38;2;57;89;82m[48;2;120;105;84m▀[0m[38;2;247;138;90m[48;2;57;89;82m▀[0m[38;2;255;113;74m[48;2;255;113;74m▀[0m[38;2;66;65;66m[48;2;255;113;74m▀[0m[38;2;66;65;66m[48;2;255;113;74m▀[0m[38;2;255;113;74m[48;2;255;113;74m▀[0m[38;2;247;138;90m[48;2;57;89;82m▀[0m[38;2;57;89;82m[48;2;120;105;84m▀[0m[38;2;87;175;123m[48;2;87;175;123m▀[0m[38;2;87;175;123m[48;2;87;175;123m▀[0m[38;2;87;175;123m[48;2;87;175;123m▀[0m[38;2;87;175;123m[48;2;87;175;123m▀[0m[38;2;82;105;74m[48;2;87;175;123m▀[0m[38;2;87;175;123m[48;2;82;105;74m▀[0m[38;2;87;175;123m[48;2;82;105;74m▀[0m[38;2;87;175;123m[48;2;87;175;123m▀[0m[38;2;0;4;0m[48;2;90;174;123m▀[0m[38;2;0;4;0m▄    
[38;2;0;4;0m▀[38;2;90;174;123m[48;2;0;4;0m▀[0m[38;2;90;174;123m[48;2;0;4;0m▀[0m[38;2;66;69;66m[48;2;66;69;66m▀[0m[38;2;160;93;74m[48;2;255;117;82m▀[0m[38;2;255;113;74m[48;2;66;65;66m▀[0m[38;2;66;65;66m[48;2;66;65;66m▀[0m[38;2;66;65;66m[48;2;231;146;115m▀[0m[38;2;231;146;115m[48;2;66;65;66m▀[0m[38;2;160;93;74m[48;2;255;117;82m▀[0m[38;2;66;69;66m[48;2;66;69;66m▀[0m[38;2;88;175;120m[48;2;66;65;66m▀[0m[38;2;88;175;120m[48;2;66;65;66m▀[0m[38;2;87;175;123m[48;2;87;175;123m▀[0m[38;2;82;105;74m[48;2;87;175;123m▀[0m[38;2;88;175;120m[48;2;66;65;66m▀[0m[38;2;88;175;120m[48;2;66;65;66m▀[0m[38;2;66;65;66m[48;2;239;174;107m▀[0m[38;2;66;65;66m[48;2;239;174;107m▀[0m[38;2;0;4;0m[48;2;0;4;0m▀[0m     
  [38;2;0;4;0m▄[38;2;0;8;16m[48;2;239;174;123m▀[0m[38;2;79;63;51m[48;2;79;63;51m▀[0m[38;2;71;121;123m[48;2;71;121;123m▀[0m[38;2;66;65;66m[48;2;66;65;66m▀[0m[38;2;247;231;189m[48;2;74;69;66m▀[0m[38;2;189;177;148m[48;2;189;177;148m▀[0m[38;2;66;65;66m[48;2;231;227;181m▀[0m[38;2;231;227;181m[48;2;231;227;181m▀[0m[38;2;206;235;181m[48;2;57;69;66m▀[0m[38;2;57;69;66m[48;2;131;152;123m▀[0m[38;2;66;65;66m[48;2;66;65;66m▀[0m[38;2;66;65;66m[48;2;239;174;107m▀[0m[38;2;239;175;112m[48;2;239;175;112m▀[0m[38;2;239;175;112m[48;2;239;175;112m▀[0m[38;2;231;227;181m[48;2;231;227;181m▀[0m[38;2;239;176;111m[48;2;239;176;111m▀[0m[38;2;0;4;0m[48;2;239;174;107m▀[0m[38;2;0;4;0m▄    
 [38;2;0;4;0m▄[38;2;0;4;0m[48;2;239;174;107m▀[0m[38;2;239;174;107m[48;2;239;174;107m▀[0m[38;2;156;101;82m[48;2;156;101;82m▀[0m[38;2;66;65;66m[48;2;154;99;82m▀[0m[38;2;154;99;82m[48;2;154;99;82m▀[0m[38;2;74;60;57m[48;2;129;114;95m▀[0m[38;2;239;223;173m[48;2;74;60;57m▀[0m[38;2;231;227;181m[48;2;203;181;148m▀[0m[38;2;203;181;148m[48;2;203;181;148m▀[0m[38;2;57;73;66m[48;2;189;199;156m▀[0m[38;2;123;136;111m[48;2;57;73;66m▀[0m[38;2;66;65;66m[48;2;222;178;132m▀[0m[38;2;222;178;132m[48;2;66;65;66m▀[0m[38;2;239;175;112m[48;2;239;175;112m▀[0m[38;2;239;175;112m[48;2;239;175;112m▀[0m[38;2;239;175;112m[48;2;239;175;112m▀[0m[38;2;239;175;112m[48;2;239;175;112m▀[0m[38;2;231;211;156m[48;2;231;211;156m▀[0m[38;2;0;4;0m[48;2;231;211;156m▀[0m[38;2;0;4;0m▄   
[38;2;0;4;0m▄[38;2;0;4;0m[48;2;239;174;107m▀[0m[38;2;239;174;107m[48;2;239;174;107m▀[0m[38;2;154;99;82m[48;2;154;99;82m▀[0m[38;2;154;99;82m[48;2;66;65;66m▀[0m[38;2;154;100;82m[48;2;154;100;82m▀[0m[38;2;154;100;82m[48;2;154;100;82m▀[0m[38;2;142;114;101m[48;2;71;59;62m▀[0m[38;2;71;59;62m[48;2;214;170;140m▀[0m[38;2;203;180;148m[48;2;203;180;148m▀[0m[38;2;203;180;148m[48;2;203;180;148m▀[0m[38;2;206;178;148m[48;2;66;65;66m▀[0m[38;2;206;178;148m[48;2;66;65;66m▀[0m[38;2;203;180;148m[48;2;203;180;148m▀[0m[38;2;203;180;148m[48;2;203;180;148m▀[0m[38;2;66;65;66m[48;2;66;65;66m▀[0m[38;2;239;174;107m[48;2;239;174;107m▀[0m[38;2;231;227;181m[48;2;231;227;181m▀[0m[38;2;239;176;111m[48;2;239;176;111m▀[0m[38;2;239;174;107m[48;2;239;174;107m▀[0m[38;2;239;174;107m[48;2;156;101;82m▀[0m[38;2;239;174;107m[48;2;239;174;107m▀[0m[38;2;0;4;0m[48;2;239;174;107m▀[0m[38;2;0;4;0m▄ 
[38;2;0;4;0m▀[38;2;239;166;115m[48;2;0;4;0m▀[0m[38;2;159;112;76m[48;2;0;4;0m▀[0m[38;2;0;4;0m▀[38;2;156;101;82m[48;2;0;4;0m▀[0m[38;2;57;65;57m[48;2;104;104;87m▀[0m[38;2;57;65;57m[48;2;198;182;148m▀[0m[38;2;203;179;150m[48;2;203;179;150m▀[0m[38;2;115;93;74m[48;2;203;179;150m▀[0m[38;2;132;114;93m[48;2;198;170;140m▀[0m[38;2;66;59;46m[48;2;0;4;0m▀[0m[38;2;74;121;123m[48;2;0;4;0m▀[0m[38;2;74;121;123m[48;2;74;121;123m▀[0m[38;2;66;65;66m[48;2;66;65;66m▀[0m[38;2;181;175;142m[48;2;239;231;181m▀[0m[38;2;181;175;142m[48;2;239;231;181m▀[0m[38;2;66;65;66m[48;2;66;65;66m▀[0m[38;2;239;174;107m[48;2;239;174;107m▀[0m[38;2;156;101;82m[48;2;239;174;107m▀[0m[38;2;239;174;107m[48;2;66;65;66m▀[0m[38;2;239;174;107m[48;2;239;174;107m▀[0m[38;2;79;63;49m[48;2;239;174;115m▀[0m[38;2;239;174;115m[48;2;0;8;16m▀[0m[38;2;239;174;107m[48;2;0;4;0m▀[0m[38;2;0;4;0m▀
    [38;2;0;4;0m▀[38;2;78;105;74m[48;2;0;4;0m▀[0m[38;2;0;4;0m▀[38;2;0;4;0m▀[38;2;0;4;0m▀[38;2;0;4;0m▀  [38;2;0;4;0m[48;2;0;4;0m▀[0m[38;2;231;227;181m[48;2;93;107;98m▀[0m[38;2;93;107;98m[48;2;231;227;181m▀[0m[38;2;93;107;98m[48;2;231;227;181m▀[0m[38;2;231;227;181m[48;2;93;107;98m▀[0m[38;2;79;63;51m[48;2;79;63;51m▀[0m[38;2;239;174;123m[48;2;0;8;16m▀[0m[38;2;239;174;107m[48;2;0;4;0m▀[0m[38;2;0;4;0m▀[38;2;0;4;0m▀   
            [38;2;0;4;0m▀[38;2;90;174;123m[48;2;0;4;0m▀[0m[38;2;0;4;0m▀[38;2;0;4;0m▀[38;2;90;174;123m[48;2;0;4;0m▀[0m[38;2;0;4;0m▀       
[0m