         [38;2;0;0;0m▄[38;2;0;0;0m[48;2;255;182;107m▀[0m[38;2;0;0;0m[48;2;255;223;123m▀[0m[38;2;0;0;0m▄   [38;2;0;0;0m▄[38;2;0;0;0m▄[38;2;0;0;0m▄        
         [38;2;0;0;0m[48;2;24;0;0m▀[0m[38;2;255;182;107m[48;2;255;223;247m▀[0m[38;2;255;223;123m[48;2;255;223;123m▀[0m[38;2;0;0;0m[48;2;0;0;0m▀[0m [38;2;0;0;0m▄[38;2;0;0;0m[48;2;255;195;137m▀[0m[38;2;255;223;123m[48;2;255;166;82m▀[0m[38;2;255;223;123m[48;2;255;223;123m▀[0m[38;2;255;223;123m[48;2;255;223;123m▀[0m[38;2;0;0;0m[48;2;0;0;0m▀[0m       
         [38;2;24;0;0m[48;2;0;0;0m▀[0m[38;2;139;111;123m[48;2;239;166;74m▀[0m[38;2;255;223;123m[48;2;255;223;123m▀[0m[38;2;0;0;0m[48;2;255;223;123m▀[0m[38;2;0;0;0m▄[38;2;0;0;0m[48;2;255;223;123m▀[0m[38;2;255;195;137m[48;2;255;36;107m▀[0m[38;2;255;255;247m[48;2;255;255;214m▀[0m[38;2;255;139;98m[48;2;178;130;90m▀[0m[38;2;255;223;123m[48;2;255;195;132m▀[0m[38;2;0;0;0m[48;2;0;0;0m▀[0m       
       [38;2;0;0;0m▄[38;2;0;0;0m▄[38;2;0;20;16m▄[38;2;0;0;0m[48;2;68;30;35m▀[0m[38;2;239;166;74m[48;2;74;48;57m▀[0m[38;2;255;223;123m[48;2;247;150;66m▀[0m[38;2;0;0;0m[48;2;66;65;66m▀[0m[38;2;255;223;123m[48;2;247;182;90m▀[0m[38;2;255;182;178m[48;2;255;223;123m▀[0m[38;2;255;36;107m[48;2;255;223;123m▀[0m[38;2;255;195;132m[48;2;0;0;0m▀[0m[38;2;24;0;8m▀        
    [38;2;0;0;0m▄[38;2;0;0;0m[48;2;236;164;96m▀[0m[38;2;0;0;0m[48;2;198;48;74m▀[0m[38;2;198;48;74m[48;2;255;134;99m▀[0m[38;2;198;48;74m[48;2;195;58;71m▀[0m[38;2;206;52;74m[48;2;198;48;74m▀[0m[38;2;137;41;54m[48;2;198;48;74m▀[0m[38;2;131;82;60m[48;2;197;48;74m▀[0m[38;2;74;48;57m[48;2;197;48;74m▀[0m[38;2;247;182;90m[48;2;156;32;49m▀[0m[38;2;247;182;90m[48;2;156;32;49m▀[0m[38;2;66;65;66m[48;2;156;32;49m▀[0m[38;2;66;65;66m[48;2;156;32;49m▀[0m[38;2;156;32;49m[48;2;156;33;49m▀[0m[38;2;0;0;0m[48;2;156;33;49m▀[0m[38;2;0;0;0m[48;2;156;32;49m▀[0m[38;2;0;0;0m▄      
   [38;2;0;0;0m[48;2;0;0;0m▀[0m[38;2;198;48;74m[48;2;198;48;74m▀[0m[38;2;255;223;107m[48;2;198;49;74m▀[0m[38;2;198;48;74m[48;2;198;49;74m▀[0m[38;2;195;58;71m[48;2;181;44;66m▀[0m[38;2;165;20;57m[48;2;255;223;123m▀[0m[38;2;255;223;107m[48;2;198;49;74m▀[0m[38;2;236;164;96m[48;2;198;49;74m▀[0m[38;2;156;32;49m[48;2;198;48;74m▀[0m[38;2;197;48;74m[48;2;198;48;74m▀[0m[38;2;198;48;74m[48;2;198;48;74m▀[0m[38;2;198;48;74m[48;2;198;48;74m▀[0m[38;2;197;48;74m[48;2;66;65;66m▀[0m[38;2;156;32;49m[48;2;66;65;66m▀[0m[38;2;156;33;49m[48;2;96;55;60m▀[0m[38;2;156;33;49m[48;2;96;55;60m▀[0m[38;2;156;32;49m[48;2;156;32;49m▀[0m[38;2;156;32;49m[48;2;156;32;49m▀[0m[38;2;0;0;0m[48;2;0;0;0m▀[0m     
    [38;2;0;0;0m▀[38;2;198;49;74m[48;2;0;0;0m▀[0m[38;2;198;49;74m[48;2;0;0;0m▀[0m[38;2;181;44;66m[48;2;0;4;0m▀[0m[38;2;181;44;66m[48;2;79;40;52m▀[0m[38;2;198;49;74m[48;2;66;65;66m▀[0m[38;2;198;49;74m[48;2;66;65;66m▀[0m[38;2;66;65;66m[48;2;134;110;93m▀[0m[38;2;66;65;66m[48;2;74;56;66m▀[0m[38;2;66;65;66m[48;2;140;166;99m▀[0m[38;2;66;65;66m[48;2;140;166;99m▀[0m[38;2;140;166;99m[48;2;140;166;99m▀[0m[38;2;140;166;99m[48;2;140;166;99m▀[0m[38;2;140;166;99m[48;2;140;166;99m▀[0m[38;2;96;55;60m[48;2;0;0;0m▀[0m[38;2;0;0;0m▀[38;2;0;0;0m▀      
      [38;2;0;0;0m▄[38;2;0;4;0m[48;2;214;105;140m▀[0m[38;2;159;76;104m[48;2;165;65;99m▀[0m[38;2;165;65;99m[48;2;170;135;120m▀[0m[38;2;165;65;99m[48;2;85;67;60m▀[0m[38;2;74;56;66m[48;2;140;162;99m▀[0m[38;2;165;138;107m[48;2;70;81;53m▀[0m[38;2;66;65;66m[48;2;140;165;99m▀[0m[38;2;140;166;99m[48;2;140;165;99m▀[0m[38;2;140;166;99m[48;2;82;115;49m▀[0m[38;2;66;65;66m[48;2;0;0;0m▀[0m[38;2;0;0;0m▀         
      [38;2;0;0;0m▀[38;2;214;105;140m[48;2;0;0;0m▀[0m[38;2;214;105;140m[48;2;0;0;0m▀[0m[38;2;0;0;0m▀[38;2;170;135;120m[48;2;0;0;0m▀[0m[38;2;0;0;8m[48;2;0;0;0m▀[0m[38;2;140;162;99m[48;2;140;166;99m▀[0m[38;2;140;165;99m[48;2;140;165;98m▀[0m[38;2;140;165;99m[48;2;140;165;98m▀[0m[38;2;82;115;49m[48;2;82;115;49m▀[0m[38;2;0;0;0m[48;2;0;0;0m▀[0m          
          [38;2;0;0;0m▄[38;2;0;0;0m[48;2;140;165;99m▀[0m[38;2;140;166;99m[48;2;140;165;99m▀[0m[38;2;140;165;98m[48;2;140;165;98m▀[0m[38;2;82;115;49m[48;2;82;115;49m▀[0m[38;2;82;115;49m[48;2;82;115;49m▀[0m[38;2;0;0;0m[48;2;82;115;49m▀[0m[38;2;0;0;0m▄         
    [38;2;0;0;0m▄[38;2;0;4;16m▄[38;2;0;0;0m[48;2;239;166;82m▀[0m[38;2;0;0;0m[48;2;66;65;66m▀[0m[38;2;0;0;0m[48;2;66;65;66m▀[0m[38;2;0;0;0m[48;2;222;231;140m▀[0m[38;2;222;231;140m[48;2;222;231;140m▀[0m[38;2;140;165;99m[48;2;222;231;140m▀[0m[38;2;140;165;99m[48;2;222;231;140m▀[0m[38;2;140;165;98m[48;2;140;166;99m▀[0m[38;2;82;115;49m[48;2;140;166;99m▀[0m[38;2;82;115;49m[48;2;82;115;49m▀[0m[38;2;82;115;49m[48;2;82;115;49m▀[0m[38;2;82;115;49m[48;2;82;115;49m▀[0m[38;2;0;0;0m[48;2;82;115;49m▀[0m[38;2;0;28;33m▄[38;2;0;0;0m[48;2;222;146;49m▀[0m[38;2;0;0;0m[48;2;231;154;57m▀[0m[38;2;0;0;0m▄    
  [38;2;0;0;0m▄[38;2;0;0;0m[48;2;255;222;123m▀[0m[38;2;239;166;74m[48;2;255;222;123m▀[0m[38;2;239;166;82m[48;2;74;65;57m▀[0m[38;2;79;58;38m[48;2;255;227;123m▀[0m[38;2;222;231;140m[48;2;222;231;140m▀[0m[38;2;222;231;140m[48;2;222;231;140m▀[0m[38;2;222;231;140m[48;2;222;231;140m▀[0m[38;2;222;231;140m[48;2;222;231;140m▀[0m[38;2;222;231;140m[48;2;222;231;140m▀[0m[38;2;222;231;140m[48;2;222;231;140m▀[0m[38;2;222;231;140m[48;2;222;231;140m▀[0m[38;2;222;231;140m[48;2;222;231;140m▀[0m[38;2;115;165;65m[48;2;222;231;140m▀[0m[38;2;115;165;65m[48;2;115;166;66m▀[0m[38;2;82;115;49m[48;2;115;165;63m▀[0m[38;2;82;115;49m[48;2;90;115;60m▀[0m[38;2;74;67;38m[48;2;82;116;49m▀[0m[38;2;74;67;38m[48;2;82;116;49m▀[0m[38;2;231;154;57m[48;2;66;65;66m▀[0m[38;2;231;154;57m[48;2;247;182;90m▀[0m[38;2;0;0;0m[48;2;239;166;74m▀[0m[38;2;0;0;0m▄  
 [38;2;0;0;0m[48;2;0;0;0m▀[0m[38;2;255;223;123m[48;2;247;182;90m▀[0m[38;2;255;222;123m[48;2;255;223;123m▀[0m[38;2;255;222;123m[48;2;255;255;255m▀[0m[38;2;194;173;101m[48;2;255;223;123m▀[0m[38;2;74;65;57m[48;2;255;223;123m▀[0m[38;2;66;65;66m[48;2;255;223;123m▀[0m[38;2;66;65;66m[48;2;239;166;74m▀[0m[38;2;222;231;140m[48;2;66;65;66m▀[0m[38;2;222;231;140m[48;2;66;65;66m▀[0m[38;2;222;231;140m[48;2;74;65;57m▀[0m[38;2;66;65;66m[48;2;194;170;95m▀[0m[38;2;66;65;66m[48;2;239;166;74m▀[0m[38;2;66;65;66m[48;2;239;166;74m▀[0m[38;2;222;231;140m[48;2;66;65;66m▀[0m[38;2;115;166;66m[48;2;66;65;66m▀[0m[38;2;115;165;63m[48;2;74;65;57m▀[0m[38;2;66;65;57m[48;2;194;170;95m▀[0m[38;2;65;66;65m[48;2;255;222;123m▀[0m[38;2;65;66;65m[48;2;255;222;123m▀[0m[38;2;247;182;90m[48;2;239;166;74m▀[0m[38;2;247;182;90m[48;2;255;223;123m▀[0m[38;2;239;166;74m[48;2;255;223;123m▀[0m[38;2;239;166;74m[48;2;239;166;73m▀[0m[38;2;0;0;0m[48;2;0;0;0m▀[0m 
[38;2;0;0;0m[48;2;0;0;0m▀[0m[38;2;247;182;90m[48;2;231;154;57m▀[0m[38;2;247;182;90m[48;2;231;154;57m▀[0m[38;2;255;223;123m[48;2;255;223;123m▀[0m[38;2;255;255;255m[48;2;255;223;123m▀[0m[38;2;255;255;255m[48;2;255;223;123m▀[0m[38;2;255;223;123m[48;2;255;223;123m▀[0m[38;2;255;223;123m[48;2;255;222;123m▀[0m[38;2;255;223;123m[48;2;255;222;123m▀[0m[38;2;255;223;123m[48;2;255;223;123m▀[0m[38;2;255;223;123m[48;2;255;223;123m▀[0m[38;2;255;223;115m[48;2;255;223;123m▀[0m[38;2;255;223;115m[48;2;255;223;123m▀[0m[38;2;255;223;123m[48;2;255;223;123m▀[0m[38;2;255;223;123m[48;2;255;223;123m▀[0m[38;2;239;166;74m[48;2;255;222;123m▀[0m[38;2;239;166;74m[48;2;255;222;123m▀[0m[38;2;255;223;115m[48;2;255;223;123m▀[0m[38;2;255;223;115m[48;2;255;223;123m▀[0m[38;2;255;222;123m[48;2;239;165;74m▀[0m[38;2;255;222;123m[48;2;239;165;74m▀[0m[38;2;255;223;123m[48;2;255;223;123m▀[0m[38;2;255;223;123m[48;2;239;166;73m▀[0m[38;2;239;166;73m[48;2;239;165;74m▀[0m[38;2;239;166;73m[48;2;239;165;74m▀[0m[38;2;239;166;74m[48;2;231;150;57m▀[0m[38;2;0;0;0m[48;2;0;0;0m▀[0m
 [38;2;0;0;0m[48;2;0;0;0m▀[0m[38;2;231;154;57m[48;2;222;134;33m▀[0m[38;2;239;166;74m[48;2;74;65;66m▀[0m[38;2;255;223;123m[48;2;255;219;107m▀[0m[38;2;255;223;123m[48;2;239;165;74m▀[0m[38;2;239;166;74m[48;2;239;165;74m▀[0m[38;2;255;222;123m[48;2;239;166;74m▀[0m[38;2;255;222;123m[48;2;239;166;74m▀[0m[38;2;255;223;123m[48;2;231;154;57m▀[0m[38;2;239;166;74m[48;2;231;154;57m▀[0m[38;2;239;166;74m[48;2;239;166;74m▀[0m[38;2;239;166;74m[48;2;239;166;74m▀[0m[38;2;239;166;74m[48;2;239;166;74m▀[0m[38;2;255;223;123m[48;2;239;166;74m▀[0m[38;2;255;222;123m[48;2;239;166;74m▀[0m[38;2;255;222;123m[48;2;239;166;74m▀[0m[38;2;255;223;123m[48;2;239;165;74m▀[0m[38;2;239;166;74m[48;2;239;165;74m▀[0m[38;2;239;165;74m[48;2;239;166;74m▀[0m[38;2;239;165;74m[48;2;239;166;74m▀[0m[38;2;239;166;73m[48;2;66;52;66m▀[0m[38;2;239;166;73m[48;2;231;109;33m▀[0m[38;2;239;165;74m[48;2;222;132;33m▀[0m[38;2;239;165;74m[48;2;222;132;33m▀[0m[38;2;231;150;57m[48;2;0;0;0m▀[0m[38;2;0;0;0m▀
[38;2;0;0;0m[48;2;0;0;0m▀[0m[38;2;222;134;33m[48;2;222;138;49m▀[0m[38;2;222;134;33m[48;2;74;54;38m▀[0m[38;2;74;65;66m[48;2;137;80;66m▀[0m[38;2;194;167;93m[48;2;66;56;66m▀[0m[38;2;239;165;74m[48;2;239;166;74m▀[0m[38;2;239;165;74m[48;2;239;166;74m▀[0m[38;2;239;166;74m[48;2;247;150;66m▀[0m[38;2;222;134;33m[48;2;74;48;57m▀[0m[38;2;231;154;57m[48;2;66;65;66m▀[0m[38;2;66;65;66m[48;2;156;32;49m▀[0m[38;2;66;65;66m[48;2;156;32;49m▀[0m[38;2;239;166;74m[48;2;66;65;66m▀[0m[38;2;239;166;74m[48;2;66;65;66m▀[0m[38;2;222;134;33m[48;2;66;65;66m▀[0m[38;2;66;65;66m[48;2;156;32;49m▀[0m[38;2;239;166;74m[48;2;66;65;66m▀[0m[38;2;239;165;74m[48;2;231;150;57m▀[0m[38;2;239;165;74m[48;2;231;150;57m▀[0m[38;2;239;166;74m[48;2;82;93;74m▀[0m[38;2;66;65;66m[48;2;164;47;52m▀[0m[38;2;148;80;49m[48;2;156;32;49m▀[0m[38;2;66;52;66m[48;2;156;32;49m▀[0m[38;2;222;132;33m[48;2;93;36;44m▀[0m[38;2;222;132;33m[48;2;0;4;0m▀[0m[38;2;0;0;0m▀ 
 [38;2;0;12;33m▀[38;2;74;54;38m[48;2;0;0;0m▀[0m[38;2;173;93;66m[48;2;66;65;66m▀[0m[38;2;66;56;66m[48;2;255;223;123m▀[0m[38;2;222;134;33m[48;2;222;132;33m▀[0m[38;2;239;166;74m[48;2;222;132;33m▀[0m[38;2;74;48;57m[48;2;222;134;33m▀[0m[38;2;131;82;60m[48;2;66;65;66m▀[0m[38;2;156;32;49m[48;2;156;32;49m▀[0m[38;2;156;32;49m[48;2;156;123;74m▀[0m[38;2;156;32;49m[48;2;165;24;49m▀[0m[38;2;156;32;49m[48;2;165;24;49m▀[0m[38;2;156;32;49m[48;2;156;123;74m▀[0m[38;2;156;32;49m[48;2;156;32;49m▀[0m[38;2;156;32;49m[48;2;156;32;49m▀[0m[38;2;156;32;49m[48;2;156;123;74m▀[0m[38;2;66;65;66m[48;2;156;32;49m▀[0m[38;2;66;65;66m[48;2;156;32;49m▀[0m[38;2;123;70;63m[48;2;156;32;49m▀[0m[38;2;164;47;52m[48;2;156;123;74m▀[0m[38;2;156;32;49m[48;2;156;32;49m▀[0m[38;2;156;123;74m[48;2;156;123;74m▀[0m[38;2;140;52;66m[48;2;156;32;49m▀[0m[38;2;0;4;0m[48;2;0;0;0m▀[0m  
  [38;2;0;0;0m▀[38;2;66;65;66m[48;2;0;8;8m▀[0m[38;2;255;223;123m[48;2;94;36;45m▀[0m[38;2;222;132;33m[48;2;255;207;90m▀[0m[38;2;222;132;33m[48;2;192;158;79m▀[0m[38;2;222;134;33m[48;2;66;60;57m▀[0m[38;2;66;65;66m[48;2;154;49;63m▀[0m[38;2;156;32;49m[48;2;198;48;74m▀[0m[38;2;156;123;74m[48;2;222;190;132m▀[0m[38;2;187;75;76m[48;2;198;48;74m▀[0m[38;2;231;178;132m[48;2;198;48;74m▀[0m[38;2;156;32;49m[48;2;198;48;74m▀[0m[38;2;156;32;49m[48;2;222;190;132m▀[0m[38;2;156;32;49m[48;2;198;48;74m▀[0m[38;2;156;32;49m[48;2;156;123;74m▀[0m[38;2;156;32;49m[48;2;156;32;49m▀[0m[38;2;156;123;74m[48;2;156;123;74m▀[0m[38;2;156;32;49m[48;2;156;32;49m▀[0m[38;2;156;32;49m[48;2;156;32;49m▀[0m[38;2;156;123;74m[48;2;156;121;74m▀[0m[38;2;156;123;74m[48;2;156;121;74m▀[0m[38;2;0;0;0m[48;2;0;0;0m▀[0m   
   [38;2;0;8;8m▀[38;2;189;65;82m[48;2;0;0;0m▀[0m[38;2;66;60;57m[48;2;222;190;132m▀[0m[38;2;66;60;57m[48;2;222;190;132m▀[0m[38;2;198;44;66m[48;2;198;48;74m▀[0m[38;2;198;44;66m[48;2;198;48;74m▀[0m[38;2;198;48;74m[48;2;222;189;132m▀[0m[38;2;222;190;132m[48;2;222;189;132m▀[0m[38;2;222;190;132m[48;2;239;170;132m▀[0m[38;2;198;48;74m[48;2;164;113;88m▀[0m[38;2;198;48;74m[48;2;231;186;123m▀[0m[38;2;222;190;132m[48;2;154;124;82m▀[0m[38;2;198;48;74m[48;2;156;123;74m▀[0m[38;2;198;48;74m[48;2;156;32;49m▀[0m[38;2;156;32;49m[48;2;156;123;74m▀[0m[38;2;156;123;74m[48;2;156;123;74m▀[0m[38;2;156;32;49m[48;2;156;121;74m▀[0m[38;2;156;123;74m[48;2;156;121;74m▀[0m[38;2;156;121;74m[48;2;0;0;0m▀[0m[38;2;0;0;0m[48;2;82;115;49m▀[0m[38;2;82;115;49m[48;2;82;115;49m▀[0m[38;2;0;0;0m[48;2;0;0;0m▀[0m  
     [38;2;0;0;0m▀[38;2;148;126;88m[48;2;0;0;0m▀[0m[38;2;222;190;132m[48;2;156;121;74m▀[0m[38;2;198;48;74m[48;2;156;121;74m▀[0m[38;2;222;189;132m[48;2;156;123;74m▀[0m[38;2;222;189;132m[48;2;156;123;74m▀[0m[38;2;239;170;132m[48;2;0;0;0m▀[0m[38;2;16;0;0m[48;2;137;156;88m▀[0m[38;2;0;0;0m[48;2;115;164;66m▀[0m[38;2;154;124;82m[48;2;0;0;0m▀[0m[38;2;156;123;74m[48;2;0;0;0m▀[0m[38;2;156;123;74m[48;2;0;0;0m▀[0m[38;2;156;123;74m[48;2;0;0;0m▀[0m[38;2;156;123;74m[48;2;0;0;0m▀[0m[38;2;156;121;74m[48;2;0;0;0m▀[0m[38;2;0;0;0m[48;2;76;110;44m▀[0m[38;2;82;115;49m[48;2;82;115;49m▀[0m[38;2;82;115;49m[48;2;82;115;49m▀[0m[38;2;82;115;49m[48;2;0;0;0m▀[0m[38;2;0;0;0m▀  
       [38;2;0;0;0m▀[38;2;0;0;0m▀[38;2;156;123;74m[48;2;0;0;0m▀[0m[38;2;156;123;74m[48;2;0;0;0m▀[0m[38;2;0;0;0m[48;2;0;0;0m▀[0m[38;2;206;235;132m[48;2;0;0;0m▀[0m[38;2;115;164;66m[48;2;222;231;140m▀[0m[38;2;115;164;66m[48;2;222;231;140m▀[0m[38;2;115;164;66m[48;2;222;231;140m▀[0m[38;2;115;164;66m[48;2;115;166;66m▀[0m[38;2;115;164;66m[48;2;115;166;66m▀[0m[38;2;115;164;66m[48;2;115;166;66m▀[0m[38;2;115;166;66m[48;2;137;160;88m▀[0m[38;2;115;166;66m[48;2;137;160;88m▀[0m[38;2;82;115;49m[48;2;140;166;99m▀[0m[38;2;82;115;49m[48;2;0;0;0m▀[0m[38;2;0;0;0m▀   
             [38;2;0;0;0m▀[38;2;0;0;0m▀[38;2;222;231;140m[48;2;0;0;0m▀[0m[38;2;222;231;140m[48;2;0;0;0m▀[0m[38;2;222;231;140m[48;2;0;0;0m▀[0m[38;2;222;231;140m[48;2;0;0;0m▀[0m[38;2;206;239;132m[48;2;0;0;0m▀[0m[38;2;0;4;0m▀[38;2;0;0;0m▀     
[0m