     [38;2;0;0;0m▄[38;2;0;0;0m▄[38;2;0;0;0m[48;2;90;131;82m▀[0m[38;2;0;0;0m[48;2;98;172;98m▀[0m[38;2;0;0;0m▄    
 [38;2;0;0;0m▄[38;2;0;0;0m▄[38;2;0;0;0m▄[38;2;0;0;0m[48;2;0;0;0m▀[0m[38;2;65;65;65m[48;2;98;172;98m▀[0m[38;2;98;172;98m[48;2;98;172;98m▀[0m[38;2;98;172;98m[48;2;98;172;98m▀[0m[38;2;90;131;82m[48;2;90;131;82m▀[0m[38;2;98;172;98m[48;2;98;172;98m▀[0m[38;2;0;0;0m[48;2;0;0;0m▀[0m   
[38;2;0;0;0m[48;2;0;0;0m▀[0m[38;2;65;65;65m[48;2;82;156;123m▀[0m[38;2;82;156;123m[48;2;65;65;65m▀[0m[38;2;65;65;65m[48;2;106;197;164m▀[0m[38;2;65;65;65m[48;2;106;197;164m▀[0m[38;2;98;172;98m[48;2;65;65;65m▀[0m[38;2;98;172;98m[48;2;98;172;98m▀[0m[38;2;98;172;98m[48;2;98;172;98m▀[0m[38;2;98;172;98m[48;2;65;65;65m▀[0m[38;2;90;131;82m[48;2;65;65;65m▀[0m[38;2;98;172;98m[48;2;98;172;98m▀[0m[38;2;0;0;0m[48;2;0;0;0m▀[0m[38;2;0;0;0m▄ 
 [38;2;0;0;0m[48;2;0;0;0m▀[0m[38;2;65;65;65m[48;2;82;156;123m▀[0m[38;2;82;156;123m[48;2;65;65;65m▀[0m[38;2;82;156;123m[48;2;82;156;123m▀[0m[38;2;106;197;164m[48;2;82;156;123m▀[0m[38;2;65;65;65m[48;2;106;197;164m▀[0m[38;2;65;65;65m[48;2;106;197;164m▀[0m[38;2;106;197;164m[48;2;106;197;164m▀[0m[38;2;106;197;164m[48;2;106;197;164m▀[0m[38;2;65;65;65m[48;2;82;156;123m▀[0m[38;2;82;156;123m[48;2;106;197;164m▀[0m[38;2;106;197;164m[48;2;65;65;65m▀[0m[38;2;0;0;0m[48;2;0;0;0m▀[0m
 [38;2;0;0;0m▄[38;2;0;0;0m[48;2;65;65;65m▀[0m[38;2;106;197;164m[48;2;106;197;164m▀[0m[38;2;106;197;164m[48;2;106;197;164m▀[0m[38;2;106;197;164m[48;2;106;197;164m▀[0m[38;2;106;197;164m[48;2;65;65;65m▀[0m[38;2;65;65;65m[48;2;65;65;65m▀[0m[38;2;106;197;164m[48;2;65;65;65m▀[0m[38;2;106;197;164m[48;2;65;65;65m▀[0m[38;2;65;65;65m[48;2;222;156;164m▀[0m[38;2;106;197;164m[48;2;0;0;0m▀[0m[38;2;0;0;0m▀ 
 [38;2;0;0;0m[48;2;0;0;0m▀[0m[38;2;197;82;98m[48;2;255;197;197m▀[0m[38;2;65;65;65m[48;2;255;197;197m▀[0m[38;2;106;197;164m[48;2;65;65;65m▀[0m[38;2;65;65;65m[48;2;255;197;197m▀[0m[38;2;65;65;65m[48;2;197;82;98m▀[0m[38;2;255;255;255m[48;2;197;82;98m▀[0m[38;2;222;156;164m[48;2;197;82;98m▀[0m[38;2;255;197;197m[48;2;255;197;197m▀[0m[38;2;255;197;197m[48;2;255;197;197m▀[0m[38;2;0;0;0m[48;2;0;0;0m▀[0m  
 [38;2;0;0;0m▄[38;2;0;0;0m[48;2;82;156;123m▀[0m[38;2;255;197;197m[48;2;65;65;65m▀[0m[38;2;255;197;197m[48;2;65;65;65m▀[0m[38;2;255;197;197m[48;2;255;197;197m▀[0m[38;2;246;123;123m[48;2;255;197;197m▀[0m[38;2;197;82;98m[48;2;255;197;197m▀[0m[38;2;246;123;123m[48;2;65;65;65m▀[0m[38;2;255;197;197m[48;2;65;65;65m▀[0m[38;2;65;65;65m[48;2;65;65;65m▀[0m[38;2;0;0;0m[48;2;82;156;123m▀[0m[38;2;0;0;0m▄ 
[38;2;0;0;0m[48;2;0;0;0m▀[0m[38;2;197;197;197m[48;2;197;197;197m▀[0m[38;2;82;156;123m[48;2;0;0;0m▀[0m[38;2;82;156;123m[48;2;65;65;65m▀[0m[38;2;65;65;65m[48;2;222;156;164m▀[0m[38;2;65;65;65m[48;2;65;65;65m▀[0m[38;2;65;65;65m[48;2;246;123;123m▀[0m[38;2;65;65;65m[48;2;65;65;65m▀[0m[38;2;106;197;164m[48;2;106;197;164m▀[0m[38;2;106;197;164m[48;2;106;197;164m▀[0m[38;2;106;197;164m[48;2;106;197;164m▀[0m[38;2;65;65;65m[48;2;255;255;255m▀[0m[38;2;82;156;123m[48;2;65;65;65m▀[0m[38;2;0;0;0m[48;2;0;0;0m▀[0m
[38;2;0;0;0m▀[38;2;0;0;0m▀ [38;2;0;0;0m▀[38;2;222;156;164m[48;2;0;0;0m▀[0m[38;2;164;98;98m[48;2;222;156;164m▀[0m[38;2;164;98;98m[48;2;0;0;0m▀[0m[38;2;246;123;123m[48;2;0;0;0m▀[0m[38;2;65;65;65m[48;2;255;197;197m▀[0m[38;2;255;255;255m[48;2;65;65;65m▀[0m[38;2;255;255;255m[48;2;255;255;255m▀[0m[38;2;255;255;255m[48;2;0;0;0m▀[0m[38;2;0;0;0m▀ 
     [38;2;0;0;0m▀  [38;2;0;0;0m▀[38;2;0;0;0m▀[38;2;0;0;0m▀   
[0m