         [38;2;0;0;0m▄[38;2;0;0;0m[48;2;115;214;99m▀[0m[38;2;0;0;0m▄             
        [38;2;0;0;0m▄[38;2;0;0;0m[48;2;115;214;99m▀[0m[38;2;115;214;99m[48;2;99;156;99m▀[0m[38;2;99;156;99m[48;2;99;156;99m▀[0m[38;2;0;0;0m[48;2;82;123;74m▀[0m[38;2;0;0;0m▄           
      [38;2;0;0;0m▄[38;2;0;0;0m[48;2;99;156;99m▀[0m[38;2;0;0;0m[48;2;115;214;99m▀[0m[38;2;115;214;99m[48;2;99;156;99m▀[0m[38;2;99;156;99m[48;2;99;156;99m▀[0m[38;2;99;156;99m[48;2;99;156;99m▀[0m[38;2;82;123;74m[48;2;99;156;99m▀[0m[38;2;0;0;0m[48;2;65;65;65m▀[0m[38;2;0;0;0m[48;2;99;156;99m▀[0m[38;2;0;0;0m▄         
 [38;2;0;0;0m▄[38;2;0;0;0m▄[38;2;0;0;0m▄[38;2;0;0;0m▄[38;2;0;0;0m[48;2;65;65;65m▀[0m[38;2;115;214;99m[48;2;115;214;99m▀[0m[38;2;115;214;99m[48;2;115;214;99m▀[0m[38;2;115;214;99m[48;2;115;214;99m▀[0m[38;2;115;214;99m[48;2;115;214;99m▀[0m[38;2;99;156;99m[48;2;99;156;99m▀[0m[38;2;99;156;99m[48;2;123;123;123m▀[0m[38;2;99;156;99m[48;2;123;123;123m▀[0m[38;2;99;156;99m[48;2;99;156;99m▀[0m[38;2;65;65;65m[48;2;65;65;65m▀[0m[38;2;99;156;99m[48;2;99;156;99m▀[0m[38;2;0;0;0m[48;2;0;0;0m▀[0m        
[38;2;0;0;0m▀[38;2;230;58;66m[48;2;0;0;0m▀[0m[38;2;230;58;66m[48;2;0;0;0m▀[0m[38;2;189;189;189m[48;2;123;123;123m▀[0m[38;2;65;65;65m[48;2;65;65;65m▀[0m[38;2;115;214;99m[48;2;115;214;99m▀[0m[38;2;115;214;99m[48;2;115;214;99m▀[0m[38;2;115;214;99m[48;2;115;214;99m▀[0m[38;2;115;214;99m[48;2;115;214;99m▀[0m[38;2;115;214;99m[48;2;99;156;99m▀[0m[38;2;123;123;123m[48;2;65;65;65m▀[0m[38;2;65;65;65m[48;2;230;58;66m▀[0m[38;2;0;0;0m[48;2;0;0;0m▀[0m[38;2;99;156;99m[48;2;99;156;99m▀[0m[38;2;65;65;65m[48;2;65;65;65m▀[0m[38;2;99;156;99m[48;2;65;65;65m▀[0m[38;2;99;156;99m[48;2;65;65;65m▀[0m[38;2;0;0;0m[48;2;0;0;0m▀[0m[38;2;0;0;0m▄      
   [38;2;0;0;0m▀[38;2;0;0;0m▀[38;2;99;156;99m[48;2;0;0;0m▀[0m[38;2;115;214;99m[48;2;123;123;123m▀[0m[38;2;115;214;99m[48;2;123;123;123m▀[0m[38;2;123;123;123m[48;2;123;123;123m▀[0m[38;2;65;65;65m[48;2;65;65;65m▀[0m[38;2;0;0;0m[48;2;230;58;66m▀[0m[38;2;230;58;66m[48;2;189;189;189m▀[0m[38;2;65;65;65m[48;2;189;189;189m▀[0m[38;2;189;189;189m[48;2;189;189;189m▀[0m[38;2;189;189;189m[48;2;123;123;123m▀[0m[38;2;189;189;189m[48;2;65;65;65m▀[0m[38;2;230;58;66m[48;2;65;65;65m▀[0m[38;2;230;58;66m[48;2;65;65;65m▀[0m[38;2;230;58;66m[48;2;0;0;0m▀[0m[38;2;0;0;0m▀  [38;2;0;0;0m▄[38;2;0;0;0m[48;2;230;58;66m▀[0m[38;2;0;0;0m[48;2;0;0;0m▀[0m
      [38;2;0;0;0m▀[38;2;123;123;123m[48;2;0;0;0m▀[0m[38;2;65;65;65m[48;2;0;0;0m▀[0m[38;2;0;0;0m[48;2;82;123;74m▀[0m[38;2;0;0;0m[48;2;82;123;74m▀[0m[38;2;65;65;65m[48;2;99;156;99m▀[0m[38;2;82;123;74m[48;2;99;156;99m▀[0m[38;2;82;123;74m[48;2;65;65;65m▀[0m[38;2;65;65;65m[48;2;65;65;65m▀[0m[38;2;82;123;74m[48;2;82;123;74m▀[0m[38;2;82;123;74m[48;2;99;156;99m▀[0m[38;2;99;156;99m[48;2;115;214;99m▀[0m[38;2;0;0;0m[48;2;115;214;99m▀[0m[38;2;0;0;0m▄[38;2;0;0;0m▄[38;2;0;0;0m[48;2;123;123;123m▀[0m[38;2;230;58;66m[48;2;123;123;123m▀[0m[38;2;230;58;66m[48;2;230;58;66m▀[0m[38;2;0;0;0m[48;2;0;0;0m▀[0m
        [38;2;0;0;0m▄[38;2;0;0;0m[48;2;107;107;107m▀[0m[38;2;99;156;99m[48;2;65;65;65m▀[0m[38;2;99;156;99m[48;2;65;65;65m▀[0m[38;2;65;65;65m[48;2;65;65;65m▀[0m[38;2;65;65;65m[48;2;123;123;123m▀[0m[38;2;123;123;123m[48;2;123;123;123m▀[0m[38;2;65;65;65m[48;2;123;123;123m▀[0m[38;2;99;156;99m[48;2;65;65;65m▀[0m[38;2;65;65;65m[48;2;230;58;66m▀[0m[38;2;230;58;66m[48;2;65;65;65m▀[0m[38;2;65;65;65m[48;2;230;58;66m▀[0m[38;2;123;123;123m[48;2;65;65;65m▀[0m[38;2;123;123;123m[48;2;123;123;123m▀[0m[38;2;123;123;123m[48;2;107;107;107m▀[0m[38;2;0;0;0m[48;2;0;0;0m▀[0m 
       [38;2;0;0;0m[48;2;0;0;0m▀[0m[38;2;230;58;66m[48;2;0;0;0m▀[0m[38;2;65;65;65m[48;2;230;58;66m▀[0m[38;2;107;107;107m[48;2;107;107;107m▀[0m[38;2;65;65;65m[48;2;107;107;107m▀[0m[38;2;107;107;107m[48;2;0;0;0m▀[0m[38;2;107;107;107m[48;2;0;0;0m▀[0m[38;2;123;123;123m[48;2;65;65;65m▀[0m[38;2;65;65;65m[48;2;123;123;123m▀[0m[38;2;65;65;65m[48;2;123;123;123m▀[0m[38;2;107;107;107m[48;2;107;107;107m▀[0m[38;2;107;107;107m[48;2;107;107;107m▀[0m[38;2;107;107;107m[48;2;65;65;65m▀[0m[38;2;123;123;123m[48;2;0;0;0m▀[0m[38;2;65;65;65m[48;2;0;0;0m▀[0m[38;2;0;0;0m▀  
        [38;2;0;0;0m▀[38;2;0;0;0m▀[38;2;0;0;0m▀[38;2;0;0;0m▀  [38;2;0;0;0m[48;2;0;0;0m▀[0m[38;2;230;58;66m[48;2;0;0;0m▀[0m[38;2;65;65;65m[48;2;230;58;66m▀[0m[38;2;123;123;123m[48;2;65;65;65m▀[0m[38;2;123;123;123m[48;2;230;58;66m▀[0m[38;2;0;0;0m[48;2;0;0;0m▀[0m     
                [38;2;0;0;0m▀[38;2;0;0;0m▀[38;2;0;0;0m▀[38;2;0;0;0m▀     
[0m