     [38;2;0;0;0m[48;2;0;0;0m▀[0m[38;2;0;0;0m[48;2;140;190;181m▀[0m[38;2;0;0;0m[48;2;140;190;181m▀[0m[38;2;0;0;0m▄[38;2;0;0;0m▄                
     [38;2;0;0;0m[48;2;0;0;0m▀[0m[38;2;140;190;181m[48;2;140;190;181m▀[0m[38;2;140;190;181m[48;2;139;190;181m▀[0m[38;2;140;190;181m[48;2;139;190;181m▀[0m[38;2;140;190;181m[48;2;139;190;181m▀[0m[38;2;0;0;0m[48;2;139;190;181m▀[0m[38;2;0;0;0m[48;2;140;190;181m▀[0m[38;2;0;0;0m▄             
     [38;2;0;0;0m▀[38;2;140;190;181m[48;2;0;0;0m▀[0m[38;2;139;190;181m[48;2;139;190;181m▀[0m[38;2;139;190;181m[48;2;139;190;181m▀[0m[38;2;139;190;181m[48;2;139;190;181m▀[0m[38;2;139;190;181m[48;2;139;190;181m▀[0m[38;2;140;190;181m[48;2;139;190;181m▀[0m[38;2;140;190;181m[48;2;139;190;181m▀[0m[38;2;0;0;0m[48;2;140;190;181m▀[0m[38;2;0;0;0m▄           
      [38;2;0;0;0m[48;2;0;0;0m▀[0m[38;2;139;190;181m[48;2;96;156;167m▀[0m[38;2;139;190;181m[48;2;140;190;181m▀[0m[38;2;139;190;181m[48;2;140;190;181m▀[0m[38;2;139;190;181m[48;2;140;190;181m▀[0m[38;2;139;190;181m[48;2;140;190;181m▀[0m[38;2;139;190;181m[48;2;140;190;181m▀[0m[38;2;140;190;181m[48;2;139;190;181m▀[0m[38;2;140;190;181m[48;2;139;190;181m▀[0m[38;2;0;0;0m[48;2;0;0;0m▀[0m          
    [38;2;0;0;0m▄[38;2;0;0;0m[48;2;139;190;181m▀[0m[38;2;140;190;181m[48;2;139;190;181m▀[0m[38;2;140;190;181m[48;2;140;190;181m▀[0m[38;2;140;190;181m[48;2;140;190;181m▀[0m[38;2;140;190;181m[48;2;63;136;90m▀[0m[38;2;68;133;98m[48;2;93;171;123m▀[0m[38;2;68;133;98m[48;2;90;174;123m▀[0m[38;2;68;133;98m[48;2;90;174;123m▀[0m[38;2;139;190;181m[48;2;66;138;99m▀[0m[38;2;139;190;181m[48;2;140;195;181m▀[0m[38;2;140;190;181m[48;2;140;190;181m▀[0m[38;2;0;0;0m[48;2;0;0;0m▀[0m         
   [38;2;0;0;0m[48;2;0;0;0m▀[0m[38;2;66;134;99m[48;2;132;190;173m▀[0m[38;2;139;190;181m[48;2;139;190;181m▀[0m[38;2;139;190;181m[48;2;139;190;181m▀[0m[38;2;140;190;181m[48;2;68;132;98m▀[0m[38;2;68;133;98m[48;2;87;175;123m▀[0m[38;2;93;171;123m[48;2;128;203;162m▀[0m[38;2;123;207;156m[48;2;128;203;162m▀[0m[38;2;128;204;161m[48;2;128;203;162m▀[0m[38;2;90;174;123m[48;2;128;203;162m▀[0m[38;2;90;157;126m[48;2;87;175;123m▀[0m[38;2;66;138;99m[48;2;87;175;123m▀[0m[38;2;140;190;181m[48;2;82;117;99m▀[0m[38;2;0;0;0m[48;2;8;0;0m▀[0m         
  [38;2;0;0;0m[48;2;0;0;0m▀[0m[38;2;88;126;115m[48;2;68;133;98m▀[0m[38;2;132;190;173m[48;2;140;190;181m▀[0m[38;2;139;190;181m[48;2;140;190;181m▀[0m[38;2;139;190;181m[48;2;68;133;98m▀[0m[38;2;68;132;98m[48;2;87;175;123m▀[0m[38;2;87;175;123m[48;2;87;175;123m▀[0m[38;2;128;203;162m[48;2;90;174;123m▀[0m[38;2;128;203;162m[48;2;128;204;161m▀[0m[38;2;128;203;162m[48;2;115;211;156m▀[0m[38;2;128;203;162m[48;2;104;167;126m▀[0m[38;2;87;175;123m[48;2;82;77;66m▀[0m[38;2;87;175;123m[48;2;82;77;66m▀[0m[38;2;57;78;66m[48;2;82;81;66m▀[0m[38;2;57;78;66m[48;2;255;255;255m▀[0m[38;2;0;0;0m[48;2;255;255;255m▀[0m[38;2;0;0;0m[48;2;255;255;255m▀[0m[38;2;0;0;0m▄      
  [38;2;0;0;0m▀[38;2;68;133;98m[48;2;0;0;0m▀[0m[38;2;140;190;181m[48;2;71;132;98m▀[0m[38;2;140;190;181m[48;2;140;190;181m▀[0m[38;2;68;133;98m[48;2;68;133;98m▀[0m[38;2;87;175;123m[48;2;87;175;123m▀[0m[38;2;87;175;123m[48;2;87;175;123m▀[0m[38;2;90;174;123m[48;2;87;175;120m▀[0m[38;2;90;174;123m[48;2;82;81;66m▀[0m[38;2;82;81;66m[48;2;255;247;255m▀[0m[38;2;82;81;66m[48;2;129;82;85m▀[0m[38;2;239;251;255m[48;2;255;255;255m▀[0m[38;2;186;193;192m[48;2;165;190;189m▀[0m[38;2;255;255;255m[48;2;247;247;247m▀[0m[38;2;255;255;255m[48;2;82;82;82m▀[0m[38;2;255;255;255m[48;2;0;0;0m▀[0m[38;2;0;0;0m▀       
[38;2;0;0;0m▄[38;2;0;0;0m▄ [38;2;0;0;0m▀[38;2;71;132;98m[48;2;0;0;0m▀[0m[38;2;140;190;181m[48;2;76;120;98m▀[0m[38;2;68;133;98m[48;2;132;199;181m▀[0m[38;2;87;175;123m[48;2;66;138;99m▀[0m[38;2;87;175;123m[48;2;90;157;126m▀[0m[38;2;87;175;120m[48;2;107;65;66m▀[0m[38;2;82;81;66m[48;2;131;102;107m▀[0m[38;2;66;0;0m[48;2;173;60;90m▀[0m[38;2;129;82;85m[48;2;214;255;247m▀[0m[38;2;255;255;255m[48;2;181;191;192m▀[0m[38;2;165;190;189m[48;2;239;255;255m▀[0m[38;2;82;82;82m[48;2;255;251;255m▀[0m[38;2;0;0;0m[48;2;255;251;255m▀[0m[38;2;0;0;0m▄        
[38;2;0;0;0m[48;2;0;0;0m▀[0m[38;2;66;134;99m[48;2;68;133;96m▀[0m[38;2;0;0;0m[48;2;68;133;96m▀[0m[38;2;0;0;0m[48;2;66;65;66m▀[0m[38;2;66;65;66m[48;2;70;134;99m▀[0m[38;2;49;81;57m[48;2;66;134;99m▀[0m[38;2;76;120;98m[48;2;0;0;0m▀[0m[38;2;140;195;181m[48;2;0;0;0m▀[0m[38;2;66;138;99m[48;2;140;190;181m▀[0m[38;2;107;65;66m[48;2;49;105;82m▀[0m[38;2;181;178;189m[48;2;82;86;76m▀[0m[38;2;200;190;194m[48;2;66;65;66m▀[0m[38;2;200;190;194m[48;2;66;65;66m▀[0m[38;2;66;65;66m[48;2;68;133;96m▀[0m[38;2;66;65;66m[48;2;68;133;96m▀[0m[38;2;85;83;85m[48;2;70;134;99m▀[0m[38;2;0;0;0m[48;2;66;65;66m▀[0m[38;2;0;0;0m▄[38;2;0;0;0m▄   [38;2;0;0;0m▄[38;2;0;0;0m▄[38;2;0;0;0m[48;2;90;174;123m▀[0m[38;2;0;0;0m▄
[38;2;0;0;0m[48;2;0;0;0m▀[0m[38;2;68;133;96m[48;2;71;132;98m▀[0m[38;2;68;133;96m[48;2;71;132;98m▀[0m[38;2;70;134;99m[48;2;71;132;98m▀[0m[38;2;70;134;99m[48;2;0;0;0m▀[0m[38;2;0;0;0m▀ [38;2;0;0;0m▄[38;2;0;0;0m[48;2;189;60;90m▀[0m[38;2;82;86;76m[48;2;195;60;90m▀[0m[38;2;148;48;66m[48;2;159;64;73m▀[0m[38;2;70;134;99m[48;2;87;175;123m▀[0m[38;2;70;134;99m[48;2;87;175;123m▀[0m[38;2;74;73;66m[48;2;101;83;82m▀[0m[38;2;74;73;66m[48;2;101;83;82m▀[0m[38;2;66;65;66m[48;2;0;0;0m▀[0m[38;2;70;134;99m[48;2;0;0;0m▀[0m[38;2;71;132;98m[48;2;0;0;0m▀[0m[38;2;71;132;98m[48;2;66;134;99m▀[0m[38;2;0;0;0m[48;2;76;135;98m▀[0m[38;2;0;0;0m[48;2;76;135;98m▀[0m[38;2;0;0;0m[48;2;87;175;123m▀[0m[38;2;90;174;123m[48;2;87;175;123m▀[0m[38;2;90;174;123m[48;2;90;174;123m▀[0m[38;2;90;174;123m[48;2;0;0;0m▀[0m[38;2;0;0;0m▀
 [38;2;0;0;0m[48;2;0;0;0m▀[0m[38;2;71;132;98m[48;2;66;134;99m▀[0m[38;2;71;132;98m[48;2;66;65;66m▀[0m[38;2;0;0;0m[48;2;0;0;0m▀[0m  [38;2;0;4;0m▄[38;2;0;0;0m[48;2;255;255;255m▀[0m[38;2;195;60;90m[48;2;33;81;57m▀[0m[38;2;159;64;73m[48;2;101;139;120m▀[0m[38;2;87;175;123m[48;2;66;134;99m▀[0m[38;2;68;132;98m[48;2;255;255;255m▀[0m[38;2;255;251;247m[48;2;255;255;255m▀[0m[38;2;24;0;0m[48;2;255;255;255m▀[0m[38;2;0;0;0m▄  [38;2;0;0;0m[48;2;0;0;0m▀[0m[38;2;66;65;66m[48;2;87;175;120m▀[0m[38;2;82;170;115m[48;2;87;175;120m▀[0m[38;2;87;175;123m[48;2;90;174;123m▀[0m[38;2;87;175;123m[48;2;90;174;123m▀[0m[38;2;90;174;123m[48;2;0;0;0m▀[0m[38;2;0;0;0m▀ 
  [38;2;0;0;0m▀[38;2;0;0;0m▀   [38;2;0;4;0m▀[38;2;170;171;170m[48;2;0;0;0m▀[0m[38;2;239;255;247m[48;2;165;190;189m▀[0m[38;2;101;139;120m[48;2;165;190;189m▀[0m[38;2;66;134;99m[48;2;165;190;189m▀[0m[38;2;255;255;255m[48;2;165;190;189m▀[0m[38;2;255;255;255m[48;2;170;171;172m▀[0m[38;2;165;190;189m[48;2;0;4;8m▀[0m[38;2;0;0;0m▀ [38;2;0;0;0m[48;2;0;0;0m▀[0m[38;2;90;174;123m[48;2;82;79;70m▀[0m[38;2;82;81;66m[48;2;90;174;123m▀[0m[38;2;87;175;120m[48;2;0;0;0m▀[0m[38;2;90;174;123m[48;2;0;0;0m▀[0m[38;2;0;0;0m▀   
     [38;2;0;0;0m▄[38;2;0;0;0m[48;2;165;186;189m▀[0m[38;2;0;0;0m[48;2;165;190;189m▀[0m[38;2;165;190;189m[48;2;165;190;189m▀[0m[38;2;165;190;189m[48;2;0;0;0m▀[0m[38;2;66;65;66m[48;2;0;0;0m▀[0m[38;2;0;0;0m▀[38;2;0;0;0m▀[38;2;255;255;255m[48;2;0;0;0m▀[0m[38;2;255;255;255m[48;2;255;255;255m▀[0m[38;2;0;0;0m[48;2;255;255;255m▀[0m[38;2;0;0;0m[48;2;101;114;129m▀[0m[38;2;0;0;0m▄[38;2;0;0;0m▀[38;2;0;0;0m▀      
    [38;2;0;0;0m[48;2;0;0;0m▀[0m[38;2;165;186;189m[48;2;156;186;189m▀[0m[38;2;110;124;126m[48;2;104;124;126m▀[0m[38;2;165;190;189m[48;2;165;190;189m▀[0m[38;2;0;0;0m[48;2;0;0;0m▀[0m     [38;2;0;0;0m[48;2;0;0;0m▀[0m[38;2;255;255;255m[48;2;255;255;255m▀[0m[38;2;255;255;255m[48;2;255;255;255m▀[0m[38;2;255;255;255m[48;2;255;255;255m▀[0m[38;2;0;0;0m[48;2;0;4;8m▀[0m       
     [38;2;0;0;0m▀[38;2;0;0;0m▀[38;2;0;0;0m▀       [38;2;0;0;0m[48;2;0;0;0m▀[0m[38;2;255;255;255m[48;2;255;255;255m▀[0m[38;2;170;171;172m[48;2;170;171;170m▀[0m[38;2;255;255;255m[48;2;255;255;255m▀[0m[38;2;0;0;0m[48;2;0;0;0m▀[0m      
                [38;2;0;0;0m▀[38;2;0;4;0m▀[38;2;0;4;0m▀       
[0m