         [38;2;0;0;0m▄[38;2;0;0;0m[48;2;180;214;238m▀[0m[38;2;0;0;0m▄                     
        [38;2;0;0;0m▄[38;2;0;0;0m[48;2;180;214;238m▀[0m[38;2;180;214;238m[48;2;180;214;238m▀[0m[38;2;0;0;0m[48;2;0;0;0m▀[0m                     
       [38;2;0;0;0m▄[38;2;0;16;24m[48;2;222;255;255m▀[0m[38;2;111;135;139m[48;2;111;135;139m▀[0m[38;2;180;214;238m[48;2;180;214;238m▀[0m[38;2;0;0;0m[48;2;0;0;0m▀[0m                     
      [38;2;0;0;0m▄[38;2;0;0;0m[48;2;65;161;172m▀[0m[38;2;255;255;255m[48;2;255;255;255m▀[0m[38;2;65;161;172m[48;2;65;161;172m▀[0m[38;2;0;0;0m[48;2;0;0;0m▀[0m    [38;2;0;0;0m▄[38;2;0;0;0m▄[38;2;0;0;0m▄               
  [38;2;0;0;0m▄[38;2;0;0;0m▄[38;2;0;0;0m▄ [38;2;0;0;0m[48;2;0;0;0m▀[0m[38;2;255;255;255m[48;2;255;255;255m▀[0m[38;2;106;145;160m[48;2;57;68;74m▀[0m[38;2;156;222;246m[48;2;57;68;74m▀[0m[38;2;0;0;0m[48;2;180;214;238m▀[0m[38;2;0;0;0m▄[38;2;0;0;0m▄[38;2;0;0;0m[48;2;180;214;238m▀[0m[38;2;0;8;8m[48;2;98;153;167m▀[0m[38;2;148;226;246m[48;2;98;153;167m▀[0m[38;2;180;214;238m[48;2;0;0;0m▀[0m[38;2;0;0;0m▀               
  [38;2;0;0;0m[48;2;0;0;0m▀[0m[38;2;180;210;230m[48;2;90;105;115m▀[0m[38;2;60;70;76m[48;2;180;210;230m▀[0m[38;2;0;0;0m[48;2;60;70;76m▀[0m[38;2;65;64;65m[48;2;255;255;255m▀[0m[38;2;255;255;255m[48;2;255;255;255m▀[0m[38;2;65;60;57m[48;2;65;60;57m▀[0m[38;2;180;210;230m[48;2;104;110;115m▀[0m[38;2;65;64;65m[48;2;180;214;238m▀[0m[38;2;180;214;238m[48;2;65;64;65m▀[0m[38;2;186;221;227m[48;2;65;161;172m▀[0m[38;2;65;161;172m[48;2;246;250;255m▀[0m[38;2;255;255;255m[48;2;0;0;0m▀[0m[38;2;0;0;0m▀                 
   [38;2;0;0;0m[48;2;0;0;0m▀[0m[38;2;57;101;106m[48;2;246;255;255m▀[0m[38;2;246;255;255m[48;2;120;152;156m▀[0m[38;2;238;255;255m[48;2;117;152;156m▀[0m[38;2;57;101;106m[48;2;178;203;205m▀[0m[38;2;93;98;95m[48;2;180;214;238m▀[0m[38;2;93;98;95m[48;2;180;214;238m▀[0m[38;2;180;214;238m[48;2;180;214;238m▀[0m[38;2;65;64;65m[48;2;180;214;238m▀[0m[38;2;246;255;255m[48;2;41;80;90m▀[0m[38;2;246;255;255m[48;2;109;138;145m▀[0m[38;2;57;105;115m[48;2;82;157;172m▀[0m[38;2;8;0;0m[48;2;82;157;172m▀[0m[38;2;0;0;0m[48;2;180;214;238m▀[0m[38;2;0;0;0m[48;2;0;0;0m▀[0m               
  [38;2;0;0;0m[48;2;0;0;0m▀[0m[38;2;255;255;255m[48;2;255;255;255m▀[0m[38;2;93;149;159m[48;2;93;149;159m▀[0m[38;2;164;222;246m[48;2;57;113;115m▀[0m[38;2;205;226;246m[48;2;65;64;65m▀[0m[38;2;65;64;65m[48;2;205;226;246m▀[0m[38;2;74;76;74m[48;2;230;242;255m▀[0m[38;2;74;76;74m[48;2;74;76;74m▀[0m[38;2;180;214;238m[48;2;180;214;238m▀[0m[38;2;180;214;238m[48;2;139;161;176m▀[0m[38;2;65;64;65m[48;2;65;64;65m▀[0m[38;2;255;255;255m[48;2;65;64;65m▀[0m[38;2;246;255;255m[48;2;194;203;205m▀[0m[38;2;246;255;255m[48;2;90;101;106m▀[0m[38;2;0;0;0m[48;2;94;97;94m▀[0m[38;2;0;0;0m▄               
[38;2;0;0;0m▄[38;2;0;0;0m[48;2;255;255;255m▀[0m[38;2;255;255;255m[48;2;255;255;255m▀[0m[38;2;65;161;172m[48;2;255;255;255m▀[0m[38;2;180;214;238m[48;2;65;161;172m▀[0m[38;2;180;214;238m[48;2;180;214;238m▀[0m[38;2;93;98;95m[48;2;137;156;167m▀[0m[38;2;93;98;95m[48;2;180;214;238m▀[0m[38;2;93;98;95m[48;2;180;214;238m▀[0m[38;2;180;214;238m[48;2;93;98;95m▀[0m[38;2;93;98;95m[48;2;180;214;238m▀[0m[38;2;180;214;238m[48;2;180;214;238m▀[0m[38;2;180;214;238m[48;2;65;64;65m▀[0m[38;2;180;214;238m[48;2;65;64;65m▀[0m[38;2;41;80;90m[48;2;246;255;255m▀[0m[38;2;178;196;200m[48;2;109;138;145m▀[0m[38;2;180;214;238m[48;2;0;0;0m▀[0m[38;2;0;0;0m▀       [38;2;0;0;0m▄[38;2;0;0;0m▄      
[38;2;0;0;0m▀[38;2;255;255;255m[48;2;0;0;0m▀[0m[38;2;106;144;150m[48;2;172;214;238m▀[0m[38;2;74;109;106m[48;2;172;214;238m▀[0m[38;2;180;214;238m[48;2;139;157;168m▀[0m[38;2;180;214;238m[48;2;98;101;98m▀[0m[38;2;180;210;230m[48;2;104;107;115m▀[0m[38;2;180;210;230m[48;2;65;56;57m▀[0m[38;2;142;161;175m[48;2;65;64;65m▀[0m[38;2;142;161;175m[48;2;65;64;65m▀[0m[38;2;65;64;65m[48;2;222;222;222m▀[0m[38;2;65;64;65m[48;2;222;222;222m▀[0m[38;2;222;222;222m[48;2;222;222;222m▀[0m[38;2;0;0;0m[48;2;222;222;222m▀[0m[38;2;65;64;65m[48;2;0;0;0m▀[0m[38;2;0;0;0m▀   [38;2;0;0;0m▄[38;2;0;0;0m▄[38;2;0;0;0m▄[38;2;0;0;0m▄[38;2;0;0;0m[48;2;230;242;255m▀[0m[38;2;8;8;8m[48;2;230;246;255m▀[0m[38;2;230;246;255m[48;2;82;87;90m▀[0m[38;2;230;246;255m[48;2;82;87;90m▀[0m[38;2;8;8;8m[48;2;230;246;255m▀[0m[38;2;0;0;0m▄[38;2;0;0;0m▄   
 [38;2;0;0;0m▀[38;2;0;0;0m▀[38;2;94;97;94m[48;2;0;0;0m▀[0m[38;2;222;222;222m[48;2;0;0;0m▀[0m[38;2;222;222;222m[48;2;0;0;0m▀[0m[38;2;0;0;0m▀[38;2;0;0;0m▀[38;2;222;222;222m[48;2;0;0;0m▀[0m[38;2;222;222;222m[48;2;222;222;222m▀[0m[38;2;222;223;219m[48;2;222;223;219m▀[0m[38;2;222;223;219m[48;2;222;223;219m▀[0m[38;2;222;224;217m[48;2;222;224;217m▀[0m[38;2;222;224;217m[48;2;255;255;255m▀[0m[38;2;255;255;255m[48;2;255;255;255m▀[0m[38;2;0;0;0m[48;2;255;255;255m▀[0m[38;2;0;0;0m[48;2;255;255;255m▀[0m[38;2;0;0;0m[48;2;255;255;255m▀[0m[38;2;0;0;0m[48;2;255;255;255m▀[0m[38;2;255;255;255m[48;2;255;255;255m▀[0m[38;2;255;255;255m[48;2;255;255;255m▀[0m[38;2;255;255;255m[48;2;255;255;255m▀[0m[38;2;255;255;255m[48;2;255;255;255m▀[0m[38;2;65;64;65m[48;2;255;255;255m▀[0m[38;2;94;97;94m[48;2;0;0;0m▀[0m[38;2;0;0;0m▀[38;2;139;157;164m[48;2;0;0;0m▀[0m[38;2;93;105;109m[48;2;0;0;0m▀[0m[38;2;74;82;87m[48;2;131;152;167m▀[0m[38;2;189;222;246m[48;2;16;12;8m▀[0m[38;2;0;0;0m▀  
        [38;2;0;0;0m▀[38;2;222;222;222m[48;2;0;0;0m▀[0m[38;2;222;223;219m[48;2;222;223;219m▀[0m[38;2;222;223;219m[48;2;222;223;219m▀[0m[38;2;216;217;213m[48;2;139;141;131m▀[0m[38;2;139;141;131m[48;2;255;255;255m▀[0m[38;2;255;255;255m[48;2;255;255;255m▀[0m[38;2;255;255;255m[48;2;255;255;255m▀[0m[38;2;255;255;255m[48;2;255;255;255m▀[0m[38;2;255;255;255m[48;2;255;255;255m▀[0m[38;2;255;255;255m[48;2;255;255;255m▀[0m[38;2;139;139;127m[48;2;139;139;127m▀[0m[38;2;255;255;255m[48;2;255;255;255m▀[0m[38;2;255;255;255m[48;2;255;255;255m▀[0m[38;2;255;255;255m[48;2;255;255;255m▀[0m[38;2;255;255;255m[48;2;255;255;255m▀[0m[38;2;0;0;0m[48;2;255;255;255m▀[0m[38;2;0;0;0m▄ [38;2;0;0;0m▄[38;2;8;8;8m[48;2;128;153;167m▀[0m[38;2;189;226;246m[48;2;128;153;167m▀[0m[38;2;0;0;0m[48;2;180;214;238m▀[0m[38;2;0;0;0m[48;2;180;214;238m▀[0m[38;2;0;0;0m▄
        [38;2;0;0;0m[48;2;0;0;0m▀[0m[38;2;238;238;238m[48;2;238;238;238m▀[0m[38;2;255;255;255m[48;2;255;255;255m▀[0m[38;2;255;255;255m[48;2;255;255;255m▀[0m[38;2;255;255;255m[48;2;255;255;255m▀[0m[38;2;255;255;255m[48;2;255;255;255m▀[0m[38;2;255;255;255m[48;2;255;255;255m▀[0m[38;2;255;255;255m[48;2;255;255;255m▀[0m[38;2;255;255;255m[48;2;255;255;255m▀[0m[38;2;255;255;255m[48;2;222;224;217m▀[0m[38;2;255;255;255m[48;2;222;224;217m▀[0m[38;2;255;255;255m[48;2;222;224;217m▀[0m[38;2;255;255;255m[48;2;139;139;127m▀[0m[38;2;255;255;255m[48;2;255;255;255m▀[0m[38;2;255;255;255m[48;2;255;255;255m▀[0m[38;2;255;255;255m[48;2;255;255;255m▀[0m[38;2;255;255;255m[48;2;255;255;255m▀[0m[38;2;0;0;0m[48;2;0;0;0m▀[0m  [38;2;0;0;0m[48;2;0;0;0m▀[0m[38;2;139;161;180m[48;2;139;161;180m▀[0m[38;2;65;64;65m[48;2;0;0;0m▀[0m[38;2;0;0;0m▀ 
       [38;2;0;0;0m[48;2;0;0;0m▀[0m[38;2;222;222;222m[48;2;95;95;95m▀[0m[38;2;222;222;222m[48;2;222;222;222m▀[0m[38;2;222;222;213m[48;2;222;222;213m▀[0m[38;2;112;111;109m[48;2;57;56;57m▀[0m[38;2;255;255;255m[48;2;255;255;255m▀[0m[38;2;255;255;255m[48;2;255;255;255m▀[0m[38;2;255;250;255m[48;2;255;250;255m▀[0m[38;2;84;83;84m[48;2;0;0;0m▀[0m[38;2;222;222;213m[48;2;0;0;0m▀[0m[38;2;222;222;213m[48;2;74;74;71m▀[0m[38;2;65;64;65m[48;2;222;222;222m▀[0m[38;2;65;64;65m[48;2;222;222;222m▀[0m[38;2;134;130;128m[48;2;74;68;65m▀[0m[38;2;255;255;255m[48;2;255;255;255m▀[0m[38;2;255;255;255m[48;2;65;161;172m▀[0m[38;2;255;255;255m[48;2;255;255;255m▀[0m[38;2;0;0;0m[48;2;0;0;0m▀[0m    [38;2;0;0;0m▀   
    [38;2;0;0;0m▄ [38;2;0;0;0m▄[38;2;0;0;0m[48;2;222;222;222m▀[0m[38;2;142;161;175m[48;2;142;161;175m▀[0m[38;2;95;97;95m[48;2;142;161;175m▀[0m[38;2;65;68;74m[48;2;65;68;74m▀[0m[38;2;186;192;194m[48;2;246;255;255m▀[0m[38;2;82;80;82m[48;2;191;196;197m▀[0m[38;2;246;255;255m[48;2;82;80;82m▀[0m[38;2;0;0;0m[48;2;0;0;0m▀[0m  [38;2;0;0;0m▀[38;2;142;155;161m[48;2;0;4;8m▀[0m[38;2;213;230;238m[48;2;142;155;161m▀[0m[38;2;213;222;222m[48;2;213;222;222m▀[0m[38;2;57;64;65m[48;2;161;169;169m▀[0m[38;2;156;222;246m[48;2;41;76;74m▀[0m[38;2;98;149;160m[48;2;98;149;160m▀[0m[38;2;222;222;222m[48;2;222;222;222m▀[0m[38;2;0;0;0m[48;2;0;0;0m▀[0m       
   [38;2;0;0;0m[48;2;0;0;0m▀[0m[38;2;197;226;222m[48;2;197;226;222m▀[0m[38;2;0;4;8m[48;2;131;152;150m▀[0m[38;2;222;222;222m[48;2;222;222;222m▀[0m[38;2;139;160;178m[48;2;139;160;178m▀[0m[38;2;156;159;160m[48;2;65;64;65m▀[0m[38;2;65;64;65m[48;2;246;255;255m▀[0m[38;2;117;152;156m[48;2;178;203;205m▀[0m[38;2;238;255;255m[48;2;57;101;106m▀[0m[38;2;180;214;238m[48;2;180;214;238m▀[0m[38;2;0;0;0m[48;2;180;214;238m▀[0m[38;2;0;0;0m▄  [38;2;0;0;0m▄[38;2;0;0;0m[48;2;139;161;180m▀[0m[38;2;139;161;180m[48;2;139;161;180m▀[0m[38;2;156;159;160m[48;2;65;64;65m▀[0m[38;2;65;64;65m[48;2;246;255;255m▀[0m[38;2;65;161;172m[48;2;65;161;172m▀[0m[38;2;180;214;238m[48;2;180;214;238m▀[0m[38;2;65;161;172m[48;2;65;161;172m▀[0m[38;2;222;222;222m[48;2;65;161;172m▀[0m[38;2;0;0;0m[48;2;139;161;180m▀[0m[38;2;0;0;0m▄     
   [38;2;0;0;0m[48;2;0;0;0m▀[0m[38;2;222;222;213m[48;2;222;222;213m▀[0m[38;2;82;153;172m[48;2;128;176;186m▀[0m[38;2;142;161;175m[48;2;142;161;175m▀[0m[38;2;142;161;175m[48;2;65;64;65m▀[0m[38;2;65;64;65m[48;2;255;255;255m▀[0m[38;2;255;255;255m[48;2;255;255;255m▀[0m[38;2;68;161;175m[48;2;68;161;175m▀[0m[38;2;95;97;95m[48;2;68;161;175m▀[0m[38;2;65;161;172m[48;2;246;250;255m▀[0m[38;2;186;221;227m[48;2;65;161;172m▀[0m[38;2;0;0;0m[48;2;139;161;180m▀[0m[38;2;0;0;0m▄ [38;2;0;0;0m▀[38;2;139;161;180m[48;2;0;0;0m▀[0m[38;2;139;161;180m[48;2;0;0;0m▀[0m[38;2;82;83;82m[48;2;0;0;0m▀[0m[38;2;246;250;246m[48;2;0;0;0m▀[0m[38;2;255;255;255m[48;2;255;255;255m▀[0m[38;2;65;161;172m[48;2;65;161;172m▀[0m[38;2;139;161;180m[48;2;139;161;180m▀[0m[38;2;139;161;180m[48;2;0;0;0m▀[0m[38;2;139;161;180m[48;2;0;0;0m▀[0m[38;2;0;0;0m▀     
    [38;2;0;0;0m▀[38;2;0;0;0m▀[38;2;0;0;0m▀[38;2;0;0;0m▀[38;2;255;255;255m[48;2;0;0;0m▀[0m[38;2;255;255;255m[48;2;0;0;0m▀[0m[38;2;65;157;180m[48;2;186;217;230m▀[0m[38;2;186;217;230m[48;2;246;246;255m▀[0m[38;2;246;255;255m[48;2;246;255;255m▀[0m[38;2;123;133;135m[48;2;0;12;16m▀[0m[38;2;139;161;180m[48;2;0;0;0m▀[0m[38;2;0;0;0m▀      [38;2;0;0;0m▀[38;2;0;0;0m▀[38;2;0;0;0m▀        
          [38;2;0;0;0m▀[38;2;0;0;0m▀[38;2;0;0;0m▀                    
[0m