       [38;2;0;0;0m▄[38;2;0;0;0m[48;2;255;197;181m▀[0m[38;2;0;0;0m[48;2;255;197;181m▀[0m[38;2;0;0;0m[48;2;65;65;65m▀[0m[38;2;0;0;0m▄  
      [38;2;0;0;0m[48;2;0;0;0m▀[0m[38;2;255;197;181m[48;2;255;197;181m▀[0m[38;2;255;197;181m[48;2;255;197;181m▀[0m[38;2;255;197;181m[48;2;65;65;65m▀[0m[38;2;255;197;181m[48;2;255;197;181m▀[0m[38;2;0;0;0m[48;2;0;0;0m▀[0m  
   [38;2;0;0;0m▄[38;2;0;0;0m▄[38;2;0;0;0m[48;2;255;197;181m▀[0m[38;2;239;132;156m[48;2;189;99;107m▀[0m[38;2;239;132;156m[48;2;189;99;107m▀[0m[38;2;0;0;0m[48;2;255;197;181m▀[0m[38;2;65;65;65m[48;2;0;0;0m▀[0m[38;2;255;197;181m[48;2;0;0;0m▀[0m[38;2;0;0;0m▀  
  [38;2;0;0;0m[48;2;0;0;0m▀[0m[38;2;255;197;181m[48;2;255;197;181m▀[0m[38;2;222;148;148m[48;2;189;99;107m▀[0m[38;2;189;99;107m[48;2;255;197;181m▀[0m[38;2;255;197;181m[48;2;222;148;148m▀[0m[38;2;255;197;181m[48;2;189;99;107m▀[0m[38;2;255;197;181m[48;2;255;197;181m▀[0m[38;2;255;197;181m[48;2;255;197;181m▀[0m[38;2;0;0;0m[48;2;255;197;181m▀[0m[38;2;0;0;0m▄  
 [38;2;0;0;0m[48;2;0;0;0m▀[0m[38;2;255;255;255m[48;2;0;0;0m▀[0m[38;2;255;197;181m[48;2;255;197;181m▀[0m[38;2;255;197;181m[48;2;255;197;181m▀[0m[38;2;255;197;181m[48;2;255;255;255m▀[0m[38;2;189;99;107m[48;2;255;197;181m▀[0m[38;2;255;197;181m[48;2;255;197;181m▀[0m[38;2;222;148;148m[48;2;255;197;181m▀[0m[38;2;255;197;181m[48;2;255;197;181m▀[0m[38;2;255;197;181m[48;2;255;197;181m▀[0m[38;2;255;197;181m[48;2;255;197;181m▀[0m[38;2;0;0;0m[48;2;0;0;0m▀[0m 
[38;2;0;0;0m[48;2;0;0;0m▀[0m[38;2;239;132;156m[48;2;255;197;181m▀[0m[38;2;255;197;181m[48;2;65;65;65m▀[0m[38;2;255;197;181m[48;2;255;197;181m▀[0m[38;2;255;197;181m[48;2;255;197;181m▀[0m[38;2;0;0;0m[48;2;255;197;181m▀[0m[38;2;239;132;156m[48;2;239;132;156m▀[0m[38;2;239;132;156m[48;2;239;132;156m▀[0m[38;2;255;197;181m[48;2;255;197;181m▀[0m[38;2;255;197;181m[48;2;255;197;181m▀[0m[38;2;255;197;181m[48;2;255;197;181m▀[0m[38;2;255;197;181m[48;2;255;197;181m▀[0m[38;2;189;189;189m[48;2;255;255;255m▀[0m[38;2;0;0;0m[48;2;0;0;0m▀[0m
[38;2;0;0;0m[48;2;0;0;0m▀[0m[38;2;65;65;65m[48;2;239;132;156m▀[0m[38;2;255;197;181m[48;2;0;0;0m▀[0m[38;2;65;65;65m[48;2;255;255;255m▀[0m[38;2;65;65;65m[48;2;255;255;255m▀[0m[38;2;255;197;181m[48;2;0;0;0m▀[0m[38;2;0;0;0m[48;2;255;197;181m▀[0m[38;2;255;197;181m[48;2;255;197;181m▀[0m[38;2;255;197;181m[48;2;0;0;0m▀[0m[38;2;255;197;181m[48;2;255;255;255m▀[0m[38;2;255;197;181m[48;2;255;255;255m▀[0m[38;2;255;255;255m[48;2;255;255;255m▀[0m[38;2;255;255;255m[48;2;239;132;156m▀[0m[38;2;0;0;0m[48;2;0;0;0m▀[0m
 [38;2;0;0;0m[48;2;0;0;0m▀[0m[38;2;255;255;255m[48;2;0;0;0m▀[0m[38;2;132;132;115m[48;2;255;255;255m▀[0m[38;2;132;132;115m[48;2;255;255;255m▀[0m[38;2;132;132;115m[48;2;255;255;255m▀[0m[38;2;0;0;0m[48;2;255;255;255m▀[0m[38;2;0;0;0m[48;2;255;255;255m▀[0m[38;2;255;255;255m[48;2;255;255;255m▀[0m[38;2;255;255;255m[48;2;239;132;156m▀[0m[38;2;255;255;255m[48;2;239;132;156m▀[0m[38;2;239;132;156m[48;2;189;99;107m▀[0m[38;2;0;0;0m[48;2;0;0;0m▀[0m 
  [38;2;0;0;0m▀[38;2;0;0;0m[48;2;0;0;0m▀[0m[38;2;189;99;107m[48;2;0;0;0m▀[0m[38;2;255;255;255m[48;2;0;0;0m▀[0m[38;2;255;255;255m[48;2;189;99;107m▀[0m[38;2;239;132;156m[48;2;239;132;156m▀[0m[38;2;239;132;156m[48;2;239;132;156m▀[0m[38;2;239;132;156m[48;2;0;0;0m▀[0m[38;2;239;132;156m[48;2;0;0;0m▀[0m[38;2;0;0;0m▀  
      [38;2;0;0;0m▀[38;2;0;0;0m▀[38;2;0;0;0m▀     
[0m