    [38;2;0;4;0m[48;2;0;4;0m▀[0m[38;2;0;4;0m▄   [38;2;0;4;0m▄[38;2;0;4;0m[48;2;94;97;94m▀[0m[38;2;0;4;0m▄             
   [38;2;0;4;0m[48;2;0;4;0m▀[0m[38;2;82;78;68m[48;2;82;78;68m▀[0m[38;2;0;4;0m[48;2;82;79;70m▀[0m[38;2;0;4;0m▄[38;2;0;4;0m[48;2;132;131;104m▀[0m[38;2;0;4;0m[48;2;132;131;104m▀[0m[38;2;66;65;66m[48;2;66;65;66m▀[0m[38;2;94;97;94m[48;2;94;97;94m▀[0m[38;2;0;4;0m[48;2;94;97;94m▀[0m[38;2;0;4;0m▄            
   [38;2;0;8;0m[48;2;0;8;0m▀[0m[38;2;71;70;66m[48;2;107;101;99m▀[0m[38;2;132;130;107m[48;2;94;97;94m▀[0m[38;2;132;130;107m[48;2;132;130;107m▀[0m[38;2;132;132;104m[48;2;132;132;104m▀[0m[38;2;66;65;66m[48;2;66;65;66m▀[0m[38;2;82;101;123m[48;2;255;255;255m▀[0m[38;2;82;101;123m[48;2;82;101;123m▀[0m[38;2;255;255;255m[48;2;255;255;255m▀[0m[38;2;82;81;66m[48;2;255;255;255m▀[0m[38;2;0;4;0m[48;2;0;4;0m▀[0m           
  [38;2;0;4;0m[48;2;0;4;0m▀[0m[38;2;94;97;94m[48;2;94;97;94m▀[0m[38;2;94;97;94m[48;2;66;65;66m▀[0m[38;2;95;97;95m[48;2;95;97;95m▀[0m[38;2;95;97;95m[48;2;95;97;95m▀[0m[38;2;99;97;90m[48;2;82;81;73m▀[0m[38;2;66;65;57m[48;2;82;81;73m▀[0m[38;2;87;121;145m[48;2;24;56;90m▀[0m[38;2;150;186;200m[48;2;214;251;255m▀[0m[38;2;255;255;255m[48;2;255;255;255m▀[0m[38;2;255;255;255m[48;2;66;65;66m▀[0m[38;2;74;71;68m[48;2;74;71;68m▀[0m[38;2;0;4;0m[48;2;0;4;0m▀[0m          
  [38;2;0;4;0m▀[38;2;82;78;54m[48;2;0;8;24m▀[0m[38;2;82;78;54m[48;2;247;219;115m▀[0m[38;2;82;78;68m[48;2;247;219;107m▀[0m[38;2;82;78;68m[48;2;247;219;107m▀[0m[38;2;247;219;107m[48;2;247;219;107m▀[0m[38;2;247;219;107m[48;2;192;181;63m▀[0m[38;2;192;181;66m[48;2;192;181;66m▀[0m[38;2;66;65;66m[48;2;192;181;66m▀[0m[38;2;66;65;66m[48;2;66;65;66m▀[0m[38;2;82;78;68m[48;2;82;78;68m▀[0m[38;2;82;79;70m[48;2;0;4;0m▀[0m[38;2;0;4;0m▀          
    [38;2;0;4;0m▀[38;2;0;4;0m▀[38;2;189;178;66m[48;2;0;4;0m▀[0m[38;2;189;182;66m[48;2;0;4;16m▀[0m[38;2;189;182;66m[48;2;63;63;32m▀[0m[38;2;194;179;66m[48;2;74;69;66m▀[0m[38;2;74;69;66m[48;2;74;69;66m▀[0m[38;2;82;78;68m[48;2;82;78;68m▀[0m[38;2;0;4;0m[48;2;0;4;0m▀[0m            
       [38;2;0;4;0m▄[38;2;0;4;0m[48;2;94;97;94m▀[0m[38;2;82;79;68m[48;2;82;79;68m▀[0m[38;2;82;79;68m[48;2;82;79;68m▀[0m[38;2;68;70;66m[48;2;99;101;99m▀[0m[38;2;8;8;0m[48;2;99;101;99m▀[0m[38;2;0;4;0m▄           
    [38;2;0;4;0m▄[38;2;0;4;0m▄[38;2;0;4;0m▄[38;2;0;4;0m[48;2;94;97;94m▀[0m[38;2;94;97;94m[48;2;94;97;94m▀[0m[38;2;95;97;95m[48;2;95;97;95m▀[0m[38;2;95;97;95m[48;2;95;97;95m▀[0m[38;2;95;97;95m[48;2;95;97;95m▀[0m[38;2;95;97;95m[48;2;95;97;95m▀[0m[38;2;0;4;0m[48;2;82;79;70m▀[0m[38;2;0;4;0m▄        [38;2;0;4;0m▄ 
   [38;2;0;4;0m▀[38;2;206;105;66m[48;2;0;4;0m▀[0m[38;2;197;112;71m[48;2;255;130;74m▀[0m[38;2;82;77;66m[48;2;82;77;66m▀[0m[38;2;94;97;94m[48;2;82;81;66m▀[0m[38;2;94;97;94m[48;2;94;97;94m▀[0m[38;2;93;95;95m[48;2;79;77;68m▀[0m[38;2;93;95;95m[48;2;79;77;68m▀[0m[38;2;82;81;66m[48;2;82;81;66m▀[0m[38;2;82;81;66m[48;2;255;138;82m▀[0m[38;2;206;109;74m[48;2;103;60;45m▀[0m[38;2;206;109;74m[48;2;0;12;16m▀[0m[38;2;0;4;0m▀      [38;2;0;4;0m[48;2;0;4;0m▀[0m[38;2;94;97;94m[48;2;94;97;94m▀[0m[38;2;0;4;0m[48;2;0;4;0m▀[0m
 [38;2;0;4;0m▄[38;2;0;4;0m[48;2;82;79;70m▀[0m[38;2;0;4;0m[48;2;189;178;66m▀[0m[38;2;189;178;66m[48;2;189;178;66m▀[0m[38;2;66;65;66m[48;2;66;65;66m▀[0m[38;2;255;138;82m[48;2;66;65;66m▀[0m[38;2;255;138;82m[48;2;255;138;82m▀[0m[38;2;74;73;66m[48;2;74;73;66m▀[0m[38;2;255;138;82m[48;2;255;138;82m▀[0m[38;2;255;138;82m[48;2;66;65;66m▀[0m[38;2;74;69;66m[48;2;247;219;107m▀[0m[38;2;74;69;66m[48;2;74;69;66m▀[0m[38;2;247;142;90m[48;2;82;52;35m▀[0m[38;2;0;8;8m[48;2;0;8;8m▀[0m     [38;2;0;4;0m▄[38;2;0;4;0m[48;2;255;138;82m▀[0m[38;2;255;138;82m[48;2;255;138;82m▀[0m[38;2;255;138;82m[48;2;0;4;0m▀[0m[38;2;0;4;0m▀
[38;2;0;4;0m[48;2;0;4;0m▀[0m[38;2;82;78;68m[48;2;82;78;68m▀[0m[38;2;82;78;68m[48;2;0;4;0m▀[0m[38;2;0;4;0m▀[38;2;189;178;66m[48;2;0;4;0m▀[0m[38;2;74;52;49m[48;2;164;129;69m▀[0m[38;2;255;207;90m[48;2;164;129;69m▀[0m[38;2;66;65;66m[48;2;247;219;107m▀[0m[38;2;247;219;107m[48;2;247;219;107m▀[0m[38;2;66;65;66m[48;2;247;219;107m▀[0m[38;2;247;219;107m[48;2;66;65;66m▀[0m[38;2;49;52;74m[48;2;112;105;87m▀[0m[38;2;239;211;115m[48;2;112;105;87m▀[0m[38;2;247;219;115m[48;2;82;73;49m▀[0m[38;2;0;0;16m[48;2;247;219;115m▀[0m[38;2;0;4;0m▄[38;2;0;4;0m▄[38;2;0;4;0m▄[38;2;0;4;0m[48;2;189;178;66m▀[0m[38;2;0;4;0m[48;2;247;219;107m▀[0m[38;2;247;219;107m[48;2;247;219;107m▀[0m[38;2;247;190;99m[48;2;247;190;99m▀[0m[38;2;247;190;99m[48;2;0;4;0m▀[0m[38;2;0;4;0m▀ 
 [38;2;0;4;0m▀ [38;2;0;4;0m▄[38;2;0;4;0m[48;2;189;178;66m▀[0m[38;2;206;105;66m[48;2;167;124;66m▀[0m[38;2;148;134;66m[48;2;206;105;66m▀[0m[38;2;247;219;107m[48;2;144;135;53m▀[0m[38;2;247;219;107m[48;2;247;219;107m▀[0m[38;2;247;223;99m[48;2;247;223;99m▀[0m[38;2;66;69;57m[48;2;186;171;85m▀[0m[38;2;94;97;94m[48;2;66;65;66m▀[0m[38;2;66;65;66m[48;2;66;65;66m▀[0m[38;2;66;77;74m[48;2;160;111;82m▀[0m[38;2;160;111;82m[48;2;255;146;90m▀[0m[38;2;255;146;90m[48;2;160;111;82m▀[0m[38;2;66;77;74m[48;2;160;111;82m▀[0m[38;2;192;181;66m[48;2;66;65;66m▀[0m[38;2;192;181;66m[48;2;192;181;66m▀[0m[38;2;170;156;71m[48;2;0;8;0m▀[0m[38;2;255;231;107m[48;2;0;8;0m▀[0m[38;2;0;4;0m▀   
   [38;2;0;4;0m▀[38;2;189;178;66m[48;2;0;4;0m▀[0m[38;2;198;174;74m[48;2;74;60;74m▀[0m[38;2;156;136;74m[48;2;198;174;74m▀[0m[38;2;165;121;90m[48;2;0;4;0m▀[0m[38;2;0;4;0m▀[38;2;189;178;66m[48;2;0;4;0m▀[0m[38;2;189;178;66m[48;2;0;4;0m▀[0m[38;2;181;150;74m[48;2;0;4;0m▀[0m[38;2;181;150;74m[48;2;0;4;0m▀[0m[38;2;227;169;96m[48;2;173;117;90m▀[0m[38;2;173;117;90m[48;2;255;195;99m▀[0m[38;2;247;219;107m[48;2;247;219;107m▀[0m[38;2;247;219;107m[48;2;192;181;63m▀[0m[38;2;66;64;66m[48;2;0;4;0m▀[0m[38;2;0;4;0m▀      
   [38;2;0;4;0m▀[38;2;82;79;70m[48;2;0;4;0m▀[0m[38;2;82;78;68m[48;2;0;4;0m▀[0m[38;2;82;78;68m[48;2;0;4;0m▀[0m[38;2;0;4;0m▀     [38;2;0;4;0m▀[38;2;189;178;66m[48;2;0;4;0m▀[0m[38;2;189;182;90m[48;2;94;93;49m▀[0m[38;2;0;4;8m[48;2;0;4;8m▀[0m        
             [38;2;0;4;0m▀[38;2;94;97;94m[48;2;0;4;0m▀[0m[38;2;66;66;66m[48;2;0;4;0m▀[0m[38;2;99;97;99m[48;2;0;4;0m▀[0m[38;2;0;4;0m▀       
[0m