             [38;2;0;0;0m[48;2;0;0;0m▀[0m[38;2;0;0;0m[48;2;74;123;206m▀[0m[38;2;0;0;0m▄                  
             [38;2;0;0;0m[48;2;0;0;0m▀[0m[38;2;74;123;206m[48;2;74;123;206m▀[0m[38;2;0;0;0m[48;2;74;123;206m▀[0m[38;2;0;0;0m▄                 
             [38;2;0;0;0m[48;2;0;0;0m▀[0m[38;2;74;123;206m[48;2;74;123;206m▀[0m[38;2;74;123;206m[48;2;74;123;206m▀[0m[38;2;0;0;0m[48;2;74;123;206m▀[0m[38;2;0;0;0m▄                
       [38;2;0;0;0m▄[38;2;0;0;0m[48;2;74;123;206m▀[0m[38;2;0;0;0m▄   [38;2;0;0;0m[48;2;0;0;0m▀[0m[38;2;74;123;206m[48;2;74;123;206m▀[0m[38;2;74;123;206m[48;2;74;123;206m▀[0m[38;2;74;123;206m[48;2;74;123;206m▀[0m[38;2;0;0;0m[48;2;0;0;0m▀[0m    [38;2;0;0;0m▄           
       [38;2;0;0;0m[48;2;0;0;0m▀[0m[38;2;58;90;148m[48;2;58;90;148m▀[0m[38;2;0;0;0m[48;2;0;0;0m▀[0m  [38;2;0;0;0m[48;2;0;0;0m▀[0m[38;2;58;90;148m[48;2;74;123;206m▀[0m[38;2;58;90;148m[48;2;74;123;206m▀[0m[38;2;74;123;206m[48;2;74;123;206m▀[0m[38;2;74;123;206m[48;2;74;123;206m▀[0m[38;2;74;123;206m[48;2;74;123;206m▀[0m[38;2;0;0;0m[48;2;0;0;0m▀[0m  [38;2;0;0;0m[48;2;0;0;0m▀[0m[38;2;107;165;247m[48;2;74;123;206m▀[0m[38;2;0;0;0m[48;2;0;0;0m▀[0m          
        [38;2;0;0;0m▀[38;2;58;90;148m[48;2;0;0;0m▀[0m[38;2;0;0;0m[48;2;58;90;148m▀[0m[38;2;0;0;0m[48;2;65;65;65m▀[0m[38;2;58;90;148m[48;2;74;123;206m▀[0m[38;2;58;90;148m[48;2;74;123;206m▀[0m[38;2;74;123;206m[48;2;74;123;206m▀[0m[38;2;74;123;206m[48;2;58;90;148m▀[0m[38;2;74;123;206m[48;2;74;123;206m▀[0m[38;2;74;123;206m[48;2;74;123;206m▀[0m[38;2;0;0;0m[48;2;74;123;206m▀[0m[38;2;0;0;0m▄[38;2;0;0;0m[48;2;74;123;206m▀[0m[38;2;74;123;206m[48;2;0;0;0m▀[0m[38;2;65;65;65m[48;2;0;0;0m▀[0m[38;2;0;0;0m▀          
         [38;2;0;0;0m▀[38;2;58;90;148m[48;2;0;0;0m▀[0m[38;2;58;90;148m[48;2;58;90;148m▀[0m[38;2;65;65;65m[48;2;58;90;148m▀[0m[38;2;58;90;148m[48;2;65;65;65m▀[0m[38;2;58;90;148m[48;2;74;123;206m▀[0m[38;2;74;123;206m[48;2;74;123;206m▀[0m[38;2;74;123;206m[48;2;74;123;206m▀[0m[38;2;74;123;206m[48;2;65;65;65m▀[0m[38;2;65;65;65m[48;2;74;123;206m▀[0m[38;2;74;123;206m[48;2;65;65;65m▀[0m[38;2;0;0;0m[48;2;0;0;0m▀[0m[38;2;0;0;0m[48;2;0;0;0m▀[0m            
        [38;2;0;0;0m[48;2;0;0;0m▀[0m[38;2;0;0;0m[48;2;74;123;206m▀[0m[38;2;0;0;0m▄[38;2;0;0;0m[48;2;0;0;0m▀[0m[38;2;65;65;65m[48;2;74;123;206m▀[0m[38;2;58;90;148m[48;2;239;107;74m▀[0m[38;2;239;107;74m[48;2;239;107;74m▀[0m[38;2;239;107;74m[48;2;74;123;206m▀[0m[38;2;65;65;65m[48;2;74;123;206m▀[0m[38;2;74;123;206m[48;2;65;65;65m▀[0m[38;2;65;65;65m[48;2;74;123;206m▀[0m[38;2;74;123;206m[48;2;74;123;206m▀[0m[38;2;74;123;206m[48;2;74;123;206m▀[0m[38;2;0;0;0m[48;2;0;0;0m▀[0m[38;2;0;0;0m▄           
   [38;2;0;0;0m▄[38;2;0;0;0m▄[38;2;0;0;0m▄  [38;2;0;0;0m[48;2;0;0;0m▀[0m[38;2;74;123;206m[48;2;0;0;0m▀[0m[38;2;74;123;206m[48;2;74;123;206m▀[0m[38;2;65;65;65m[48;2;74;123;206m▀[0m[38;2;239;107;74m[48;2;65;65;65m▀[0m[38;2;239;107;74m[48;2;65;65;65m▀[0m[38;2;239;107;74m[48;2;239;107;74m▀[0m[38;2;239;107;74m[48;2;197;99;58m▀[0m[38;2;239;107;74m[48;2;0;0;0m▀[0m[38;2;239;107;74m[48;2;255;222;49m▀[0m[38;2;65;65;65m[48;2;65;65;65m▀[0m[38;2;74;123;206m[48;2;74;123;206m▀[0m[38;2;74;123;206m[48;2;239;107;74m▀[0m[38;2;239;107;74m[48;2;74;123;206m▀[0m[38;2;74;123;206m[48;2;74;123;206m▀[0m[38;2;0;0;0m[48;2;65;65;65m▀[0m[38;2;0;0;0m▄         
 [38;2;0;0;0m▄[38;2;0;0;0m[48;2;58;90;148m▀[0m[38;2;58;90;148m[48;2;58;90;148m▀[0m[38;2;58;90;148m[48;2;58;90;148m▀[0m[38;2;58;90;148m[48;2;58;90;148m▀[0m[38;2;0;0;0m[48;2;58;90;148m▀[0m[38;2;0;0;0m[48;2;65;65;65m▀[0m[38;2;65;65;65m[48;2;0;0;0m▀[0m[38;2;0;0;0m[48;2;0;0;0m▀[0m[38;2;65;65;65m[48;2;58;90;148m▀[0m[38;2;74;123;206m[48;2;65;65;65m▀[0m[38;2;74;123;206m[48;2;65;65;65m▀[0m[38;2;74;123;206m[48;2;74;123;206m▀[0m[38;2;74;123;206m[48;2;74;123;206m▀[0m[38;2;65;65;65m[48;2;74;123;206m▀[0m[38;2;255;222;49m[48;2;65;65;65m▀[0m[38;2;173;140;16m[48;2;65;65;65m▀[0m[38;2;65;65;65m[48;2;74;123;206m▀[0m[38;2;74;123;206m[48;2;74;123;206m▀[0m[38;2;239;107;74m[48;2;197;99;58m▀[0m[38;2;74;123;206m[48;2;74;123;206m▀[0m[38;2;74;123;206m[48;2;74;123;206m▀[0m[38;2;74;123;206m[48;2;65;65;65m▀[0m[38;2;0;0;0m[48;2;74;123;206m▀[0m[38;2;0;0;0m[48;2;0;0;0m▀[0m[38;2;0;0;0m▄ [38;2;0;0;0m▄[38;2;0;0;0m▄    
[38;2;0;0;0m▄[38;2;0;0;0m[48;2;255;255;255m▀[0m[38;2;239;107;74m[48;2;58;90;148m▀[0m[38;2;58;90;148m[48;2;197;99;58m▀[0m[38;2;58;90;148m[48;2;58;90;148m▀[0m[38;2;58;90;148m[48;2;58;90;148m▀[0m[38;2;58;90;148m[48;2;58;90;148m▀[0m[38;2;58;90;148m[48;2;58;90;148m▀[0m[38;2;65;65;65m[48;2;0;0;0m▀[0m[38;2;58;90;148m[48;2;0;0;0m▀[0m[38;2;0;0;0m▀[38;2;0;0;0m[48;2;0;0;0m▀[0m[38;2;239;107;74m[48;2;74;123;206m▀[0m[38;2;65;65;65m[48;2;239;107;74m▀[0m[38;2;65;65;65m[48;2;239;107;74m▀[0m[38;2;65;65;65m[48;2;239;107;74m▀[0m[38;2;65;65;65m[48;2;239;107;74m▀[0m[38;2;74;123;206m[48;2;239;107;74m▀[0m[38;2;74;123;206m[48;2;239;107;74m▀[0m[38;2;239;107;74m[48;2;74;123;206m▀[0m[38;2;197;99;58m[48;2;74;123;206m▀[0m[38;2;58;90;148m[48;2;197;99;58m▀[0m[38;2;58;90;148m[48;2;58;90;148m▀[0m[38;2;65;65;65m[48;2;58;90;148m▀[0m[38;2;74;123;206m[48;2;65;65;65m▀[0m[38;2;74;123;206m[48;2;74;123;206m▀[0m[38;2;0;0;0m[48;2;65;65;65m▀[0m[38;2;0;0;0m[48;2;74;123;206m▀[0m[38;2;58;90;148m[48;2;74;123;206m▀[0m[38;2;74;123;206m[48;2;58;90;148m▀[0m[38;2;0;0;0m[48;2;58;90;148m▀[0m[38;2;0;0;0m[48;2;74;123;206m▀[0m[38;2;0;0;0m▄ 
[38;2;0;0;0m▀[38;2;58;90;148m[48;2;0;0;0m▀[0m[38;2;58;90;148m[48;2;197;197;197m▀[0m[38;2;58;90;148m[48;2;58;90;148m▀[0m[38;2;197;99;58m[48;2;197;99;58m▀[0m[38;2;58;90;148m[48;2;58;90;148m▀[0m[38;2;58;90;148m[48;2;0;0;0m▀[0m[38;2;58;90;148m[48;2;0;0;0m▀[0m[38;2;0;0;0m▀[38;2;0;0;0m▄[38;2;0;0;0m[48;2;58;90;148m▀[0m[38;2;197;99;58m[48;2;197;99;58m▀[0m[38;2;65;65;65m[48;2;65;65;65m▀[0m[38;2;74;123;206m[48;2;65;65;65m▀[0m[38;2;74;123;206m[48;2;65;65;65m▀[0m[38;2;74;123;206m[48;2;65;65;65m▀[0m[38;2;74;123;206m[48;2;65;65;65m▀[0m[38;2;65;65;65m[48;2;65;65;65m▀[0m[38;2;74;123;206m[48;2;74;123;206m▀[0m[38;2;74;123;206m[48;2;74;123;206m▀[0m[38;2;74;123;206m[48;2;239;107;74m▀[0m[38;2;65;65;65m[48;2;74;123;206m▀[0m[38;2;65;65;65m[48;2;74;123;206m▀[0m[38;2;58;90;148m[48;2;65;65;65m▀[0m[38;2;173;140;16m[48;2;173;140;16m▀[0m[38;2;65;65;65m[48;2;65;65;65m▀[0m[38;2;74;123;206m[48;2;74;123;206m▀[0m[38;2;74;123;206m[48;2;74;123;206m▀[0m[38;2;74;123;206m[48;2;74;123;206m▀[0m[38;2;74;123;206m[48;2;74;123;206m▀[0m[38;2;58;90;148m[48;2;58;90;148m▀[0m[38;2;58;90;148m[48;2;74;123;206m▀[0m[38;2;0;0;0m[48;2;58;90;148m▀[0m[38;2;0;0;0m▄
  [38;2;0;0;0m▀[38;2;0;0;0m▀[38;2;0;0;0m▀[38;2;0;0;0m▀   [38;2;0;0;0m▀[38;2;58;90;148m[48;2;0;0;0m▀[0m[38;2;58;90;148m[48;2;65;65;65m▀[0m[38;2;197;99;58m[48;2;65;65;65m▀[0m[38;2;65;65;65m[48;2;0;0;0m▀[0m[38;2;74;123;206m[48;2;0;0;0m▀[0m[38;2;74;123;206m[48;2;65;65;65m▀[0m[38;2;74;123;206m[48;2;65;65;65m▀[0m[38;2;65;65;65m[48;2;65;65;65m▀[0m[38;2;58;90;148m[48;2;0;0;0m▀[0m[38;2;239;107;74m[48;2;197;99;58m▀[0m[38;2;74;123;206m[48;2;58;90;148m▀[0m[38;2;74;123;206m[48;2;74;123;206m▀[0m[38;2;74;123;206m[48;2;74;123;206m▀[0m[38;2;74;123;206m[48;2;74;123;206m▀[0m[38;2;65;65;65m[48;2;0;0;0m▀[0m[38;2;0;0;0m▀[38;2;74;123;206m[48;2;0;0;0m▀[0m[38;2;74;123;206m[48;2;74;123;206m▀[0m[38;2;74;123;206m[48;2;74;123;206m▀[0m[38;2;74;123;206m[48;2;74;123;206m▀[0m[38;2;74;123;206m[48;2;239;107;74m▀[0m[38;2;239;107;74m[48;2;58;90;148m▀[0m[38;2;239;107;74m[48;2;58;90;148m▀[0m[38;2;0;0;0m[48;2;0;0;0m▀[0m
         [38;2;0;0;0m▀[38;2;197;197;197m[48;2;0;0;0m▀[0m[38;2;58;90;148m[48;2;0;0;0m▀[0m[38;2;58;90;148m[48;2;0;0;0m▀[0m[38;2;0;0;0m▀ [38;2;0;0;0m▀[38;2;0;0;0m▀[38;2;0;0;0m▀ [38;2;0;0;0m▀[38;2;0;0;0m▀[38;2;58;90;148m[48;2;0;0;0m▀[0m[38;2;58;90;148m[48;2;65;65;65m▀[0m[38;2;65;65;65m[48;2;0;0;0m▀[0m[38;2;0;0;0m[48;2;0;0;0m▀[0m[38;2;0;0;0m▀ [38;2;0;0;0m▀[38;2;0;0;0m▀[38;2;239;107;74m[48;2;0;0;0m▀[0m[38;2;58;90;148m[48;2;255;255;255m▀[0m[38;2;74;123;206m[48;2;0;0;0m▀[0m[38;2;255;255;255m[48;2;0;0;0m▀[0m[38;2;0;0;0m▀
                    [38;2;0;0;0m▀[38;2;58;90;148m[48;2;0;0;0m▀[0m[38;2;197;197;197m[48;2;0;0;0m▀[0m[38;2;255;255;255m[48;2;0;0;0m▀[0m[38;2;0;0;0m[48;2;0;0;0m▀[0m     [38;2;0;0;0m▀[38;2;0;0;0m▀  
[0m