         [38;2;0;0;0m▄[38;2;0;0;0m[48;2;255;90;140m▀[0m[38;2;0;0;0m[48;2;255;90;140m▀[0m[38;2;0;0;0m[48;2;255;90;140m▀[0m[38;2;0;0;0m▄       
  [38;2;0;0;0m▄[38;2;0;0;0m▄    [38;2;0;0;0m[48;2;0;0;0m▀[0m[38;2;255;90;140m[48;2;206;58;107m▀[0m[38;2;255;90;140m[48;2;255;90;140m▀[0m[38;2;255;90;140m[48;2;255;90;140m▀[0m[38;2;255;90;140m[48;2;206;58;107m▀[0m[38;2;206;58;107m[48;2;206;58;107m▀[0m[38;2;0;0;0m[48;2;65;65;65m▀[0m[38;2;0;0;0m▄[38;2;0;0;0m[48;2;206;58;107m▀[0m[38;2;0;0;0m[48;2;0;0;0m▀[0m   
 [38;2;0;0;0m[48;2;0;0;0m▀[0m[38;2;65;65;65m[48;2;65;65;65m▀[0m[38;2;0;0;0m[48;2;65;65;65m▀[0m[38;2;0;0;0m▄[38;2;0;0;0m▄[38;2;0;0;0m▄[38;2;0;0;0m[48;2;255;90;140m▀[0m[38;2;65;65;65m[48;2;255;90;140m▀[0m[38;2;65;65;65m[48;2;255;90;140m▀[0m[38;2;65;65;65m[48;2;255;90;140m▀[0m[38;2;65;65;65m[48;2;255;90;140m▀[0m[38;2;206;58;107m[48;2;65;65;65m▀[0m[38;2;65;65;65m[48;2;65;65;65m▀[0m[38;2;206;58;107m[48;2;206;58;107m▀[0m[38;2;206;58;107m[48;2;0;0;0m▀[0m[38;2;206;58;107m[48;2;0;0;0m▀[0m[38;2;0;0;0m▀   
[38;2;0;0;0m[48;2;0;0;0m▀[0m[38;2;65;65;65m[48;2;65;65;65m▀[0m[38;2;65;65;65m[48;2;156;123;49m▀[0m[38;2;156;123;49m[48;2;247;222;58m▀[0m[38;2;206;181;49m[48;2;65;65;65m▀[0m[38;2;156;123;49m[48;2;65;65;65m▀[0m[38;2;255;90;140m[48;2;197;197;255m▀[0m[38;2;206;58;107m[48;2;247;222;58m▀[0m[38;2;197;197;255m[48;2;197;197;255m▀[0m[38;2;206;58;107m[48;2;197;197;255m▀[0m[38;2;255;90;140m[48;2;206;58;107m▀[0m[38;2;255;90;140m[48;2;197;197;255m▀[0m[38;2;255;90;140m[48;2;206;58;107m▀[0m[38;2;206;58;107m[48;2;206;58;107m▀[0m[38;2;0;0;0m[48;2;206;58;107m▀[0m[38;2;0;0;0m▄[38;2;0;0;0m▄ [38;2;0;0;0m▄[38;2;0;0;0m[48;2;132;132;132m▀[0m[38;2;0;0;0m▄
[38;2;0;0;0m▀[38;2;65;65;65m[48;2;0;0;0m▀[0m[38;2;247;222;58m[48;2;247;222;58m▀[0m[38;2;206;58;107m[48;2;206;58;107m▀[0m[38;2;65;65;65m[48;2;65;65;65m▀[0m[38;2;197;197;255m[48;2;33;132;49m▀[0m[38;2;247;222;58m[48;2;247;222;58m▀[0m[38;2;197;197;255m[48;2;197;197;255m▀[0m[38;2;247;222;58m[48;2;247;222;58m▀[0m[38;2;197;197;255m[48;2;197;197;255m▀[0m[38;2;197;197;255m[48;2;197;197;255m▀[0m[38;2;197;197;255m[48;2;49;115;58m▀[0m[38;2;197;197;255m[48;2;206;58;107m▀[0m[38;2;206;58;107m[48;2;255;90;140m▀[0m[38;2;255;90;140m[48;2;65;65;65m▀[0m[38;2;65;65;65m[48;2;247;222;58m▀[0m[38;2;247;222;58m[48;2;65;65;65m▀[0m[38;2;0;0;0m[48;2;65;65;65m▀[0m[38;2;65;65;65m[48;2;132;132;132m▀[0m[38;2;132;132;132m[48;2;65;65;65m▀[0m[38;2;0;0;0m[48;2;0;0;0m▀[0m
 [38;2;0;0;0m▀[38;2;206;181;49m[48;2;65;65;65m▀[0m[38;2;206;58;107m[48;2;206;181;49m▀[0m[38;2;65;65;65m[48;2;206;58;107m▀[0m[38;2;66;181;82m[48;2;65;65;65m▀[0m[38;2;197;197;255m[48;2;197;197;255m▀[0m[38;2;247;222;58m[48;2;197;197;255m▀[0m[38;2;197;197;255m[48;2;197;197;255m▀[0m[38;2;49;115;58m[48;2;66;181;82m▀[0m[38;2;49;115;58m[48;2;255;255;255m▀[0m[38;2;66;181;82m[48;2;33;132;49m▀[0m[38;2;247;222;58m[48;2;247;222;58m▀[0m[38;2;255;90;140m[48;2;255;90;140m▀[0m[38;2;65;65;65m[48;2;65;65;65m▀[0m[38;2;247;222;58m[48;2;206;181;49m▀[0m[38;2;65;65;65m[48;2;156;123;49m▀[0m[38;2;65;65;65m[48;2;65;65;65m▀[0m[38;2;65;65;65m[48;2;65;65;65m▀[0m[38;2;65;65;65m[48;2;0;0;0m▀[0m[38;2;0;0;0m▀
   [38;2;0;0;0m[48;2;0;0;0m▀[0m[38;2;0;0;0m[48;2;123;132;173m▀[0m[38;2;65;65;65m[48;2;206;181;49m▀[0m[38;2;197;197;255m[48;2;65;65;65m▀[0m[38;2;197;197;255m[48;2;65;65;65m▀[0m[38;2;197;197;255m[48;2;65;65;65m▀[0m[38;2;197;197;255m[48;2;197;197;255m▀[0m[38;2;33;132;49m[48;2;197;197;255m▀[0m[38;2;247;222;58m[48;2;197;197;255m▀[0m[38;2;197;197;255m[48;2;65;65;65m▀[0m[38;2;65;65;65m[48;2;206;181;49m▀[0m[38;2;206;58;107m[48;2;65;65;65m▀[0m[38;2;65;65;65m[48;2;65;65;65m▀[0m[38;2;206;181;49m[48;2;65;65;65m▀[0m[38;2;206;181;49m[48;2;0;0;0m▀[0m[38;2;0;0;0m[48;2;0;0;0m▀[0m  
  [38;2;0;0;0m[48;2;0;0;0m▀[0m[38;2;206;58;107m[48;2;123;132;173m▀[0m[38;2;123;132;173m[48;2;206;58;107m▀[0m[38;2;123;132;173m[48;2;0;0;0m▀[0m[38;2;65;65;65m[48;2;0;0;0m▀[0m[38;2;206;181;49m[48;2;206;181;49m▀[0m[38;2;206;58;107m[48;2;247;222;58m▀[0m[38;2;206;58;107m[48;2;206;58;107m▀[0m[38;2;165;173;230m[48;2;206;58;107m▀[0m[38;2;206;58;107m[48;2;206;58;107m▀[0m[38;2;206;58;107m[48;2;247;222;58m▀[0m[38;2;247;222;58m[48;2;206;181;49m▀[0m[38;2;65;65;65m[48;2;65;65;65m▀[0m[38;2;247;222;58m[48;2;165;173;230m▀[0m[38;2;165;173;230m[48;2;255;90;140m▀[0m[38;2;255;90;140m[48;2;165;173;230m▀[0m[38;2;65;65;65m[48;2;165;173;230m▀[0m[38;2;0;0;0m[48;2;0;0;0m▀[0m 
   [38;2;0;0;0m▀[38;2;0;0;0m▀  [38;2;0;0;0m▀[38;2;206;181;49m[48;2;0;0;0m▀[0m[38;2;247;222;58m[48;2;0;0;0m▀[0m[38;2;247;222;58m[48;2;0;0;0m▀[0m[38;2;247;222;58m[48;2;0;0;0m▀[0m[38;2;206;181;49m[48;2;0;0;0m▀[0m[38;2;0;0;0m▀[38;2;0;0;0m▀[38;2;165;173;230m[48;2;0;0;0m▀[0m[38;2;206;58;107m[48;2;65;65;65m▀[0m[38;2;65;65;65m[48;2;165;173;230m▀[0m[38;2;165;173;230m[48;2;0;0;0m▀[0m[38;2;0;0;0m▀ 
                [38;2;0;0;0m▀[38;2;0;0;0m▀   
[0m