 [38;2;0;0;0m▄[38;2;0;0;0m[48;2;181;85;123m▀[0m[38;2;0;0;0m▄ [38;2;0;0;0m▄[38;2;0;0;0m▄[38;2;0;0;0m▄[38;2;0;0;0m▄ [38;2;0;0;0m▄[38;2;0;0;0m[48;2;90;81;132m▀[0m[38;2;0;4;0m▄[38;2;0;0;0m[48;2;239;121;173m▀[0m[38;2;0;0;0m▄  
[38;2;0;0;0m[48;2;0;0;0m▀[0m[38;2;181;85;123m[48;2;176;83;126m▀[0m[38;2;181;85;123m[48;2;66;65;66m▀[0m[38;2;66;65;66m[48;2;236;121;170m▀[0m[38;2;0;0;0m[48;2;236;121;170m▀[0m[38;2;239;121;173m[48;2;236;121;170m▀[0m[38;2;239;121;173m[48;2;236;121;170m▀[0m[38;2;239;121;173m[48;2;236;121;170m▀[0m[38;2;239;121;173m[48;2;236;121;170m▀[0m[38;2;66;65;66m[48;2;236;121;170m▀[0m[38;2;66;65;66m[48;2;236;121;170m▀[0m[38;2;90;81;132m[48;2;66;65;66m▀[0m[38;2;60;55;88m[48;2;239;121;173m▀[0m[38;2;239;121;173m[48;2;239;121;173m▀[0m[38;2;239;121;173m[48;2;239;121;173m▀[0m[38;2;0;0;0m[48;2;0;0;0m▀[0m 
[38;2;0;0;0m[48;2;0;0;0m▀[0m[38;2;176;83;126m[48;2;79;49;63m▀[0m[38;2;66;65;66m[48;2;239;125;173m▀[0m[38;2;236;121;170m[48;2;239;121;173m▀[0m[38;2;236;121;170m[48;2;85;77;134m▀[0m[38;2;236;121;170m[48;2;239;121;173m▀[0m[38;2;236;121;170m[48;2;239;121;173m▀[0m[38;2;236;121;170m[48;2;239;121;173m▀[0m[38;2;236;121;170m[48;2;239;121;173m▀[0m[38;2;236;121;170m[48;2;85;77;134m▀[0m[38;2;236;121;170m[48;2;239;121;173m▀[0m[38;2;239;121;173m[48;2;239;121;173m▀[0m[38;2;239;121;173m[48;2;239;121;173m▀[0m[38;2;173;48;66m[48;2;170;48;65m▀[0m[38;2;239;121;173m[48;2;170;48;65m▀[0m[38;2;239;121;173m[48;2;239;121;173m▀[0m[38;2;0;0;0m[48;2;0;0;0m▀[0m
 [38;2;0;12;8m[48;2;0;0;16m▀[0m[38;2;239;125;173m[48;2;71;71;82m▀[0m[38;2;85;77;134m[48;2;85;77;134m▀[0m[38;2;85;77;134m[48;2;85;77;134m▀[0m[38;2;85;77;134m[48;2;82;77;132m▀[0m[38;2;239;121;173m[48;2;82;77;132m▀[0m[38;2;239;121;173m[48;2;82;77;134m▀[0m[38;2;85;77;134m[48;2;82;77;134m▀[0m[38;2;85;77;134m[48;2;82;77;132m▀[0m[38;2;85;77;134m[48;2;82;77;132m▀[0m[38;2;239;121;173m[48;2;239;121;173m▀[0m[38;2;173;48;66m[48;2;173;48;66m▀[0m[38;2;231;65;90m[48;2;203;71;99m▀[0m[38;2;170;48;65m[48;2;181;48;66m▀[0m[38;2;239;121;173m[48;2;239;121;173m▀[0m[38;2;0;0;0m[48;2;0;0;0m▀[0m
[38;2;0;0;0m[48;2;0;0;0m▀[0m[38;2;71;71;82m[48;2;239;125;173m▀[0m[38;2;214;215;214m[48;2;79;49;63m▀[0m[38;2;85;77;134m[48;2;49;60;82m▀[0m[38;2;85;77;134m[48;2;109;80;112m▀[0m[38;2;82;77;132m[48;2;82;77;132m▀[0m[38;2;255;255;255m[48;2;255;255;255m▀[0m[38;2;214;215;206m[48;2;0;0;0m▀[0m[38;2;214;215;206m[48;2;255;255;255m▀[0m[38;2;255;255;255m[48;2;255;239;247m▀[0m[38;2;82;77;132m[48;2;99;69;132m▀[0m[38;2;239;121;173m[48;2;239;121;173m▀[0m[38;2;173;48;66m[48;2;239;121;173m▀[0m[38;2;181;48;66m[48;2;239;121;173m▀[0m[38;2;247;117;165m[48;2;239;121;173m▀[0m[38;2;239;121;173m[48;2;0;0;0m▀[0m[38;2;0;0;0m▀
 [38;2;0;12;8m▀[38;2;239;125;173m[48;2;0;0;0m▀[0m[38;2;231;121;173m[48;2;206;81;107m▀[0m[38;2;231;121;173m[48;2;206;81;107m▀[0m[38;2;82;77;132m[48;2;239;121;173m▀[0m[38;2;82;77;132m[48;2;239;121;173m▀[0m[38;2;255;255;255m[48;2;115;69;115m▀[0m[38;2;255;255;255m[48;2;115;69;115m▀[0m[38;2;99;69;132m[48;2;239;113;165m▀[0m[38;2;177;154;189m[48;2;66;65;66m▀[0m[38;2;239;121;173m[48;2;0;0;0m▀[0m[38;2;0;0;0m▀[38;2;0;0;0m▀[38;2;0;0;0m▀  
   [38;2;0;16;16m▀[38;2;68;37;46m[48;2;0;0;0m▀[0m[38;2;66;65;66m[48;2;88;78;137m▀[0m[38;2;66;65;66m[48;2;88;78;137m▀[0m[38;2;214;215;206m[48;2;66;65;66m▀[0m[38;2;115;69;115m[48;2;66;65;66m▀[0m[38;2;66;65;66m[48;2;181;92;132m▀[0m[38;2;181;97;132m[48;2;239;109;165m▀[0m[38;2;0;0;0m[48;2;239;121;173m▀[0m[38;2;0;0;0m▄    
   [38;2;0;0;0m▄[38;2;0;0;0m[48;2;181;85;123m▀[0m[38;2;88;78;137m[48;2;0;0;0m▀[0m[38;2;0;0;0m▀[38;2;176;83;126m[48;2;0;8;0m▀[0m[38;2;176;83;126m[48;2;170;89;126m▀[0m[38;2;181;92;132m[48;2;181;97;132m▀[0m[38;2;66;60;66m[48;2;66;65;66m▀[0m[38;2;239;121;173m[48;2;66;65;66m▀[0m[38;2;0;0;0m[48;2;239;121;173m▀[0m[38;2;0;0;0m▄   
   [38;2;0;0;0m▀[38;2;181;85;123m[48;2;0;0;0m▀[0m[38;2;66;65;66m[48;2;0;0;0m▀[0m[38;2;0;0;0m[48;2;181;85;123m▀[0m[38;2;170;89;126m[48;2;164;87;118m▀[0m[38;2;85;48;63m[48;2;82;49;63m▀[0m[38;2;66;65;66m[48;2;239;117;165m▀[0m[38;2;239;113;165m[48;2;66;60;66m▀[0m[38;2;239;121;173m[48;2;239;121;173m▀[0m[38;2;239;121;173m[48;2;0;0;0m▀[0m[38;2;0;0;0m▀   
      [38;2;0;0;0m▀[38;2;0;12;8m▀[38;2;247;125;173m[48;2;0;0;0m▀[0m[38;2;239;117;165m[48;2;0;0;0m▀[0m[38;2;181;98;132m[48;2;0;0;0m▀[0m[38;2;0;0;0m▀     
[0m