    [38;2;0;0;0m▄[38;2;0;0;0m[48;2;222;140;140m▀[0m[38;2;0;0;0m[48;2;222;140;140m▀[0m[38;2;0;0;0m[48;2;65;65;65m▀[0m[38;2;0;0;0m▄[38;2;0;0;0m▄[38;2;0;0;0m▄       
    [38;2;0;0;0m[48;2;0;0;0m▀[0m[38;2;222;140;140m[48;2;65;65;65m▀[0m[38;2;65;65;65m[48;2;255;189;173m▀[0m[38;2;255;189;173m[48;2;255;189;173m▀[0m[38;2;255;189;173m[48;2;255;189;173m▀[0m[38;2;255;189;173m[48;2;255;189;173m▀[0m[38;2;222;140;140m[48;2;255;189;173m▀[0m[38;2;0;0;0m[48;2;222;140;140m▀[0m[38;2;0;0;0m▄[38;2;0;0;0m▄[38;2;0;0;0m▄[38;2;0;0;0m▄[38;2;0;0;0m▄ 
    [38;2;0;0;0m▄[38;2;0;0;0m[48;2;65;65;65m▀[0m[38;2;255;189;173m[48;2;255;189;173m▀[0m[38;2;255;189;173m[48;2;255;189;173m▀[0m[38;2;255;189;173m[48;2;189;99;90m▀[0m[38;2;222;140;140m[48;2;189;99;90m▀[0m[38;2;222;140;140m[48;2;222;140;140m▀[0m[38;2;222;140;140m[48;2;222;140;140m▀[0m[38;2;189;99;90m[48;2;255;189;173m▀[0m[38;2;222;140;140m[48;2;255;189;173m▀[0m[38;2;255;189;173m[48;2;255;189;173m▀[0m[38;2;255;189;173m[48;2;189;99;90m▀[0m[38;2;255;189;173m[48;2;65;65;65m▀[0m[38;2;0;0;0m[48;2;0;0;0m▀[0m
   [38;2;0;0;0m[48;2;0;0;0m▀[0m[38;2;255;189;173m[48;2;90;173;165m▀[0m[38;2;255;255;255m[48;2;66;132;132m▀[0m[38;2;65;65;65m[48;2;255;189;173m▀[0m[38;2;222;140;140m[48;2;65;65;65m▀[0m[38;2;222;140;140m[48;2;65;65;65m▀[0m[38;2;65;65;65m[48;2;255;189;173m▀[0m[38;2;65;65;65m[48;2;255;189;173m▀[0m[38;2;255;189;173m[48;2;255;189;173m▀[0m[38;2;255;189;173m[48;2;255;189;173m▀[0m[38;2;255;189;173m[48;2;255;189;173m▀[0m[38;2;65;65;65m[48;2;189;99;90m▀[0m[38;2;65;65;65m[48;2;65;65;65m▀[0m[38;2;65;65;65m[48;2;0;0;0m▀[0m[38;2;0;0;0m▀
 [38;2;0;0;0m▄[38;2;0;0;0m[48;2;0;0;0m▀[0m[38;2;255;255;255m[48;2;255;255;255m▀[0m[38;2;66;132;132m[48;2;90;173;165m▀[0m[38;2;255;255;255m[48;2;66;132;132m▀[0m[38;2;255;189;173m[48;2;255;189;173m▀[0m[38;2;255;189;173m[48;2;255;189;173m▀[0m[38;2;255;189;173m[48;2;255;189;173m▀[0m[38;2;255;189;173m[48;2;255;189;173m▀[0m[38;2;255;189;173m[48;2;66;132;132m▀[0m[38;2;255;189;173m[48;2;90;173;165m▀[0m[38;2;255;189;173m[48;2;255;255;255m▀[0m[38;2;255;189;173m[48;2;255;189;173m▀[0m[38;2;255;189;173m[48;2;255;189;173m▀[0m[38;2;65;65;65m[48;2;222;140;140m▀[0m[38;2;0;0;0m[48;2;222;140;140m▀[0m[38;2;0;0;0m▄
[38;2;0;0;0m▀[38;2;222;140;140m[48;2;0;0;0m▀[0m[38;2;65;65;65m[48;2;0;0;0m▀[0m[38;2;255;189;173m[48;2;222;140;140m▀[0m[38;2;255;255;255m[48;2;255;189;173m▀[0m[38;2;255;189;173m[48;2;65;65;65m▀[0m[38;2;255;189;173m[48;2;255;189;173m▀[0m[38;2;255;189;173m[48;2;255;189;173m▀[0m[38;2;255;189;173m[48;2;255;189;173m▀[0m[38;2;66;132;132m[48;2;90;173;165m▀[0m[38;2;255;255;255m[48;2;66;132;132m▀[0m[38;2;66;132;132m[48;2;90;173;165m▀[0m[38;2;90;173;165m[48;2;90;173;165m▀[0m[38;2;255;255;255m[48;2;255;255;255m▀[0m[38;2;222;140;140m[48;2;222;140;140m▀[0m[38;2;222;140;140m[48;2;222;140;140m▀[0m[38;2;222;140;140m[48;2;222;140;140m▀[0m[38;2;0;0;0m[48;2;0;0;0m▀[0m
  [38;2;0;0;0m▀[38;2;65;65;65m[48;2;0;0;0m▀[0m[38;2;222;140;140m[48;2;222;140;140m▀[0m[38;2;255;189;173m[48;2;222;140;140m▀[0m[38;2;65;65;65m[48;2;222;140;140m▀[0m[38;2;65;65;65m[48;2;222;140;140m▀[0m[38;2;255;189;173m[48;2;222;140;140m▀[0m[38;2;255;255;255m[48;2;222;140;140m▀[0m[38;2;90;173;165m[48;2;255;255;255m▀[0m[38;2;90;173;165m[48;2;255;255;255m▀[0m[38;2;255;255;255m[48;2;255;255;255m▀[0m[38;2;255;255;255m[48;2;222;140;140m▀[0m[38;2;222;140;140m[48;2;222;140;140m▀[0m[38;2;222;140;140m[48;2;222;140;140m▀[0m[38;2;0;0;0m[48;2;0;0;0m▀[0m 
  [38;2;0;0;0m▄[38;2;0;0;0m[48;2;189;99;90m▀[0m[38;2;65;65;65m[48;2;189;99;90m▀[0m[38;2;222;140;140m[48;2;65;65;65m▀[0m[38;2;222;140;140m[48;2;222;140;140m▀[0m[38;2;222;140;140m[48;2;222;140;140m▀[0m[38;2;222;140;140m[48;2;65;65;65m▀[0m[38;2;189;99;90m[48;2;255;189;173m▀[0m[38;2;189;99;90m[48;2;255;189;173m▀[0m[38;2;222;140;140m[48;2;222;140;140m▀[0m[38;2;222;140;140m[48;2;222;140;140m▀[0m[38;2;222;140;140m[48;2;222;140;140m▀[0m[38;2;222;140;140m[48;2;0;0;0m▀[0m[38;2;0;0;0m▀  
   [38;2;0;0;0m▀[38;2;0;0;0m▀[38;2;0;0;0m▀[38;2;0;0;0m▀[38;2;0;0;0m▀[38;2;222;140;140m[48;2;0;0;0m▀[0m[38;2;65;65;65m[48;2;189;99;90m▀[0m[38;2;65;65;65m[48;2;189;99;90m▀[0m[38;2;222;140;140m[48;2;189;99;90m▀[0m[38;2;189;99;90m[48;2;222;140;140m▀[0m[38;2;0;0;0m[48;2;0;0;0m▀[0m    
         [38;2;0;0;0m▀[38;2;222;140;140m[48;2;0;0;0m▀[0m[38;2;222;140;140m[48;2;0;0;0m▀[0m[38;2;0;0;0m▀     
[0m