      [38;2;0;0;0m▄[38;2;0;0;0m[48;2;65;65;65m▀[0m[38;2;0;0;0m[48;2;164;205;222m▀[0m[38;2;0;0;0m▄           
     [38;2;0;0;0m▄[38;2;0;0;0m[48;2;164;205;222m▀[0m[38;2;164;205;222m[48;2;222;172;115m▀[0m[38;2;164;205;222m[48;2;164;205;222m▀[0m[38;2;164;205;222m[48;2;65;65;65m▀[0m[38;2;0;0;0m[48;2;0;0;0m▀[0m[38;2;0;0;0m▄[38;2;0;0;0m▄  [38;2;0;0;0m▄[38;2;0;0;0m▄[38;2;0;0;0m▄   
     [38;2;0;0;0m[48;2;0;0;0m▀[0m[38;2;222;172;115m[48;2;246;197;148m▀[0m[38;2;246;197;148m[48;2;65;65;65m▀[0m[38;2;65;65;65m[48;2;164;205;222m▀[0m[38;2;164;205;222m[48;2;164;205;222m▀[0m[38;2;164;205;222m[48;2;164;205;222m▀[0m[38;2;164;205;222m[48;2;164;205;222m▀[0m[38;2;123;164;189m[48;2;164;205;222m▀[0m[38;2;0;0;0m[48;2;65;65;65m▀[0m[38;2;0;0;0m[48;2;164;205;222m▀[0m[38;2;164;205;222m[48;2;164;205;222m▀[0m[38;2;164;205;222m[48;2;164;205;222m▀[0m[38;2;164;205;222m[48;2;164;205;222m▀[0m[38;2;0;0;0m[48;2;164;205;222m▀[0m[38;2;0;0;0m▄ 
 [38;2;0;0;0m▄[38;2;0;0;0m▄[38;2;0;0;0m[48;2;180;164;131m▀[0m[38;2;0;0;0m[48;2;213;197;156m▀[0m[38;2;0;0;0m[48;2;65;65;65m▀[0m[38;2;65;65;65m[48;2;123;164;189m▀[0m[38;2;213;238;246m[48;2;123;164;189m▀[0m[38;2;123;164;189m[48;2;164;205;222m▀[0m[38;2;164;205;222m[48;2;164;205;222m▀[0m[38;2;164;205;222m[48;2;164;205;222m▀[0m[38;2;164;205;222m[48;2;123;164;189m▀[0m[38;2;164;205;222m[48;2;123;164;189m▀[0m[38;2;164;205;222m[48;2;123;164;189m▀[0m[38;2;164;205;222m[48;2;164;205;222m▀[0m[38;2;164;205;222m[48;2;148;106;57m▀[0m[38;2;148;106;57m[48;2;246;197;148m▀[0m[38;2;148;106;57m[48;2;246;197;148m▀[0m[38;2;164;205;222m[48;2;148;106;57m▀[0m[38;2;164;205;222m[48;2;164;205;222m▀[0m[38;2;0;0;0m[48;2;0;0;0m▀[0m
[38;2;0;0;0m[48;2;0;0;0m▀[0m[38;2;213;197;156m[48;2;213;197;156m▀[0m[38;2;213;197;156m[48;2;180;164;131m▀[0m[38;2;180;164;131m[48;2;148;106;57m▀[0m[38;2;213;197;156m[48;2;148;106;57m▀[0m[38;2;65;65;65m[48;2;65;65;65m▀[0m[38;2;164;205;222m[48;2;65;65;65m▀[0m[38;2;65;65;65m[48;2;115;115;115m▀[0m[38;2;65;65;65m[48;2;115;115;115m▀[0m[38;2;164;205;222m[48;2;65;65;65m▀[0m[38;2;164;205;222m[48;2;164;205;222m▀[0m[38;2;123;164;189m[48;2;164;205;222m▀[0m[38;2;213;238;246m[48;2;123;164;189m▀[0m[38;2;213;238;246m[48;2;123;164;189m▀[0m[38;2;123;164;189m[48;2;123;164;189m▀[0m[38;2;148;106;57m[48;2;164;205;222m▀[0m[38;2;246;197;148m[48;2;148;106;57m▀[0m[38;2;246;197;148m[48;2;246;197;148m▀[0m[38;2;246;197;148m[48;2;65;65;65m▀[0m[38;2;0;0;0m[48;2;0;0;0m▀[0m 
[38;2;0;0;0m▀[38;2;148;106;57m[48;2;0;0;0m▀[0m[38;2;148;106;57m[48;2;148;106;57m▀[0m[38;2;148;106;57m[48;2;90;65;49m▀[0m[38;2;148;106;57m[48;2;148;106;57m▀[0m[38;2;148;106;57m[48;2;148;106;57m▀[0m[38;2;65;65;65m[48;2;65;65;65m▀[0m[38;2;115;115;115m[48;2;115;115;115m▀[0m[38;2;115;115;115m[48;2;65;65;65m▀[0m[38;2;65;65;65m[48;2;65;65;65m▀[0m[38;2;164;205;222m[48;2;123;164;189m▀[0m[38;2;0;0;0m[48;2;123;164;189m▀[0m[38;2;164;205;222m[48;2;0;0;0m▀[0m[38;2;164;205;222m[48;2;0;0;0m▀[0m[38;2;164;205;222m[48;2;123;164;189m▀[0m[38;2;123;164;189m[48;2;0;0;0m▀[0m[38;2;0;0;0m▀[38;2;0;0;0m▀[38;2;0;0;0m▀  
 [38;2;0;0;0m▀[38;2;148;106;57m[48;2;0;0;0m▀[0m[38;2;90;65;49m[48;2;148;106;57m▀[0m[38;2;148;106;57m[48;2;148;106;57m▀[0m[38;2;65;65;65m[48;2;65;65;65m▀[0m[38;2;123;164;189m[48;2;65;65;65m▀[0m[38;2;65;65;65m[48;2;123;164;189m▀[0m[38;2;65;65;65m[48;2;123;164;189m▀[0m[38;2;65;65;65m[48;2;123;164;189m▀[0m[38;2;65;65;65m[48;2;123;164;189m▀[0m[38;2;123;164;189m[48;2;65;65;65m▀[0m[38;2;123;164;189m[48;2;65;65;65m▀[0m[38;2;123;164;189m[48;2;213;238;246m▀[0m[38;2;65;65;65m[48;2;213;238;246m▀[0m[38;2;213;238;246m[48;2;65;65;65m▀[0m[38;2;0;0;0m[48;2;0;0;0m▀[0m    
  [38;2;0;0;0m▀[38;2;148;106;57m[48;2;0;0;0m▀[0m[38;2;148;106;57m[48;2;148;106;57m▀[0m[38;2;148;106;57m[48;2;90;65;49m▀[0m[38;2;148;106;57m[48;2;148;106;57m▀[0m[38;2;65;65;65m[48;2;148;106;57m▀[0m[38;2;65;65;65m[48;2;65;65;65m▀[0m[38;2;123;164;189m[48;2;65;65;65m▀[0m[38;2;164;205;222m[48;2;65;65;65m▀[0m[38;2;164;205;222m[48;2;164;205;222m▀[0m[38;2;164;205;222m[48;2;164;205;222m▀[0m[38;2;65;65;65m[48;2;164;205;222m▀[0m[38;2;65;65;65m[48;2;164;205;222m▀[0m[38;2;0;0;0m[48;2;0;0;0m▀[0m     
   [38;2;0;0;0m▀[38;2;148;106;57m[48;2;0;0;0m▀[0m[38;2;90;65;49m[48;2;180;164;131m▀[0m[38;2;148;106;57m[48;2;180;164;131m▀[0m[38;2;65;65;65m[48;2;65;65;65m▀[0m[38;2;164;205;222m[48;2;164;205;222m▀[0m[38;2;164;205;222m[48;2;164;205;222m▀[0m[38;2;164;205;222m[48;2;164;205;222m▀[0m[38;2;164;205;222m[48;2;164;205;222m▀[0m[38;2;164;205;222m[48;2;164;205;222m▀[0m[38;2;164;205;222m[48;2;164;205;222m▀[0m[38;2;82;139;164m[48;2;82;139;164m▀[0m[38;2;213;238;246m[48;2;213;238;246m▀[0m[38;2;0;0;0m[48;2;0;0;0m▀[0m    
     [38;2;0;0;0m▀[38;2;0;0;0m▀[38;2;0;0;0m▀[38;2;0;0;0m▀[38;2;0;0;0m▀[38;2;123;164;189m[48;2;0;0;0m▀[0m[38;2;164;205;222m[48;2;0;0;0m▀[0m[38;2;164;205;222m[48;2;0;0;0m▀[0m[38;2;82;139;164m[48;2;0;0;0m▀[0m[38;2;213;238;246m[48;2;0;0;0m▀[0m[38;2;0;0;0m▀     
[0m