      [38;2;0;0;0m▄[38;2;0;0;0m[48;2;230;189;123m▀[0m[38;2;0;0;0m[48;2;230;189;123m▀[0m[38;2;0;0;0m[48;2;197;148;90m▀[0m[38;2;0;0;0m▄[38;2;0;0;0m▄             
     [38;2;0;0;0m[48;2;0;0;0m▀[0m[38;2;197;148;90m[48;2;230;189;123m▀[0m[38;2;230;189;123m[48;2;230;189;123m▀[0m[38;2;230;189;123m[48;2;148;107;74m▀[0m[38;2;65;65;65m[48;2;230;189;123m▀[0m[38;2;230;189;123m[48;2;230;189;123m▀[0m[38;2;197;148;90m[48;2;230;189;123m▀[0m[38;2;0;0;0m[48;2;197;148;90m▀[0m[38;2;0;0;0m▄           
 [38;2;0;0;0m▄[38;2;0;0;0m▄ [38;2;0;0;0m[48;2;0;0;0m▀[0m[38;2;255;255;255m[48;2;115;115;115m▀[0m[38;2;65;65;65m[48;2;65;65;65m▀[0m[38;2;230;189;123m[48;2;65;65;65m▀[0m[38;2;197;148;90m[48;2;65;65;65m▀[0m[38;2;230;189;123m[48;2;255;255;255m▀[0m[38;2;230;189;123m[48;2;65;65;65m▀[0m[38;2;197;148;90m[48;2;65;65;65m▀[0m[38;2;65;65;65m[48;2;65;65;65m▀[0m[38;2;0;0;0m[48;2;230;189;123m▀[0m[38;2;0;0;0m▄          
[38;2;0;0;0m[48;2;0;0;0m▀[0m[38;2;230;189;123m[48;2;115;115;115m▀[0m[38;2;197;148;90m[48;2;230;189;123m▀[0m[38;2;0;0;0m[48;2;230;189;123m▀[0m[38;2;115;115;115m[48;2;230;189;123m▀[0m[38;2;65;65;65m[48;2;230;189;123m▀[0m[38;2;65;65;65m[48;2;115;115;115m▀[0m[38;2;230;189;123m[48;2;115;115;115m▀[0m[38;2;65;65;65m[48;2;230;189;123m▀[0m[38;2;115;115;115m[48;2;65;65;65m▀[0m[38;2;65;65;65m[48;2;65;65;65m▀[0m[38;2;65;65;65m[48;2;65;65;65m▀[0m[38;2;65;65;65m[48;2;230;189;123m▀[0m[38;2;230;189;123m[48;2;230;189;123m▀[0m[38;2;230;189;123m[48;2;230;189;123m▀[0m[38;2;0;0;0m[48;2;0;0;0m▀[0m         
[38;2;0;0;0m▀[38;2;230;189;123m[48;2;0;0;0m▀[0m[38;2;197;148;90m[48;2;255;255;255m▀[0m[38;2;230;189;123m[48;2;0;0;0m▀[0m[38;2;115;115;115m[48;2;230;189;123m▀[0m[38;2;230;189;123m[48;2;230;189;123m▀[0m[38;2;230;189;123m[48;2;197;148;90m▀[0m[38;2;230;189;123m[48;2;197;148;90m▀[0m[38;2;197;148;90m[48;2;65;65;65m▀[0m[38;2;197;148;90m[48;2;65;65;65m▀[0m[38;2;197;148;90m[48;2;255;255;255m▀[0m[38;2;197;148;90m[48;2;65;65;65m▀[0m[38;2;65;65;65m[48;2;197;148;90m▀[0m[38;2;230;189;123m[48;2;197;148;90m▀[0m[38;2;197;148;90m[48;2;0;0;0m▀[0m[38;2;0;0;0m▀     [38;2;0;0;0m▄   
  [38;2;0;0;0m▀ [38;2;0;0;0m▀[38;2;255;255;255m[48;2;0;0;0m▀[0m[38;2;65;65;65m[48;2;0;0;0m▀[0m[38;2;65;65;65m[48;2;197;148;90m▀[0m[38;2;222;123;156m[48;2;115;115;115m▀[0m[38;2;222;123;156m[48;2;115;115;115m▀[0m[38;2;65;65;65m[48;2;65;65;65m▀[0m[38;2;197;148;90m[48;2;65;65;65m▀[0m[38;2;65;65;65m[48;2;230;189;123m▀[0m[38;2;230;189;123m[48;2;230;189;123m▀[0m[38;2;230;189;123m[48;2;197;148;90m▀[0m[38;2;0;0;0m[48;2;0;0;0m▀[0m [38;2;0;0;0m▄[38;2;0;0;0m[48;2;115;115;115m▀[0m[38;2;0;0;0m▄[38;2;0;0;0m[48;2;65;65;65m▀[0m[38;2;115;115;115m[48;2;65;65;65m▀[0m[38;2;0;0;0m[48;2;65;65;65m▀[0m[38;2;0;0;0m[48;2;230;189;123m▀[0m[38;2;0;0;0m[48;2;0;0;0m▀[0m
      [38;2;0;0;0m▄[38;2;0;0;0m[48;2;115;115;115m▀[0m[38;2;65;65;65m[48;2;148;107;74m▀[0m[38;2;230;189;123m[48;2;65;65;65m▀[0m[38;2;230;189;123m[48;2;115;115;115m▀[0m[38;2;115;115;115m[48;2;115;115;115m▀[0m[38;2;230;189;123m[48;2;65;65;65m▀[0m[38;2;65;65;65m[48;2;65;65;65m▀[0m[38;2;65;65;65m[48;2;148;107;74m▀[0m[38;2;148;107;74m[48;2;230;189;123m▀[0m[38;2;0;0;0m[48;2;65;65;65m▀[0m[38;2;65;65;65m[48;2;230;189;123m▀[0m[38;2;65;65;65m[48;2;197;148;90m▀[0m[38;2;65;65;65m[48;2;115;115;115m▀[0m[38;2;230;189;123m[48;2;115;115;115m▀[0m[38;2;197;148;90m[48;2;230;189;123m▀[0m[38;2;115;115;115m[48;2;0;0;0m▀[0m[38;2;0;0;0m▀ 
     [38;2;0;0;0m▄[38;2;0;0;0m[48;2;189;189;189m▀[0m[38;2;230;189;123m[48;2;65;65;65m▀[0m[38;2;148;107;74m[48;2;197;148;90m▀[0m[38;2;222;123;156m[48;2;115;115;115m▀[0m[38;2;65;65;65m[48;2;222;123;156m▀[0m[38;2;65;65;65m[48;2;222;123;156m▀[0m[38;2;222;123;156m[48;2;148;107;74m▀[0m[38;2;148;107;74m[48;2;197;148;90m▀[0m[38;2;230;189;123m[48;2;115;115;115m▀[0m[38;2;230;189;123m[48;2;115;115;115m▀[0m[38;2;230;189;123m[48;2;230;189;123m▀[0m[38;2;65;65;65m[48;2;65;65;65m▀[0m[38;2;230;189;123m[48;2;230;189;123m▀[0m[38;2;115;115;115m[48;2;0;0;0m▀[0m[38;2;115;115;115m[48;2;0;0;0m▀[0m[38;2;0;0;0m▀   
     [38;2;0;0;0m▀[38;2;0;0;0m[48;2;0;0;0m▀[0m[38;2;255;255;255m[48;2;0;0;0m▀[0m[38;2;197;148;90m[48;2;0;0;0m▀[0m[38;2;0;0;0m▀[38;2;0;0;0m▀[38;2;0;0;0m▀[38;2;148;107;74m[48;2;0;0;0m▀[0m[38;2;230;189;123m[48;2;148;107;74m▀[0m[38;2;230;189;123m[48;2;197;148;90m▀[0m[38;2;230;189;123m[48;2;148;107;74m▀[0m[38;2;197;148;90m[48;2;65;65;65m▀[0m[38;2;65;65;65m[48;2;0;0;0m▀[0m[38;2;0;0;0m▀      
             [38;2;0;0;0m[48;2;0;0;0m▀[0m[38;2;65;65;65m[48;2;255;255;255m▀[0m[38;2;197;148;90m[48;2;0;0;0m▀[0m[38;2;197;148;90m[48;2;255;255;255m▀[0m[38;2;0;0;0m[48;2;0;0;0m▀[0m       
             [38;2;0;0;0m▀[38;2;0;0;0m▀ [38;2;0;0;0m▀        
[0m