     [38;2;0;0;0m▄[38;2;0;0;0m[48;2;214;255;156m▀[0m[38;2;0;0;0m[48;2;173;239;107m▀[0m[38;2;0;0;0m▄      
    [38;2;0;0;0m▄[38;2;0;0;0m[48;2;132;197;107m▀[0m[38;2;173;239;107m[48;2;173;239;107m▀[0m[38;2;132;197;107m[48;2;132;197;107m▀[0m[38;2;0;0;0m[48;2;0;0;0m▀[0m      
   [38;2;0;0;0m▄[38;2;0;0;0m[48;2;65;65;65m▀[0m[38;2;173;239;107m[48;2;173;239;107m▀[0m[38;2;132;197;107m[48;2;132;197;107m▀[0m[38;2;132;197;107m[48;2;132;197;107m▀[0m[38;2;0;0;0m[48;2;0;0;0m▀[0m      
 [38;2;0;0;0m▄[38;2;0;0;0m[48;2;214;255;156m▀[0m[38;2;173;239;107m[48;2;214;255;156m▀[0m[38;2;132;197;107m[48;2;173;239;107m▀[0m[38;2;173;239;107m[48;2;173;239;107m▀[0m[38;2;173;239;107m[48;2;173;239;107m▀[0m[38;2;173;239;107m[48;2;173;239;107m▀[0m[38;2;132;197;107m[48;2;173;239;107m▀[0m[38;2;0;0;0m[48;2;132;197;107m▀[0m[38;2;0;0;0m▄    
[38;2;0;0;0m[48;2;0;0;0m▀[0m[38;2;173;239;107m[48;2;173;239;107m▀[0m[38;2;214;255;156m[48;2;173;239;107m▀[0m[38;2;214;255;156m[48;2;173;239;107m▀[0m[38;2;173;239;107m[48;2;132;197;107m▀[0m[38;2;132;197;107m[48;2;173;239;107m▀[0m[38;2;173;239;107m[48;2;0;0;0m▀[0m[38;2;65;65;65m[48;2;255;255;255m▀[0m[38;2;65;65;65m[48;2;65;65;65m▀[0m[38;2;173;239;107m[48;2;173;239;107m▀[0m[38;2;0;0;0m[48;2;132;197;107m▀[0m[38;2;0;0;0m▄[38;2;0;0;0m▄  
[38;2;0;0;0m▀[38;2;132;197;107m[48;2;0;0;0m▀[0m[38;2;173;239;107m[48;2;107;140;99m▀[0m[38;2;173;239;107m[48;2;107;140;99m▀[0m[38;2;173;239;107m[48;2;173;239;107m▀[0m[38;2;65;65;65m[48;2;173;239;107m▀[0m[38;2;173;66;58m[48;2;132;197;107m▀[0m[38;2;255;255;255m[48;2;65;65;65m▀[0m[38;2;65;65;65m[48;2;173;239;107m▀[0m[38;2;173;239;107m[48;2;173;239;107m▀[0m[38;2;173;239;107m[48;2;173;239;107m▀[0m[38;2;65;65;65m[48;2;65;65;65m▀[0m[38;2;173;239;107m[48;2;107;140;99m▀[0m[38;2;0;0;0m[48;2;107;140;99m▀[0m[38;2;0;0;0m▄
[38;2;0;0;0m[48;2;0;0;0m▀[0m[38;2;132;197;107m[48;2;65;65;65m▀[0m[38;2;65;65;65m[48;2;132;197;107m▀[0m[38;2;132;197;107m[48;2;65;65;65m▀[0m[38;2;107;140;99m[48;2;65;65;65m▀[0m[38;2;173;239;107m[48;2;132;197;107m▀[0m[38;2;173;239;107m[48;2;173;239;107m▀[0m[38;2;173;239;107m[48;2;173;239;107m▀[0m[38;2;173;239;107m[48;2;173;239;107m▀[0m[38;2;132;197;107m[48;2;107;140;99m▀[0m[38;2;173;239;107m[48;2;173;239;107m▀[0m[38;2;173;239;107m[48;2;173;239;107m▀[0m[38;2;65;65;65m[48;2;173;239;107m▀[0m[38;2;132;197;107m[48;2;65;65;65m▀[0m[38;2;0;0;0m[48;2;0;0;0m▀[0m
 [38;2;0;0;0m▀[38;2;132;197;107m[48;2;0;0;0m▀[0m[38;2;65;65;65m[48;2;107;140;99m▀[0m[38;2;222;82;74m[48;2;173;66;58m▀[0m[38;2;222;82;74m[48;2;222;82;74m▀[0m[38;2;173;239;107m[48;2;107;140;99m▀[0m[38;2;107;140;99m[48;2;173;239;107m▀[0m[38;2;173;239;107m[48;2;173;239;107m▀[0m[38;2;173;239;107m[48;2;173;239;107m▀[0m[38;2;65;65;65m[48;2;132;197;107m▀[0m[38;2;173;239;107m[48;2;65;65;65m▀[0m[38;2;173;239;107m[48;2;0;0;0m▀[0m[38;2;0;0;0m[48;2;0;0;0m▀[0m 
 [38;2;0;0;0m▀[38;2;197;206;214m[48;2;0;0;0m▀[0m[38;2;132;197;107m[48;2;0;0;0m▀[0m[38;2;0;0;0m▀[38;2;173;66;58m[48;2;0;0;0m▀[0m[38;2;107;140;99m[48;2;0;0;0m▀[0m[38;2;173;239;107m[48;2;107;140;99m▀[0m[38;2;173;239;107m[48;2;132;197;107m▀[0m[38;2;132;197;107m[48;2;132;197;107m▀[0m[38;2;132;197;107m[48;2;107;140;99m▀[0m[38;2;0;0;0m[48;2;0;0;0m▀[0m   
       [38;2;0;0;0m▀[38;2;197;206;214m[48;2;0;0;0m▀[0m[38;2;197;206;214m[48;2;0;0;0m▀[0m[38;2;0;0;0m▀    
[0m