  [38;2;0;0;0m▄[38;2;0;0;0m[48;2;255;222;41m▀[0m[38;2;0;0;0m▄ [38;2;0;0;0m▄[38;2;0;0;0m[48;2;255;222;41m▀[0m[38;2;0;0;0m▄     
  [38;2;0;0;0m[48;2;0;0;0m▀[0m[38;2;255;222;41m[48;2;206;156;33m▀[0m[38;2;0;0;0m[48;2;0;0;0m▀[0m [38;2;0;0;0m[48;2;0;0;0m▀[0m[38;2;255;222;41m[48;2;206;156;33m▀[0m[38;2;65;65;65m[48;2;65;65;65m▀[0m[38;2;0;0;0m[48;2;165;239;74m▀[0m[38;2;0;0;0m▄   
 [38;2;0;0;0m▄[38;2;0;0;0m[48;2;140;197;49m▀[0m[38;2;65;65;65m[48;2;140;197;49m▀[0m[38;2;255;222;41m[48;2;255;222;41m▀[0m[38;2;0;0;0m[48;2;99;173;58m▀[0m[38;2;255;222;41m[48;2;255;222;41m▀[0m[38;2;65;65;65m[48;2;65;65;65m▀[0m[38;2;140;197;49m[48;2;140;197;49m▀[0m[38;2;165;239;74m[48;2;140;197;49m▀[0m[38;2;0;0;0m[48;2;165;239;74m▀[0m[38;2;0;0;0m▄  
 [38;2;0;0;0m▀[38;2;140;197;49m[48;2;0;0;0m▀[0m[38;2;99;173;58m[48;2;255;222;41m▀[0m[38;2;255;222;41m[48;2;206;156;33m▀[0m[38;2;206;156;33m[48;2;255;222;41m▀[0m[38;2;255;222;41m[48;2;206;156;33m▀[0m[38;2;206;156;33m[48;2;255;222;41m▀[0m[38;2;66;140;41m[48;2;255;222;41m▀[0m[38;2;140;197;49m[48;2;66;140;41m▀[0m[38;2;165;239;74m[48;2;140;197;49m▀[0m[38;2;0;0;0m[48;2;0;0;0m▀[0m  
 [38;2;0;0;0m[48;2;0;0;0m▀[0m[38;2;99;173;58m[48;2;99;173;58m▀[0m[38;2;255;255;255m[48;2;255;90;181m▀[0m[38;2;255;222;41m[48;2;255;222;41m▀[0m[38;2;255;222;41m[48;2;255;222;41m▀[0m[38;2;255;222;41m[48;2;255;222;41m▀[0m[38;2;255;222;41m[48;2;255;255;255m▀[0m[38;2;255;222;41m[48;2;255;222;41m▀[0m[38;2;255;222;41m[48;2;255;222;41m▀[0m[38;2;99;173;58m[48;2;99;173;58m▀[0m[38;2;165;239;74m[48;2;165;239;74m▀[0m[38;2;0;0;0m[48;2;0;0;0m▀[0m 
  [38;2;0;0;0m▀[38;2;255;222;41m[48;2;0;0;0m▀[0m[38;2;255;222;41m[48;2;206;156;33m▀[0m[38;2;255;222;41m[48;2;255;222;41m▀[0m[38;2;255;222;41m[48;2;255;222;41m▀[0m[38;2;255;90;181m[48;2;255;222;41m▀[0m[38;2;255;222;41m[48;2;206;156;33m▀[0m[38;2;206;156;33m[48;2;165;239;74m▀[0m[38;2;165;239;74m[48;2;165;239;74m▀[0m[38;2;165;239;74m[48;2;0;0;0m▀[0m[38;2;0;0;0m▀ 
  [38;2;0;0;0m▄[38;2;0;0;0m▄[38;2;0;0;0m[48;2;206;156;33m▀[0m[38;2;65;65;65m[48;2;0;0;0m▀[0m[38;2;58;99;49m[48;2;0;0;0m▀[0m[38;2;206;156;33m[48;2;66;140;41m▀[0m[38;2;65;65;65m[48;2;58;99;49m▀[0m[38;2;0;0;0m[48;2;0;0;0m▀[0m[38;2;0;0;0m▀   
[38;2;0;0;0m▄[38;2;0;0;0m[48;2;165;239;74m▀[0m[38;2;165;239;74m[48;2;0;0;0m▀[0m[38;2;140;197;49m[48;2;0;0;0m▀[0m[38;2;0;0;0m▀[38;2;0;0;0m▄[38;2;0;0;0m[48;2;66;140;41m▀[0m[38;2;99;173;58m[48;2;255;222;41m▀[0m[38;2;66;140;41m[48;2;66;140;41m▀[0m[38;2;206;156;33m[48;2;58;99;49m▀[0m[38;2;0;0;0m[48;2;140;197;49m▀[0m[38;2;0;0;0m[48;2;165;239;74m▀[0m[38;2;0;0;0m▄ 
[38;2;0;0;0m▀[38;2;0;0;0m▀   [38;2;0;0;0m▀[38;2;58;99;49m[48;2;0;0;0m▀[0m[38;2;206;156;33m[48;2;58;99;49m▀[0m[38;2;58;99;49m[48;2;66;140;41m▀[0m[38;2;66;140;41m[48;2;66;140;41m▀[0m[38;2;65;65;65m[48;2;58;99;49m▀[0m[38;2;65;65;65m[48;2;99;173;58m▀[0m[38;2;165;239;74m[48;2;0;0;0m▀[0m[38;2;0;0;0m[48;2;0;0;0m▀[0m
      [38;2;0;0;0m▀[38;2;65;65;65m[48;2;0;0;0m▀[0m[38;2;58;99;49m[48;2;66;140;41m▀[0m[38;2;0;0;0m[48;2;0;0;0m▀[0m[38;2;0;0;0m▀[38;2;140;197;49m[48;2;0;0;0m▀[0m[38;2;0;0;0m[48;2;0;0;0m▀[0m 
       [38;2;0;0;0m▀[38;2;0;0;0m▀     
[0m