   [38;2;0;4;0m▄[38;2;0;4;0m[48;2;107;138;165m▀[0m[38;2;0;4;0m▄     [38;2;0;4;0m▄[38;2;0;4;0m[48;2;107;178;222m▀[0m[38;2;0;4;0m▄          
   [38;2;0;4;0m[48;2;0;4;0m▀[0m[38;2;104;139;162m[48;2;104;139;162m▀[0m[38;2;104;139;162m[48;2;104;139;162m▀[0m[38;2;0;4;0m[48;2;0;4;0m▀[0m   [38;2;0;4;0m▄[38;2;0;4;0m[48;2;107;178;222m▀[0m[38;2;107;178;222m[48;2;107;178;222m▀[0m[38;2;0;4;0m[48;2;0;4;0m▀[0m          
   [38;2;0;4;0m[48;2;0;4;0m▀[0m[38;2;66;65;66m[48;2;66;65;66m▀[0m[38;2;103;140;160m[48;2;66;65;66m▀[0m[38;2;104;139;164m[48;2;104;139;164m▀[0m[38;2;0;4;0m[48;2;0;4;0m▀[0m [38;2;0;4;0m▄[38;2;16;4;0m[48;2;115;182;222m▀[0m[38;2;115;182;222m[48;2;49;63;74m▀[0m[38;2;110;180;225m[48;2;110;180;225m▀[0m[38;2;110;180;225m[48;2;110;180;225m▀[0m[38;2;0;4;0m[48;2;0;4;0m▀[0m         
    [38;2;0;4;0m[48;2;0;4;0m▀[0m[38;2;66;64;66m[48;2;66;64;66m▀[0m[38;2;103;140;160m[48;2;66;65;66m▀[0m[38;2;103;140;160m[48;2;66;65;66m▀[0m[38;2;0;4;0m[48;2;99;97;99m▀[0m[38;2;66;66;66m[48;2;99;97;99m▀[0m[38;2;107;178;222m[48;2;107;178;222m▀[0m[38;2;66;65;66m[48;2;66;65;66m▀[0m[38;2;87;99;112m[48;2;74;60;57m▀[0m[38;2;115;178;222m[48;2;115;178;222m▀[0m[38;2;0;4;0m[48;2;0;4;0m▀[0m         
    [38;2;0;4;0m▄[38;2;0;4;0m[48;2;107;178;222m▀[0m[38;2;107;178;222m[48;2;95;96;96m▀[0m[38;2;95;96;96m[48;2;95;96;96m▀[0m[38;2;95;96;96m[48;2;95;96;96m▀[0m[38;2;107;178;222m[48;2;107;178;222m▀[0m[38;2;74;60;57m[48;2;115;178;222m▀[0m[38;2;87;99;112m[48;2;115;178;222m▀[0m[38;2;66;65;66m[48;2;66;65;66m▀[0m[38;2;107;178;222m[48;2;107;178;222m▀[0m[38;2;123;170;206m[48;2;87;114;137m▀[0m[38;2;16;4;0m[48;2;51;59;68m▀[0m[38;2;0;4;0m▄       
   [38;2;0;4;0m[48;2;0;4;0m▀[0m[38;2;110;180;225m[48;2;110;180;225m▀[0m[38;2;110;180;225m[48;2;110;180;225m▀[0m[38;2;95;97;95m[48;2;95;97;95m▀[0m[38;2;95;97;95m[48;2;95;97;95m▀[0m[38;2;110;180;225m[48;2;110;180;225m▀[0m[38;2;110;180;225m[48;2;110;180;225m▀[0m[38;2;107;178;222m[48;2;107;178;222m▀[0m[38;2;107;178;222m[48;2;66;65;66m▀[0m[38;2;115;178;222m[48;2;74;60;49m▀[0m[38;2;87;99;106m[48;2;87;99;106m▀[0m[38;2;94;97;94m[48;2;94;97;94m▀[0m[38;2;66;65;66m[48;2;94;97;94m▀[0m[38;2;99;97;99m[48;2;66;66;66m▀[0m[38;2;0;4;0m[48;2;99;97;99m▀[0m[38;2;0;4;0m▄     
   [38;2;0;4;0m▀[38;2;74;95;107m[48;2;16;8;0m▀[0m[38;2;132;182;214m[48;2;74;95;107m▀[0m[38;2;95;97;95m[48;2;95;97;95m▀[0m[38;2;95;97;95m[48;2;95;97;95m▀[0m[38;2;132;182;214m[48;2;74;95;107m▀[0m[38;2;74;95;107m[48;2;16;8;0m▀[0m[38;2;123;44;41m[48;2;167;113;109m▀[0m[38;2;255;251;247m[48;2;255;251;247m▀[0m[38;2;95;97;95m[48;2;95;97;95m▀[0m[38;2;95;97;95m[48;2;95;97;95m▀[0m[38;2;95;97;95m[48;2;95;97;95m▀[0m[38;2;95;97;95m[48;2;95;97;95m▀[0m[38;2;66;65;66m[48;2;66;65;66m▀[0m[38;2;94;97;94m[48;2;94;97;94m▀[0m[38;2;94;97;94m[48;2;94;97;94m▀[0m[38;2;0;4;0m[48;2;94;97;94m▀[0m[38;2;0;4;0m▄   
   [38;2;0;4;0m▄[38;2;0;4;0m[48;2;99;97;99m▀[0m[38;2;66;66;66m[48;2;99;97;99m▀[0m[38;2;95;97;95m[48;2;95;97;95m▀[0m[38;2;95;97;95m[48;2;95;97;95m▀[0m[38;2;85;85;87m[48;2;85;85;87m▀[0m[38;2;255;85;82m[48;2;85;85;87m▀[0m[38;2;255;85;82m[48;2;95;95;98m▀[0m[38;2;95;95;98m[48;2;95;95;98m▀[0m[38;2;95;96;96m[48;2;107;178;222m▀[0m[38;2;95;96;96m[48;2;107;178;222m▀[0m[38;2;123;170;206m[48;2;16;4;0m▀[0m[38;2;51;59;68m[48;2;87;114;137m▀[0m[38;2;94;97;94m[48;2;94;97;94m▀[0m[38;2;66;65;66m[48;2;66;65;66m▀[0m[38;2;95;97;95m[48;2;95;97;95m▀[0m[38;2;95;97;95m[48;2;95;97;95m▀[0m[38;2;0;4;0m[48;2;94;97;94m▀[0m[38;2;0;4;0m▄  
   [38;2;0;4;0m▀[38;2;66;66;66m[48;2;0;4;0m▀[0m[38;2;99;97;99m[48;2;0;4;0m▀[0m[38;2;74;95;107m[48;2;16;8;0m▀[0m[38;2;74;95;107m[48;2;132;182;214m▀[0m[38;2;110;180;225m[48;2;110;180;225m▀[0m[38;2;110;180;225m[48;2;110;180;225m▀[0m[38;2;115;178;222m[48;2;98;140;170m▀[0m[38;2;115;178;222m[48;2;66;65;66m▀[0m[38;2;66;64;66m[48;2;0;4;0m▀[0m[38;2;0;4;0m▀ [38;2;0;4;0m[48;2;0;4;0m▀[0m[38;2;94;97;94m[48;2;94;97;94m▀[0m[38;2;66;65;66m[48;2;94;97;94m▀[0m[38;2;94;97;94m[48;2;0;4;0m▀[0m[38;2;94;97;94m[48;2;94;97;94m▀[0m[38;2;94;97;94m[48;2;94;97;94m▀[0m[38;2;0;4;0m[48;2;0;4;0m▀[0m  
      [38;2;0;4;0m▄[38;2;0;4;0m[48;2;94;97;94m▀[0m[38;2;66;65;66m[48;2;255;239;132m▀[0m[38;2;66;65;66m[48;2;255;239;132m▀[0m[38;2;123;128;112m[48;2;255;239;140m▀[0m[38;2;255;239;140m[48;2;57;73;99m▀[0m[38;2;66;71;71m[48;2;99;105;107m▀[0m[38;2;0;4;0m[48;2;99;105;107m▀[0m[38;2;0;4;0m▄ [38;2;0;4;0m▀[38;2;0;4;0m▀ [38;2;0;4;0m▀[38;2;0;4;0m▀   
     [38;2;0;4;0m[48;2;0;4;0m▀[0m[38;2;120;131;134m[48;2;57;69;74m▀[0m[38;2;57;69;74m[48;2;247;255;255m▀[0m[38;2;66;65;66m[48;2;231;219;156m▀[0m[38;2;231;219;156m[48;2;66;65;66m▀[0m[38;2;255;227;107m[48;2;192;171;90m▀[0m[38;2;66;60;57m[48;2;192;171;90m▀[0m[38;2;65;95;111m[48;2;16;8;0m▀[0m[38;2;115;182;222m[48;2;115;182;222m▀[0m[38;2;0;4;0m[48;2;107;178;222m▀[0m[38;2;0;4;0m▄   [38;2;0;4;0m▄[38;2;0;4;0m[48;2;104;139;164m▀[0m[38;2;0;4;0m[48;2;104;139;164m▀[0m[38;2;0;4;0m▄ 
   [38;2;0;4;0m▄[38;2;8;4;0m[48;2;84;96;104m▀[0m[38;2;123;142;156m[48;2;84;96;104m▀[0m[38;2;103;140;160m[48;2;103;140;160m▀[0m[38;2;66;65;66m[48;2;66;65;66m▀[0m[38;2;66;60;57m[48;2;255;235;123m▀[0m[38;2;192;176;101m[48;2;255;235;123m▀[0m[38;2;172;163;93m[48;2;255;239;132m▀[0m[38;2;8;12;16m[48;2;90;87;54m▀[0m[38;2;0;4;0m▄[38;2;0;4;0m[48;2;66;64;66m▀[0m[38;2;107;178;222m[48;2;107;178;222m▀[0m[38;2;107;178;222m[48;2;95;96;96m▀[0m[38;2;0;4;0m[48;2;0;4;0m▀[0m [38;2;0;4;0m▄[38;2;0;4;0m[48;2;107;138;165m▀[0m[38;2;104;139;164m[48;2;104;139;164m▀[0m[38;2;104;139;164m[48;2;0;4;0m▀[0m[38;2;104;139;164m[48;2;0;4;0m▀[0m[38;2;0;4;0m[48;2;0;4;0m▀[0m
[38;2;0;4;0m▄[38;2;0;4;0m[48;2;198;195;189m▀[0m[38;2;0;4;0m[48;2;198;195;189m▀[0m[38;2;99;99;94m[48;2;198;195;189m▀[0m[38;2;94;97;94m[48;2;94;97;94m▀[0m[38;2;94;97;94m[48;2;66;65;66m▀[0m[38;2;74;69;66m[48;2;107;142;165m▀[0m[38;2;85;93;99m[48;2;107;142;165m▀[0m[38;2;95;95;98m[48;2;95;95;98m▀[0m[38;2;255;239;132m[48;2;95;95;98m▀[0m[38;2;95;96;96m[48;2;95;96;96m▀[0m[38;2;95;96;96m[48;2;107;178;222m▀[0m[38;2;87;99;112m[48;2;115;178;222m▀[0m[38;2;74;60;57m[48;2;115;178;222m▀[0m[38;2;115;178;222m[48;2;74;60;49m▀[0m[38;2;87;99;106m[48;2;87;99;106m▀[0m[38;2;99;97;99m[48;2;99;97;99m▀[0m[38;2;0;4;0m[48;2;66;66;66m▀[0m[38;2;104;139;164m[48;2;104;139;164m▀[0m[38;2;104;139;164m[48;2;0;4;0m▀[0m[38;2;0;4;0m▀   
 [38;2;0;4;0m[48;2;0;4;0m▀[0m[38;2;198;190;189m[48;2;66;60;66m▀[0m[38;2;66;60;66m[48;2;110;103;107m▀[0m[38;2;85;93;99m[48;2;74;69;66m▀[0m[38;2;74;69;66m[48;2;107;142;165m▀[0m[38;2;104;139;162m[48;2;104;139;162m▀[0m[38;2;104;139;162m[48;2;104;139;162m▀[0m[38;2;98;140;170m[48;2;66;65;66m▀[0m[38;2;115;178;222m[48;2;66;65;66m▀[0m[38;2;110;180;225m[48;2;110;180;225m▀[0m[38;2;110;180;225m[48;2;110;180;225m▀[0m[38;2;107;178;222m[48;2;107;178;222m▀[0m[38;2;107;178;222m[48;2;66;65;66m▀[0m[38;2;66;65;66m[48;2;94;97;94m▀[0m[38;2;94;97;94m[48;2;94;97;94m▀[0m[38;2;95;95;95m[48;2;255;255;255m▀[0m[38;2;255;255;255m[48;2;255;255;255m▀[0m[38;2;85;83;85m[48;2;255;251;255m▀[0m[38;2;0;0;0m[48;2;255;251;255m▀[0m[38;2;0;4;0m▄   
  [38;2;0;4;0m▀[38;2;0;4;0m▀[38;2;66;66;66m[48;2;0;4;0m▀[0m[38;2;66;66;66m[48;2;99;97;99m▀[0m[38;2;103;140;160m[48;2;66;65;66m▀[0m[38;2;103;140;160m[48;2;66;65;66m▀[0m[38;2;107;138;165m[48;2;0;4;0m▀[0m[38;2;0;4;0m▀[38;2;107;178;222m[48;2;0;4;0m▀[0m[38;2;107;178;222m[48;2;107;178;222m▀[0m[38;2;107;178;222m[48;2;107;178;222m▀[0m[38;2;66;65;66m[48;2;107;178;222m▀[0m[38;2;94;97;94m[48;2;66;65;66m▀[0m[38;2;94;97;94m[48;2;94;97;94m▀[0m[38;2;85;83;85m[48;2;85;83;85m▀[0m[38;2;255;251;255m[48;2;0;0;0m▀[0m[38;2;0;4;0m▀[38;2;0;4;0m▀    
   [38;2;0;4;0m▄[38;2;0;4;0m▄[38;2;0;4;0m[48;2;94;97;94m▀[0m[38;2;94;97;94m[48;2;94;97;94m▀[0m[38;2;0;4;0m[48;2;94;97;94m▀[0m[38;2;0;4;0m▄  [38;2;0;4;0m▀[38;2;0;4;0m▀[38;2;66;64;66m[48;2;0;4;0m▀[0m[38;2;66;65;66m[48;2;94;97;94m▀[0m[38;2;66;65;66m[48;2;94;97;94m▀[0m[38;2;0;4;0m[48;2;94;97;94m▀[0m[38;2;0;4;0m▄      
  [38;2;0;4;0m▀[38;2;94;97;94m[48;2;0;4;0m▀[0m[38;2;66;66;66m[48;2;0;4;0m▀[0m[38;2;99;97;99m[48;2;0;4;0m▀[0m[38;2;94;97;94m[48;2;0;4;0m▀[0m[38;2;0;4;0m▀     [38;2;0;4;0m▄[38;2;0;8;0m[48;2;123;121;123m▀[0m[38;2;82;83;82m[48;2;123;121;123m▀[0m[38;2;90;90;90m[48;2;132;130;132m▀[0m[38;2;8;12;8m[48;2;90;90;90m▀[0m[38;2;0;4;0m▄     
             [38;2;0;4;0m▀[38;2;66;66;66m[48;2;0;4;0m▀[0m[38;2;99;97;99m[48;2;0;4;0m▀[0m[38;2;66;66;66m[48;2;0;4;0m▀[0m[38;2;99;97;99m[48;2;0;4;0m▀[0m[38;2;0;4;0m▀     
[0m