   [38;2;0;0;0m▄[38;2;0;0;0m▄[38;2;0;0;0m[48;2;222;207;107m▀[0m[38;2;0;0;0m[48;2;222;207;107m▀[0m[38;2;0;0;0m[48;2;222;207;107m▀[0m[38;2;0;0;0m[48;2;222;207;107m▀[0m[38;2;0;0;0m[48;2;222;207;107m▀[0m[38;2;0;0;0m[48;2;222;207;107m▀[0m[38;2;0;0;0m▄[38;2;0;0;0m▄     
 [38;2;0;0;0m▄[38;2;0;0;0m[48;2;222;207;107m▀[0m[38;2;222;207;107m[48;2;222;207;107m▀[0m[38;2;222;207;106m[48;2;222;207;106m▀[0m[38;2;222;207;106m[48;2;222;207;106m▀[0m[38;2;222;207;106m[48;2;222;207;106m▀[0m[38;2;222;207;106m[48;2;222;207;106m▀[0m[38;2;222;207;106m[48;2;222;207;106m▀[0m[38;2;222;207;106m[48;2;222;207;106m▀[0m[38;2;222;207;106m[48;2;222;207;106m▀[0m[38;2;222;207;106m[48;2;222;207;106m▀[0m[38;2;214;195;99m[48;2;214;195;99m▀[0m[38;2;0;0;0m[48;2;214;195;99m▀[0m[38;2;0;0;0m▄   
[38;2;0;0;0m▄[38;2;0;0;0m[48;2;222;207;107m▀[0m[38;2;222;207;106m[48;2;222;207;106m▀[0m[38;2;222;207;106m[48;2;222;207;106m▀[0m[38;2;222;207;107m[48;2;222;207;107m▀[0m[38;2;222;207;107m[48;2;66;65;66m▀[0m[38;2;222;207;107m[48;2;66;65;66m▀[0m[38;2;222;207;107m[48;2;66;65;66m▀[0m[38;2;222;207;106m[48;2;222;207;106m▀[0m[38;2;222;207;106m[48;2;222;207;106m▀[0m[38;2;222;207;107m[48;2;222;207;107m▀[0m[38;2;189;165;90m[48;2;189;165;90m▀[0m[38;2;222;207;107m[48;2;222;207;107m▀[0m[38;2;189;165;90m[48;2;189;165;90m▀[0m[38;2;222;207;107m[48;2;222;207;107m▀[0m[38;2;0;0;0m[48;2;0;0;0m▀[0m  
[38;2;0;0;0m[48;2;0;0;0m▀[0m[38;2;222;207;107m[48;2;222;207;107m▀[0m[38;2;206;186;99m[48;2;0;0;16m▀[0m[38;2;68;62;43m[48;2;206;186;99m▀[0m[38;2;66;65;66m[48;2;189;166;90m▀[0m[38;2;189;166;90m[48;2;189;166;90m▀[0m[38;2;189;165;90m[48;2;189;165;90m▀[0m[38;2;189;165;90m[48;2;189;165;90m▀[0m[38;2;66;65;66m[48;2;189;166;90m▀[0m[38;2;189;166;90m[48;2;66;65;66m▀[0m[38;2;222;207;107m[48;2;189;165;90m▀[0m[38;2;222;207;107m[48;2;222;207;107m▀[0m[38;2;189;165;90m[48;2;222;207;107m▀[0m[38;2;222;207;107m[48;2;222;207;107m▀[0m[38;2;222;207;106m[48;2;222;207;106m▀[0m[38;2;222;207;106m[48;2;222;207;106m▀[0m[38;2;0;0;0m[48;2;0;0;0m▀[0m 
 [38;2;0;0;0m▀ [38;2;0;0;0m▀[38;2;189;166;90m[48;2;0;0;0m▀[0m[38;2;189;166;90m[48;2;189;166;90m▀[0m[38;2;189;166;90m[48;2;128;116;60m▀[0m[38;2;189;166;90m[48;2;189;166;90m▀[0m[38;2;189;166;90m[48;2;189;166;90m▀[0m[38;2;128;116;60m[48;2;189;166;90m▀[0m[38;2;189;166;90m[48;2;66;65;66m▀[0m[38;2;66;65;66m[48;2;66;65;66m▀[0m[38;2;66;65;66m[48;2;66;65;66m▀[0m[38;2;189;166;90m[48;2;66;65;66m▀[0m[38;2;222;207;107m[48;2;189;165;90m▀[0m[38;2;222;207;107m[48;2;222;207;107m▀[0m[38;2;0;0;0m[48;2;222;207;107m▀[0m[38;2;0;0;0m▄
   [38;2;0;0;0m▄[38;2;0;0;0m[48;2;126;113;60m▀[0m[38;2;126;113;60m[48;2;189;170;90m▀[0m[38;2;189;166;90m[48;2;189;166;90m▀[0m[38;2;128;116;60m[48;2;189;166;90m▀[0m[38;2;189;166;82m[48;2;127;115;74m▀[0m[38;2;66;65;66m[48;2;66;65;66m▀[0m[38;2;77;41;43m[48;2;231;93;115m▀[0m[38;2;231;93;115m[48;2;0;16;8m▀[0m[38;2;66;65;66m[48;2;231;89;115m▀[0m[38;2;66;65;66m[48;2;66;65;66m▀[0m[38;2;66;65;66m[48;2;66;65;66m▀[0m[38;2;222;207;107m[48;2;222;207;107m▀[0m[38;2;206;186;99m[48;2;206;186;99m▀[0m[38;2;0;0;0m[48;2;0;0;0m▀[0m
 [38;2;0;0;0m▄[38;2;8;4;0m[48;2;222;211;107m▀[0m[38;2;115;107;53m[48;2;222;211;107m▀[0m[38;2;189;165;90m[48;2;222;207;107m▀[0m[38;2;189;165;90m[48;2;222;207;107m▀[0m[38;2;178;159;93m[48;2;231;207;107m▀[0m[38;2;231;207;107m[48;2;74;65;66m▀[0m[38;2;222;207;107m[48;2;66;65;66m▀[0m[38;2;66;65;66m[48;2;66;65;66m▀[0m[38;2;231;93;115m[48;2;77;41;43m▀[0m[38;2;0;16;8m[48;2;231;93;115m▀[0m[38;2;231;89;115m[48;2;66;65;66m▀[0m[38;2;66;65;66m[48;2;66;65;66m▀[0m[38;2;66;65;66m[48;2;66;65;66m▀[0m[38;2;231;211;107m[48;2;176;162;93m▀[0m[38;2;189;166;90m[48;2;189;166;90m▀[0m[38;2;0;0;0m[48;2;0;0;0m▀[0m
  [38;2;0;0;0m▀[38;2;66;65;66m[48;2;0;0;0m▀[0m[38;2;66;65;66m[48;2;127;115;74m▀[0m[38;2;66;65;66m[48;2;189;166;82m▀[0m[38;2;66;65;66m[48;2;189;166;90m▀[0m[38;2;189;166;90m[48;2;189;166;90m▀[0m[38;2;189;166;90m[48;2;128;116;60m▀[0m[38;2;189;166;90m[48;2;128;116;60m▀[0m[38;2;66;65;66m[48;2;189;166;90m▀[0m[38;2;66;65;66m[48;2;66;65;66m▀[0m[38;2;66;65;66m[48;2;66;65;66m▀[0m[38;2;66;65;66m[48;2;189;166;90m▀[0m[38;2;189;165;90m[48;2;189;165;90m▀[0m[38;2;189;165;90m[48;2;189;165;90m▀[0m[38;2;189;166;90m[48;2;189;166;90m▀[0m[38;2;0;0;0m[48;2;0;0;0m▀[0m
 [38;2;0;0;0m▄ [38;2;0;0;0m▄[38;2;0;0;0m[48;2;206;182;99m▀[0m[38;2;137;121;66m[48;2;206;182;99m▀[0m[38;2;128;116;60m[48;2;189;166;90m▀[0m[38;2;128;116;60m[48;2;189;166;90m▀[0m[38;2;186;165;85m[48;2;186;165;85m▀[0m[38;2;126;115;71m[48;2;66;65;57m▀[0m[38;2;189;165;90m[48;2;189;165;90m▀[0m[38;2;189;165;90m[48;2;189;165;90m▀[0m[38;2;189;166;90m[48;2;128;116;60m▀[0m[38;2;189;166;90m[48;2;189;166;90m▀[0m[38;2;189;165;90m[48;2;189;165;90m▀[0m[38;2;189;165;90m[48;2;189;165;90m▀[0m[38;2;0;0;0m[48;2;0;0;0m▀[0m 
[38;2;0;0;0m[48;2;0;0;0m▀[0m[38;2;206;186;99m[48;2;206;186;99m▀[0m[38;2;0;0;16m[48;2;222;207;107m▀[0m[38;2;222;207;107m[48;2;74;69;46m▀[0m[38;2;222;207;107m[48;2;66;65;66m▀[0m[38;2;222;207;107m[48;2;66;65;66m▀[0m[38;2;222;207;107m[48;2;66;65;66m▀[0m[38;2;66;65;66m[48;2;222;207;107m▀[0m[38;2;66;65;66m[48;2;189;166;90m▀[0m[38;2;189;166;90m[48;2;189;166;90m▀[0m[38;2;189;166;90m[48;2;189;166;90m▀[0m[38;2;128;116;60m[48;2;128;116;60m▀[0m[38;2;189;166;90m[48;2;189;166;90m▀[0m[38;2;128;116;60m[48;2;128;116;60m▀[0m[38;2;189;166;90m[48;2;189;166;90m▀[0m[38;2;0;0;0m[48;2;0;0;0m▀[0m  
 [38;2;0;0;0m▀[38;2;189;166;90m[48;2;0;0;0m▀[0m[38;2;189;166;90m[48;2;189;166;90m▀[0m[38;2;222;207;107m[48;2;189;165;90m▀[0m[38;2;222;207;107m[48;2;189;165;90m▀[0m[38;2;222;207;107m[48;2;189;165;90m▀[0m[38;2;189;165;90m[48;2;189;165;90m▀[0m[38;2;189;166;90m[48;2;189;166;90m▀[0m[38;2;128;116;60m[48;2;189;166;90m▀[0m[38;2;189;165;90m[48;2;189;165;90m▀[0m[38;2;189;165;90m[48;2;189;165;90m▀[0m[38;2;126;110;60m[48;2;0;0;0m▀[0m[38;2;189;166;90m[48;2;0;0;0m▀[0m[38;2;0;0;0m▀   
   [38;2;0;0;0m▀[38;2;0;0;0m▀[38;2;0;0;0m▀[38;2;189;166;90m[48;2;0;0;0m▀[0m[38;2;189;166;90m[48;2;0;0;0m▀[0m[38;2;189;166;90m[48;2;0;0;0m▀[0m[38;2;189;166;90m[48;2;0;0;0m▀[0m[38;2;0;0;0m▀[38;2;0;0;0m▀      
[0m