  [38;2;0;0;0m▄[38;2;0;0;0m[48;2;247;148;148m▀[0m[38;2;0;0;0m[48;2;247;148;148m▀[0m[38;2;0;0;0m[48;2;239;99;99m▀[0m[38;2;0;0;0m▄[38;2;0;0;0m▄[38;2;0;0;0m[48;2;247;148;148m▀[0m[38;2;0;0;0m[48;2;247;148;148m▀[0m[38;2;0;0;0m▄     
 [38;2;0;0;0m[48;2;0;0;0m▀[0m[38;2;239;99;99m[48;2;65;65;65m▀[0m[38;2;247;148;148m[48;2;173;74;82m▀[0m[38;2;247;148;148m[48;2;247;148;148m▀[0m[38;2;247;148;148m[48;2;247;148;148m▀[0m[38;2;65;65;65m[48;2;247;148;148m▀[0m[38;2;247;148;148m[48;2;247;148;148m▀[0m[38;2;247;148;148m[48;2;247;148;148m▀[0m[38;2;247;148;148m[48;2;247;148;148m▀[0m[38;2;247;148;148m[48;2;239;99;99m▀[0m[38;2;0;0;0m[48;2;0;0;0m▀[0m    
[38;2;0;0;0m[48;2;0;0;0m▀[0m[38;2;239;99;99m[48;2;247;148;148m▀[0m[38;2;247;148;148m[48;2;247;148;148m▀[0m[38;2;247;148;148m[48;2;247;148;148m▀[0m[38;2;239;99;99m[48;2;247;148;148m▀[0m[38;2;247;148;148m[48;2;247;148;148m▀[0m[38;2;247;148;148m[48;2;247;148;148m▀[0m[38;2;247;148;148m[48;2;239;99;99m▀[0m[38;2;239;99;99m[48;2;247;148;148m▀[0m[38;2;173;74;82m[48;2;247;148;148m▀[0m[38;2;65;65;65m[48;2;239;99;99m▀[0m[38;2;0;0;0m[48;2;173;74;82m▀[0m[38;2;0;0;0m▄   
[38;2;0;0;0m▀[38;2;239;99;99m[48;2;0;0;0m▀[0m[38;2;247;148;148m[48;2;65;65;65m▀[0m[38;2;247;148;148m[48;2;197;197;206m▀[0m[38;2;239;99;99m[48;2;239;99;99m▀[0m[38;2;239;99;99m[48;2;173;74;82m▀[0m[38;2;247;148;148m[48;2;239;99;99m▀[0m[38;2;247;148;148m[48;2;247;148;148m▀[0m[38;2;247;148;148m[48;2;247;148;148m▀[0m[38;2;247;148;148m[48;2;247;148;148m▀[0m[38;2;247;148;148m[48;2;239;99;99m▀[0m[38;2;239;99;99m[48;2;239;99;99m▀[0m[38;2;0;0;0m[48;2;0;0;0m▀[0m   
 [38;2;0;0;0m▄[38;2;0;0;0m[48;2;255;255;123m▀[0m[38;2;255;255;255m[48;2;255;255;123m▀[0m[38;2;239;99;99m[48;2;255;255;123m▀[0m[38;2;239;99;99m[48;2;255;255;123m▀[0m[38;2;0;0;0m[48;2;0;0;0m▀[0m[38;2;197;197;206m[48;2;255;255;255m▀[0m[38;2;65;65;65m[48;2;239;99;99m▀[0m[38;2;239;99;99m[48;2;65;65;65m▀[0m[38;2;239;99;99m[48;2;0;0;0m▀[0m[38;2;0;0;0m▀    
 [38;2;0;0;0m▀[38;2;222;173;107m[48;2;0;0;0m▀[0m[38;2;65;65;65m[48;2;173;74;82m▀[0m[38;2;255;255;123m[48;2;222;173;107m▀[0m[38;2;255;255;123m[48;2;222;173;107m▀[0m[38;2;255;255;123m[48;2;239;99;99m▀[0m[38;2;239;99;99m[48;2;173;74;82m▀[0m[38;2;239;99;99m[48;2;65;65;65m▀[0m[38;2;173;74;82m[48;2;65;65;65m▀[0m[38;2;0;0;0m[48;2;173;74;82m▀[0m[38;2;0;0;0m▄[38;2;0;0;0m▄[38;2;0;0;0m[48;2;255;255;255m▀[0m[38;2;0;0;0m[48;2;65;65;65m▀[0m[38;2;0;0;0m▄
   [38;2;0;0;0m▀[38;2;0;0;0m[48;2;0;0;0m▀[0m[38;2;65;65;65m[48;2;65;65;65m▀[0m[38;2;65;65;65m[48;2;65;65;65m▀[0m[38;2;65;65;65m[48;2;239;99;99m▀[0m[38;2;239;99;99m[48;2;239;99;99m▀[0m[38;2;173;74;82m[48;2;239;99;99m▀[0m[38;2;239;99;99m[48;2;65;65;65m▀[0m[38;2;239;99;99m[48;2;239;99;99m▀[0m[38;2;239;99;99m[48;2;255;255;255m▀[0m[38;2;239;99;99m[48;2;239;99;99m▀[0m[38;2;197;197;206m[48;2;0;0;0m▀[0m[38;2;0;0;0m▀
   [38;2;0;0;0m[48;2;0;0;0m▀[0m[38;2;239;99;99m[48;2;173;74;82m▀[0m[38;2;173;74;82m[48;2;222;173;107m▀[0m[38;2;255;255;123m[48;2;255;255;123m▀[0m[38;2;239;99;99m[48;2;255;255;123m▀[0m[38;2;239;99;99m[48;2;173;74;82m▀[0m[38;2;173;74;82m[48;2;239;99;99m▀[0m[38;2;239;99;99m[48;2;239;99;99m▀[0m[38;2;65;65;65m[48;2;239;99;99m▀[0m[38;2;65;65;65m[48;2;65;65;65m▀[0m[38;2;0;0;0m[48;2;173;74;82m▀[0m[38;2;0;0;0m[48;2;239;99;99m▀[0m[38;2;0;0;0m[48;2;0;0;0m▀[0m
  [38;2;0;0;0m▀[38;2;197;197;206m[48;2;0;0;0m▀[0m[38;2;173;74;82m[48;2;0;0;0m▀[0m[38;2;0;0;0m▀[38;2;222;173;107m[48;2;0;0;0m▀[0m[38;2;222;173;107m[48;2;0;0;0m▀[0m[38;2;65;65;65m[48;2;65;65;65m▀[0m[38;2;239;99;99m[48;2;173;74;82m▀[0m[38;2;239;99;99m[48;2;239;99;99m▀[0m[38;2;239;99;99m[48;2;173;74;82m▀[0m[38;2;173;74;82m[48;2;0;0;0m▀[0m[38;2;239;99;99m[48;2;0;0;0m▀[0m[38;2;0;0;0m▀ 
        [38;2;0;0;0m▀[38;2;255;255;255m[48;2;0;0;0m▀[0m[38;2;0;0;0m▀[38;2;255;255;255m[48;2;0;0;0m▀[0m[38;2;0;0;0m▀   
[0m