                [38;2;0;0;0m▄[38;2;0;0;0m[48;2;255;255;255m▀[0m[38;2;0;0;0m[48;2;255;222;115m▀[0m[38;2;0;0;0m[48;2;230;107;58m▀[0m[38;2;0;0;0m▄ 
     [38;2;0;0;0m▄[38;2;0;0;0m▄[38;2;0;0;0m▄[38;2;0;0;0m▄       [38;2;0;0;0m[48;2;0;0;0m▀[0m[38;2;255;222;115m[48;2;230;107;58m▀[0m[38;2;255;222;115m[48;2;255;140;107m▀[0m[38;2;255;140;107m[48;2;189;66;33m▀[0m[38;2;0;0;0m[48;2;0;0;0m▀[0m 
   [38;2;0;0;0m▄[38;2;0;0;0m[48;2;255;239;173m▀[0m[38;2;222;197;90m[48;2;255;239;173m▀[0m[38;2;255;239;173m[48;2;255;239;173m▀[0m[38;2;255;239;173m[48;2;255;239;173m▀[0m[38;2;189;148;82m[48;2;255;239;173m▀[0m[38;2;0;0;0m[48;2;222;197;90m▀[0m[38;2;0;0;0m▄[38;2;0;0;0m[48;2;222;197;90m▀[0m[38;2;0;0;0m[48;2;255;239;173m▀[0m[38;2;0;0;0m[48;2;255;239;173m▀[0m[38;2;0;0;0m▄[38;2;0;0;0m▄[38;2;0;0;0m▄[38;2;0;0;0m▀[38;2;0;0;0m▀[38;2;65;65;65m[48;2;0;0;0m▀[0m[38;2;0;0;0m[48;2;255;197;58m▀[0m[38;2;0;0;0m▄
[38;2;0;0;0m▄[38;2;0;0;0m[48;2;123;123;123m▀[0m[38;2;0;0;0m[48;2;0;0;0m▀[0m[38;2;255;239;173m[48;2;255;239;173m▀[0m[38;2;255;239;173m[48;2;189;148;82m▀[0m[38;2;189;148;82m[48;2;255;239;173m▀[0m[38;2;189;148;82m[48;2;255;239;173m▀[0m[38;2;255;239;173m[48;2;189;148;82m▀[0m[38;2;255;239;173m[48;2;255;239;173m▀[0m[38;2;255;239;173m[48;2;255;239;173m▀[0m[38;2;65;65;65m[48;2;189;148;82m▀[0m[38;2;255;239;173m[48;2;255;239;173m▀[0m[38;2;255;239;173m[48;2;255;239;173m▀[0m[38;2;255;239;173m[48;2;255;239;173m▀[0m[38;2;189;148;82m[48;2;255;239;173m▀[0m[38;2;255;239;173m[48;2;255;239;173m▀[0m[38;2;255;239;173m[48;2;255;239;173m▀[0m[38;2;0;0;0m[48;2;222;197;90m▀[0m[38;2;0;0;0m▄[38;2;0;0;0m[48;2;255;197;58m▀[0m[38;2;65;65;65m[48;2;65;65;65m▀[0m[38;2;0;0;0m[48;2;0;0;0m▀[0m
[38;2;0;0;0m▀[38;2;123;123;123m[48;2;0;0;0m▀[0m[38;2;0;0;0m[48;2;189;148;82m▀[0m[38;2;255;239;173m[48;2;65;65;65m▀[0m[38;2;222;197;90m[48;2;255;239;173m▀[0m[38;2;189;148;82m[48;2;255;239;173m▀[0m[38;2;255;239;173m[48;2;222;197;90m▀[0m[38;2;189;148;82m[48;2;65;65;65m▀[0m[38;2;255;239;173m[48;2;65;65;65m▀[0m[38;2;65;65;65m[48;2;123;123;123m▀[0m[38;2;65;65;65m[48;2;255;222;115m▀[0m[38;2;65;65;65m[48;2;123;123;123m▀[0m[38;2;255;239;173m[48;2;65;65;65m▀[0m[38;2;255;239;173m[48;2;255;239;173m▀[0m[38;2;255;239;173m[48;2;222;197;90m▀[0m[38;2;255;239;173m[48;2;255;239;173m▀[0m[38;2;255;239;173m[48;2;255;239;173m▀[0m[38;2;255;239;173m[48;2;255;239;173m▀[0m[38;2;65;65;65m[48;2;255;239;173m▀[0m[38;2;189;148;82m[48;2;65;65;65m▀[0m[38;2;255;197;58m[48;2;255;197;58m▀[0m[38;2;0;0;0m[48;2;0;0;0m▀[0m
  [38;2;0;0;0m[48;2;0;0;0m▀[0m[38;2;255;255;255m[48;2;0;0;0m▀[0m[38;2;65;65;65m[48;2;148;189;247m▀[0m[38;2;65;65;65m[48;2;148;189;247m▀[0m[38;2;65;65;65m[48;2;148;189;247m▀[0m[38;2;82;132;206m[48;2;148;189;247m▀[0m[38;2;65;65;65m[48;2;82;132;206m▀[0m[38;2;123;123;123m[48;2;65;65;65m▀[0m[38;2;255;197;58m[48;2;239;156;0m▀[0m[38;2;123;123;123m[48;2;65;65;65m▀[0m[38;2;65;65;65m[48;2;255;239;173m▀[0m[38;2;255;239;173m[48;2;255;239;173m▀[0m[38;2;255;239;173m[48;2;255;239;173m▀[0m[38;2;222;197;90m[48;2;222;197;90m▀[0m[38;2;255;239;173m[48;2;255;239;173m▀[0m[38;2;255;239;173m[48;2;255;239;173m▀[0m[38;2;255;239;173m[48;2;222;197;90m▀[0m[38;2;65;65;65m[48;2;0;0;0m▀[0m[38;2;0;0;0m▀ 
  [38;2;0;0;0m[48;2;0;0;0m▀[0m[38;2;148;189;247m[48;2;82;132;206m▀[0m[38;2;148;189;247m[48;2;148;189;247m▀[0m[38;2;148;189;247m[48;2;148;189;247m▀[0m[38;2;255;255;255m[48;2;0;0;0m▀[0m[38;2;0;0;0m[48;2;0;0;0m▀[0m[38;2;82;132;206m[48;2;82;132;206m▀[0m[38;2;65;65;65m[48;2;65;65;65m▀[0m[38;2;65;65;65m[48;2;222;197;90m▀[0m[38;2;222;197;90m[48;2;222;197;90m▀[0m[38;2;255;239;173m[48;2;222;197;90m▀[0m[38;2;255;239;173m[48;2;222;197;90m▀[0m[38;2;222;197;90m[48;2;222;197;90m▀[0m[38;2;222;197;90m[48;2;222;197;90m▀[0m[38;2;255;239;173m[48;2;222;197;90m▀[0m[38;2;255;239;173m[48;2;189;148;82m▀[0m[38;2;0;0;0m[48;2;222;197;90m▀[0m[38;2;0;0;0m▄  
   [38;2;0;0;0m▀[38;2;82;132;206m[48;2;0;0;0m▀[0m[38;2;82;132;206m[48;2;0;0;0m▀[0m[38;2;82;132;206m[48;2;65;65;65m▀[0m[38;2;82;132;206m[48;2;189;148;82m▀[0m[38;2;65;65;65m[48;2;222;197;90m▀[0m[38;2;222;197;90m[48;2;222;197;90m▀[0m[38;2;222;197;90m[48;2;222;197;90m▀[0m[38;2;222;197;90m[48;2;222;197;90m▀[0m[38;2;222;197;90m[48;2;222;197;90m▀[0m[38;2;222;197;90m[48;2;65;65;65m▀[0m[38;2;222;197;90m[48;2;222;197;90m▀[0m[38;2;222;197;90m[48;2;222;197;90m▀[0m[38;2;222;197;90m[48;2;222;197;90m▀[0m[38;2;222;197;90m[48;2;222;197;90m▀[0m[38;2;222;197;90m[48;2;0;0;0m▀[0m[38;2;0;0;0m▀  
     [38;2;0;0;0m[48;2;0;0;0m▀[0m[38;2;82;132;206m[48;2;0;0;0m▀[0m[38;2;0;0;0m▀[38;2;222;197;90m[48;2;0;0;0m▀[0m[38;2;222;197;90m[48;2;65;65;65m▀[0m[38;2;222;197;90m[48;2;0;0;0m▀[0m[38;2;189;148;82m[48;2;0;0;0m▀[0m[38;2;0;0;0m▀[38;2;0;0;0m▀[38;2;222;197;90m[48;2;0;0;0m▀[0m[38;2;222;197;90m[48;2;0;0;0m▀[0m[38;2;65;65;65m[48;2;82;132;206m▀[0m[38;2;0;0;0m[48;2;0;0;0m▀[0m    
        [38;2;0;0;0m[48;2;0;0;0m▀[0m[38;2;82;132;206m[48;2;0;0;0m▀[0m[38;2;0;0;0m▀    [38;2;0;0;0m▀[38;2;0;0;0m▀     
[0m