        [38;2;0;0;0m▄[38;2;0;0;0m[48;2;239;115;156m▀[0m[38;2;0;0;0m[48;2;239;115;156m▀[0m[38;2;0;0;0m▄     
       [38;2;0;0;0m▄[38;2;0;0;0m[48;2;132;82;90m▀[0m[38;2;239;115;156m[48;2;197;82;107m▀[0m[38;2;197;82;107m[48;2;0;0;0m▀[0m[38;2;0;0;0m▀     
    [38;2;0;0;0m▄[38;2;0;0;0m[48;2;239;115;156m▀[0m[38;2;0;0;0m[48;2;239;115;156m▀[0m[38;2;239;115;156m[48;2;239;115;156m▀[0m[38;2;239;115;156m[48;2;239;115;156m▀[0m[38;2;132;82;90m[48;2;239;115;156m▀[0m[38;2;0;0;0m[48;2;197;82;107m▀[0m[38;2;0;0;0m▄     
 [38;2;0;0;0m▄[38;2;0;0;0m[48;2;197;82;107m▀[0m[38;2;0;0;0m[48;2;132;82;90m▀[0m[38;2;239;115;156m[48;2;239;115;156m▀[0m[38;2;255;222;66m[48;2;239;115;156m▀[0m[38;2;239;115;156m[48;2;239;115;156m▀[0m[38;2;239;115;156m[48;2;239;115;156m▀[0m[38;2;239;115;156m[48;2;255;222;66m▀[0m[38;2;239;115;156m[48;2;239;115;156m▀[0m[38;2;239;115;156m[48;2;239;115;156m▀[0m[38;2;0;0;0m[48;2;197;82;107m▀[0m[38;2;0;0;0m▄    
 [38;2;0;0;0m▀[38;2;197;82;107m[48;2;0;0;0m▀[0m[38;2;132;82;90m[48;2;148;148;132m▀[0m[38;2;197;82;107m[48;2;206;206;206m▀[0m[38;2;239;115;156m[48;2;197;82;107m▀[0m[38;2;255;222;66m[48;2;197;82;107m▀[0m[38;2;239;115;156m[48;2;197;82;107m▀[0m[38;2;239;115;156m[48;2;197;82;107m▀[0m[38;2;197;82;107m[48;2;255;255;255m▀[0m[38;2;197;82;107m[48;2;197;82;107m▀[0m[38;2;239;115;156m[48;2;239;115;156m▀[0m[38;2;197;82;107m[48;2;239;115;156m▀[0m[38;2;0;0;0m[48;2;239;115;156m▀[0m[38;2;0;0;0m▄  
   [38;2;0;0;0m[48;2;0;0;0m▀[0m[38;2;206;206;206m[48;2;206;206;206m▀[0m[38;2;206;206;206m[48;2;206;206;206m▀[0m[38;2;206;206;206m[48;2;206;206;206m▀[0m[38;2;65;65;65m[48;2;206;206;206m▀[0m[38;2;0;0;0m[48;2;206;206;206m▀[0m[38;2;255;255;255m[48;2;148;148;132m▀[0m[38;2;148;148;132m[48;2;148;148;132m▀[0m[38;2;0;0;0m[48;2;65;65;65m▀[0m[38;2;239;115;156m[48;2;0;0;0m▀[0m[38;2;239;115;156m[48;2;0;0;0m▀[0m[38;2;0;0;0m▀  
 [38;2;0;0;0m▄[38;2;0;0;0m▄ [38;2;0;0;0m▀[38;2;239;115;156m[48;2;0;0;0m▀[0m[38;2;206;206;206m[48;2;65;65;65m▀[0m[38;2;206;206;206m[48;2;65;65;65m▀[0m[38;2;148;148;132m[48;2;148;148;132m▀[0m[38;2;148;148;132m[48;2;0;0;0m▀[0m[38;2;0;0;0m▀      
[38;2;0;0;0m[48;2;0;0;0m▀[0m[38;2;148;148;132m[48;2;65;65;65m▀[0m[38;2;148;148;132m[48;2;148;148;132m▀[0m[38;2;0;0;0m[48;2;148;148;132m▀[0m[38;2;0;0;0m[48;2;148;148;132m▀[0m[38;2;148;148;132m[48;2;65;65;65m▀[0m[38;2;148;148;132m[48;2;65;65;65m▀[0m[38;2;65;65;65m[48;2;206;206;206m▀[0m[38;2;206;206;206m[48;2;206;206;206m▀[0m[38;2;206;206;206m[48;2;148;148;132m▀[0m[38;2;0;0;0m[48;2;206;206;206m▀[0m[38;2;0;0;0m[48;2;206;206;206m▀[0m[38;2;0;0;0m▄[38;2;0;0;0m▄[38;2;0;0;0m[48;2;206;206;206m▀[0m[38;2;0;0;0m[48;2;206;206;206m▀[0m[38;2;0;0;0m▄
 [38;2;0;0;0m▀[38;2;0;0;0m▀[38;2;0;0;0m▀[38;2;65;65;65m[48;2;0;0;0m▀[0m[38;2;230;181;41m[48;2;230;181;41m▀[0m[38;2;148;148;132m[48;2;148;148;132m▀[0m[38;2;206;206;206m[48;2;148;115;25m▀[0m[38;2;148;115;25m[48;2;255;222;66m▀[0m[38;2;255;222;66m[48;2;239;115;156m▀[0m[38;2;65;65;65m[48;2;239;115;156m▀[0m[38;2;65;65;65m[48;2;239;115;156m▀[0m[38;2;206;206;206m[48;2;65;65;65m▀[0m[38;2;206;206;206m[48;2;65;65;65m▀[0m[38;2;206;206;206m[48;2;0;0;0m▀[0m[38;2;65;65;65m[48;2;0;0;0m▀[0m[38;2;0;0;0m▀
   [38;2;0;0;0m[48;2;0;0;0m▀[0m[38;2;197;82;107m[48;2;230;181;41m▀[0m[38;2;197;82;107m[48;2;197;82;107m▀[0m[38;2;230;181;41m[48;2;197;82;107m▀[0m[38;2;148;115;25m[48;2;148;115;25m▀[0m[38;2;255;222;66m[48;2;239;115;156m▀[0m[38;2;239;115;156m[48;2;239;115;156m▀[0m[38;2;239;115;156m[48;2;255;222;66m▀[0m[38;2;239;115;156m[48;2;255;222;66m▀[0m[38;2;239;115;156m[48;2;239;115;156m▀[0m[38;2;0;0;0m[48;2;0;0;0m▀[0m   
   [38;2;0;0;0m▀[38;2;65;65;65m[48;2;0;0;0m▀[0m[38;2;197;82;107m[48;2;0;0;0m▀[0m[38;2;197;82;107m[48;2;0;0;0m▀[0m[38;2;65;65;65m[48;2;148;148;132m▀[0m[38;2;197;82;107m[48;2;0;0;0m▀[0m[38;2;239;115;156m[48;2;197;82;107m▀[0m[38;2;255;222;66m[48;2;197;82;107m▀[0m[38;2;230;181;41m[48;2;197;82;107m▀[0m[38;2;197;82;107m[48;2;0;0;0m▀[0m[38;2;0;0;0m▀   
      [38;2;0;0;0m▀[38;2;0;0;0m▀ [38;2;0;0;0m[48;2;0;0;0m▀[0m[38;2;148;148;132m[48;2;206;206;206m▀[0m[38;2;0;0;0m[48;2;0;0;0m▀[0m     
          [38;2;0;0;0m▀[38;2;0;0;0m▀     
[0m