   [38;2;0;0;0m▄[38;2;0;0;0m[48;2;255;247;123m▀[0m[38;2;0;0;0m[48;2;255;247;123m▀[0m[38;2;0;0;0m▄[38;2;0;0;0m▄[38;2;0;0;0m▄         
   [38;2;0;0;0m[48;2;0;0;0m▀[0m[38;2;222;206;82m[48;2;123;123;107m▀[0m[38;2;189;165;49m[48;2;123;123;107m▀[0m[38;2;255;247;123m[48;2;255;247;123m▀[0m[38;2;255;247;123m[48;2;255;247;123m▀[0m[38;2;222;206;82m[48;2;255;247;123m▀[0m[38;2;0;0;0m[48;2;65;65;65m▀[0m[38;2;0;0;0m[48;2;255;247;123m▀[0m[38;2;0;0;0m[48;2;255;247;123m▀[0m[38;2;0;0;0m▄     
  [38;2;0;0;0m[48;2;0;0;0m▀[0m[38;2;255;247;123m[48;2;189;165;49m▀[0m[38;2;123;123;107m[48;2;255;247;123m▀[0m[38;2;123;123;107m[48;2;255;247;123m▀[0m[38;2;255;247;123m[48;2;255;247;123m▀[0m[38;2;123;123;107m[48;2;123;123;107m▀[0m[38;2;123;123;107m[48;2;123;123;107m▀[0m[38;2;255;247;123m[48;2;255;247;123m▀[0m[38;2;255;247;123m[48;2;189;165;49m▀[0m[38;2;255;247;123m[48;2;0;0;0m▀[0m[38;2;0;0;0m▀     
 [38;2;0;0;0m▄[38;2;0;0;0m[48;2;65;65;65m▀[0m[38;2;255;255;255m[48;2;197;82;115m▀[0m[38;2;222;206;82m[48;2;255;247;123m▀[0m[38;2;255;247;123m[48;2;255;247;123m▀[0m[38;2;255;247;123m[48;2;189;165;49m▀[0m[38;2;222;206;82m[48;2;255;255;255m▀[0m[38;2;189;165;49m[48;2;255;247;123m▀[0m[38;2;255;247;123m[48;2;222;206;82m▀[0m[38;2;222;206;82m[48;2;189;165;49m▀[0m[38;2;0;0;0m[48;2;0;0;0m▀[0m      
[38;2;0;0;0m[48;2;0;0;0m▀[0m[38;2;230;107;140m[48;2;255;247;123m▀[0m[38;2;197;82;115m[48;2;189;165;49m▀[0m[38;2;255;247;123m[48;2;65;65;65m▀[0m[38;2;255;247;123m[48;2;189;165;49m▀[0m[38;2;255;247;123m[48;2;255;247;123m▀[0m[38;2;255;247;123m[48;2;222;206;82m▀[0m[38;2;197;82;115m[48;2;222;206;82m▀[0m[38;2;222;206;82m[48;2;65;65;65m▀[0m[38;2;189;165;49m[48;2;255;247;123m▀[0m[38;2;0;0;0m[48;2;255;247;123m▀[0m[38;2;0;0;0m▄      
[38;2;0;0;0m▀[38;2;255;247;123m[48;2;0;0;0m▀[0m[38;2;255;247;123m[48;2;197;82;115m▀[0m[38;2;230;107;140m[48;2;197;82;115m▀[0m[38;2;65;65;65m[48;2;65;65;65m▀[0m[38;2;65;65;65m[48;2;222;206;82m▀[0m[38;2;123;123;107m[48;2;222;206;82m▀[0m[38;2;189;165;49m[48;2;222;206;82m▀[0m[38;2;189;165;49m[48;2;65;65;65m▀[0m[38;2;65;65;65m[48;2;230;107;140m▀[0m[38;2;197;82;115m[48;2;230;107;140m▀[0m[38;2;0;0;0m[48;2;230;107;140m▀[0m[38;2;0;0;0m▄ [38;2;0;0;0m▄[38;2;0;0;0m[48;2;230;107;140m▀[0m[38;2;0;0;0m[48;2;0;0;0m▀[0m[38;2;0;0;0m▄
  [38;2;0;0;0m[48;2;0;0;0m▀[0m[38;2;65;65;65m[48;2;255;247;123m▀[0m[38;2;255;247;123m[48;2;255;247;123m▀[0m[38;2;255;247;123m[48;2;255;247;123m▀[0m[38;2;222;206;82m[48;2;255;247;123m▀[0m[38;2;65;65;65m[48;2;65;65;65m▀[0m[38;2;255;247;123m[48;2;255;247;123m▀[0m[38;2;189;165;49m[48;2;255;247;123m▀[0m[38;2;230;107;140m[48;2;197;82;115m▀[0m[38;2;197;82;115m[48;2;65;65;65m▀[0m[38;2;0;0;0m[48;2;189;165;49m▀[0m[38;2;0;0;0m[48;2;255;247;123m▀[0m[38;2;255;247;123m[48;2;222;206;82m▀[0m[38;2;230;107;140m[48;2;197;82;115m▀[0m[38;2;230;107;140m[48;2;0;0;0m▀[0m[38;2;0;0;0m▀
  [38;2;0;0;0m▄[38;2;0;0;0m[48;2;230;107;140m▀[0m[38;2;197;82;115m[48;2;230;107;140m▀[0m[38;2;222;206;82m[48;2;0;0;0m▀[0m[38;2;222;206;82m[48;2;0;0;0m▀[0m[38;2;222;206;82m[48;2;0;0;0m▀[0m[38;2;65;65;65m[48;2;222;206;82m▀[0m[38;2;65;65;65m[48;2;222;206;82m▀[0m[38;2;65;65;65m[48;2;222;206;82m▀[0m[38;2;189;165;49m[48;2;65;65;65m▀[0m[38;2;222;206;82m[48;2;0;0;0m▀[0m[38;2;222;206;82m[48;2;0;0;0m▀[0m[38;2;0;0;0m▀[38;2;0;0;0m▀  
   [38;2;0;0;0m▀[38;2;0;0;0m▀   [38;2;0;0;0m[48;2;0;0;0m▀[0m[38;2;65;65;65m[48;2;230;107;140m▀[0m[38;2;197;82;115m[48;2;230;107;140m▀[0m[38;2;0;0;0m[48;2;0;0;0m▀[0m      
         [38;2;0;0;0m▀[38;2;0;0;0m▀       
[0m