                   [38;2;0;0;0m▄[38;2;0;0;0m[48;2;239;107;74m▀[0m[38;2;0;0;0m▄
        [38;2;0;0;0m▄[38;2;0;0;0m▄[38;2;0;0;0m[48;2;239;156;58m▀[0m[38;2;0;0;0m[48;2;239;156;58m▀[0m[38;2;0;0;0m[48;2;0;0;0m▀[0m     [38;2;0;0;0m▄[38;2;0;0;0m[48;2;239;107;74m▀[0m[38;2;239;107;74m[48;2;0;0;0m▀[0m[38;2;0;0;0m▀
   [38;2;0;0;0m▄[38;2;0;0;0m[48;2;206;165;115m▀[0m[38;2;0;0;0m▄[38;2;0;0;0m▄[38;2;0;0;0m[48;2;239;156;58m▀[0m[38;2;239;156;58m[48;2;239;156;58m▀[0m[38;2;239;156;58m[48;2;239;156;58m▀[0m[38;2;239;156;58m[48;2;239;156;58m▀[0m[38;2;0;0;0m[48;2;0;0;0m▀[0m[38;2;0;0;0m▄    [38;2;0;0;0m[48;2;0;0;0m▀[0m[38;2;239;107;74m[48;2;239;107;74m▀[0m[38;2;239;107;74m[48;2;239;107;74m▀[0m[38;2;0;0;0m[48;2;0;0;0m▀[0m 
  [38;2;0;0;0m[48;2;0;0;0m▀[0m[38;2;206;165;115m[48;2;206;165;115m▀[0m[38;2;206;165;115m[48;2;65;65;65m▀[0m[38;2;65;65;65m[48;2;239;156;58m▀[0m[38;2;239;156;58m[48;2;239;156;58m▀[0m[38;2;239;156;58m[48;2;239;156;58m▀[0m[38;2;239;156;58m[48;2;239;156;58m▀[0m[38;2;239;156;58m[48;2;239;156;58m▀[0m[38;2;239;156;58m[48;2;239;156;58m▀[0m[38;2;239;156;58m[48;2;239;156;58m▀[0m[38;2;239;156;58m[48;2;239;156;58m▀[0m[38;2;0;0;0m[48;2;239;156;58m▀[0m[38;2;0;0;0m▄[38;2;0;0;0m▄[38;2;0;0;0m[48;2;0;0;0m▀[0m[38;2;247;181;58m[48;2;247;222;74m▀[0m[38;2;239;107;74m[48;2;247;181;58m▀[0m[38;2;239;107;74m[48;2;247;222;74m▀[0m[38;2;239;107;74m[48;2;247;181;58m▀[0m[38;2;0;0;0m[48;2;0;0;0m▀[0m
  [38;2;0;0;0m▄[38;2;0;0;0m[48;2;74;140;222m▀[0m[38;2;66;107;165m[48;2;66;107;165m▀[0m[38;2;239;156;58m[48;2;239;156;58m▀[0m[38;2;239;156;58m[48;2;66;107;165m▀[0m[38;2;66;107;165m[48;2;74;140;222m▀[0m[38;2;66;107;165m[48;2;74;140;222m▀[0m[38;2;66;107;165m[48;2;74;140;222m▀[0m[38;2;239;156;58m[48;2;66;107;165m▀[0m[38;2;239;156;58m[48;2;239;156;58m▀[0m[38;2;239;156;58m[48;2;65;65;65m▀[0m[38;2;65;65;65m[48;2;247;206;156m▀[0m[38;2;247;206;156m[48;2;247;206;156m▀[0m[38;2;206;165;115m[48;2;247;206;156m▀[0m[38;2;0;0;0m[48;2;0;0;0m▀[0m[38;2;247;222;74m[48;2;0;0;0m▀[0m[38;2;247;222;74m[48;2;247;222;74m▀[0m[38;2;247;222;74m[48;2;247;222;74m▀[0m[38;2;247;222;74m[48;2;0;0;0m▀[0m[38;2;0;0;0m▀
  [38;2;0;0;0m▀[38;2;74;140;222m[48;2;0;0;0m▀[0m[38;2;66;107;165m[48;2;74;140;222m▀[0m[38;2;66;107;165m[48;2;74;140;222m▀[0m[38;2;74;140;222m[48;2;74;140;222m▀[0m[38;2;74;140;222m[48;2;239;156;58m▀[0m[38;2;74;140;222m[48;2;239;156;58m▀[0m[38;2;74;140;222m[48;2;239;156;58m▀[0m[38;2;74;140;222m[48;2;74;140;222m▀[0m[38;2;66;107;165m[48;2;66;107;165m▀[0m[38;2;65;65;65m[48;2;65;65;65m▀[0m[38;2;247;206;156m[48;2;247;206;156m▀[0m[38;2;206;165;115m[48;2;206;165;115m▀[0m[38;2;247;206;156m[48;2;247;206;156m▀[0m[38;2;0;0;0m[48;2;0;0;0m▀[0m[38;2;0;0;0m▀[38;2;247;222;74m[48;2;0;0;0m▀[0m[38;2;247;222;74m[48;2;247;222;74m▀[0m[38;2;0;0;0m[48;2;247;222;74m▀[0m[38;2;0;0;0m▄
   [38;2;0;0;0m▀[38;2;66;107;165m[48;2;0;0;0m▀[0m[38;2;74;140;222m[48;2;239;107;74m▀[0m[38;2;239;107;74m[48;2;239;107;74m▀[0m[38;2;239;156;58m[48;2;247;206;156m▀[0m[38;2;0;0;0m[48;2;0;0;0m▀[0m[38;2;255;255;255m[48;2;255;255;255m▀[0m[38;2;66;107;165m[48;2;247;206;156m▀[0m[38;2;239;156;58m[48;2;239;156;58m▀[0m[38;2;65;65;65m[48;2;239;156;58m▀[0m[38;2;247;206;156m[48;2;65;65;65m▀[0m[38;2;206;165;115m[48;2;0;0;0m▀[0m[38;2;0;0;0m▀   [38;2;0;0;0m[48;2;0;0;0m▀[0m[38;2;247;181;58m[48;2;239;156;58m▀[0m[38;2;0;0;0m[48;2;0;0;0m▀[0m
 [38;2;0;0;0m▄[38;2;0;0;0m[48;2;156;107;58m▀[0m[38;2;0;0;0m[48;2;206;123;58m▀[0m[38;2;65;65;65m[48;2;206;123;58m▀[0m[38;2;247;206;156m[48;2;65;65;65m▀[0m[38;2;247;206;156m[48;2;247;206;156m▀[0m[38;2;247;206;156m[48;2;206;165;115m▀[0m[38;2;247;206;156m[48;2;247;206;156m▀[0m[38;2;247;206;156m[48;2;65;65;65m▀[0m[38;2;247;206;156m[48;2;65;65;65m▀[0m[38;2;65;65;65m[48;2;255;255;255m▀[0m[38;2;65;65;65m[48;2;255;255;255m▀[0m[38;2;255;255;255m[48;2;239;156;58m▀[0m[38;2;0;0;0m[48;2;239;156;58m▀[0m[38;2;0;0;0m▄  [38;2;0;0;0m[48;2;0;0;0m▀[0m[38;2;206;123;58m[48;2;206;123;58m▀[0m[38;2;0;0;0m[48;2;0;0;0m▀[0m 
[38;2;0;0;0m[48;2;0;0;0m▀[0m[38;2;206;123;58m[48;2;206;165;115m▀[0m[38;2;206;123;58m[48;2;206;123;58m▀[0m[38;2;206;123;58m[48;2;0;0;0m▀[0m[38;2;156;107;58m[48;2;0;0;0m▀[0m[38;2;0;0;0m▀[38;2;65;65;65m[48;2;0;0;0m▀[0m[38;2;65;65;65m[48;2;206;123;58m▀[0m[38;2;65;65;65m[48;2;156;107;58m▀[0m[38;2;255;255;255m[48;2;247;206;156m▀[0m[38;2;255;255;255m[48;2;247;206;156m▀[0m[38;2;255;255;255m[48;2;247;206;156m▀[0m[38;2;65;65;65m[48;2;239;156;58m▀[0m[38;2;239;156;58m[48;2;65;65;65m▀[0m[38;2;247;222;74m[48;2;247;222;74m▀[0m[38;2;247;222;74m[48;2;239;156;58m▀[0m[38;2;0;0;0m[48;2;239;156;58m▀[0m[38;2;0;0;0m[48;2;65;65;65m▀[0m[38;2;206;123;58m[48;2;0;0;0m▀[0m[38;2;0;0;0m▀  
 [38;2;0;0;0m▀[38;2;0;0;0m▀   [38;2;0;0;0m▀[38;2;65;65;65m[48;2;0;0;0m▀[0m[38;2;206;123;58m[48;2;0;0;0m▀[0m[38;2;156;107;58m[48;2;0;0;0m▀[0m[38;2;247;206;156m[48;2;65;65;65m▀[0m[38;2;206;123;58m[48;2;239;156;58m▀[0m[38;2;239;156;58m[48;2;239;156;58m▀[0m[38;2;239;156;58m[48;2;206;123;58m▀[0m[38;2;65;65;65m[48;2;65;65;65m▀[0m[38;2;239;156;58m[48;2;239;156;58m▀[0m[38;2;239;156;58m[48;2;206;123;58m▀[0m[38;2;239;156;58m[48;2;206;123;58m▀[0m[38;2;0;0;0m[48;2;0;0;0m▀[0m   
          [38;2;0;0;0m▀[38;2;247;206;156m[48;2;0;0;0m▀[0m[38;2;206;165;115m[48;2;0;0;0m▀[0m[38;2;247;206;156m[48;2;0;0;0m▀[0m[38;2;0;0;0m▀[38;2;206;123;58m[48;2;0;0;0m▀[0m[38;2;206;165;115m[48;2;247;206;156m▀[0m[38;2;247;206;156m[48;2;206;165;115m▀[0m[38;2;0;0;0m[48;2;0;0;0m▀[0m   
                [38;2;0;0;0m▀[38;2;0;0;0m▀    
[0m