     [38;2;0;0;0m▄[38;2;0;0;0m[48;2;90;89;82m▀[0m[38;2;0;0;0m[48;2;90;89;82m▀[0m[38;2;0;0;0m▄        
    [38;2;0;0;0m[48;2;0;0;0m▀[0m[38;2;90;88;82m[48;2;90;88;82m▀[0m[38;2;65;64;65m[48;2;65;64;65m▀[0m[38;2;90;89;82m[48;2;90;89;82m▀[0m[38;2;0;0;0m[48;2;0;0;0m▀[0m    [38;2;0;0;0m▄[38;2;0;0;0m▄[38;2;0;0;0m▄ 
   [38;2;0;0;0m▄[38;2;0;0;0m[48;2;66;67;66m▀[0m[38;2;65;68;65m[48;2;115;109;99m▀[0m[38;2;90;88;82m[48;2;115;109;99m▀[0m[38;2;71;73;62m[48;2;93;81;109m▀[0m[38;2;71;73;62m[48;2;115;89;156m▀[0m[38;2;0;0;0m[48;2;107;73;165m▀[0m[38;2;0;0;0m▄[38;2;0;0;0m▄[38;2;0;0;0m[48;2;115;107;99m▀[0m[38;2;115;108;99m[48;2;65;66;66m▀[0m[38;2;115;108;99m[48;2;65;66;66m▀[0m[38;2;115;107;99m[48;2;115;107;99m▀[0m[38;2;0;0;0m[48;2;0;0;0m▀[0m
 [38;2;0;0;0m▄[38;2;0;0;0m[48;2;66;67;66m▀[0m[38;2;115;107;99m[48;2;115;107;99m▀[0m[38;2;115;107;99m[48;2;115;107;99m▀[0m[38;2;115;108;99m[48;2;107;74;165m▀[0m[38;2;107;74;165m[48;2;107;74;165m▀[0m[38;2;107;74;165m[48;2;107;74;165m▀[0m[38;2;115;108;99m[48;2;115;108;99m▀[0m[38;2;115;107;99m[48;2;115;107;99m▀[0m[38;2;115;107;99m[48;2;115;107;99m▀[0m[38;2;115;107;99m[48;2;115;107;99m▀[0m[38;2;66;65;66m[48;2;115;107;99m▀[0m[38;2;115;107;99m[48;2;115;107;99m▀[0m[38;2;115;107;99m[48;2;0;0;0m▀[0m[38;2;0;0;0m▀ 
[38;2;0;0;0m▄[38;2;16;0;0m[48;2;255;142;148m▀[0m[38;2;175;94;98m[48;2;175;94;98m▀[0m[38;2;66;65;66m[48;2;107;73;165m▀[0m[38;2;107;73;165m[48;2;107;73;165m▀[0m[38;2;107;74;165m[48;2;107;74;165m▀[0m[38;2;115;108;99m[48;2;115;108;99m▀[0m[38;2;115;107;99m[48;2;115;107;99m▀[0m[38;2;115;107;99m[48;2;66;65;66m▀[0m[38;2;115;107;99m[48;2;115;107;99m▀[0m[38;2;115;107;99m[48;2;115;107;99m▀[0m[38;2;115;107;99m[48;2;115;107;99m▀[0m[38;2;66;65;66m[48;2;115;107;99m▀[0m[38;2;115;105;99m[48;2;76;70;66m▀[0m[38;2;115;105;99m[48;2;0;0;0m▀[0m[38;2;0;0;0m▀ 
[38;2;0;0;0m▀[38;2;247;174;231m[48;2;0;0;33m▀[0m[38;2;123;87;132m[48;2;123;87;132m▀[0m[38;2;66;65;66m[48;2;107;73;165m▀[0m[38;2;107;73;165m[48;2;107;73;165m▀[0m[38;2;93;70;134m[48;2;93;70;134m▀[0m[38;2;93;70;134m[48;2;231;56;57m▀[0m[38;2;66;65;66m[48;2;231;56;57m▀[0m[38;2;231;56;57m[48;2;231;56;57m▀[0m[38;2;115;105;99m[48;2;255;182;198m▀[0m[38;2;115;105;99m[48;2;115;105;99m▀[0m[38;2;115;107;99m[48;2;115;107;99m▀[0m[38;2;115;107;99m[48;2;115;107;99m▀[0m[38;2;0;0;0m[48;2;0;0;0m▀[0m   
 [38;2;0;0;0m[48;2;0;0;0m▀[0m[38;2;110;92;132m[48;2;110;92;132m▀[0m[38;2;181;166;197m[48;2;107;77;156m▀[0m[38;2;255;255;239m[48;2;107;77;156m▀[0m[38;2;107;73;165m[48;2;173;174;173m▀[0m[38;2;107;73;165m[48;2;107;73;165m▀[0m[38;2;107;84;142m[48;2;107;84;142m▀[0m[38;2;255;182;198m[48;2;107;84;142m▀[0m[38;2;255;182;198m[48;2;255;182;198m▀[0m[38;2;255;182;198m[48;2;115;105;99m▀[0m[38;2;115;107;99m[48;2;115;107;99m▀[0m[38;2;115;107;99m[48;2;115;107;99m▀[0m[38;2;115;107;99m[48;2;115;107;99m▀[0m[38;2;0;0;0m[48;2;0;0;0m▀[0m  
  [38;2;0;0;0m[48;2;0;0;0m▀[0m[38;2;107;74;165m[48;2;107;74;165m▀[0m[38;2;107;74;165m[48;2;107;74;165m▀[0m[38;2;107;74;165m[48;2;107;74;165m▀[0m[38;2;115;108;99m[48;2;107;74;165m▀[0m[38;2;115;107;99m[48;2;115;107;99m▀[0m[38;2;115;107;99m[48;2;66;65;66m▀[0m[38;2;66;65;66m[48;2;115;107;99m▀[0m[38;2;115;107;99m[48;2;115;107;99m▀[0m[38;2;115;107;99m[48;2;66;65;66m▀[0m[38;2;115;107;99m[48;2;115;107;99m▀[0m[38;2;99;83;111m[48;2;99;83;111m▀[0m[38;2;0;0;0m[48;2;0;0;0m▀[0m  
   [38;2;0;0;0m▀[38;2;107;73;165m[48;2;0;0;0m▀[0m[38;2;90;62;136m[48;2;90;62;136m▀[0m[38;2;115;105;99m[48;2;90;62;136m▀[0m[38;2;115;105;99m[48;2;76;59;104m▀[0m[38;2;76;59;104m[48;2;76;59;104m▀[0m[38;2;110;95;112m[48;2;66;60;74m▀[0m[38;2;66;60;74m[48;2;88;77;93m▀[0m[38;2;115;107;98m[48;2;82;56;123m▀[0m[38;2;82;56;123m[48;2;82;56;123m▀[0m[38;2;0;0;0m[48;2;0;0;0m▀[0m   
     [38;2;0;0;0m▀[38;2;0;0;0m▀[38;2;0;0;0m▀[38;2;66;67;66m[48;2;0;0;0m▀[0m[38;2;82;57;123m[48;2;82;57;123m▀[0m[38;2;82;57;123m[48;2;82;57;123m▀[0m[38;2;82;56;123m[48;2;0;0;0m▀[0m[38;2;0;0;0m▀    
         [38;2;0;0;0m▀[38;2;0;0;0m▀      
[0m