     [38;2;0;0;0m▄[38;2;0;0;0m[48;2;148;113;57m▀[0m[38;2;0;0;0m[48;2;148;113;57m▀[0m[38;2;0;0;0m▄        
    [38;2;0;0;0m[48;2;0;0;0m▀[0m[38;2;148;115;57m[48;2;148;115;57m▀[0m[38;2;66;65;66m[48;2;66;65;66m▀[0m[38;2;148;113;57m[48;2;148;113;57m▀[0m[38;2;0;0;0m[48;2;0;0;0m▀[0m    [38;2;0;0;0m▄[38;2;0;0;0m▄[38;2;0;0;0m▄ 
   [38;2;0;0;0m▄[38;2;0;0;0m[48;2;66;67;66m▀[0m[38;2;74;69;57m[48;2;198;158;82m▀[0m[38;2;136;113;69m[48;2;198;158;82m▀[0m[38;2;66;65;66m[48;2;192;170;110m▀[0m[38;2;66;65;66m[48;2;255;223;132m▀[0m[38;2;0;0;0m[48;2;255;231;148m▀[0m[38;2;0;0;0m▄[38;2;0;0;0m▄[38;2;0;0;0m[48;2;115;107;99m▀[0m[38;2;115;108;99m[48;2;65;66;66m▀[0m[38;2;115;108;99m[48;2;65;66;66m▀[0m[38;2;115;107;99m[48;2;115;107;99m▀[0m[38;2;0;0;0m[48;2;0;0;0m▀[0m
 [38;2;0;0;0m▄[38;2;0;0;0m[48;2;198;158;90m▀[0m[38;2;198;158;90m[48;2;66;65;66m▀[0m[38;2;198;158;90m[48;2;198;158;90m▀[0m[38;2;197;156;90m[48;2;255;231;148m▀[0m[38;2;255;231;148m[48;2;255;231;148m▀[0m[38;2;255;231;148m[48;2;255;231;148m▀[0m[38;2;115;105;99m[48;2;115;105;99m▀[0m[38;2;115;107;99m[48;2;115;107;99m▀[0m[38;2;115;107;99m[48;2;115;107;99m▀[0m[38;2;115;107;99m[48;2;115;107;99m▀[0m[38;2;66;65;66m[48;2;115;107;99m▀[0m[38;2;115;107;99m[48;2;115;107;99m▀[0m[38;2;115;107;99m[48;2;0;0;0m▀[0m[38;2;0;0;0m▀ 
[38;2;0;0;0m▄[38;2;0;0;0m[48;2;255;215;222m▀[0m[38;2;255;215;222m[48;2;85;71;74m▀[0m[38;2;66;65;66m[48;2;255;231;148m▀[0m[38;2;255;231;148m[48;2;255;231;148m▀[0m[38;2;255;231;148m[48;2;255;231;148m▀[0m[38;2;115;105;99m[48;2;115;105;99m▀[0m[38;2;115;107;99m[48;2;66;65;66m▀[0m[38;2;115;107;99m[48;2;115;107;99m▀[0m[38;2;115;107;99m[48;2;115;107;99m▀[0m[38;2;115;107;99m[48;2;115;107;99m▀[0m[38;2;115;107;99m[48;2;115;107;99m▀[0m[38;2;66;65;66m[48;2;115;107;99m▀[0m[38;2;115;105;99m[48;2;76;70;66m▀[0m[38;2;115;105;99m[48;2;0;0;0m▀[0m[38;2;0;0;0m▀ 
[38;2;0;0;0m▀[38;2;255;215;165m[48;2;0;0;0m▀[0m[38;2;255;215;165m[48;2;255;215;165m▀[0m[38;2;129;93;98m[48;2;192;158;123m▀[0m[38;2;255;223;148m[48;2;255;223;148m▀[0m[38;2;255;231;148m[48;2;255;231;148m▀[0m[38;2;115;105;99m[48;2;255;231;148m▀[0m[38;2;255;255;255m[48;2;57;60;57m▀[0m[38;2;57;60;57m[48;2;57;60;57m▀[0m[38;2;115;105;99m[48;2;255;182;198m▀[0m[38;2;115;105;99m[48;2;115;105;99m▀[0m[38;2;115;107;99m[48;2;115;107;99m▀[0m[38;2;115;107;99m[48;2;115;107;99m▀[0m[38;2;0;0;0m[48;2;0;0;0m▀[0m   
 [38;2;0;0;0m[48;2;0;0;0m▀[0m[38;2;255;231;148m[48;2;170;154;98m▀[0m[38;2;255;231;148m[48;2;255;231;148m▀[0m[38;2;198;105;90m[48;2;255;231;148m▀[0m[38;2;198;101;90m[48;2;255;231;148m▀[0m[38;2;217;144;109m[48;2;255;231;148m▀[0m[38;2;255;207;173m[48;2;115;105;99m▀[0m[38;2;255;207;173m[48;2;115;105;99m▀[0m[38;2;255;182;198m[48;2;255;182;198m▀[0m[38;2;255;182;198m[48;2;115;105;99m▀[0m[38;2;115;107;99m[48;2;115;107;99m▀[0m[38;2;115;107;99m[48;2;115;107;99m▀[0m[38;2;115;107;99m[48;2;115;107;99m▀[0m[38;2;0;0;0m[48;2;0;0;0m▀[0m  
  [38;2;0;0;0m[48;2;0;0;0m▀[0m[38;2;255;231;148m[48;2;255;231;148m▀[0m[38;2;255;231;148m[48;2;255;231;148m▀[0m[38;2;255;231;148m[48;2;255;231;148m▀[0m[38;2;115;105;99m[48;2;255;231;148m▀[0m[38;2;115;107;99m[48;2;115;107;99m▀[0m[38;2;115;107;99m[48;2;66;65;66m▀[0m[38;2;66;65;66m[48;2;115;107;99m▀[0m[38;2;115;107;99m[48;2;115;107;99m▀[0m[38;2;115;107;99m[48;2;66;65;66m▀[0m[38;2;115;107;99m[48;2;115;107;99m▀[0m[38;2;137;121;82m[48;2;206;182;123m▀[0m[38;2;0;0;0m[48;2;0;0;0m▀[0m  
   [38;2;0;0;0m▀[38;2;255;231;148m[48;2;0;0;0m▀[0m[38;2;255;231;140m[48;2;208;189;123m▀[0m[38;2;115;105;90m[48;2;208;189;123m▀[0m[38;2;115;106;87m[48;2;214;190;115m▀[0m[38;2;66;65;74m[48;2;214;190;115m▀[0m[38;2;115;106;87m[48;2;66;65;74m▀[0m[38;2;66;65;74m[48;2;214;190;115m▀[0m[38;2;115;107;98m[48;2;214;190;115m▀[0m[38;2;214;190;115m[48;2;214;190;115m▀[0m[38;2;0;0;0m[48;2;0;0;0m▀[0m   
     [38;2;0;0;0m▀[38;2;0;0;0m▀[38;2;0;0;0m▀[38;2;66;67;66m[48;2;0;0;0m▀[0m[38;2;148;115;57m[48;2;214;190;115m▀[0m[38;2;214;190;115m[48;2;214;190;115m▀[0m[38;2;148;113;57m[48;2;0;0;0m▀[0m[38;2;0;0;0m▀    
         [38;2;0;0;0m▀[38;2;0;0;0m▀      
[0m