    [38;2;20;20;20m▄[38;2;20;20;20m[48;2;20;20;20m▀[0m                  
   [38;2;20;20;20m[48;2;20;20;20m▀[0m[38;2;79;79;79m[48;2;79;79;79m▀[0m[38;2;24;20;24m[48;2;24;20;24m▀[0m    [38;2;24;20;24m▄[38;2;24;20;24m[48;2;156;69;41m▀[0m[38;2;20;20;20m[48;2;24;24;24m▀[0m           
  [38;2;24;20;24m[48;2;24;20;24m▀[0m[38;2;94;93;94m[48;2;94;93;94m▀[0m[38;2;79;78;79m[48;2;93;91;93m▀[0m[38;2;79;78;79m[48;2;66;65;66m▀[0m[38;2;20;20;20m[48;2;20;20;20m▀[0m [38;2;24;20;24m▄[38;2;24;20;24m[48;2;94;93;94m▀[0m[38;2;79;78;79m[48;2;79;78;79m▀[0m[38;2;159;67;43m[48;2;159;67;43m▀[0m[38;2;20;20;20m[48;2;20;20;20m▀[0m           
  [38;2;16;24;24m[48;2;16;24;24m▀[0m[38;2;76;49;40m[48;2;198;101;74m▀[0m[38;2;66;65;66m[48;2;198;93;66m▀[0m[38;2;198;93;66m[48;2;198;93;66m▀[0m[38;2;198;97;74m[48;2;198;97;74m▀[0m[38;2;16;28;33m[48;2;76;51;46m▀[0m[38;2;82;89;90m[48;2;82;89;90m▀[0m[38;2;95;75;68m[48;2;123;48;24m▀[0m[38;2;156;67;44m[48;2;156;67;44m▀[0m[38;2;156;67;44m[48;2;156;67;44m▀[0m[38;2;20;20;20m[48;2;20;20;20m▀[0m           
 [38;2;20;20;20m[48;2;24;24;24m▀[0m[38;2;200;95;68m[48;2;200;95;68m▀[0m[38;2;200;95;68m[48;2;200;95;68m▀[0m[38;2;200;95;68m[48;2;200;95;68m▀[0m[38;2;200;95;68m[48;2;200;95;68m▀[0m[38;2;200;95;68m[48;2;200;95;68m▀[0m[38;2;200;95;68m[48;2;200;95;68m▀[0m[38;2;66;65;66m[48;2;198;93;66m▀[0m[38;2;198;93;66m[48;2;198;93;66m▀[0m[38;2;115;56;41m[48;2;206;93;66m▀[0m[38;2;24;20;16m[48;2;24;20;16m▀[0m   [38;2;20;20;20m▄[38;2;24;20;24m[48;2;198;93;66m▀[0m[38;2;24;20;24m[48;2;198;93;66m▀[0m[38;2;24;20;24m[48;2;198;93;66m▀[0m[38;2;24;20;24m[48;2;198;93;66m▀[0m[38;2;20;20;20m▄   
 [38;2;20;20;20m[48;2;20;20;20m▀[0m[38;2;198;94;68m[48;2;198;94;68m▀[0m[38;2;198;203;206m[48;2;198;94;68m▀[0m[38;2;198;93;66m[48;2;93;93;93m▀[0m[38;2;93;93;93m[48;2;93;93;93m▀[0m[38;2;93;93;93m[48;2;93;93;93m▀[0m[38;2;93;93;93m[48;2;93;93;93m▀[0m[38;2;198;93;66m[48;2;93;93;93m▀[0m[38;2;93;93;93m[48;2;93;93;93m▀[0m[38;2;198;93;66m[48;2;198;93;66m▀[0m[38;2;24;20;24m[48;2;24;20;24m▀[0m [38;2;20;20;20m▄[38;2;16;28;33m[48;2;79;51;44m▀[0m[38;2;206;97;66m[48;2;142;74;55m▀[0m[38;2;206;93;66m[48;2;24;20;16m▀[0m[38;2;206;93;66m[48;2;145;68;49m▀[0m[38;2;200;95;68m[48;2;200;95;68m▀[0m[38;2;200;95;68m[48;2;200;95;68m▀[0m[38;2;214;93;66m[48;2;150;68;49m▀[0m[38;2;24;20;16m[48;2;150;68;49m▀[0m[38;2;20;20;20m▄ 
 [38;2;20;20;20m▄[38;2;24;20;16m[48;2;145;68;49m▀[0m[38;2;206;93;66m[48;2;206;93;66m▀[0m[38;2;90;93;90m[48;2;90;93;90m▀[0m[38;2;49;52;49m[48;2;62;65;62m▀[0m[38;2;156;142;57m[48;2;255;255;255m▀[0m[38;2;255;255;255m[48;2;156;142;57m▀[0m[38;2;164;94;74m[48;2;164;94;74m▀[0m[38;2;164;94;74m[48;2;198;203;206m▀[0m[38;2;198;89;66m[48;2;154;79;63m▀[0m[38;2;198;89;66m[48;2;66;60;57m▀[0m[38;2;24;20;24m[48;2;198;93;66m▀[0m[38;2;198;93;66m[48;2;198;93;66m▀[0m[38;2;198;93;66m[48;2;198;93;66m▀[0m[38;2;24;20;24m[48;2;198;93;66m▀[0m[38;2;24;20;24m▄[38;2;24;20;24m[48;2;156;69;41m▀[0m[38;2;156;67;44m[48;2;156;67;44m▀[0m[38;2;156;67;44m[48;2;156;67;44m▀[0m[38;2;156;67;44m[48;2;156;67;44m▀[0m[38;2;156;67;44m[48;2;156;67;44m▀[0m[38;2;20;20;20m[48;2;20;20;20m▀[0m 
[38;2;24;20;24m▀[38;2;94;93;94m[48;2;24;20;24m▀[0m[38;2;198;93;66m[48;2;24;20;24m▀[0m[38;2;198;93;66m[48;2;24;20;24m▀[0m[38;2;231;195;189m[48;2;41;16;16m▀[0m[38;2;136;105;102m[48;2;41;16;16m▀[0m[38;2;154;78;60m[48;2;66;65;66m▀[0m[38;2;198;85;57m[48;2;66;65;66m▀[0m[38;2;66;65;66m[48;2;156;67;45m▀[0m[38;2;66;65;66m[48;2;156;67;45m▀[0m[38;2;66;65;66m[48;2;198;93;66m▀[0m[38;2;198;93;66m[48;2;198;93;66m▀[0m[38;2;200;95;68m[48;2;156;69;41m▀[0m[38;2;200;95;68m[48;2;156;69;41m▀[0m[38;2;200;95;68m[48;2;200;95;68m▀[0m[38;2;200;95;68m[48;2;200;95;68m▀[0m[38;2;68;71;68m[48;2;68;71;68m▀[0m[38;2;156;69;41m[48;2;68;71;68m▀[0m[38;2;159;67;43m[48;2;159;67;43m▀[0m[38;2;159;67;43m[48;2;82;81;82m▀[0m[38;2;79;79;79m[48;2;156;69;41m▀[0m[38;2;156;69;41m[48;2;79;79;79m▀[0m[38;2;24;20;24m[48;2;82;79;82m▀[0m[38;2;24;20;24m▄
      [38;2;33;16;8m[48;2;33;16;8m▀[0m[38;2;189;154;156m[48;2;111;85;82m▀[0m[38;2;154;79;63m[48;2;66;60;57m▀[0m[38;2;198;89;66m[48;2;198;89;66m▀[0m[38;2;206;97;66m[48;2;142;74;55m▀[0m[38;2;79;51;44m[48;2;16;28;33m▀[0m[38;2;24;20;24m▀[38;2;65;64;65m[48;2;24;20;24m▀[0m[38;2;148;85;74m[48;2;104;68;63m▀[0m[38;2;60;52;52m[48;2;16;36;41m▀[0m[38;2;24;20;24m▀[38;2;82;79;82m[48;2;24;20;24m▀[0m[38;2;66;65;66m[48;2;79;78;79m▀[0m[38;2;79;78;79m[48;2;79;78;79m▀[0m[38;2;79;79;79m[48;2;24;20;24m▀[0m[38;2;79;79;79m[48;2;79;79;79m▀[0m[38;2;65;64;65m[48;2;24;20;24m▀[0m[38;2;24;20;24m▀
       [38;2;20;20;20m[48;2;20;20;20m▀[0m[38;2;65;68;65m[48;2;90;93;90m▀[0m[38;2;90;93;90m[48;2;16;20;16m▀[0m[38;2;20;20;20m[48;2;20;20;20m▀[0m  [38;2;20;20;20m▀[38;2;20;20;20m▀   [38;2;20;20;20m▀[38;2;20;20;20m▀ [38;2;20;20;20m▀  
       [38;2;20;20;20m▀[38;2;20;20;20m▀               
[0m