 [38;2;0;0;0m▄[38;2;0;0;0m▄[38;2;0;0;0m[48;2;180;164;148m▀[0m[38;2;0;0;0m▄[38;2;0;0;0m[48;2;180;164;148m▀[0m[38;2;0;0;0m▄[38;2;0;0;0m[48;2;180;164;148m▀[0m[38;2;0;0;0m▄[38;2;0;0;0m▄        
[38;2;0;0;0m[48;2;0;0;0m▀[0m[38;2;230;213;197m[48;2;148;131;115m▀[0m[38;2;65;65;65m[48;2;230;213;197m▀[0m[38;2;180;164;148m[48;2;180;164;148m▀[0m[38;2;180;164;148m[48;2;230;213;197m▀[0m[38;2;180;164;148m[48;2;180;164;148m▀[0m[38;2;180;164;148m[48;2;230;213;197m▀[0m[38;2;180;164;148m[48;2;180;164;148m▀[0m[38;2;65;65;65m[48;2;230;213;197m▀[0m[38;2;230;213;197m[48;2;148;131;115m▀[0m[38;2;0;0;0m[48;2;0;0;0m▀[0m       
 [38;2;0;0;0m[48;2;0;0;0m▀[0m[38;2;148;131;115m[48;2;255;189;189m▀[0m[38;2;148;131;115m[48;2;255;189;189m▀[0m[38;2;230;213;197m[48;2;148;131;115m▀[0m[38;2;230;213;197m[48;2;148;131;115m▀[0m[38;2;230;213;197m[48;2;148;131;115m▀[0m[38;2;148;131;115m[48;2;255;189;189m▀[0m[38;2;148;131;115m[48;2;255;189;189m▀[0m[38;2;0;0;0m[48;2;0;0;0m▀[0m        
  [38;2;0;0;0m[48;2;0;0;0m▀[0m[38;2;255;189;189m[48;2;172;82;115m▀[0m[38;2;255;189;189m[48;2;172;82;115m▀[0m[38;2;255;189;189m[48;2;172;82;115m▀[0m[38;2;255;189;189m[48;2;255;255;255m▀[0m[38;2;255;189;189m[48;2;172;82;115m▀[0m[38;2;0;0;0m[48;2;238;115;139m▀[0m[38;2;0;0;0m▄        
[38;2;0;0;0m▄[38;2;0;0;0m[48;2;197;139;139m▀[0m[38;2;255;189;189m[48;2;255;189;189m▀[0m[38;2;255;189;189m[48;2;197;139;139m▀[0m[38;2;172;82;115m[48;2;65;65;65m▀[0m[38;2;238;115;139m[48;2;238;115;139m▀[0m[38;2;0;0;0m[48;2;238;115;139m▀[0m[38;2;172;82;115m[48;2;238;115;139m▀[0m[38;2;238;115;139m[48;2;238;115;139m▀[0m[38;2;0;0;0m[48;2;238;115;139m▀[0m[38;2;0;0;0m▄  [38;2;0;0;0m▄[38;2;0;0;0m▄   
[38;2;0;0;0m[48;2;0;0;0m▀[0m[38;2;255;189;189m[48;2;0;0;0m▀[0m[38;2;65;65;65m[48;2;172;82;115m▀[0m[38;2;65;65;65m[48;2;65;65;65m▀[0m[38;2;238;115;139m[48;2;172;82;115m▀[0m[38;2;238;115;139m[48;2;238;115;139m▀[0m[38;2;238;115;139m[48;2;238;115;139m▀[0m[38;2;238;115;139m[48;2;238;115;139m▀[0m[38;2;238;115;139m[48;2;65;65;65m▀[0m[38;2;238;115;139m[48;2;238;115;139m▀[0m[38;2;238;115;139m[48;2;238;115;139m▀[0m[38;2;0;0;0m[48;2;238;115;139m▀[0m[38;2;0;0;0m[48;2;238;115;139m▀[0m[38;2;255;189;189m[48;2;172;82;115m▀[0m[38;2;255;189;189m[48;2;230;213;197m▀[0m[38;2;0;0;0m[48;2;230;213;197m▀[0m[38;2;0;0;0m[48;2;230;213;197m▀[0m[38;2;0;0;0m▄
 [38;2;0;0;0m▄[38;2;0;0;0m[48;2;255;189;189m▀[0m[38;2;255;189;189m[48;2;148;131;115m▀[0m[38;2;197;139;139m[48;2;255;189;189m▀[0m[38;2;172;82;115m[48;2;255;189;189m▀[0m[38;2;172;82;115m[48;2;255;189;189m▀[0m[38;2;172;82;115m[48;2;255;189;189m▀[0m[38;2;197;139;139m[48;2;255;189;189m▀[0m[38;2;65;65;65m[48;2;255;189;189m▀[0m[38;2;65;65;65m[48;2;148;131;115m▀[0m[38;2;238;115;139m[48;2;65;65;65m▀[0m[38;2;172;82;115m[48;2;0;0;0m▀[0m[38;2;255;189;189m[48;2;0;0;0m▀[0m[38;2;172;82;115m[48;2;255;189;189m▀[0m[38;2;65;65;65m[48;2;255;189;189m▀[0m[38;2;0;0;0m[48;2;0;0;0m▀[0m 
[38;2;0;0;0m▄[38;2;0;0;0m[48;2;180;164;148m▀[0m[38;2;148;131;115m[48;2;230;213;197m▀[0m[38;2;148;131;115m[48;2;230;213;197m▀[0m[38;2;255;189;189m[48;2;148;131;115m▀[0m[38;2;255;189;189m[48;2;148;131;115m▀[0m[38;2;148;131;115m[48;2;230;213;197m▀[0m[38;2;255;189;189m[48;2;148;131;115m▀[0m[38;2;255;189;189m[48;2;148;131;115m▀[0m[38;2;148;131;115m[48;2;230;213;197m▀[0m[38;2;148;131;115m[48;2;180;164;148m▀[0m[38;2;180;164;148m[48;2;180;164;148m▀[0m[38;2;0;0;0m[48;2;180;164;148m▀[0m[38;2;0;0;0m▄[38;2;0;0;0m▀[38;2;0;0;0m▀  
[38;2;0;0;0m[48;2;0;0;0m▀[0m[38;2;230;213;197m[48;2;230;213;197m▀[0m[38;2;230;213;197m[48;2;230;213;197m▀[0m[38;2;230;213;197m[48;2;180;164;148m▀[0m[38;2;230;213;197m[48;2;230;213;197m▀[0m[38;2;230;213;197m[48;2;230;213;197m▀[0m[38;2;230;213;197m[48;2;230;213;197m▀[0m[38;2;230;213;197m[48;2;230;213;197m▀[0m[38;2;230;213;197m[48;2;230;213;197m▀[0m[38;2;230;213;197m[48;2;180;164;148m▀[0m[38;2;230;213;197m[48;2;230;213;197m▀[0m[38;2;180;164;148m[48;2;230;213;197m▀[0m[38;2;180;164;148m[48;2;0;0;0m▀[0m[38;2;0;0;0m▀    
 [38;2;0;0;0m▀[38;2;230;213;197m[48;2;0;0;0m▀[0m[38;2;180;164;148m[48;2;0;0;0m▀[0m[38;2;230;213;197m[48;2;230;213;197m▀[0m[38;2;230;213;197m[48;2;148;131;115m▀[0m[38;2;230;213;197m[48;2;230;213;197m▀[0m[38;2;180;164;148m[48;2;148;131;115m▀[0m[38;2;230;213;197m[48;2;230;213;197m▀[0m[38;2;180;164;148m[48;2;0;0;0m▀[0m[38;2;230;213;197m[48;2;0;0;0m▀[0m[38;2;0;0;0m▀      
    [38;2;0;0;0m▀[38;2;0;0;0m▀[38;2;230;213;197m[48;2;0;0;0m▀[0m[38;2;0;0;0m▀[38;2;0;0;0m▀         
[0m