        [38;2;0;0;0m▄[38;2;0;0;0m[48;2;65;65;65m▀[0m[38;2;0;0;0m[48;2;0;0;0m▀[0m       [38;2;0;0;0m▄[38;2;0;0;0m[48;2;65;65;65m▀[0m[38;2;0;0;0m[48;2;65;65;65m▀[0m[38;2;0;0;0m▄  
     [38;2;213;49;123m▄[38;2;213;49;123m[48;2;255;189;213m▀[0m[38;2;213;49;123m[48;2;213;49;123m▀[0m[38;2;0;0;0m[48;2;197;164;41m▀[0m[38;2;65;65;65m[48;2;213;49;123m▀[0m[38;2;0;0;0m[48;2;213;49;123m▀[0m    [38;2;0;0;0m▄[38;2;0;0;0m▄[38;2;0;0;0m▄[38;2;0;0;0m[48;2;197;164;41m▀[0m[38;2;65;65;65m[48;2;65;65;65m▀[0m[38;2;65;65;65m[48;2;65;65;65m▀[0m[38;2;0;0;0m[48;2;65;65;65m▀[0m[38;2;0;0;0m[48;2;65;65;65m▀[0m[38;2;0;0;0m▄
[38;2;65;65;65m[48;2;65;65;65m▀[0m[38;2;65;65;65m[48;2;213;49;123m▀[0m[38;2;65;65;65m▄[38;2;65;65;65m▄[38;2;213;49;123m[48;2;213;49;123m▀[0m[38;2;238;123;172m[48;2;255;189;213m▀[0m[38;2;238;123;172m[48;2;213;49;123m▀[0m[38;2;213;49;123m[48;2;255;255;255m▀[0m[38;2;213;49;123m[48;2;213;49;123m▀[0m[38;2;238;123;172m[48;2;238;123;172m▀[0m[38;2;255;189;213m[48;2;238;123;172m▀[0m[38;2;213;49;123m[48;2;213;49;123m▀[0m[38;2;0;0;0m▄[38;2;0;0;0m[48;2;246;213;49m▀[0m[38;2;0;0;0m[48;2;246;213;49m▀[0m[38;2;65;65;65m[48;2;65;65;65m▀[0m[38;2;65;65;65m[48;2;0;0;0m▀[0m[38;2;0;0;0m[48;2;197;164;41m▀[0m[38;2;197;164;41m[48;2;197;164;41m▀[0m[38;2;65;65;65m[48;2;65;65;65m▀[0m[38;2;65;65;65m[48;2;65;65;65m▀[0m[38;2;65;65;65m[48;2;197;164;41m▀[0m[38;2;65;65;65m[48;2;0;0;0m▀[0m[38;2;0;0;0m▀
 [38;2;65;65;65m▀[38;2;246;213;49m[48;2;65;65;65m▀[0m[38;2;164;82;148m[48;2;65;65;65m▀[0m[38;2;164;82;148m[48;2;0;0;0m▀[0m[38;2;0;0;0m[48;2;246;213;49m▀[0m[38;2;213;49;123m[48;2;246;213;49m▀[0m[38;2;213;49;123m[48;2;246;213;49m▀[0m[38;2;238;123;172m[48;2;213;49;123m▀[0m[38;2;255;189;213m[48;2;213;49;123m▀[0m[38;2;213;49;123m[48;2;246;213;49m▀[0m[38;2;0;0;0m[48;2;156;131;65m▀[0m[38;2;246;213;49m[48;2;246;213;49m▀[0m[38;2;246;213;49m[48;2;246;213;49m▀[0m[38;2;246;213;49m[48;2;0;0;0m▀[0m[38;2;0;0;0m[48;2;197;164;41m▀[0m[38;2;197;164;41m[48;2;197;164;41m▀[0m[38;2;197;164;41m[48;2;197;164;41m▀[0m[38;2;197;164;41m[48;2;197;164;41m▀[0m[38;2;197;164;41m[48;2;197;164;41m▀[0m[38;2;197;164;41m[48;2;0;0;0m▀[0m[38;2;0;0;0m▀  
   [38;2;0;0;0m▄[38;2;0;0;0m[48;2;246;213;49m▀[0m[38;2;246;213;49m[48;2;246;213;49m▀[0m[38;2;246;213;49m[48;2;246;213;49m▀[0m[38;2;246;213;49m[48;2;246;213;49m▀[0m[38;2;246;213;49m[48;2;197;164;41m▀[0m[38;2;197;164;41m[48;2;255;255;255m▀[0m[38;2;246;213;49m[48;2;0;0;0m▀[0m[38;2;246;213;49m[48;2;246;213;49m▀[0m[38;2;246;213;49m[48;2;246;213;49m▀[0m[38;2;156;131;65m[48;2;246;213;49m▀[0m[38;2;0;0;0m[48;2;0;0;0m▀[0m[38;2;0;0;0m▀[38;2;197;164;41m[48;2;0;0;0m▀[0m[38;2;197;164;41m[48;2;197;164;41m▀[0m[38;2;197;164;41m[48;2;197;164;41m▀[0m[38;2;0;0;0m[48;2;197;164;41m▀[0m[38;2;0;0;0m▄   
   [38;2;0;0;0m▀[38;2;246;213;49m[48;2;0;0;0m▀[0m[38;2;156;131;65m[48;2;246;213;49m▀[0m[38;2;246;213;49m[48;2;246;213;49m▀[0m[38;2;246;213;49m[48;2;246;213;49m▀[0m[38;2;246;213;49m[48;2;246;213;49m▀[0m[38;2;0;0;0m[48;2;246;213;49m▀[0m[38;2;65;65;65m[48;2;246;98;82m▀[0m[38;2;246;213;49m[48;2;246;98;82m▀[0m[38;2;246;213;49m[48;2;246;213;49m▀[0m[38;2;246;213;49m[48;2;213;49;123m▀[0m[38;2;213;49;123m[48;2;213;49;123m▀[0m[38;2;0;0;0m[48;2;255;189;213m▀[0m[38;2;0;0;0m▄[38;2;0;0;0m[48;2;197;164;41m▀[0m[38;2;197;164;41m[48;2;197;164;41m▀[0m[38;2;197;164;41m[48;2;0;0;0m▀[0m[38;2;0;0;0m▀   
   [38;2;0;0;0m▀[38;2;189;148;32m[48;2;0;0;0m▀[0m[38;2;65;65;65m[48;2;164;82;148m▀[0m[38;2;164;82;148m[48;2;238;123;172m▀[0m[38;2;246;213;49m[48;2;164;82;148m▀[0m[38;2;246;213;49m[48;2;197;164;41m▀[0m[38;2;246;213;49m[48;2;164;82;148m▀[0m[38;2;246;98;82m[48;2;255;189;213m▀[0m[38;2;246;98;82m[48;2;65;65;65m▀[0m[38;2;213;49;123m[48;2;255;255;255m▀[0m[38;2;131;131;139m[48;2;255;255;255m▀[0m[38;2;255;189;213m[48;2;131;131;139m▀[0m[38;2;255;189;213m[48;2;238;123;172m▀[0m[38;2;213;49;123m[48;2;238;123;172m▀[0m[38;2;164;106;49m[48;2;205;205;205m▀[0m[38;2;0;0;0m[48;2;164;106;49m▀[0m[38;2;0;0;0m▄    
    [38;2;0;0;0m[48;2;0;0;0m▀[0m[38;2;164;82;148m[48;2;205;205;205m▀[0m[38;2;238;123;172m[48;2;164;82;148m▀[0m[38;2;255;189;213m[48;2;164;82;148m▀[0m[38;2;164;82;148m[48;2;164;82;148m▀[0m[38;2;238;123;172m[48;2;238;123;172m▀[0m[38;2;65;65;65m[48;2;164;82;148m▀[0m[38;2;246;213;49m[48;2;65;65;65m▀[0m[38;2;246;213;49m[48;2;65;65;65m▀[0m[38;2;65;65;65m[48;2;238;123;172m▀[0m[38;2;238;123;172m[48;2;213;49;123m▀[0m[38;2;238;123;172m[48;2;255;255;255m▀[0m[38;2;213;49;123m[48;2;255;255;255m▀[0m[38;2;255;255;255m[48;2;0;0;0m▀[0m[38;2;0;0;0m▀     
     [38;2;0;0;0m▀[38;2;255;255;255m[48;2;0;0;0m▀[0m[38;2;255;255;255m[48;2;0;0;0m▀[0m[38;2;164;82;148m[48;2;205;205;205m▀[0m[38;2;164;82;148m[48;2;205;205;205m▀[0m[38;2;164;82;148m[48;2;0;0;0m▀[0m[38;2;238;123;172m[48;2;0;0;0m▀[0m[38;2;238;123;172m[48;2;255;255;255m▀[0m[38;2;213;49;123m[48;2;255;255;255m▀[0m[38;2;255;255;255m[48;2;197;164;41m▀[0m[38;2;197;164;41m[48;2;246;213;49m▀[0m[38;2;164;106;49m[48;2;0;0;0m▀[0m[38;2;0;0;0m▀      
        [38;2;0;0;0m▀[38;2;0;0;0m▀  [38;2;0;0;0m▀[38;2;213;49;123m[48;2;0;0;0m▀[0m[38;2;238;123;172m[48;2;0;0;0m▀[0m[38;2;0;0;0m▀        
[0m