        [38;2;0;0;0m▄[38;2;0;0;0m[48;2;148;197;189m▀[0m[38;2;0;0;0m▄      
   [38;2;0;0;0m▄[38;2;0;0;0m[48;2;148;197;189m▀[0m[38;2;0;0;0m[48;2;148;197;189m▀[0m[38;2;0;0;0m[48;2;66;140;132m▀[0m[38;2;0;0;0m▄[38;2;0;0;0m[48;2;107;173;165m▀[0m[38;2;148;197;189m[48;2;107;173;165m▀[0m[38;2;0;0;0m[48;2;66;140;132m▀[0m[38;2;0;0;0m▄[38;2;0;0;0m▄[38;2;0;0;0m▄   
 [38;2;0;0;0m[48;2;0;0;0m▀[0m[38;2;0;0;0m[48;2;148;197;189m▀[0m[38;2;65;65;65m[48;2;148;197;189m▀[0m[38;2;65;65;65m[48;2;148;197;189m▀[0m[38;2;66;140;132m[48;2;65;65;65m▀[0m[38;2;107;173;165m[48;2;66;140;132m▀[0m[38;2;65;65;65m[48;2;66;140;132m▀[0m[38;2;107;173;165m[48;2;65;65;65m▀[0m[38;2;66;140;132m[48;2;66;140;132m▀[0m[38;2;66;140;132m[48;2;49;99;90m▀[0m[38;2;0;0;0m[48;2;107;173;165m▀[0m[38;2;148;197;189m[48;2;66;140;132m▀[0m[38;2;148;197;189m[48;2;65;65;65m▀[0m[38;2;0;0;0m[48;2;0;0;0m▀[0m[38;2;0;0;0m▄ 
 [38;2;0;0;0m▀[38;2;49;99;90m[48;2;0;0;0m▀[0m[38;2;66;140;132m[48;2;189;189;206m▀[0m[38;2;107;173;165m[48;2;66;140;132m▀[0m[38;2;107;173;165m[48;2;107;173;165m▀[0m[38;2;65;65;65m[48;2;66;140;132m▀[0m[38;2;66;140;132m[48;2;49;99;90m▀[0m[38;2;49;99;90m[48;2;65;65;65m▀[0m[38;2;49;99;90m[48;2;65;65;65m▀[0m[38;2;49;99;90m[48;2;65;65;65m▀[0m[38;2;65;65;65m[48;2;65;65;65m▀[0m[38;2;65;65;65m[48;2;107;173;165m▀[0m[38;2;148;197;189m[48;2;107;173;165m▀[0m[38;2;148;197;189m[48;2;66;140;132m▀[0m[38;2;148;197;189m[48;2;49;99;90m▀[0m[38;2;0;0;0m[48;2;0;0;0m▀[0m
 [38;2;0;0;0m▄[38;2;0;0;0m[48;2;65;65;65m▀[0m[38;2;255;255;255m[48;2;65;65;65m▀[0m[38;2;214;99;66m[48;2;0;0;0m▀[0m[38;2;66;140;132m[48;2;49;99;90m▀[0m[38;2;65;65;65m[48;2;49;99;90m▀[0m[38;2;65;65;65m[48;2;66;140;132m▀[0m[38;2;66;140;132m[48;2;214;99;66m▀[0m[38;2;148;197;189m[48;2;255;255;255m▀[0m[38;2;148;197;189m[48;2;65;65;65m▀[0m[38;2;148;197;189m[48;2;65;65;65m▀[0m[38;2;65;65;65m[48;2;65;65;65m▀[0m[38;2;66;140;132m[48;2;66;140;132m▀[0m[38;2;0;0;0m[48;2;0;0;0m▀[0m[38;2;0;0;0m▀ 
[38;2;0;0;0m[48;2;0;0;0m▀[0m[38;2;148;197;189m[48;2;49;99;90m▀[0m[38;2;107;173;165m[48;2;49;99;90m▀[0m[38;2;65;65;65m[48;2;148;197;189m▀[0m[38;2;107;173;165m[48;2;148;197;189m▀[0m[38;2;107;173;165m[48;2;148;197;189m▀[0m[38;2;107;173;165m[48;2;107;173;165m▀[0m[38;2;0;0;0m[48;2;107;173;165m▀[0m[38;2;214;99;66m[48;2;65;65;65m▀[0m[38;2;255;255;255m[48;2;65;65;65m▀[0m[38;2;189;189;206m[48;2;107;173;165m▀[0m[38;2;65;65;65m[48;2;107;173;165m▀[0m[38;2;66;140;132m[48;2;65;65;65m▀[0m[38;2;107;173;165m[48;2;66;140;132m▀[0m[38;2;107;173;165m[48;2;148;197;189m▀[0m[38;2;0;0;0m[48;2;148;197;189m▀[0m[38;2;0;0;0m▄
 [38;2;0;0;0m▀[38;2;0;0;0m[48;2;0;0;0m▀[0m[38;2;65;65;65m[48;2;65;65;65m▀[0m[38;2;65;65;65m[48;2;66;140;132m▀[0m[38;2;148;197;189m[48;2;65;65;65m▀[0m[38;2;148;197;189m[48;2;65;65;65m▀[0m[38;2;66;140;132m[48;2;65;65;65m▀[0m[38;2;65;65;65m[48;2;66;140;132m▀[0m[38;2;66;140;132m[48;2;65;65;65m▀[0m[38;2;148;197;189m[48;2;66;140;132m▀[0m[38;2;148;197;189m[48;2;66;140;132m▀[0m[38;2;148;197;189m[48;2;66;140;132m▀[0m[38;2;65;65;65m[48;2;65;65;65m▀[0m[38;2;66;140;132m[48;2;0;0;0m▀[0m[38;2;66;140;132m[48;2;0;0;0m▀[0m[38;2;0;0;0m▀
   [38;2;0;0;0m▀[38;2;107;173;165m[48;2;0;0;0m▀[0m[38;2;107;173;165m[48;2;65;65;65m▀[0m[38;2;65;65;65m[48;2;49;99;90m▀[0m[38;2;66;140;132m[48;2;65;65;65m▀[0m[38;2;66;140;132m[48;2;107;173;165m▀[0m[38;2;66;140;132m[48;2;107;173;165m▀[0m[38;2;65;65;65m[48;2;66;140;132m▀[0m[38;2;65;65;65m[48;2;65;65;65m▀[0m[38;2;65;65;65m[48;2;66;140;132m▀[0m[38;2;49;99;90m[48;2;0;0;0m▀[0m[38;2;0;0;0m▀  
    [38;2;0;0;0m▀[38;2;66;140;132m[48;2;0;0;0m▀[0m[38;2;65;65;65m[48;2;0;0;0m▀[0m[38;2;49;99;90m[48;2;0;0;0m▀[0m[38;2;65;65;65m[48;2;66;140;132m▀[0m[38;2;65;65;65m[48;2;66;140;132m▀[0m[38;2;65;65;65m[48;2;0;0;0m▀[0m[38;2;49;99;90m[48;2;0;0;0m▀[0m[38;2;66;140;132m[48;2;0;0;0m▀[0m[38;2;0;0;0m▀   
        [38;2;0;0;0m▀[38;2;0;0;0m▀       
[0m