 [38;2;0;0;0m[48;2;0;0;0m▀[0m[38;2;0;0;0m[48;2;206;82;49m▀[0m[38;2;0;0;0m▄    [38;2;0;0;0m▄[38;2;0;0;0m▄           
  [38;2;0;0;0m[48;2;0;0;0m▀[0m[38;2;90;148;58m[48;2;90;148;58m▀[0m[38;2;0;0;0m[48;2;65;65;65m▀[0m[38;2;0;0;0m[48;2;148;107;74m▀[0m[38;2;0;0;0m▄[38;2;0;0;0m[48;2;65;65;65m▀[0m[38;2;148;107;74m[48;2;148;107;74m▀[0m[38;2;0;0;0m[48;2;0;0;0m▀[0m[38;2;0;0;0m▄[38;2;0;0;0m▄   [38;2;0;0;0m▄[38;2;0;0;0m▄[38;2;0;0;0m[48;2;247;115;58m▀[0m[38;2;0;0;0m[48;2;247;115;58m▀[0m[38;2;0;0;0m[48;2;0;0;0m▀[0m 
   [38;2;0;0;0m[48;2;0;0;0m▀[0m[38;2;65;65;65m[48;2;90;148;58m▀[0m[38;2;148;107;74m[48;2;65;65;65m▀[0m[38;2;65;65;65m[48;2;65;65;65m▀[0m[38;2;148;107;74m[48;2;148;107;74m▀[0m[38;2;148;107;74m[48;2;65;65;65m▀[0m[38;2;65;65;65m[48;2;148;107;74m▀[0m[38;2;148;107;74m[48;2;148;107;74m▀[0m[38;2;0;0;0m[48;2;65;65;65m▀[0m[38;2;0;0;0m▄[38;2;0;0;0m[48;2;140;197;74m▀[0m[38;2;0;0;0m[48;2;140;197;74m▀[0m[38;2;140;197;74m[48;2;140;197;74m▀[0m[38;2;247;115;58m[48;2;0;0;0m▀[0m[38;2;206;82;49m[48;2;0;0;0m▀[0m[38;2;0;0;0m▀  
    [38;2;0;0;0m[48;2;0;0;0m▀[0m[38;2;65;65;65m[48;2;239;173;99m▀[0m[38;2;148;107;74m[48;2;65;65;65m▀[0m[38;2;148;107;74m[48;2;148;107;74m▀[0m[38;2;148;107;74m[48;2;65;65;65m▀[0m[38;2;148;107;74m[48;2;65;65;65m▀[0m[38;2;65;65;65m[48;2;239;173;99m▀[0m[38;2;140;197;74m[48;2;140;197;74m▀[0m[38;2;90;148;58m[48;2;140;197;74m▀[0m[38;2;140;197;74m[48;2;90;148;58m▀[0m[38;2;140;197;74m[48;2;0;0;0m▀[0m[38;2;0;0;0m▀     
   [38;2;0;0;0m[48;2;0;0;0m▀[0m[38;2;255;255;255m[48;2;65;65;65m▀[0m[38;2;0;0;0m[48;2;65;65;65m▀[0m[38;2;65;65;65m[48;2;239;173;99m▀[0m[38;2;65;65;65m[48;2;239;173;99m▀[0m[38;2;239;173;99m[48;2;65;65;65m▀[0m[38;2;181;123;74m[48;2;0;0;0m▀[0m[38;2;65;65;65m[48;2;255;255;255m▀[0m[38;2;239;173;99m[48;2;239;173;99m▀[0m[38;2;140;197;74m[48;2;90;148;58m▀[0m[38;2;140;197;74m[48;2;140;197;74m▀[0m[38;2;140;197;74m[48;2;140;197;74m▀[0m[38;2;0;0;0m[48;2;0;0;0m▀[0m     
 [38;2;0;0;0m▄[38;2;0;0;0m[48;2;90;148;58m▀[0m[38;2;0;0;0m[48;2;65;65;65m▀[0m[38;2;247;115;58m[48;2;65;65;65m▀[0m[38;2;239;173;99m[48;2;239;173;99m▀[0m[38;2;239;173;99m[48;2;239;173;99m▀[0m[38;2;239;173;99m[48;2;239;173;99m▀[0m[38;2;239;173;99m[48;2;239;173;99m▀[0m[38;2;0;0;0m[48;2;239;173;99m▀[0m[38;2;255;255;255m[48;2;148;107;74m▀[0m[38;2;148;107;74m[48;2;148;107;74m▀[0m[38;2;90;148;58m[48;2;90;148;58m▀[0m[38;2;140;197;74m[48;2;140;197;74m▀[0m[38;2;140;197;74m[48;2;140;197;74m▀[0m[38;2;140;197;74m[48;2;140;197;74m▀[0m[38;2;0;0;0m[48;2;0;0;0m▀[0m    
[38;2;0;0;0m▄[38;2;0;0;0m[48;2;90;148;58m▀[0m[38;2;90;148;58m[48;2;90;148;58m▀[0m[38;2;65;65;65m[48;2;148;107;74m▀[0m[38;2;140;197;74m[48;2;65;65;65m▀[0m[38;2;65;65;65m[48;2;140;197;74m▀[0m[38;2;239;173;99m[48;2;140;197;74m▀[0m[38;2;239;173;99m[48;2;65;65;65m▀[0m[38;2;239;173;99m[48;2;65;65;65m▀[0m[38;2;65;65;65m[48;2;90;148;58m▀[0m[38;2;239;173;99m[48;2;90;148;58m▀[0m[38;2;90;148;58m[48;2;140;197;74m▀[0m[38;2;140;197;74m[48;2;140;197;74m▀[0m[38;2;140;197;74m[48;2;140;197;74m▀[0m[38;2;65;65;65m[48;2;65;65;65m▀[0m[38;2;140;197;74m[48;2;140;197;74m▀[0m[38;2;0;0;0m[48;2;0;0;0m▀[0m    
[38;2;0;0;0m▀[38;2;148;107;74m[48;2;0;0;0m▀[0m[38;2;148;107;74m[48;2;0;0;0m▀[0m[38;2;0;0;0m▀[38;2;0;0;0m▀[38;2;140;197;74m[48;2;0;0;0m▀[0m[38;2;140;197;74m[48;2;140;197;74m▀[0m[38;2;140;197;74m[48;2;148;107;74m▀[0m[38;2;140;197;74m[48;2;140;197;74m▀[0m[38;2;140;197;74m[48;2;140;197;74m▀[0m[38;2;140;197;74m[48;2;140;197;74m▀[0m[38;2;65;65;65m[48;2;65;65;65m▀[0m[38;2;140;197;74m[48;2;140;197;74m▀[0m[38;2;140;197;74m[48;2;90;148;58m▀[0m[38;2;140;197;74m[48;2;90;148;58m▀[0m[38;2;65;65;65m[48;2;65;65;65m▀[0m[38;2;0;0;0m[48;2;90;148;58m▀[0m[38;2;0;0;0m▄[38;2;0;0;0m▄[38;2;0;0;0m[48;2;247;115;58m▀[0m[38;2;0;0;0m[48;2;0;0;0m▀[0m
     [38;2;0;0;0m▄[38;2;0;0;0m[48;2;123;90;66m▀[0m[38;2;148;107;74m[48;2;65;65;65m▀[0m[38;2;140;197;74m[48;2;65;65;65m▀[0m[38;2;148;107;74m[48;2;90;148;58m▀[0m[38;2;90;148;58m[48;2;90;148;58m▀[0m[38;2;90;148;58m[48;2;123;90;66m▀[0m[38;2;65;65;65m[48;2;148;107;74m▀[0m[38;2;140;197;74m[48;2;65;65;65m▀[0m[38;2;140;197;74m[48;2;65;65;65m▀[0m[38;2;65;65;65m[48;2;90;148;58m▀[0m[38;2;90;148;58m[48;2;90;148;58m▀[0m[38;2;90;148;58m[48;2;0;0;0m▀[0m[38;2;247;115;58m[48;2;0;0;0m▀[0m[38;2;0;0;0m▀ 
     [38;2;0;0;0m▀[38;2;65;65;65m[48;2;0;0;0m▀[0m[38;2;123;90;66m[48;2;0;0;0m▀[0m[38;2;0;0;0m▀[38;2;123;90;66m[48;2;0;0;0m▀[0m[38;2;123;90;66m[48;2;65;65;65m▀[0m[38;2;148;107;74m[48;2;148;107;74m▀[0m[38;2;148;107;74m[48;2;148;107;74m▀[0m[38;2;148;107;74m[48;2;148;107;74m▀[0m[38;2;65;65;65m[48;2;0;0;0m▀[0m[38;2;0;0;0m▀[38;2;0;0;0m▀    
          [38;2;0;0;0m▀[38;2;255;255;255m[48;2;0;0;0m▀[0m[38;2;165;165;165m[48;2;0;0;0m▀[0m[38;2;255;255;255m[48;2;0;0;0m▀[0m[38;2;0;0;0m▀      
[0m