        [38;2;0;0;0m▄[38;2;0;0;0m[48;2;255;230;82m▀[0m[38;2;0;0;0m[48;2;65;65;65m▀[0m[38;2;0;0;0m▄              
       [38;2;0;0;0m▄[38;2;0;0;0m[48;2;255;230;82m▀[0m[38;2;255;230;82m[48;2;255;230;82m▀[0m[38;2;255;230;82m[48;2;205;180;82m▀[0m[38;2;0;0;0m[48;2;0;0;0m▀[0m              
       [38;2;0;0;0m[48;2;0;0;0m▀[0m[38;2;255;230;82m[48;2;255;230;82m▀[0m[38;2;205;180;82m[48;2;205;180;82m▀[0m[38;2;255;230;82m[48;2;0;0;0m▀[0m[38;2;0;0;0m▀    [38;2;0;0;0m▄[38;2;0;0;0m▄[38;2;0;0;0m[48;2;255;230;82m▀[0m[38;2;0;0;0m[48;2;255;230;82m▀[0m[38;2;0;0;0m[48;2;255;230;82m▀[0m[38;2;0;0;0m▄    
        [38;2;0;0;0m[48;2;0;0;0m▀[0m[38;2;255;230;82m[48;2;65;65;65m▀[0m[38;2;0;0;0m[48;2;222;164;57m▀[0m[38;2;0;0;0m[48;2;222;164;57m▀[0m[38;2;0;0;0m[48;2;222;164;57m▀[0m[38;2;0;0;0m[48;2;222;164;57m▀[0m[38;2;0;0;0m▄[38;2;0;0;0m[48;2;255;230;82m▀[0m[38;2;255;230;82m[48;2;255;230;82m▀[0m[38;2;255;230;82m[48;2;65;65;65m▀[0m[38;2;255;230;82m[48;2;65;65;65m▀[0m[38;2;255;230;82m[48;2;255;230;82m▀[0m[38;2;255;230;82m[48;2;0;0;0m▀[0m[38;2;0;0;0m▀    
      [38;2;0;0;0m▄[38;2;0;0;0m[48;2;222;164;57m▀[0m[38;2;222;164;57m[48;2;222;164;57m▀[0m[38;2;222;164;57m[48;2;222;164;57m▀[0m[38;2;222;164;57m[48;2;222;164;57m▀[0m[38;2;222;164;57m[48;2;222;164;57m▀[0m[38;2;222;164;57m[48;2;222;164;57m▀[0m[38;2;65;65;65m[48;2;65;65;65m▀[0m[38;2;255;230;82m[48;2;255;230;82m▀[0m[38;2;255;230;82m[48;2;255;230;82m▀[0m[38;2;65;65;65m[48;2;255;230;82m▀[0m[38;2;255;230;82m[48;2;255;230;82m▀[0m[38;2;255;230;82m[48;2;255;230;82m▀[0m[38;2;65;65;65m[48;2;0;0;0m▀[0m[38;2;0;0;0m▀     
     [38;2;0;0;0m▄[38;2;0;0;0m[48;2;222;164;57m▀[0m[38;2;222;164;57m[48;2;222;164;57m▀[0m[38;2;222;164;57m[48;2;222;164;57m▀[0m[38;2;222;164;57m[48;2;222;164;57m▀[0m[38;2;222;164;57m[48;2;222;164;57m▀[0m[38;2;222;164;57m[48;2;222;164;57m▀[0m[38;2;222;164;57m[48;2;222;164;57m▀[0m[38;2;65;65;65m[48;2;222;164;57m▀[0m[38;2;65;65;65m[48;2;65;65;65m▀[0m[38;2;255;230;82m[48;2;65;65;65m▀[0m[38;2;255;230;82m[48;2;65;65;65m▀[0m[38;2;0;0;0m[48;2;0;0;0m▀[0m[38;2;0;0;0m▀       
     [38;2;0;0;0m▀[38;2;222;164;57m[48;2;0;0;0m▀[0m[38;2;65;65;65m[48;2;222;164;57m▀[0m[38;2;222;164;57m[48;2;222;164;57m▀[0m[38;2;222;164;57m[48;2;222;164;57m▀[0m[38;2;222;164;57m[48;2;222;164;57m▀[0m[38;2;255;255;255m[48;2;82;131;205m▀[0m[38;2;82;131;205m[48;2;65;65;65m▀[0m[38;2;222;164;57m[48;2;255;230;82m▀[0m[38;2;222;164;57m[48;2;255;230;82m▀[0m[38;2;222;164;57m[48;2;222;164;57m▀[0m[38;2;222;164;57m[48;2;222;164;57m▀[0m[38;2;222;164;57m[48;2;222;164;57m▀[0m[38;2;0;0;0m[48;2;0;0;0m▀[0m       
  [38;2;0;0;0m▄[38;2;0;0;0m▄[38;2;0;0;0m▄ [38;2;0;0;0m▄[38;2;0;0;0m[48;2;255;255;255m▀[0m[38;2;164;115;65m[48;2;65;65;65m▀[0m[38;2;164;115;65m[48;2;238;230;180m▀[0m[38;2;222;164;57m[48;2;238;230;180m▀[0m[38;2;222;164;57m[48;2;222;164;57m▀[0m[38;2;222;164;57m[48;2;222;164;57m▀[0m[38;2;255;230;82m[48;2;222;164;57m▀[0m[38;2;255;230;82m[48;2;65;65;65m▀[0m[38;2;222;164;57m[48;2;222;164;57m▀[0m[38;2;222;164;57m[48;2;222;164;57m▀[0m[38;2;222;164;57m[48;2;222;164;57m▀[0m[38;2;164;115;65m[48;2;238;230;180m▀[0m[38;2;0;0;0m[48;2;0;0;0m▀[0m      
[38;2;0;0;0m▄[38;2;0;0;0m▀   [38;2;0;0;0m▀[38;2;0;0;0m▀[38;2;255;255;255m[48;2;0;0;0m▀[0m[38;2;65;65;65m[48;2;0;0;0m▀[0m[38;2;238;230;180m[48;2;65;65;65m▀[0m[38;2;238;230;180m[48;2;238;230;180m▀[0m[38;2;238;230;180m[48;2;65;65;65m▀[0m[38;2;65;65;65m[48;2;255;255;255m▀[0m[38;2;65;65;65m[48;2;255;255;255m▀[0m[38;2;222;164;57m[48;2;222;164;57m▀[0m[38;2;222;164;57m[48;2;222;164;57m▀[0m[38;2;222;164;57m[48;2;164;115;65m▀[0m[38;2;164;115;65m[48;2;164;115;65m▀[0m[38;2;164;115;65m[48;2;164;115;65m▀[0m[38;2;164;115;65m[48;2;238;230;180m▀[0m[38;2;0;0;0m[48;2;0;0;0m▀[0m     
[38;2;0;0;0m▀[38;2;0;0;0m▄      [38;2;0;0;0m▄[38;2;0;0;0m[48;2;0;0;0m▀[0m[38;2;238;230;180m[48;2;164;115;65m▀[0m[38;2;65;65;65m[48;2;230;222;156m▀[0m[38;2;148;148;148m[48;2;65;65;65m▀[0m[38;2;255;255;255m[48;2;65;65;65m▀[0m[38;2;255;255;255m[48;2;65;65;65m▀[0m[38;2;65;65;65m[48;2;164;115;65m▀[0m[38;2;164;115;65m[48;2;164;115;65m▀[0m[38;2;164;115;65m[48;2;164;115;65m▀[0m[38;2;238;230;180m[48;2;164;115;65m▀[0m[38;2;238;230;180m[48;2;131;82;57m▀[0m[38;2;0;0;0m[48;2;0;0;0m▀[0m     
  [38;2;0;0;0m▀[38;2;0;0;0m▀[38;2;0;0;0m[48;2;0;0;0m▀[0m[38;2;0;0;0m[48;2;0;0;0m▀[0m[38;2;0;0;0m[48;2;164;115;65m▀[0m[38;2;0;0;0m[48;2;205;180;82m▀[0m[38;2;205;180;82m[48;2;205;180;82m▀[0m[38;2;205;180;82m[48;2;65;65;65m▀[0m[38;2;65;65;65m[48;2;255;255;255m▀[0m[38;2;65;65;65m[48;2;222;222;205m▀[0m[38;2;230;222;156m[48;2;65;65;65m▀[0m[38;2;230;222;156m[48;2;65;65;65m▀[0m[38;2;230;222;156m[48;2;164;115;65m▀[0m[38;2;164;115;65m[48;2;164;115;65m▀[0m[38;2;164;115;65m[48;2;164;115;65m▀[0m[38;2;164;115;65m[48;2;131;82;57m▀[0m[38;2;164;115;65m[48;2;65;65;65m▀[0m[38;2;0;0;0m[48;2;0;0;0m▀[0m[38;2;0;0;0m▄[38;2;0;0;0m▄[38;2;0;0;0m[48;2;255;230;82m▀[0m[38;2;0;0;0m[48;2;255;230;82m▀[0m[38;2;0;0;0m[48;2;255;230;82m▀[0m[38;2;0;0;0m▄
      [38;2;0;0;0m▀[38;2;0;0;0m▀[38;2;0;0;0m▀[38;2;205;180;82m[48;2;0;0;0m▀[0m[38;2;65;65;65m[48;2;0;0;0m▀[0m[38;2;65;65;65m[48;2;205;180;82m▀[0m[38;2;65;65;65m[48;2;205;180;82m▀[0m[38;2;205;180;82m[48;2;65;65;65m▀[0m[38;2;65;65;65m[48;2;255;255;255m▀[0m[38;2;65;65;65m[48;2;222;222;205m▀[0m[38;2;65;65;65m[48;2;255;255;255m▀[0m[38;2;164;115;65m[48;2;115;82;57m▀[0m[38;2;164;115;65m[48;2;65;65;65m▀[0m[38;2;65;65;65m[48;2;255;230;82m▀[0m[38;2;255;230;82m[48;2;255;230;82m▀[0m[38;2;255;230;82m[48;2;255;230;82m▀[0m[38;2;255;230;82m[48;2;255;230;82m▀[0m[38;2;255;230;82m[48;2;0;0;0m▀[0m[38;2;0;0;0m▀ 
        [38;2;0;0;0m▀[38;2;255;230;82m[48;2;0;0;0m▀[0m[38;2;255;230;82m[48;2;0;0;0m▀[0m[38;2;255;230;82m[48;2;255;230;82m▀[0m[38;2;205;180;82m[48;2;255;230;82m▀[0m[38;2;205;180;82m[48;2;255;230;82m▀[0m[38;2;65;65;65m[48;2;255;230;82m▀[0m[38;2;65;65;65m[48;2;255;230;82m▀[0m[38;2;65;65;65m[48;2;255;230;82m▀[0m[38;2;65;65;65m[48;2;255;230;82m▀[0m[38;2;255;230;82m[48;2;255;230;82m▀[0m[38;2;255;230;82m[48;2;255;230;82m▀[0m[38;2;255;230;82m[48;2;0;0;0m▀[0m[38;2;255;230;82m[48;2;0;0;0m▀[0m[38;2;0;0;0m▀   
           [38;2;0;0;0m▀[38;2;0;0;0m▀[38;2;255;230;82m[48;2;0;0;0m▀[0m[38;2;255;230;82m[48;2;0;0;0m▀[0m[38;2;255;230;82m[48;2;0;0;0m▀[0m[38;2;255;230;82m[48;2;0;0;0m▀[0m[38;2;255;230;82m[48;2;0;0;0m▀[0m[38;2;0;0;0m▀[38;2;0;0;0m▀      
[0m