                [38;2;115;206;255m▄[38;2;115;206;255m[48;2;115;206;255m▀[0m          
               [38;2;115;206;255m▄[38;2;115;206;255m[48;2;115;206;255m▀[0m[38;2;115;206;255m[48;2;115;206;255m▀[0m          
              [38;2;115;206;255m▄[38;2;115;206;255m[48;2;0;0;0m▀[0m[38;2;0;0;0m[48;2;247;140;66m▀[0m[38;2;115;206;255m[48;2;0;0;0m▀[0m[38;2;115;206;255m[48;2;115;206;255m▀[0m         
             [38;2;115;206;255m▄[38;2;115;206;255m[48;2;0;0;0m▀[0m[38;2;0;0;0m[48;2;214;99;66m▀[0m[38;2;247;140;66m[48;2;247;140;66m▀[0m[38;2;0;0;0m[48;2;0;0;0m▀[0m[38;2;115;206;255m[48;2;115;206;255m▀[0m         
          [38;2;115;206;255m▄[38;2;115;206;255m[48;2;115;206;255m▀[0m[38;2;115;206;255m[48;2;0;0;0m▀[0m[38;2;115;206;255m[48;2;0;0;0m▀[0m[38;2;0;0;0m[48;2;247;140;66m▀[0m[38;2;247;140;66m[48;2;247;140;66m▀[0m[38;2;247;140;66m[48;2;247;140;66m▀[0m[38;2;0;0;0m[48;2;214;99;66m▀[0m[38;2;115;206;255m[48;2;0;0;0m▀[0m[38;2;115;206;255m[48;2;115;206;255m▀[0m[38;2;115;206;255m▄       
         [38;2;115;206;255m[48;2;115;206;255m▀[0m[38;2;115;206;255m[48;2;0;0;0m▀[0m[38;2;0;0;0m[48;2;255;255;255m▀[0m[38;2;247;140;66m[48;2;247;140;66m▀[0m[38;2;247;140;66m[48;2;247;140;66m▀[0m[38;2;247;140;66m[48;2;247;140;66m▀[0m[38;2;247;140;66m[48;2;247;140;66m▀[0m[38;2;247;140;66m[48;2;247;140;66m▀[0m[38;2;247;140;66m[48;2;247;140;66m▀[0m[38;2;214;99;66m[48;2;247;140;66m▀[0m[38;2;0;0;0m[48;2;0;0;0m▀[0m[38;2;115;206;255m[48;2;115;206;255m▀[0m[38;2;115;206;255m▄      
        [38;2;115;206;255m▄[38;2;115;206;255m[48;2;115;206;255m▀[0m[38;2;0;0;0m[48;2;0;0;0m▀[0m[38;2;189;189;189m[48;2;255;255;255m▀[0m[38;2;66;123;214m[48;2;66;123;214m▀[0m[38;2;247;140;66m[48;2;247;140;66m▀[0m[38;2;247;140;66m[48;2;247;140;66m▀[0m[38;2;247;140;66m[48;2;189;189;189m▀[0m[38;2;255;255;255m[48;2;66;123;214m▀[0m[38;2;255;255;255m[48;2;255;255;255m▀[0m[38;2;247;140;66m[48;2;214;99;66m▀[0m[38;2;214;99;66m[48;2;214;99;66m▀[0m[38;2;0;0;0m[48;2;0;0;0m▀[0m[38;2;115;206;255m[48;2;115;206;255m▀[0m      
    [38;2;115;206;255m▄[38;2;115;206;255m▄[38;2;115;206;255m[48;2;255;255;255m▀[0m[38;2;181;222;255m[48;2;255;255;255m▀[0m[38;2;255;255;255m[48;2;115;206;255m▀[0m[38;2;115;206;255m[48;2;115;206;255m▀[0m[38;2;115;206;255m▀[38;2;0;0;0m[48;2;115;206;255m▀[0m[38;2;247;140;66m[48;2;0;0;0m▀[0m[38;2;65;65;65m[48;2;0;0;0m▀[0m[38;2;65;65;65m[48;2;214;99;66m▀[0m[38;2;255;255;255m[48;2;255;255;255m▀[0m[38;2;66;123;214m[48;2;255;255;255m▀[0m[38;2;189;189;189m[48;2;214;99;66m▀[0m[38;2;214;99;66m[48;2;214;99;66m▀[0m[38;2;181;74;66m[48;2;0;0;0m▀[0m[38;2;0;0;0m[48;2;181;222;255m▀[0m[38;2;115;206;255m[48;2;115;206;255m▀[0m      
    [38;2;115;206;255m▄[38;2;115;206;255m[48;2;115;206;255m▀[0m[38;2;115;206;255m[48;2;255;255;255m▀[0m[38;2;115;206;255m[48;2;115;206;255m▀[0m[38;2;115;206;255m▄   [38;2;115;206;255m[48;2;115;206;255m▀[0m[38;2;115;206;255m[48;2;0;0;0m▀[0m[38;2;0;0;0m[48;2;247;140;66m▀[0m[38;2;214;99;66m[48;2;247;140;66m▀[0m[38;2;65;65;65m[48;2;214;99;66m▀[0m[38;2;65;65;65m[48;2;0;0;0m▀[0m[38;2;0;0;0m[48;2;115;206;255m▀[0m[38;2;115;206;255m[48;2;115;206;255m▀[0m[38;2;115;206;255m[48;2;115;206;255m▀[0m[38;2;255;255;255m[48;2;181;222;255m▀[0m[38;2;115;206;255m[48;2;255;255;255m▀[0m[38;2;115;206;255m▄    
 [38;2;115;206;255m▄[38;2;115;206;255m[48;2;181;222;255m▀[0m[38;2;115;206;255m[48;2;255;255;255m▀[0m[38;2;181;222;255m[48;2;255;255;255m▀[0m[38;2;255;255;255m[48;2;181;222;255m▀[0m[38;2;255;255;255m[48;2;181;222;255m▀[0m[38;2;255;255;255m[48;2;115;206;255m▀[0m[38;2;115;206;255m[48;2;115;206;255m▀[0m[38;2;115;206;255m▄  [38;2;115;206;255m▀[38;2;0;0;0m[48;2;115;206;255m▀[0m[38;2;181;74;66m[48;2;0;0;0m▀[0m[38;2;214;99;66m[48;2;0;0;0m▀[0m[38;2;181;74;66m[48;2;0;0;0m▀[0m[38;2;0;0;0m[48;2;115;206;255m▀[0m[38;2;115;206;255m[48;2;115;206;255m▀[0m [38;2;115;206;255m▄[38;2;115;206;255m[48;2;115;206;255m▀[0m[38;2;181;222;255m[48;2;115;206;255m▀[0m[38;2;255;255;255m[48;2;181;222;255m▀[0m[38;2;115;206;255m[48;2;181;222;255m▀[0m[38;2;115;206;255m[48;2;115;206;255m▀[0m[38;2;115;206;255m▄ 
[38;2;115;206;255m▀[38;2;115;206;255m▀[38;2;115;206;255m▀[38;2;115;206;255m▀[38;2;115;206;255m▀[38;2;115;206;255m▀[38;2;115;206;255m▀       [38;2;115;206;255m[48;2;115;206;255m▀[0m[38;2;115;206;255m[48;2;115;206;255m▀[0m[38;2;115;206;255m[48;2;115;206;255m▀[0m[38;2;115;206;255m▀ [38;2;115;206;255m[48;2;115;206;255m▀[0m[38;2;181;222;255m[48;2;255;255;255m▀[0m[38;2;181;222;255m[48;2;255;255;255m▀[0m[38;2;255;255;255m[48;2;255;255;255m▀[0m[38;2;115;206;255m[48;2;181;222;255m▀[0m[38;2;115;206;255m▄   
               [38;2;115;206;255m[48;2;115;206;255m▀[0m    [38;2;115;206;255m▀[38;2;181;222;255m[48;2;115;206;255m▀[0m[38;2;255;255;255m[48;2;115;206;255m▀[0m[38;2;255;255;255m[48;2;181;222;255m▀[0m[38;2;115;206;255m[48;2;255;255;255m▀[0m[38;2;115;206;255m▄  
                       [38;2;115;206;255m▀[38;2;181;222;255m[48;2;115;206;255m▀[0m[38;2;255;255;255m[48;2;115;206;255m▀[0m[38;2;115;206;255m[48;2;115;206;255m▀[0m 
                          [38;2;115;206;255m▀[38;2;115;206;255m▀
[0m