        [38;2;0;0;0m▄[38;2;0;0;0m▄[38;2;0;0;0m[48;2;255;130;107m▀[0m[38;2;0;0;0m[48;2;148;59;60m▀[0m[38;2;0;0;0m[48;2;222;89;90m▀[0m[38;2;0;0;0m▄[38;2;0;0;0m▄[38;2;0;0;0m▄            
     [38;2;0;0;0m▄[38;2;0;0;0m[48;2;255;130;107m▀[0m[38;2;0;8;16m[48;2;82;47;46m▀[0m[38;2;247;125;107m[48;2;164;86;76m▀[0m[38;2;255;125;99m[48;2;165;60;74m▀[0m[38;2;165;60;74m[48;2;210;92;86m▀[0m[38;2;222;85;85m[48;2;222;85;85m▀[0m[38;2;222;85;85m[48;2;222;85;85m▀[0m[38;2;66;65;66m[48;2;66;65;66m▀[0m[38;2;222;85;82m[48;2;222;85;82m▀[0m[38;2;74;36;35m[48;2;222;93;90m▀[0m[38;2;0;8;8m[48;2;0;8;8m▀[0m           
   [38;2;0;0;0m▄[38;2;0;0;0m[48;2;255;130;107m▀[0m[38;2;255;130;107m[48;2;255;130;107m▀[0m[38;2;160;65;74m[48;2;160;65;74m▀[0m[38;2;222;85;82m[48;2;222;85;82m▀[0m[38;2;66;65;66m[48;2;66;65;66m▀[0m[38;2;222;85;85m[48;2;222;85;85m▀[0m[38;2;222;85;85m[48;2;222;85;85m▀[0m[38;2;222;85;82m[48;2;222;85;82m▀[0m[38;2;222;85;82m[48;2;66;65;66m▀[0m[38;2;66;65;66m[48;2;222;85;82m▀[0m[38;2;222;85;82m[48;2;222;85;82m▀[0m[38;2;222;85;82m[48;2;222;85;82m▀[0m[38;2;66;65;66m[48;2;66;65;66m▀[0m[38;2;0;0;0m[48;2;222;85;82m▀[0m[38;2;0;0;0m▄         
   [38;2;0;0;0m[48;2;0;0;0m▀[0m[38;2;255;130;107m[48;2;255;130;107m▀[0m[38;2;156;65;74m[48;2;156;65;74m▀[0m[38;2;222;86;84m[48;2;222;86;84m▀[0m[38;2;222;85;85m[48;2;222;85;85m▀[0m[38;2;222;85;85m[48;2;222;85;85m▀[0m[38;2;66;65;66m[48;2;66;65;66m▀[0m[38;2;222;85;82m[48;2;222;85;82m▀[0m[38;2;222;85;82m[48;2;222;85;82m▀[0m[38;2;66;65;66m[48;2;222;85;82m▀[0m[38;2;222;85;85m[48;2;222;85;85m▀[0m[38;2;222;85;85m[48;2;222;85;85m▀[0m[38;2;66;65;66m[48;2;66;65;66m▀[0m[38;2;222;85;82m[48;2;222;85;82m▀[0m[38;2;222;85;82m[48;2;222;85;82m▀[0m[38;2;0;0;0m[48;2;0;0;0m▀[0m         
    [38;2;0;0;0m[48;2;0;0;0m▀[0m[38;2;222;86;84m[48;2;156;65;74m▀[0m[38;2;222;86;84m[48;2;222;86;84m▀[0m[38;2;222;85;85m[48;2;222;85;85m▀[0m[38;2;222;85;85m[48;2;222;85;85m▀[0m[38;2;205;91;84m[48;2;181;56;82m▀[0m[38;2;205;91;84m[48;2;255;162;90m▀[0m[38;2;156;65;74m[48;2;255;166;82m▀[0m[38;2;156;65;74m[48;2;255;166;82m▀[0m[38;2;161;58;74m[48;2;255;158;90m▀[0m[38;2;208;108;82m[48;2;161;58;74m▀[0m[38;2;222;85;82m[48;2;66;65;66m▀[0m[38;2;222;85;82m[48;2;222;85;82m▀[0m[38;2;0;0;0m[48;2;0;0;0m▀[0m          
   [38;2;0;0;0m[48;2;0;0;0m▀[0m[38;2;132;132;104m[48;2;132;132;104m▀[0m[38;2;161;58;74m[48;2;255;158;90m▀[0m[38;2;208;108;82m[48;2;161;58;74m▀[0m[38;2;222;86;84m[48;2;222;86;84m▀[0m[38;2;156;65;74m[48;2;156;65;74m▀[0m[38;2;255;167;85m[48;2;255;167;85m▀[0m[38;2;255;167;85m[48;2;255;167;85m▀[0m[38;2;255;166;82m[48;2;255;166;82m▀[0m[38;2;255;166;82m[48;2;66;65;66m▀[0m[38;2;255;166;82m[48;2;66;65;66m▀[0m[38;2;255;166;82m[48;2;255;166;82m▀[0m[38;2;255;166;82m[48;2;255;166;82m▀[0m[38;2;66;65;66m[48;2;255;166;82m▀[0m[38;2;0;0;0m▄          
  [38;2;0;0;0m[48;2;0;0;0m▀[0m[38;2;255;255;231m[48;2;255;255;231m▀[0m[38;2;24;0;0m[48;2;178;170;154m▀[0m[38;2;255;166;82m[48;2;129;130;104m▀[0m[38;2;255;166;82m[48;2;255;166;82m▀[0m[38;2;156;65;74m[48;2;255;166;82m▀[0m[38;2;255;166;82m[48;2;255;166;82m▀[0m[38;2;255;166;82m[48;2;255;166;82m▀[0m[38;2;255;166;82m[48;2;192;145;62m▀[0m[38;2;90;90;85m[48;2;255;255;255m▀[0m[38;2;90;90;85m[48;2;8;8;0m▀[0m[38;2;132;132;104m[48;2;132;132;104m▀[0m[38;2;66;65;66m[48;2;132;132;104m▀[0m[38;2;255;167;85m[48;2;255;167;85m▀[0m[38;2;255;167;85m[48;2;255;167;85m▀[0m[38;2;0;0;0m[48;2;255;166;82m▀[0m[38;2;0;0;0m▄         
   [38;2;8;0;0m[48;2;8;0;0m▀[0m[38;2;172;170;142m[48;2;255;255;214m▀[0m[38;2;255;255;255m[48;2;255;255;255m▀[0m[38;2;200;195;189m[48;2;200;195;189m▀[0m[38;2;194;184;164m[48;2;255;247;222m▀[0m[38;2;74;60;49m[48;2;194;184;164m▀[0m[38;2;255;166;82m[48;2;255;166;82m▀[0m[38;2;129;130;104m[48;2;129;130;104m▀[0m[38;2;255;255;255m[48;2;255;255;255m▀[0m[38;2;66;65;66m[48;2;255;255;255m▀[0m[38;2;255;255;255m[48;2;255;255;255m▀[0m[38;2;255;255;255m[48;2;255;255;255m▀[0m[38;2;255;166;82m[48;2;192;145;62m▀[0m[38;2;255;166;82m[48;2;192;145;62m▀[0m[38;2;189;146;66m[48;2;189;146;66m▀[0m[38;2;0;0;0m[48;2;0;0;0m▀[0m         
    [38;2;0;0;0m▀[38;2;255;174;90m[48;2;8;8;0m▀[0m[38;2;255;174;90m[48;2;172;118;60m▀[0m[38;2;239;243;255m[48;2;189;142;66m▀[0m[38;2;222;209;192m[48;2;189;142;66m▀[0m[38;2;255;251;247m[48;2;206;142;49m▀[0m[38;2;222;178;115m[48;2;206;142;49m▀[0m[38;2;151;136;90m[48;2;151;136;90m▀[0m[38;2;255;255;255m[48;2;151;136;90m▀[0m[38;2;255;255;255m[48;2;151;136;90m▀[0m[38;2;151;136;90m[48;2;151;136;90m▀[0m[38;2;189;146;66m[48;2;189;146;66m▀[0m[38;2;189;146;66m[48;2;0;0;0m▀[0m[38;2;0;0;0m▀          
   [38;2;0;0;0m▄[38;2;0;0;0m[48;2;255;207;66m▀[0m[38;2;255;207;66m[48;2;255;207;66m▀[0m[38;2;66;65;66m[48;2;255;207;66m▀[0m[38;2;66;65;66m[48;2;255;199;66m▀[0m[38;2;192;154;66m[48;2;66;65;66m▀[0m[38;2;192;145;66m[48;2;66;65;66m▀[0m[38;2;192;145;66m[48;2;66;65;66m▀[0m[38;2;192;145;66m[48;2;66;65;66m▀[0m[38;2;192;145;66m[48;2;66;65;66m▀[0m[38;2;192;145;66m[48;2;66;65;66m▀[0m[38;2;66;65;66m[48;2;192;145;66m▀[0m[38;2;90;71;41m[48;2;181;142;74m▀[0m[38;2;0;0;8m▄           
   [38;2;0;0;0m▄[38;2;0;0;0m[48;2;189;146;66m▀[0m[38;2;255;203;66m[48;2;66;60;66m▀[0m[38;2;255;203;66m[48;2;192;155;66m▀[0m[38;2;255;206;63m[48;2;255;206;63m▀[0m[38;2;255;206;63m[48;2;255;206;63m▀[0m[38;2;255;207;66m[48;2;255;207;66m▀[0m[38;2;255;207;66m[48;2;193;146;66m▀[0m[38;2;192;146;63m[48;2;192;146;63m▀[0m[38;2;192;146;63m[48;2;192;146;63m▀[0m[38;2;192;145;66m[48;2;66;65;66m▀[0m[38;2;192;145;66m[48;2;66;65;66m▀[0m[38;2;189;146;66m[48;2;189;146;66m▀[0m[38;2;189;146;66m[48;2;0;0;0m▀[0m[38;2;0;0;0m▀          
  [38;2;0;0;0m[48;2;0;0;0m▀[0m[38;2;172;130;60m[48;2;255;190;90m▀[0m[38;2;172;130;60m[48;2;8;12;0m▀[0m[38;2;0;0;0m▀[38;2;0;0;0m▀[38;2;66;58;40m[48;2;0;12;24m▀[0m[38;2;198;150;74m[48;2;66;58;40m▀[0m[38;2;192;145;66m[48;2;66;65;66m▀[0m[38;2;192;145;66m[48;2;66;65;66m▀[0m[38;2;66;58;40m[48;2;198;150;74m▀[0m[38;2;66;58;40m[48;2;0;12;24m▀[0m[38;2;0;0;0m▀[38;2;189;146;66m[48;2;0;0;0m▀[0m[38;2;90;71;41m[48;2;181;142;74m▀[0m[38;2;0;0;8m[48;2;0;0;8m▀[0m      [38;2;0;0;0m▄[38;2;0;0;0m▄   
[38;2;0;0;0m▄[38;2;0;0;0m[48;2;127;81;45m▀[0m[38;2;127;81;45m[48;2;255;162;90m▀[0m[38;2;255;162;90m[48;2;127;81;45m▀[0m[38;2;0;0;0m[48;2;0;0;0m▀[0m [38;2;0;0;0m[48;2;0;0;0m▀[0m[38;2;255;170;82m[48;2;255;170;82m▀[0m[38;2;134;121;98m[48;2;74;97;107m▀[0m[38;2;132;130;107m[48;2;78;89;107m▀[0m[38;2;132;130;107m[48;2;78;89;107m▀[0m[38;2;170;122;60m[48;2;255;182;90m▀[0m[38;2;0;4;0m[48;2;0;4;0m▀[0m [38;2;0;0;0m▄[38;2;0;0;0m[48;2;255;166;82m▀[0m[38;2;255;166;82m[48;2;255;166;82m▀[0m[38;2;0;0;0m[48;2;0;0;0m▀[0m    [38;2;0;0;0m[48;2;0;0;0m▀[0m[38;2;222;85;85m[48;2;222;85;85m▀[0m[38;2;222;85;85m[48;2;222;85;85m▀[0m[38;2;0;0;0m[48;2;0;0;0m▀[0m  
[38;2;0;0;0m▀[38;2;255;190;82m[48;2;0;8;16m▀[0m[38;2;85;68;38m[48;2;255;190;82m▀[0m[38;2;82;81;66m[48;2;255;207;66m▀[0m[38;2;255;207;66m[48;2;255;207;66m▀[0m[38;2;0;8;16m[48;2;255;190;82m▀[0m[38;2;255;190;82m[48;2;85;68;38m▀[0m[38;2;78;89;107m[48;2;132;130;107m▀[0m[38;2;132;130;107m[48;2;78;89;107m▀[0m[38;2;132;130;107m[48;2;78;89;107m▀[0m[38;2;132;130;107m[48;2;78;89;107m▀[0m[38;2;255;166;82m[48;2;255;166;82m▀[0m[38;2;255;166;82m[48;2;82;81;66m▀[0m[38;2;0;12;24m[48;2;85;66;49m▀[0m[38;2;85;66;49m[48;2;255;174;99m▀[0m[38;2;255;166;82m[48;2;123;71;49m▀[0m[38;2;123;71;49m[48;2;255;166;82m▀[0m[38;2;0;0;0m[48;2;66;65;66m▀[0m[38;2;0;0;0m▄  [38;2;0;0;0m▄[38;2;0;0;0m▄[38;2;8;0;8m[48;2;255;166;90m▀[0m[38;2;172;110;62m[48;2;172;110;62m▀[0m[38;2;0;0;0m[48;2;255;207;66m▀[0m[38;2;0;0;0m▄ 
  [38;2;0;0;0m▀[38;2;255;207;66m[48;2;8;4;8m▀[0m[38;2;255;207;66m[48;2;172;139;46m▀[0m[38;2;255;206;63m[48;2;255;206;63m▀[0m[38;2;255;206;63m[48;2;255;206;63m▀[0m[38;2;131;131;107m[48;2;255;207;66m▀[0m[38;2;131;131;107m[48;2;255;207;66m▀[0m[38;2;131;131;107m[48;2;255;207;66m▀[0m[38;2;131;131;107m[48;2;255;207;66m▀[0m[38;2;82;81;66m[48;2;255;207;66m▀[0m[38;2;255;207;66m[48;2;255;207;66m▀[0m[38;2;255;207;66m[48;2;255;207;66m▀[0m[38;2;82;81;66m[48;2;255;207;66m▀[0m[38;2;255;203;66m[48;2;255;203;66m▀[0m[38;2;66;60;66m[48;2;192;155;66m▀[0m[38;2;192;145;66m[48;2;66;65;66m▀[0m[38;2;192;145;66m[48;2;192;145;66m▀[0m[38;2;0;0;0m[48;2;189;146;66m▀[0m[38;2;0;0;0m[48;2;189;146;66m▀[0m[38;2;66;60;66m[48;2;192;152;66m▀[0m[38;2;255;199;66m[48;2;192;152;66m▀[0m[38;2;255;207;66m[48;2;193;146;66m▀[0m[38;2;255;207;66m[48;2;193;146;66m▀[0m[38;2;189;146;66m[48;2;189;146;66m▀[0m[38;2;189;146;66m[48;2;0;0;0m▀[0m[38;2;0;0;0m▀
   [38;2;0;0;0m▀[38;2;189;146;66m[48;2;0;0;0m▀[0m[38;2;192;146;63m[48;2;192;146;63m▀[0m[38;2;192;146;63m[48;2;192;146;63m▀[0m[38;2;255;207;66m[48;2;85;69;32m▀[0m[38;2;255;207;66m[48;2;0;0;16m▀[0m[38;2;255;207;66m[48;2;0;0;0m▀[0m[38;2;255;207;66m[48;2;0;0;0m▀[0m[38;2;255;207;66m[48;2;255;207;66m▀[0m[38;2;255;207;66m[48;2;193;146;66m▀[0m[38;2;255;207;66m[48;2;193;146;66m▀[0m[38;2;193;146;66m[48;2;193;146;66m▀[0m[38;2;192;145;66m[48;2;192;145;66m▀[0m[38;2;192;145;66m[48;2;66;65;66m▀[0m[38;2;66;65;66m[48;2;192;145;66m▀[0m[38;2;192;145;66m[48;2;192;145;66m▀[0m[38;2;192;146;63m[48;2;192;146;63m▀[0m[38;2;192;146;63m[48;2;192;146;63m▀[0m[38;2;189;146;66m[48;2;189;146;66m▀[0m[38;2;189;146;66m[48;2;0;0;0m▀[0m[38;2;0;0;0m▀[38;2;0;0;0m▀[38;2;0;0;0m▀  
     [38;2;0;0;0m▀[38;2;0;0;0m▀[38;2;0;0;0m▀   [38;2;0;0;0m▀[38;2;189;146;66m[48;2;0;0;0m▀[0m[38;2;189;146;66m[48;2;0;0;0m▀[0m[38;2;189;146;66m[48;2;0;0;0m▀[0m[38;2;189;146;66m[48;2;0;0;0m▀[0m[38;2;0;0;0m▀[38;2;0;0;0m▀[38;2;0;0;0m▀[38;2;0;0;0m▀[38;2;0;0;0m▀[38;2;0;0;0m▀      
[0m