            [38;2;0;0;0m[48;2;0;0;0m▀[0m[38;2;0;0;0m[48;2;247;173;156m▀[0m[38;2;0;0;0m[48;2;247;173;156m▀[0m[38;2;0;0;0m[48;2;247;173;156m▀[0m[38;2;0;0;0m▄[38;2;0;0;0m▄   
             [38;2;0;0;0m▀[38;2;0;0;0m▀[38;2;247;173;156m[48;2;0;0;0m▀[0m[38;2;247;173;156m[48;2;247;173;156m▀[0m[38;2;247;173;156m[48;2;247;173;156m▀[0m[38;2;0;0;0m[48;2;247;173;156m▀[0m[38;2;0;0;0m▄ 
                [38;2;0;0;0m[48;2;0;0;0m▀[0m[38;2;247;173;156m[48;2;247;173;156m▀[0m[38;2;247;173;156m[48;2;247;173;156m▀[0m[38;2;0;0;0m[48;2;214;132;132m▀[0m[38;2;0;0;0m▄
          [38;2;0;0;0m▄[38;2;0;0;0m▄[38;2;0;0;0m▄[38;2;0;0;0m▄[38;2;0;0;0m▄[38;2;0;0;0m[48;2;214;132;132m▀[0m[38;2;214;132;132m[48;2;214;132;132m▀[0m[38;2;214;132;132m[48;2;214;132;132m▀[0m[38;2;214;132;132m[48;2;214;132;132m▀[0m[38;2;214;132;132m[48;2;214;132;132m▀[0m[38;2;0;0;0m[48;2;0;0;0m▀[0m
  [38;2;0;0;0m▄[38;2;0;0;0m[48;2;214;132;132m▀[0m[38;2;0;0;0m[48;2;214;132;132m▀[0m[38;2;0;0;0m▄[38;2;0;0;0m▄[38;2;0;0;0m▄[38;2;0;0;0m[48;2;247;173;156m▀[0m[38;2;0;0;0m[48;2;247;173;156m▀[0m[38;2;247;173;156m[48;2;65;65;65m▀[0m[38;2;247;173;156m[48;2;65;65;65m▀[0m[38;2;247;173;156m[48;2;65;65;65m▀[0m[38;2;247;173;156m[48;2;247;173;156m▀[0m[38;2;247;173;156m[48;2;247;173;156m▀[0m[38;2;65;65;65m[48;2;247;173;156m▀[0m[38;2;65;65;65m[48;2;247;173;156m▀[0m[38;2;214;132;132m[48;2;65;65;65m▀[0m[38;2;214;132;132m[48;2;214;132;132m▀[0m[38;2;0;0;0m[48;2;0;0;0m▀[0m 
  [38;2;0;0;0m▀[38;2;214;132;132m[48;2;65;65;65m▀[0m[38;2;214;132;132m[48;2;247;173;156m▀[0m[38;2;214;132;132m[48;2;247;173;156m▀[0m[38;2;247;173;156m[48;2;247;173;156m▀[0m[38;2;65;65;65m[48;2;247;173;156m▀[0m[38;2;65;65;65m[48;2;247;173;156m▀[0m[38;2;65;65;65m[48;2;65;65;65m▀[0m[38;2;173;99;99m[48;2;247;173;156m▀[0m[38;2;247;173;156m[48;2;173;99;99m▀[0m[38;2;173;99;99m[48;2;247;173;156m▀[0m[38;2;65;65;65m[48;2;65;65;65m▀[0m[38;2;247;173;156m[48;2;247;173;156m▀[0m[38;2;247;173;156m[48;2;247;173;156m▀[0m[38;2;247;173;156m[48;2;214;132;132m▀[0m[38;2;214;132;132m[48;2;214;132;132m▀[0m[38;2;0;0;0m[48;2;0;0;0m▀[0m  
 [38;2;0;0;0m▄[38;2;0;0;0m[48;2;255;255;255m▀[0m[38;2;247;173;156m[48;2;247;173;156m▀[0m[38;2;247;173;156m[48;2;247;173;156m▀[0m[38;2;247;173;156m[48;2;247;173;156m▀[0m[38;2;247;173;156m[48;2;214;132;132m▀[0m[38;2;247;173;156m[48;2;255;255;255m▀[0m[38;2;247;173;156m[48;2;255;255;255m▀[0m[38;2;247;173;156m[48;2;247;173;156m▀[0m[38;2;247;173;156m[48;2;247;173;156m▀[0m[38;2;65;65;65m[48;2;214;132;132m▀[0m[38;2;214;132;132m[48;2;65;65;65m▀[0m[38;2;65;65;65m[48;2;214;132;132m▀[0m[38;2;247;173;156m[48;2;214;132;132m▀[0m[38;2;214;132;132m[48;2;214;132;132m▀[0m[38;2;214;132;132m[48;2;214;132;132m▀[0m[38;2;214;132;132m[48;2;173;99;99m▀[0m[38;2;173;99;99m[48;2;214;132;132m▀[0m[38;2;0;0;0m[48;2;0;0;0m▀[0m 
[38;2;0;0;0m▄[38;2;0;0;0m[48;2;197;173;107m▀[0m[38;2;148;132;82m[48;2;247;239;140m▀[0m[38;2;148;132;82m[48;2;247;239;140m▀[0m[38;2;148;132;82m[48;2;247;239;140m▀[0m[38;2;214;132;132m[48;2;148;132;82m▀[0m[38;2;255;255;255m[48;2;148;132;82m▀[0m[38;2;0;0;0m[48;2;255;255;255m▀[0m[38;2;255;255;255m[48;2;255;255;255m▀[0m[38;2;255;255;255m[48;2;255;255;255m▀[0m[38;2;214;132;132m[48;2;214;132;132m▀[0m[38;2;214;132;132m[48;2;173;99;99m▀[0m[38;2;65;65;65m[48;2;214;132;132m▀[0m[38;2;214;132;132m[48;2;214;132;132m▀[0m[38;2;214;132;132m[48;2;173;99;99m▀[0m[38;2;214;132;132m[48;2;214;132;132m▀[0m[38;2;214;132;132m[48;2;65;65;65m▀[0m[38;2;173;99;99m[48;2;214;132;132m▀[0m[38;2;214;132;132m[48;2;0;0;0m▀[0m[38;2;0;0;0m▀ 
[38;2;0;0;0m▀[38;2;247;239;140m[48;2;0;0;0m▀[0m[38;2;247;239;140m[48;2;247;239;140m▀[0m[38;2;247;239;140m[48;2;247;239;140m▀[0m[38;2;247;239;140m[48;2;148;132;82m▀[0m[38;2;247;239;140m[48;2;247;239;140m▀[0m[38;2;247;239;140m[48;2;197;173;107m▀[0m[38;2;148;132;82m[48;2;197;173;107m▀[0m[38;2;255;255;255m[48;2;148;132;82m▀[0m[38;2;247;173;156m[48;2;214;132;132m▀[0m[38;2;214;132;132m[48;2;65;65;65m▀[0m[38;2;214;132;132m[48;2;214;132;132m▀[0m[38;2;214;132;132m[48;2;214;132;132m▀[0m[38;2;214;132;132m[48;2;214;132;132m▀[0m[38;2;214;132;132m[48;2;214;132;132m▀[0m[38;2;173;99;99m[48;2;0;0;0m▀[0m[38;2;0;0;0m▀[38;2;0;0;0m▀   
  [38;2;0;0;0m▀[38;2;0;0;0m▀[38;2;197;173;107m[48;2;0;0;0m▀[0m[38;2;197;173;107m[48;2;0;0;0m▀[0m[38;2;197;173;107m[48;2;0;0;0m▀[0m[38;2;0;0;0m▀[38;2;0;0;0m▀[38;2;65;65;65m[48;2;0;0;0m▀[0m[38;2;173;99;99m[48;2;255;255;255m▀[0m[38;2;173;99;99m[48;2;173;99;99m▀[0m[38;2;214;132;132m[48;2;214;132;132m▀[0m[38;2;214;132;132m[48;2;214;132;132m▀[0m[38;2;214;132;132m[48;2;0;0;0m▀[0m[38;2;0;0;0m▀     
          [38;2;0;0;0m▀[38;2;0;0;0m▀[38;2;0;0;0m▀[38;2;0;0;0m▀       
[0m