   [38;2;0;0;0m[48;2;0;0;0m▀[0m[38;2;0;0;0m[48;2;255;255;140m▀[0m[38;2;0;0;0m[48;2;255;255;140m▀[0m[38;2;0;0;0m▄ [38;2;0;0;0m▄[38;2;0;0;0m▄[38;2;0;0;0m▄[38;2;0;0;0m▄  
    [38;2;0;0;0m[48;2;0;0;0m▀[0m[38;2;255;255;140m[48;2;65;65;65m▀[0m[38;2;255;255;140m[48;2;165;140;58m▀[0m[38;2;0;0;0m[48;2;222;206;99m▀[0m[38;2;222;206;99m[48;2;255;255;140m▀[0m[38;2;255;255;140m[48;2;255;255;140m▀[0m[38;2;255;255;140m[48;2;0;0;0m▀[0m[38;2;0;0;0m▀  
 [38;2;0;0;0m▄[38;2;0;0;0m[48;2;255;255;140m▀[0m[38;2;0;0;0m[48;2;255;255;140m▀[0m[38;2;255;255;140m[48;2;255;255;140m▀[0m[38;2;255;255;140m[48;2;255;255;140m▀[0m[38;2;255;255;140m[48;2;255;255;140m▀[0m[38;2;255;255;140m[48;2;255;255;140m▀[0m[38;2;165;140;58m[48;2;255;255;140m▀[0m[38;2;65;65;65m[48;2;255;255;140m▀[0m[38;2;0;0;0m[48;2;222;206;99m▀[0m[38;2;0;0;0m▄  
[38;2;0;0;0m[48;2;0;0;0m▀[0m[38;2;255;255;140m[48;2;165;140;58m▀[0m[38;2;255;255;140m[48;2;255;255;140m▀[0m[38;2;255;255;140m[48;2;181;90;156m▀[0m[38;2;181;90;156m[48;2;214;132;197m▀[0m[38;2;255;255;140m[48;2;181;90;156m▀[0m[38;2;255;255;140m[48;2;255;255;140m▀[0m[38;2;222;206;99m[48;2;255;255;140m▀[0m[38;2;255;255;140m[48;2;165;140;58m▀[0m[38;2;255;255;140m[48;2;255;255;140m▀[0m[38;2;255;255;140m[48;2;255;255;140m▀[0m[38;2;222;206;99m[48;2;255;255;140m▀[0m[38;2;0;0;0m[48;2;222;206;99m▀[0m[38;2;0;0;0m▄
 [38;2;0;0;0m[48;2;0;0;0m▀[0m[38;2;181;90;156m[48;2;214;132;197m▀[0m[38;2;214;132;197m[48;2;214;132;197m▀[0m[38;2;214;132;197m[48;2;214;132;197m▀[0m[38;2;181;90;156m[48;2;214;132;197m▀[0m[38;2;255;255;140m[48;2;181;90;156m▀[0m[38;2;255;255;140m[48;2;181;90;156m▀[0m[38;2;255;255;140m[48;2;181;90;156m▀[0m[38;2;165;140;58m[48;2;165;140;58m▀[0m[38;2;255;255;140m[48;2;255;255;140m▀[0m[38;2;255;255;140m[48;2;255;255;140m▀[0m[38;2;222;206;99m[48;2;0;0;0m▀[0m[38;2;0;0;0m▀
[38;2;0;0;0m[48;2;0;0;0m▀[0m[38;2;255;123;173m[48;2;230;74;132m▀[0m[38;2;230;74;132m[48;2;181;90;156m▀[0m[38;2;214;132;197m[48;2;230;74;132m▀[0m[38;2;214;132;197m[48;2;214;132;197m▀[0m[38;2;255;255;255m[48;2;58;132;115m▀[0m[38;2;0;0;0m[48;2;0;0;0m▀[0m[38;2;255;255;255m[48;2;255;255;255m▀[0m[38;2;181;90;156m[48;2;214;132;197m▀[0m[38;2;181;90;156m[48;2;181;90;156m▀[0m[38;2;165;140;58m[48;2;222;206;99m▀[0m[38;2;165;140;58m[48;2;222;206;99m▀[0m[38;2;222;206;99m[48;2;222;206;99m▀[0m[38;2;0;0;0m[48;2;0;0;0m▀[0m
 [38;2;0;0;0m▀[38;2;230;74;132m[48;2;0;0;0m▀[0m[38;2;230;74;132m[48;2;65;65;65m▀[0m[38;2;214;132;197m[48;2;181;90;156m▀[0m[38;2;214;197;214m[48;2;181;90;156m▀[0m[38;2;214;197;214m[48;2;181;90;156m▀[0m[38;2;214;132;197m[48;2;181;90;156m▀[0m[38;2;181;90;156m[48;2;65;65;65m▀[0m[38;2;165;140;58m[48;2;222;206;99m▀[0m[38;2;255;255;140m[48;2;255;255;140m▀[0m[38;2;255;255;140m[48;2;255;255;140m▀[0m[38;2;255;255;140m[48;2;0;0;0m▀[0m[38;2;0;0;0m▀
  [38;2;0;0;0m▀[38;2;247;247;173m[48;2;0;0;0m▀[0m[38;2;65;65;65m[48;2;173;148;107m▀[0m[38;2;65;65;65m[48;2;247;247;173m▀[0m[38;2;65;65;65m[48;2;247;247;173m▀[0m[38;2;65;65;65m[48;2;173;148;107m▀[0m[38;2;247;247;173m[48;2;247;247;173m▀[0m[38;2;65;65;65m[48;2;247;247;173m▀[0m[38;2;65;65;65m[48;2;173;148;107m▀[0m[38;2;0;0;0m[48;2;181;90;156m▀[0m[38;2;0;0;0m▄ 
   [38;2;0;0;0m[48;2;0;0;0m▀[0m[38;2;181;90;156m[48;2;247;247;173m▀[0m[38;2;181;90;156m[48;2;173;148;107m▀[0m[38;2;247;247;173m[48;2;181;90;156m▀[0m[38;2;247;247;173m[48;2;181;90;156m▀[0m[38;2;173;148;107m[48;2;181;90;156m▀[0m[38;2;173;148;107m[48;2;181;90;156m▀[0m[38;2;181;90;156m[48;2;181;90;156m▀[0m[38;2;181;90;156m[48;2;0;0;0m▀[0m[38;2;0;0;0m▀ 
    [38;2;0;0;0m▀[38;2;0;0;0m▀[38;2;0;0;0m▀[38;2;65;65;65m[48;2;0;0;0m▀[0m[38;2;247;247;173m[48;2;0;0;0m▀[0m[38;2;173;148;107m[48;2;0;0;0m▀[0m[38;2;0;0;0m▀   
[0m