 [38;2;0;0;0m▄[38;2;0;0;0m▄[38;2;0;0;0m▄[38;2;0;0;0m[48;2;255;255;115m▀[0m[38;2;0;0;0m▄               
[38;2;0;0;0m▀[38;2;255;255;115m[48;2;0;0;0m▀[0m[38;2;181;148;49m[48;2;255;255;115m▀[0m[38;2;0;0;0m[48;2;165;123;165m▀[0m[38;2;255;255;115m[48;2;65;65;65m▀[0m[38;2;0;0;0m[48;2;255;255;115m▀[0m[38;2;0;0;0m▄  [38;2;0;0;0m▄[38;2;0;0;0m[48;2;255;255;115m▀[0m[38;2;0;0;0m▄[38;2;0;0;0m▄[38;2;0;0;0m▄       
 [38;2;0;0;0m▀[38;2;255;255;115m[48;2;0;0;0m▀[0m[38;2;65;65;65m[48;2;255;255;115m▀[0m[38;2;65;65;65m[48;2;255;255;115m▀[0m[38;2;255;255;115m[48;2;255;255;115m▀[0m[38;2;0;0;0m[48;2;0;0;0m▀[0m [38;2;0;0;0m▄[38;2;0;0;0m[48;2;255;255;115m▀[0m[38;2;255;255;115m[48;2;165;123;165m▀[0m[38;2;0;0;0m[48;2;65;65;65m▀[0m[38;2;181;148;49m[48;2;255;255;115m▀[0m[38;2;255;255;115m[48;2;0;0;0m▀[0m[38;2;0;0;0m▀      
 [38;2;0;0;0m[48;2;0;0;0m▀[0m[38;2;255;255;115m[48;2;65;65;65m▀[0m[38;2;65;65;65m[48;2;214;156;132m▀[0m[38;2;65;65;65m[48;2;173;132;115m▀[0m[38;2;255;255;115m[48;2;140;107;99m▀[0m[38;2;65;65;65m[48;2;214;156;132m▀[0m[38;2;0;0;0m[48;2;214;156;132m▀[0m[38;2;65;65;65m[48;2;173;132;115m▀[0m[38;2;255;255;115m[48;2;255;255;115m▀[0m[38;2;65;65;65m[48;2;255;255;115m▀[0m[38;2;65;65;65m[48;2;255;255;115m▀[0m[38;2;255;255;115m[48;2;0;0;0m▀[0m[38;2;0;0;0m▀       
  [38;2;0;0;0m▀[38;2;214;156;132m[48;2;0;0;0m▀[0m[38;2;65;65;65m[48;2;65;65;65m▀[0m[38;2;214;156;132m[48;2;230;181;165m▀[0m[38;2;214;156;132m[48;2;214;156;132m▀[0m[38;2;173;132;115m[48;2;173;132;115m▀[0m[38;2;255;255;115m[48;2;140;107;99m▀[0m[38;2;173;132;115m[48;2;214;156;132m▀[0m[38;2;140;107;99m[48;2;214;156;132m▀[0m[38;2;255;255;115m[48;2;65;65;65m▀[0m[38;2;0;0;0m[48;2;214;156;132m▀[0m[38;2;0;0;0m▄   [38;2;0;0;0m▄[38;2;0;0;0m▄  
  [38;2;0;0;0m▄[38;2;0;0;0m[48;2;214;156;132m▀[0m[38;2;214;156;132m[48;2;230;181;165m▀[0m[38;2;230;181;165m[48;2;214;156;132m▀[0m[38;2;173;132;115m[48;2;173;132;115m▀[0m[38;2;214;156;132m[48;2;0;0;0m▀[0m[38;2;255;255;255m[48;2;255;255;255m▀[0m[38;2;140;107;99m[48;2;214;156;132m▀[0m[38;2;173;132;115m[48;2;65;65;65m▀[0m[38;2;214;156;132m[48;2;0;0;0m▀[0m[38;2;214;156;132m[48;2;0;0;0m▀[0m[38;2;0;0;0m▀ [38;2;0;0;0m▄[38;2;0;0;0m[48;2;214;156;132m▀[0m[38;2;230;181;165m[48;2;230;181;165m▀[0m[38;2;230;181;165m[48;2;230;181;165m▀[0m[38;2;0;0;0m[48;2;214;156;132m▀[0m[38;2;0;0;0m▄
  [38;2;0;0;0m[48;2;0;0;0m▀[0m[38;2;197;99;66m[48;2;156;82;58m▀[0m[38;2;156;82;58m[48;2;156;82;58m▀[0m[38;2;214;156;132m[48;2;65;65;65m▀[0m[38;2;214;156;132m[48;2;214;156;132m▀[0m[38;2;214;156;132m[48;2;214;156;132m▀[0m[38;2;214;156;132m[48;2;173;132;115m▀[0m[38;2;214;156;132m[48;2;173;132;115m▀[0m[38;2;0;0;0m[48;2;173;132;115m▀[0m[38;2;0;0;0m▄[38;2;0;0;0m▄[38;2;0;0;0m▄[38;2;0;0;0m[48;2;214;156;132m▀[0m[38;2;65;65;65m[48;2;214;156;132m▀[0m[38;2;65;65;65m[48;2;214;156;132m▀[0m[38;2;214;156;132m[48;2;65;65;65m▀[0m[38;2;214;156;132m[48;2;214;156;132m▀[0m[38;2;214;156;132m[48;2;173;132;115m▀[0m[38;2;0;0;0m[48;2;0;0;0m▀[0m
   [38;2;0;0;0m▀[38;2;0;0;0m▀[38;2;0;0;0m▀[38;2;173;132;115m[48;2;0;0;0m▀[0m[38;2;173;132;115m[48;2;65;65;65m▀[0m[38;2;65;65;65m[48;2;173;132;115m▀[0m[38;2;140;107;99m[48;2;173;132;115m▀[0m[38;2;173;132;115m[48;2;173;132;115m▀[0m[38;2;214;156;132m[48;2;214;156;132m▀[0m[38;2;214;156;132m[48;2;214;156;132m▀[0m[38;2;214;156;132m[48;2;239;239;173m▀[0m[38;2;214;156;132m[48;2;214;156;132m▀[0m[38;2;214;156;132m[48;2;239;239;173m▀[0m[38;2;214;156;132m[48;2;214;156;132m▀[0m[38;2;214;156;132m[48;2;214;156;132m▀[0m[38;2;65;65;65m[48;2;0;0;0m▀[0m[38;2;0;0;0m▀ 
      [38;2;0;0;0m[48;2;0;0;0m▀[0m[38;2;173;132;115m[48;2;214;156;132m▀[0m[38;2;173;132;115m[48;2;239;239;173m▀[0m[38;2;173;132;115m[48;2;214;156;132m▀[0m[38;2;214;156;132m[48;2;214;156;132m▀[0m[38;2;214;156;132m[48;2;214;156;132m▀[0m[38;2;214;156;132m[48;2;214;156;132m▀[0m[38;2;239;239;173m[48;2;214;156;132m▀[0m[38;2;214;156;132m[48;2;214;156;132m▀[0m[38;2;214;156;132m[48;2;173;132;115m▀[0m[38;2;230;181;165m[48;2;230;181;165m▀[0m[38;2;214;156;132m[48;2;214;156;132m▀[0m[38;2;0;0;0m[48;2;0;0;0m▀[0m  
       [38;2;0;0;0m[48;2;0;0;0m▀[0m[38;2;189;189;156m[48;2;173;132;115m▀[0m[38;2;239;239;173m[48;2;189;189;156m▀[0m[38;2;140;107;99m[48;2;65;65;65m▀[0m[38;2;214;156;132m[48;2;230;181;165m▀[0m[38;2;214;156;132m[48;2;214;156;132m▀[0m[38;2;173;132;115m[48;2;65;65;65m▀[0m[38;2;189;189;156m[48;2;0;0;0m▀[0m[38;2;65;65;65m[48;2;0;0;0m▀[0m[38;2;214;156;132m[48;2;0;0;0m▀[0m[38;2;230;181;165m[48;2;214;156;132m▀[0m[38;2;173;132;115m[48;2;214;156;132m▀[0m[38;2;0;0;0m[48;2;0;0;0m▀[0m 
      [38;2;0;0;0m▄[38;2;0;0;0m[48;2;65;65;65m▀[0m[38;2;173;132;115m[48;2;65;65;65m▀[0m[38;2;0;0;0m[48;2;0;0;0m▀[0m[38;2;0;0;0m▀[38;2;214;156;132m[48;2;0;0;0m▀[0m[38;2;230;181;165m[48;2;214;156;132m▀[0m[38;2;0;0;0m[48;2;0;0;0m▀[0m   [38;2;0;0;0m▀[38;2;214;156;132m[48;2;0;0;0m▀[0m[38;2;173;132;115m[48;2;65;65;65m▀[0m[38;2;0;0;0m[48;2;0;0;0m▀[0m
      [38;2;0;0;0m▀[38;2;0;0;0m▀[38;2;0;0;0m▀ [38;2;0;0;0m▄[38;2;0;0;0m[48;2;65;65;65m▀[0m[38;2;214;156;132m[48;2;65;65;65m▀[0m[38;2;0;0;0m[48;2;0;0;0m▀[0m    [38;2;0;0;0m▀[38;2;0;0;0m▀ 
          [38;2;0;0;0m▀[38;2;0;0;0m▀[38;2;0;0;0m▀        
[0m