                           [38;2;0;0;0m▄[38;2;0;0;0m[48;2;255;178;231m▀[0m[38;2;0;0;0m▄            
                           [38;2;0;0;0m[48;2;0;0;0m▀[0m[38;2;255;178;231m[48;2;255;178;231m▀[0m[38;2;0;0;0m[48;2;0;0;0m▀[0m            
                     [38;2;0;0;0m▄[38;2;0;0;0m▄[38;2;0;0;0m▄[38;2;16;0;0m▄[38;2;0;0;0m[48;2;175;116;154m▀[0m[38;2;0;0;0m[48;2;244;134;192m▀[0m[38;2;0;0;0m[48;2;244;134;192m▀[0m[38;2;255;178;231m[48;2;255;178;231m▀[0m[38;2;0;0;0m[48;2;244;134;192m▀[0m[38;2;0;0;0m▄[38;2;0;0;0m▄          
                    [38;2;0;0;0m▀[38;2;255;178;231m[48;2;0;0;0m▀[0m[38;2;255;178;231m[48;2;0;0;0m▀[0m[38;2;255;178;231m[48;2;0;0;0m▀[0m[38;2;255;174;231m[48;2;255;178;231m▀[0m[38;2;255;174;231m[48;2;255;178;231m▀[0m[38;2;255;178;231m[48;2;247;150;206m▀[0m[38;2;255;178;231m[48;2;247;150;206m▀[0m[38;2;255;178;231m[48;2;255;178;231m▀[0m[38;2;255;178;231m[48;2;255;178;231m▀[0m[38;2;255;178;231m[48;2;255;178;231m▀[0m[38;2;255;178;231m[48;2;255;178;231m▀[0m[38;2;0;0;0m[48;2;255;177;231m▀[0m[38;2;0;0;0m[48;2;255;177;231m▀[0m[38;2;0;0;0m▄[38;2;0;0;0m▄      
                        [38;2;0;0;0m▀[38;2;0;0;0m▀[38;2;66;65;66m[48;2;0;8;0m▀[0m[38;2;247;150;206m[48;2;247;138;189m▀[0m[38;2;255;178;231m[48;2;255;178;231m▀[0m[38;2;244;134;192m[48;2;244;134;192m▀[0m[38;2;218;101;160m[48;2;66;64;66m▀[0m[38;2;255;178;231m[48;2;0;0;0m▀[0m[38;2;255;177;231m[48;2;0;0;0m▀[0m[38;2;255;177;231m[48;2;0;0;0m▀[0m[38;2;255;178;231m[48;2;255;178;231m▀[0m[38;2;255;178;231m[48;2;255;178;231m▀[0m[38;2;0;0;0m[48;2;255;178;231m▀[0m[38;2;0;0;0m[48;2;255;178;231m▀[0m[38;2;0;0;0m▄   
                     [38;2;0;0;0m▄[38;2;0;0;0m[48;2;255;178;231m▀[0m[38;2;0;0;0m[48;2;255;178;231m▀[0m[38;2;0;0;0m[48;2;255;178;231m▀[0m[38;2;0;0;0m[48;2;255;178;231m▀[0m[38;2;82;51;63m[48;2;222;98;159m▀[0m[38;2;247;138;189m[48;2;238;136;195m▀[0m[38;2;255;178;231m[48;2;255;177;231m▀[0m[38;2;255;178;231m[48;2;255;177;231m▀[0m[38;2;0;0;0m[48;2;255;177;231m▀[0m[38;2;0;0;0m[48;2;255;177;231m▀[0m[38;2;0;0;0m▄[38;2;0;0;0m▄[38;2;0;0;0m▀[38;2;0;0;0m▀[38;2;0;0;0m▀[38;2;0;0;0m▀    
                      [38;2;0;4;0m[48;2;0;0;0m▀[0m[38;2;85;62;77m[48;2;255;215;66m▀[0m[38;2;218;101;160m[48;2;66;65;66m▀[0m[38;2;255;178;231m[48;2;0;0;0m▀[0m[38;2;222;98;159m[48;2;175;116;154m▀[0m[38;2;255;174;231m[48;2;255;174;231m▀[0m[38;2;255;177;231m[48;2;255;177;231m▀[0m[38;2;255;177;231m[48;2;255;177;231m▀[0m[38;2;255;177;231m[48;2;66;65;66m▀[0m[38;2;255;177;231m[48;2;0;0;0m▀[0m[38;2;255;178;231m[48;2;231;117;173m▀[0m[38;2;255;178;231m[48;2;231;117;173m▀[0m[38;2;0;0;0m[48;2;255;178;231m▀[0m[38;2;0;0;0m[48;2;255;178;231m▀[0m[38;2;0;0;0m▄     
                  [38;2;0;0;0m[48;2;0;0;0m▀[0m[38;2;0;0;0m[48;2;222;101;165m▀[0m[38;2;0;8;0m▄[38;2;0;8;0m▄[38;2;0;0;0m[48;2;255;215;66m▀[0m[38;2;255;215;66m[48;2;255;251;198m▀[0m[38;2;0;0;0m[48;2;82;70;43m▀[0m[38;2;0;0;24m▄[38;2;16;0;0m[48;2;239;138;198m▀[0m[38;2;255;174;231m[48;2;239;138;198m▀[0m[38;2;255;177;231m[48;2;255;177;231m▀[0m[38;2;255;177;231m[48;2;255;177;231m▀[0m[38;2;0;0;0m[48;2;0;0;0m▀[0m [38;2;0;0;0m▀[38;2;0;0;0m▀[38;2;0;0;0m▀[38;2;0;0;0m▀      
                  [38;2;0;0;0m▄[38;2;0;0;0m[48;2;222;101;165m▀[0m[38;2;222;109;165m[48;2;192;142;96m▀[0m[38;2;74;41;55m[48;2;66;56;74m▀[0m[38;2;255;215;66m[48;2;255;215;66m▀[0m[38;2;255;251;198m[48;2;255;251;198m▀[0m[38;2;247;211;82m[48;2;255;215;66m▀[0m[38;2;82;70;43m[48;2;66;65;66m▀[0m[38;2;239;138;198m[48;2;247;134;189m▀[0m[38;2;57;174;239m[48;2;57;174;239m▀[0m[38;2;255;177;231m[48;2;255;177;231m▀[0m[38;2;255;177;231m[48;2;255;177;231m▀[0m[38;2;222;101;165m[48;2;247;154;214m▀[0m[38;2;0;0;0m[48;2;0;0;0m▀[0m [38;2;0;0;0m▄[38;2;0;0;0m[48;2;255;174;231m▀[0m[38;2;16;0;0m▄[38;2;0;0;0m[48;2;255;162;222m▀[0m[38;2;0;0;0m▄[38;2;0;0;0m[48;2;255;178;231m▀[0m[38;2;0;0;0m[48;2;0;0;0m▀[0m  
                 [38;2;0;0;0m▄[38;2;0;0;0m[48;2;255;215;66m▀[0m[38;2;222;101;165m[48;2;66;65;66m▀[0m[38;2;66;56;74m[48;2;66;65;66m▀[0m[38;2;255;186;107m[48;2;255;215;66m▀[0m[38;2;255;251;198m[48;2;255;252;198m▀[0m[38;2;255;251;198m[48;2;255;252;198m▀[0m[38;2;255;215;66m[48;2;255;239;156m▀[0m[38;2;66;65;66m[48;2;255;239;156m▀[0m[38;2;57;174;239m[48;2;57;174;239m▀[0m[38;2;57;174;239m[48;2;231;117;173m▀[0m[38;2;255;177;231m[48;2;255;178;231m▀[0m[38;2;255;177;231m[48;2;255;178;231m▀[0m[38;2;247;154;214m[48;2;218;101;160m▀[0m[38;2;0;0;0m[48;2;255;178;231m▀[0m[38;2;16;0;0m▄[38;2;0;0;0m[48;2;175;116;154m▀[0m[38;2;255;174;231m[48;2;255;178;231m▀[0m[38;2;175;116;154m[48;2;255;178;231m▀[0m[38;2;255;162;222m[48;2;218;101;160m▀[0m[38;2;255;162;222m[48;2;255;178;231m▀[0m[38;2;0;0;0m[48;2;255;178;231m▀[0m[38;2;0;0;0m▄  
             [38;2;0;0;0m▄[38;2;0;0;0m[48;2;57;174;239m▀[0m[38;2;0;0;0m▄ [38;2;0;0;0m[48;2;0;0;0m▀[0m[38;2;255;215;66m[48;2;255;215;66m▀[0m[38;2;255;215;66m[48;2;255;215;66m▀[0m[38;2;66;65;66m[48;2;66;65;66m▀[0m[38;2;255;215;66m[48;2;255;227;107m▀[0m[38;2;255;252;198m[48;2;255;251;198m▀[0m[38;2;255;252;198m[48;2;255;251;198m▀[0m[38;2;255;239;156m[48;2;247;255;222m▀[0m[38;2;57;174;239m[48;2;49;174;239m▀[0m[38;2;57;174;239m[48;2;57;174;239m▀[0m[38;2;231;117;173m[48;2;255;178;231m▀[0m[38;2;222;99;159m[48;2;255;177;231m▀[0m[38;2;238;138;195m[48;2;255;177;231m▀[0m[38;2;255;178;231m[48;2;255;178;231m▀[0m[38;2;218;101;160m[48;2;218;101;160m▀[0m[38;2;255;174;231m[48;2;244;134;192m▀[0m[38;2;255;174;231m[48;2;244;134;192m▀[0m[38;2;218;101;160m[48;2;255;166;231m▀[0m[38;2;255;178;231m[48;2;194;129;176m▀[0m[38;2;255;178;231m[48;2;255;178;231m▀[0m[38;2;218;101;160m[48;2;255;178;231m▀[0m[38;2;0;0;0m[48;2;0;0;0m▀[0m   
             [38;2;0;0;0m[48;2;0;0;0m▀[0m[38;2;57;174;239m[48;2;55;173;236m▀[0m[38;2;0;0;0m[48;2;55;173;236m▀[0m[38;2;0;0;16m▄[38;2;0;0;0m[48;2;255;215;74m▀[0m[38;2;255;215;66m[48;2;255;252;198m▀[0m[38;2;255;251;198m[48;2;255;252;198m▀[0m[38;2;255;227;107m[48;2;255;239;156m▀[0m[38;2;255;227;107m[48;2;255;239;156m▀[0m[38;2;57;174;239m[48;2;57;175;233m▀[0m[38;2;255;251;198m[48;2;57;175;233m▀[0m[38;2;49;174;239m[48;2;57;178;239m▀[0m[38;2;181;228;227m[48;2;231;251;255m▀[0m[38;2;57;174;239m[48;2;90;162;255m▀[0m[38;2;255;178;231m[48;2;90;52;90m▀[0m[38;2;255;177;231m[48;2;66;65;66m▀[0m[38;2;255;177;231m[48;2;181;105;186m▀[0m[38;2;255;178;231m[48;2;255;178;231m▀[0m[38;2;218;101;160m[48;2;255;178;231m▀[0m[38;2;255;178;231m[48;2;218;101;160m▀[0m[38;2;244;134;192m[48;2;218;101;160m▀[0m[38;2;255;166;231m[48;2;61;52;82m▀[0m[38;2;74;56;66m[48;2;8;12;0m▀[0m[38;2;0;0;0m▀[38;2;0;0;0m▀    
       [38;2;0;0;0m▄[38;2;0;0;0m▄   [38;2;0;0;0m▄[38;2;0;0;0m[48;2;255;215;66m▀[0m[38;2;55;173;236m[48;2;66;65;66m▀[0m[38;2;55;173;236m[48;2;173;235;255m▀[0m[38;2;85;71;35m[48;2;66;65;66m▀[0m[38;2;255;215;74m[48;2;255;251;198m▀[0m[38;2;255;252;198m[48;2;255;251;198m▀[0m[38;2;255;252;198m[48;2;255;251;198m▀[0m[38;2;255;239;156m[48;2;247;255;222m▀[0m[38;2;57;174;239m[48;2;49;174;239m▀[0m[38;2;173;235;255m[48;2;231;251;255m▀[0m[38;2;57;175;233m[48;2;57;178;239m▀[0m[38;2;173;226;249m[48;2;222;243;255m▀[0m[38;2;231;251;255m[48;2;112;110;145m▀[0m[38;2;90;88;145m[48;2;66;65;74m▀[0m[38;2;90;125;200m[48;2;156;119;164m▀[0m[38;2;181;105;186m[48;2;140;110;206m▀[0m[38;2;66;65;66m[48;2;140;110;206m▀[0m[38;2;218;101;160m[48;2;66;65;66m▀[0m[38;2;255;178;231m[48;2;255;178;231m▀[0m[38;2;255;178;231m[48;2;255;178;231m▀[0m[38;2;255;178;231m[48;2;218;101;160m▀[0m[38;2;61;52;82m[48;2;247;170;247m▀[0m[38;2;115;93;165m[48;2;57;60;82m▀[0m[38;2;0;0;0m[48;2;132;74;145m▀[0m[38;2;0;4;24m▄    
       [38;2;0;0;0m[48;2;0;0;0m▀[0m[38;2;255;215;66m[48;2;255;215;66m▀[0m[38;2;0;0;0m[48;2;255;215;66m▀[0m[38;2;0;0;0m▄ [38;2;0;0;0m[48;2;0;0;0m▀[0m[38;2;255;215;66m[48;2;255;215;66m▀[0m[38;2;66;65;66m[48;2;194;193;123m▀[0m[38;2;173;235;255m[48;2;74;69;57m▀[0m[38;2;66;65;66m[48;2;255;239;156m▀[0m[38;2;255;251;198m[48;2;255;239;156m▀[0m[38;2;57;174;239m[48;2;57;173;233m▀[0m[38;2;255;251;198m[48;2;57;173;233m▀[0m[38;2;49;174;239m[48;2;119;162;172m▀[0m[38;2;181;228;227m[48;2;206;251;255m▀[0m[38;2;231;251;255m[48;2;189;239;255m▀[0m[38;2;173;226;249m[48;2;189;239;255m▀[0m[38;2;222;243;255m[48;2;164;108;192m▀[0m[38;2;57;44;90m[48;2;164;108;192m▀[0m[38;2;247;174;255m[48;2;255;166;214m▀[0m[38;2;66;65;74m[48;2;195;114;186m▀[0m[38;2;140;110;206m[48;2;148;117;222m▀[0m[38;2;107;79;173m[48;2;54;47;74m▀[0m[38;2;66;65;66m[48;2;175;110;159m▀[0m[38;2;255;178;231m[48;2;175;110;159m▀[0m[38;2;255;178;231m[48;2;222;109;165m▀[0m[38;2;218;101;160m[48;2;74;41;55m▀[0m[38;2;57;60;82m[48;2;106;79;176m▀[0m[38;2;120;96;137m[48;2;106;79;176m▀[0m[38;2;132;74;145m[48;2;222;101;165m▀[0m[38;2;198;109;206m[48;2;222;101;165m▀[0m[38;2;0;0;0m[48;2;0;0;0m▀[0m   
        [38;2;0;0;0m[48;2;0;0;0m▀[0m[38;2;255;215;66m[48;2;255;215;66m▀[0m[38;2;66;65;66m[48;2;255;227;107m▀[0m[38;2;0;0;0m[48;2;66;65;66m▀[0m[38;2;255;215;66m[48;2;255;214;66m▀[0m[38;2;255;215;66m[48;2;255;214;66m▀[0m[38;2;255;255;156m[48;2;255;251;198m▀[0m[38;2;74;69;57m[48;2;255;215;66m▀[0m[38;2;255;239;156m[48;2;247;255;222m▀[0m[38;2;57;174;239m[48;2;49;174;239m▀[0m[38;2;173;235;255m[48;2;173;203;255m▀[0m[38;2;57;173;233m[48;2;66;56;66m▀[0m[38;2;33;73;90m[48;2;132;105;214m▀[0m[38;2;206;251;255m[48;2;66;65;66m▀[0m[38;2;189;239;255m[48;2;112;116;151m▀[0m[38;2;139;111;211m[48;2;41;89;107m▀[0m[38;2;66;65;66m[48;2;255;178;231m▀[0m[38;2;164;108;192m[48;2;66;65;66m▀[0m[38;2;195;114;186m[48;2;140;110;206m▀[0m[38;2;165;89;173m[48;2;107;79;173m▀[0m[38;2;101;82;148m[48;2;0;0;0m▀[0m[38;2;8;12;0m▀[38;2;16;0;0m▀[38;2;255;166;239m[48;2;0;0;0m▀[0m[38;2;0;8;0m▀[38;2;0;8;0m▀[38;2;106;79;176m[48;2;0;0;0m▀[0m[38;2;106;79;176m[48;2;140;109;206m▀[0m[38;2;222;101;165m[48;2;139;111;209m▀[0m[38;2;106;79;175m[48;2;139;111;209m▀[0m[38;2;107;81;173m[48;2;181;105;181m▀[0m[38;2;0;0;0m[48;2;0;0;0m▀[0m  
        [38;2;0;0;0m▀[38;2;255;215;66m[48;2;0;0;0m▀[0m[38;2;255;227;107m[48;2;255;215;66m▀[0m[38;2;255;227;107m[48;2;255;251;198m▀[0m[38;2;255;214;66m[48;2;255;215;66m▀[0m[38;2;255;214;66m[48;2;255;251;198m▀[0m[38;2;255;251;198m[48;2;255;252;198m▀[0m[38;2;255;251;198m[48;2;255;252;198m▀[0m[38;2;49;174;239m[48;2;95;175;197m▀[0m[38;2;181;228;227m[48;2;123;231;255m▀[0m[38;2;66;56;66m[48;2;66;60;66m▀[0m[38;2;137;154;192m[48;2;140;105;214m▀[0m[38;2;110;91;164m[48;2;104;78;176m▀[0m[38;2;66;65;66m[48;2;66;65;66m▀[0m[38;2;183;143;195m[48;2;195;114;186m▀[0m[38;2;255;170;239m[48;2;255;166;214m▀[0m[38;2;255;178;231m[48;2;231;113;173m▀[0m[38;2;66;65;66m[48;2;231;113;173m▀[0m[38;2;107;79;173m[48;2;57;45;85m▀[0m[38;2;107;79;173m[48;2;8;8;0m▀[0m[38;2;0;0;0m▀     [38;2;0;0;0m[48;2;0;0;0m▀[0m[38;2;140;109;206m[48;2;98;75;148m▀[0m[38;2;139;111;209m[48;2;140;110;206m▀[0m[38;2;139;111;209m[48;2;140;110;206m▀[0m[38;2;181;105;181m[48;2;57;45;85m▀[0m[38;2;0;0;0m[48;2;8;8;0m▀[0m  
        [38;2;0;0;8m▄[38;2;0;0;0m[48;2;82;70;30m▀[0m[38;2;255;215;66m[48;2;66;65;66m▀[0m[38;2;255;251;198m[48;2;255;215;66m▀[0m[38;2;255;251;198m[48;2;255;252;198m▀[0m[38;2;255;251;198m[48;2;255;252;198m▀[0m[38;2;255;252;198m[48;2;255;251;198m▀[0m[38;2;255;252;198m[48;2;82;125;206m▀[0m[38;2;95;175;197m[48;2;110;87;172m▀[0m[38;2;41;65;82m[48;2;66;60;74m▀[0m[38;2;140;105;214m[48;2;140;110;206m▀[0m[38;2;115;90;164m[48;2;107;79;173m▀[0m[38;2;104;78;176m[48;2;107;79;173m▀[0m[38;2;66;65;66m[48;2;140;110;206m▀[0m[38;2;165;89;173m[48;2;139;111;209m▀[0m[38;2;195;114;186m[48;2;139;111;209m▀[0m[38;2;231;113;173m[48;2;140;109;206m▀[0m[38;2;140;111;210m[48;2;140;109;206m▀[0m[38;2;106;83;170m[48;2;140;110;206m▀[0m[38;2;106;83;170m[48;2;140;110;206m▀[0m[38;2;0;0;0m[48;2;140;109;206m▀[0m[38;2;0;0;0m▄[38;2;0;0;0m▄   [38;2;0;0;0m▀[38;2;148;113;222m[48;2;0;0;0m▀[0m[38;2;107;79;173m[48;2;140;113;222m▀[0m[38;2;107;79;173m[48;2;93;75;150m▀[0m[38;2;106;83;170m[48;2;110;87;172m▀[0m[38;2;106;83;170m[48;2;110;87;172m▀[0m[38;2;0;0;0m[48;2;110;88;170m▀[0m[38;2;0;4;0m▄
        [38;2;0;0;8m▀[38;2;247;211;74m[48;2;0;0;0m▀[0m[38;2;66;65;66m[48;2;255;227;107m▀[0m[38;2;255;215;66m[48;2;255;227;107m▀[0m[38;2;255;252;198m[48;2;255;251;198m▀[0m[38;2;255;252;198m[48;2;255;251;198m▀[0m[38;2;255;251;198m[48;2;107;79;173m▀[0m[38;2;82;125;206m[48;2;140;110;206m▀[0m[38;2;132;101;222m[48;2;129;115;99m▀[0m[38;2;110;87;172m[48;2;66;65;99m▀[0m[38;2;140;110;206m[48;2;140;109;206m▀[0m[38;2;107;79;173m[48;2;140;109;206m▀[0m[38;2;140;110;206m[48;2;140;109;206m▀[0m[38;2;140;110;206m[48;2;66;65;66m▀[0m[38;2;139;111;209m[48;2;52;45;68m▀[0m[38;2;139;111;209m[48;2;140;113;206m▀[0m[38;2;140;109;206m[48;2;0;0;0m▀[0m[38;2;0;0;0m▀[38;2;107;79;173m[48;2;0;0;0m▀[0m[38;2;140;110;206m[48;2;0;0;0m▀[0m[38;2;140;109;206m[48;2;140;113;206m▀[0m[38;2;140;109;206m[48;2;140;113;206m▀[0m[38;2;140;109;206m[48;2;139;111;209m▀[0m[38;2;0;0;0m[48;2;139;111;209m▀[0m[38;2;0;0;0m▄  [38;2;0;0;0m▀[38;2;0;0;8m▀[38;2;140;113;222m[48;2;0;0;0m▀[0m[38;2;66;60;74m[48;2;0;0;0m▀[0m[38;2;132;101;222m[48;2;0;0;0m▀[0m[38;2;55;46;85m[48;2;0;0;0m▀[0m[38;2;0;4;0m▀
      [38;2;0;0;0m▄ [38;2;8;12;0m▄[38;2;0;0;0m[48;2;61;52;82m▀[0m[38;2;66;65;66m[48;2;90;73;140m▀[0m[38;2;255;227;107m[48;2;90;73;140m▀[0m[38;2;255;251;198m[48;2;255;215;66m▀[0m[38;2;107;81;173m[48;2;117;90;186m▀[0m[38;2;140;110;206m[48;2;84;128;186m▀[0m[38;2;140;110;206m[48;2;74;60;66m▀[0m[38;2;66;65;99m[48;2;66;65;66m▀[0m[38;2;255;215;99m[48;2;231;247;214m▀[0m[38;2;66;65;66m[48;2;66;65;99m▀[0m[38;2;140;109;206m[48;2;129;115;99m▀[0m[38;2;66;65;66m[48;2;140;110;206m▀[0m[38;2;140;109;206m[48;2;140;110;206m▀[0m[38;2;140;113;206m[48;2;140;109;206m▀[0m[38;2;8;12;0m[48;2;140;109;206m▀[0m[38;2;0;0;0m▄   [38;2;8;12;0m[48;2;0;0;0m▀[0m[38;2;52;45;68m[48;2;98;75;148m▀[0m[38;2;139;111;209m[48;2;139;111;209m▀[0m[38;2;139;111;209m[48;2;139;111;209m▀[0m[38;2;140;109;206m[48;2;107;81;173m▀[0m[38;2;0;0;0m[48;2;0;0;0m▀[0m        
 [38;2;0;0;0m▄[38;2;0;0;0m▄[38;2;0;0;0m▄[38;2;0;0;0m[48;2;106;79;176m▀[0m[38;2;0;0;0m[48;2;106;79;176m▀[0m[38;2;222;101;165m[48;2;66;65;66m▀[0m[38;2;0;0;0m[48;2;66;65;66m▀[0m[38;2;115;93;165m[48;2;71;49;60m▀[0m[38;2;61;52;82m[48;2;71;49;60m▀[0m[38;2;255;215;66m[48;2;99;150;247m▀[0m[38;2;90;73;140m[48;2;74;100;167m▀[0m[38;2;117;90;186m[48;2;140;109;206m▀[0m[38;2;117;90;186m[48;2;140;109;206m▀[0m[38;2;74;60;66m[48;2;57;117;148m▀[0m[38;2;90;162;247m[48;2;255;215;66m▀[0m[38;2;231;247;214m[48;2;255;227;107m▀[0m[38;2;231;247;214m[48;2;255;227;107m▀[0m[38;2;255;215;99m[48;2;57;45;85m▀[0m[38;2;66;65;99m[48;2;106;83;170m▀[0m[38;2;107;79;173m[48;2;0;0;0m▀[0m[38;2;107;79;173m[48;2;0;0;0m▀[0m[38;2;0;0;0m▀[38;2;0;0;0m▀  [38;2;0;0;0m▄[38;2;0;0;0m▄[38;2;0;0;0m[48;2;120;96;137m▀[0m[38;2;148;113;222m[48;2;57;60;82m▀[0m[38;2;139;111;209m[48;2;140;113;206m▀[0m[38;2;139;111;209m[48;2;140;113;206m▀[0m[38;2;0;0;0m[48;2;0;0;0m▀[0m         
[38;2;0;0;0m▀[38;2;140;109;206m[48;2;0;0;0m▀[0m[38;2;107;81;173m[48;2;66;60;66m▀[0m[38;2;107;81;173m[48;2;140;105;214m▀[0m[38;2;106;79;176m[48;2;132;101;222m▀[0m[38;2;106;79;176m[48;2;110;87;172m▀[0m[38;2;104;78;176m[48;2;101;75;156m▀[0m[38;2;66;65;66m[48;2;101;75;156m▀[0m[38;2;214;109;165m[48;2;0;0;0m▀[0m[38;2;0;20;8m▀[38;2;24;0;8m▀[38;2;74;100;167m[48;2;0;0;0m▀[0m[38;2;140;109;206m[48;2;148;113;222m▀[0m[38;2;66;65;66m[48;2;98;75;148m▀[0m[38;2;255;215;66m[48;2;66;64;66m▀[0m[38;2;57;117;148m[48;2;66;64;66m▀[0m[38;2;255;227;107m[48;2;107;81;173m▀[0m[38;2;66;65;66m[48;2;0;0;0m▀[0m[38;2;106;83;170m[48;2;0;0;0m▀[0m[38;2;8;8;0m▀     [38;2;0;0;0m▄[38;2;0;0;0m[48;2;66;60;66m▀[0m[38;2;255;178;231m[48;2;115;90;164m▀[0m[38;2;57;60;82m[48;2;140;109;206m▀[0m[38;2;247;170;247m[48;2;66;65;66m▀[0m[38;2;52;45;68m[48;2;79;58;85m▀[0m[38;2;8;12;0m[48;2;239;174;255m▀[0m[38;2;0;0;0m▄         
[38;2;0;0;0m[48;2;0;0;0m▀[0m[38;2;66;65;66m[48;2;140;109;206m▀[0m[38;2;140;105;214m[48;2;140;109;206m▀[0m[38;2;115;90;164m[48;2;0;0;0m▀[0m[38;2;66;60;74m[48;2;0;0;0m▀[0m[38;2;110;87;172m[48;2;140;109;206m▀[0m[38;2;148;113;231m[48;2;140;109;206m▀[0m[38;2;8;0;8m[48;2;0;0;0m▀[0m    [38;2;0;0;0m▀[38;2;0;0;0m▀[38;2;0;0;0m▀[38;2;0;0;0m▀[38;2;0;0;0m▀     [38;2;0;0;0m▄[38;2;0;0;0m[48;2;140;109;206m▀[0m[38;2;0;0;0m[48;2;140;109;206m▀[0m[38;2;140;109;206m[48;2;66;65;66m▀[0m[38;2;140;105;214m[48;2;66;60;66m▀[0m[38;2;140;105;214m[48;2;140;105;214m▀[0m[38;2;140;109;206m[48;2;140;109;206m▀[0m[38;2;140;109;206m[48;2;140;109;206m▀[0m[38;2;159;116;170m[48;2;148;113;222m▀[0m[38;2;0;0;0m[48;2;0;0;0m▀[0m          
 [38;2;0;0;0m▀[38;2;0;0;0m▀  [38;2;0;0;0m▀[38;2;0;0;0m▀                [38;2;0;0;0m▀[38;2;66;65;66m[48;2;0;0;0m▀[0m[38;2;66;65;66m[48;2;140;109;206m▀[0m[38;2;140;105;214m[48;2;140;109;206m▀[0m[38;2;115;90;164m[48;2;0;0;0m▀[0m[38;2;66;65;66m[48;2;0;0;0m▀[0m[38;2;140;109;206m[48;2;140;109;206m▀[0m[38;2;98;75;148m[48;2;140;109;206m▀[0m[38;2;0;0;0m[48;2;0;0;0m▀[0m          
                         [38;2;0;0;0m▀[38;2;0;0;0m▀  [38;2;0;0;0m▀[38;2;0;0;0m▀           
[0m