      [38;2;0;0;0m▄[38;2;0;0;0m[48;2;255;255;255m▀[0m[38;2;0;0;0m▄        
     [38;2;0;0;0m[48;2;0;0;0m▀[0m[38;2;255;255;255m[48;2;255;255;255m▀[0m[38;2;255;255;255m[48;2;0;0;0m▀[0m[38;2;0;0;0m▀  [38;2;0;0;0m▄[38;2;0;0;0m[48;2;255;255;255m▀[0m[38;2;0;0;0m▄   
    [38;2;0;0;0m[48;2;0;0;0m▀[0m[38;2;255;255;255m[48;2;255;255;255m▀[0m[38;2;0;0;0m[48;2;0;0;0m▀[0m[38;2;0;0;0m▄  [38;2;0;0;0m[48;2;0;0;0m▀[0m[38;2;255;255;255m[48;2;255;255;255m▀[0m[38;2;255;255;255m[48;2;0;0;0m▀[0m[38;2;0;0;0m▀   
   [38;2;0;0;0m▄[38;2;0;0;0m[48;2;255;255;255m▀[0m[38;2;255;255;255m[48;2;65;65;65m▀[0m[38;2;65;65;65m[48;2;107;99;173m▀[0m[38;2;140;132;222m[48;2;140;132;222m▀[0m[38;2;0;0;0m[48;2;65;65;65m▀[0m[38;2;0;0;0m[48;2;255;255;255m▀[0m[38;2;255;255;255m[48;2;65;65;65m▀[0m[38;2;65;65;65m[48;2;107;99;173m▀[0m[38;2;0;0;0m[48;2;140;132;222m▀[0m[38;2;0;0;0m[48;2;0;0;0m▀[0m   
   [38;2;0;0;0m[48;2;0;0;0m▀[0m[38;2;255;255;255m[48;2;255;255;255m▀[0m[38;2;65;65;65m[48;2;65;65;65m▀[0m[38;2;140;132;222m[48;2;140;132;222m▀[0m[38;2;140;132;222m[48;2;255;255;255m▀[0m[38;2;255;255;255m[48;2;65;65;65m▀[0m[38;2;65;65;65m[48;2;140;132;222m▀[0m[38;2;140;132;222m[48;2;140;132;222m▀[0m[38;2;140;132;222m[48;2;107;99;173m▀[0m[38;2;0;0;0m[48;2;0;0;0m▀[0m    
  [38;2;0;0;0m▄[38;2;0;0;0m[48;2;206;82;115m▀[0m[38;2;255;255;255m[48;2;255;255;255m▀[0m[38;2;65;65;65m[48;2;65;65;65m▀[0m[38;2;140;132;222m[48;2;255;255;255m▀[0m[38;2;255;255;255m[48;2;65;65;65m▀[0m[38;2;65;65;65m[48;2;140;132;222m▀[0m[38;2;140;132;222m[48;2;140;132;222m▀[0m[38;2;140;132;222m[48;2;107;99;173m▀[0m[38;2;107;99;173m[48;2;140;132;222m▀[0m[38;2;140;132;222m[48;2;140;132;222m▀[0m[38;2;0;0;0m[48;2;140;132;222m▀[0m[38;2;0;0;0m▄  
 [38;2;0;0;0m[48;2;0;0;0m▀[0m[38;2;206;82;115m[48;2;247;123;140m▀[0m[38;2;247;123;140m[48;2;107;99;173m▀[0m[38;2;107;99;173m[48;2;140;132;222m▀[0m[38;2;140;132;222m[48;2;140;132;222m▀[0m[38;2;255;255;255m[48;2;140;132;222m▀[0m[38;2;65;65;65m[48;2;107;99;173m▀[0m[38;2;140;132;222m[48;2;107;99;173m▀[0m[38;2;140;132;222m[48;2;140;132;222m▀[0m[38;2;140;132;222m[48;2;140;132;222m▀[0m[38;2;140;132;222m[48;2;140;132;222m▀[0m[38;2;140;132;222m[48;2;140;132;222m▀[0m[38;2;140;132;222m[48;2;140;132;222m▀[0m[38;2;0;0;0m[48;2;140;132;222m▀[0m[38;2;0;0;0m▄ 
[38;2;0;0;0m[48;2;0;0;0m▀[0m[38;2;107;99;173m[48;2;107;99;173m▀[0m[38;2;206;82;115m[48;2;65;65;65m▀[0m[38;2;107;99;173m[48;2;247;156;156m▀[0m[38;2;107;99;173m[48;2;206;82;115m▀[0m[38;2;140;132;222m[48;2;74;66;132m▀[0m[38;2;107;99;173m[48;2;247;123;140m▀[0m[38;2;247;123;140m[48;2;206;82;115m▀[0m[38;2;206;82;115m[48;2;247;123;140m▀[0m[38;2;74;66;132m[48;2;206;82;115m▀[0m[38;2;140;132;222m[48;2;74;66;132m▀[0m[38;2;140;132;222m[48;2;140;132;222m▀[0m[38;2;140;132;222m[48;2;140;132;222m▀[0m[38;2;140;132;222m[48;2;140;132;222m▀[0m[38;2;140;132;222m[48;2;140;132;222m▀[0m[38;2;140;132;222m[48;2;0;0;0m▀[0m[38;2;0;0;0m▀
[38;2;0;0;0m▀[38;2;107;99;173m[48;2;0;0;0m▀[0m[38;2;255;255;255m[48;2;107;99;173m▀[0m[38;2;247;123;140m[48;2;74;66;132m▀[0m[38;2;247;156;156m[48;2;255;255;255m▀[0m[38;2;74;66;132m[48;2;65;65;65m▀[0m[38;2;206;82;115m[48;2;206;82;115m▀[0m[38;2;247;123;140m[48;2;165;74;99m▀[0m[38;2;165;74;99m[48;2;206;82;115m▀[0m[38;2;206;82;115m[48;2;165;74;99m▀[0m[38;2;74;66;132m[48;2;74;66;132m▀[0m[38;2;140;132;222m[48;2;140;132;222m▀[0m[38;2;140;132;222m[48;2;140;132;222m▀[0m[38;2;140;132;222m[48;2;107;99;173m▀[0m[38;2;140;132;222m[48;2;140;132;222m▀[0m[38;2;0;0;0m[48;2;107;99;173m▀[0m[38;2;0;0;0m▄
 [38;2;0;0;0m▀[38;2;189;165;90m[48;2;0;0;0m▀[0m[38;2;107;99;173m[48;2;107;99;173m▀[0m[38;2;65;65;65m[48;2;107;99;173m▀[0m[38;2;65;65;65m[48;2;107;99;173m▀[0m[38;2;74;66;132m[48;2;107;99;173m▀[0m[38;2;206;82;115m[48;2;74;66;132m▀[0m[38;2;206;82;115m[48;2;74;66;132m▀[0m[38;2;65;65;65m[48;2;107;99;173m▀[0m[38;2;107;99;173m[48;2;107;99;173m▀[0m[38;2;107;99;173m[48;2;107;99;173m▀[0m[38;2;140;132;222m[48;2;107;99;173m▀[0m[38;2;107;99;173m[48;2;107;99;173m▀[0m[38;2;107;99;173m[48;2;107;99;173m▀[0m[38;2;107;99;173m[48;2;0;0;0m▀[0m[38;2;0;0;0m▀
  [38;2;0;0;0m▀[38;2;65;65;65m[48;2;0;0;0m▀[0m[38;2;107;99;173m[48;2;65;65;65m▀[0m[38;2;74;66;132m[48;2;107;99;173m▀[0m[38;2;230;222;148m[48;2;74;66;132m▀[0m[38;2;189;165;90m[48;2;230;222;148m▀[0m[38;2;74;66;132m[48;2;230;222;148m▀[0m[38;2;107;99;173m[48;2;107;99;173m▀[0m[38;2;107;99;173m[48;2;74;66;132m▀[0m[38;2;107;99;173m[48;2;107;99;173m▀[0m[38;2;107;99;173m[48;2;107;99;173m▀[0m[38;2;74;66;132m[48;2;74;66;132m▀[0m[38;2;107;99;173m[48;2;0;0;0m▀[0m[38;2;0;0;0m▀ 
  [38;2;0;0;0m▀[38;2;189;165;90m[48;2;0;0;0m▀[0m[38;2;189;165;90m[48;2;0;0;0m▀[0m[38;2;65;65;65m[48;2;0;0;0m▀[0m[38;2;107;99;173m[48;2;0;0;0m▀[0m[38;2;107;99;173m[48;2;107;99;173m▀[0m[38;2;107;99;173m[48;2;107;99;173m▀[0m[38;2;107;99;173m[48;2;74;66;132m▀[0m[38;2;74;66;132m[48;2;189;165;90m▀[0m[38;2;107;99;173m[48;2;0;0;0m▀[0m[38;2;0;0;0m▀[38;2;0;0;0m▀   
       [38;2;0;0;0m▀[38;2;230;222;148m[48;2;0;0;0m▀[0m[38;2;189;165;90m[48;2;0;0;0m▀[0m[38;2;230;222;148m[48;2;0;0;0m▀[0m[38;2;0;0;0m▀     
[0m