     [38;2;0;0;0m[48;2;0;0;0m▀[0m[38;2;0;0;0m[48;2;0;0;0m▀[0m[38;2;0;0;0m▄    [38;2;0;0;0m▄[38;2;0;0;0m▄            
[38;2;0;0;0m[48;2;0;0;0m▀[0m[38;2;0;0;0m[48;2;0;0;0m▀[0m[38;2;0;0;0m[48;2;197;181;156m▀[0m[38;2;0;0;0m▄ [38;2;0;0;0m▀[38;2;197;181;156m[48;2;0;0;0m▀[0m[38;2;0;0;0m[48;2;0;0;0m▀[0m   [38;2;0;0;0m[48;2;0;0;0m▀[0m[38;2;65;65;65m[48;2;189;140;189m▀[0m[38;2;0;0;0m[48;2;65;65;65m▀[0m[38;2;0;0;0m[48;2;0;0;0m▀[0m           
 [38;2;0;0;0m▀[38;2;0;0;0m▀[38;2;0;0;0m▀[38;2;0;0;0m▄  [38;2;0;0;0m▀[38;2;0;0;0m▄ [38;2;0;0;0m▄[38;2;0;0;0m[48;2;107;82;132m▀[0m[38;2;189;140;189m[48;2;189;140;189m▀[0m[38;2;65;65;65m[48;2;148;99;165m▀[0m[38;2;0;0;0m[48;2;0;0;0m▀[0m       [38;2;0;0;0m▄[38;2;0;0;0m▄[38;2;0;0;0m▄ 
     [38;2;0;0;0m[48;2;0;0;0m▀[0m  [38;2;0;0;0m[48;2;0;0;0m▀[0m [38;2;0;0;0m[48;2;0;0;0m▀[0m[38;2;107;82;132m[48;2;107;82;132m▀[0m[38;2;148;99;165m[48;2;99;74;132m▀[0m[38;2;189;140;189m[48;2;189;140;189m▀[0m[38;2;0;0;0m[48;2;0;0;0m▀[0m   [38;2;0;0;0m▄[38;2;0;0;0m▄[38;2;0;0;0m[48;2;255;189;230m▀[0m[38;2;0;0;0m[48;2;255;189;230m▀[0m[38;2;255;189;230m[48;2;255;189;230m▀[0m[38;2;65;65;65m[48;2;65;65;65m▀[0m[38;2;65;65;65m[48;2;65;65;65m▀[0m[38;2;0;0;0m[48;2;0;0;0m▀[0m
      [38;2;0;0;0m[48;2;0;0;0m▀[0m[38;2;0;0;0m▄[38;2;0;0;0m[48;2;0;0;0m▀[0m[38;2;0;0;0m▄[38;2;0;0;0m[48;2;0;0;0m▀[0m[38;2;99;74;132m[48;2;99;74;132m▀[0m[38;2;107;82;132m[48;2;107;82;132m▀[0m[38;2;0;0;0m[48;2;0;0;0m▀[0m  [38;2;0;0;0m▄[38;2;0;0;0m[48;2;123;99;156m▀[0m[38;2;148;99;165m[48;2;247;156;82m▀[0m[38;2;247;156;82m[48;2;189;140;189m▀[0m[38;2;255;189;230m[48;2;189;140;189m▀[0m[38;2;148;99;165m[48;2;65;65;65m▀[0m[38;2;65;65;65m[48;2;65;65;65m▀[0m[38;2;65;65;65m[48;2;0;0;0m▀[0m[38;2;0;0;0m▀ 
    [38;2;0;0;0m▄[38;2;0;0;0m[48;2;181;181;189m▀[0m[38;2;65;65;65m[48;2;123;123;123m▀[0m[38;2;123;123;123m[48;2;123;123;123m▀[0m[38;2;65;65;65m[48;2;123;123;123m▀[0m[38;2;123;123;123m[48;2;123;123;123m▀[0m[38;2;65;65;65m[48;2;123;123;123m▀[0m[38;2;65;65;65m[48;2;123;123;123m▀[0m[38;2;107;82;132m[48;2;0;0;0m▀[0m[38;2;0;0;0m▀[38;2;0;0;0m▄[38;2;0;0;0m[48;2;123;99;156m▀[0m[38;2;123;99;156m[48;2;123;99;156m▀[0m[38;2;123;99;156m[48;2;239;66;66m▀[0m[38;2;239;66;66m[48;2;247;156;82m▀[0m[38;2;239;66;66m[48;2;148;99;165m▀[0m[38;2;148;99;165m[48;2;189;140;189m▀[0m[38;2;148;99;165m[48;2;189;140;189m▀[0m[38;2;148;99;165m[48;2;65;65;65m▀[0m[38;2;0;0;0m[48;2;65;65;65m▀[0m[38;2;0;0;0m▄ 
   [38;2;0;0;0m[48;2;0;0;0m▀[0m[38;2;181;181;189m[48;2;65;65;65m▀[0m[38;2;0;0;0m[48;2;65;65;65m▀[0m[38;2;123;123;123m[48;2;123;123;123m▀[0m[38;2;123;123;123m[48;2;65;65;65m▀[0m[38;2;65;65;65m[48;2;65;65;65m▀[0m[38;2;65;65;65m[48;2;255;255;255m▀[0m[38;2;65;65;65m[48;2;65;65;65m▀[0m[38;2;123;123;123m[48;2;65;65;65m▀[0m[38;2;65;65;65m[48;2;123;123;123m▀[0m[38;2;0;0;0m[48;2;65;65;65m▀[0m[38;2;123;99;156m[48;2;99;74;132m▀[0m[38;2;99;74;132m[48;2;123;99;156m▀[0m[38;2;99;74;132m[48;2;123;99;156m▀[0m[38;2;123;99;156m[48;2;123;99;156m▀[0m[38;2;189;140;189m[48;2;99;74;132m▀[0m[38;2;247;156;82m[48;2;148;99;165m▀[0m[38;2;189;140;189m[48;2;148;99;165m▀[0m[38;2;189;140;189m[48;2;148;99;165m▀[0m[38;2;65;65;65m[48;2;148;99;165m▀[0m[38;2;65;65;65m[48;2;65;65;65m▀[0m[38;2;0;0;0m[48;2;0;0;0m▀[0m 
   [38;2;0;0;0m▀[38;2;65;65;65m[48;2;0;0;0m▀[0m[38;2;123;123;123m[48;2;65;65;65m▀[0m[38;2;123;123;123m[48;2;181;181;189m▀[0m[38;2;65;65;65m[48;2;181;181;189m▀[0m[38;2;255;255;255m[48;2;65;65;65m▀[0m[38;2;0;0;0m[48;2;65;65;65m▀[0m[38;2;255;255;255m[48;2;65;65;65m▀[0m[38;2;65;65;65m[48;2;181;181;189m▀[0m[38;2;181;181;189m[48;2;65;65;65m▀[0m[38;2;65;65;65m[48;2;123;99;156m▀[0m[38;2;123;99;156m[48;2;99;74;132m▀[0m[38;2;99;74;132m[48;2;123;99;156m▀[0m[38;2;99;74;132m[48;2;123;99;156m▀[0m[38;2;99;74;132m[48;2;123;99;156m▀[0m[38;2;123;99;156m[48;2;123;99;156m▀[0m[38;2;255;189;230m[48;2;255;189;230m▀[0m[38;2;255;189;230m[48;2;255;189;230m▀[0m[38;2;65;65;65m[48;2;65;65;65m▀[0m[38;2;65;65;65m[48;2;65;65;65m▀[0m[38;2;0;0;0m[48;2;0;0;0m▀[0m  
     [38;2;0;0;0m▀[38;2;0;0;0m▀[38;2;65;65;65m[48;2;0;0;0m▀[0m[38;2;181;181;189m[48;2;0;0;0m▀[0m[38;2;181;181;189m[48;2;65;65;65m▀[0m[38;2;181;181;189m[48;2;65;65;65m▀[0m[38;2;65;65;65m[48;2;99;74;132m▀[0m[38;2;107;82;132m[48;2;65;65;65m▀[0m[38;2;65;65;65m[48;2;107;82;132m▀[0m[38;2;65;65;65m[48;2;123;99;156m▀[0m[38;2;65;65;65m[48;2;123;99;156m▀[0m[38;2;123;99;156m[48;2;65;65;65m▀[0m[38;2;123;99;156m[48;2;65;65;65m▀[0m[38;2;255;189;230m[48;2;65;65;65m▀[0m[38;2;255;189;230m[48;2;65;65;65m▀[0m[38;2;65;65;65m[48;2;0;0;0m▀[0m[38;2;0;0;0m▀[38;2;0;0;0m▀   
         [38;2;0;0;0m[48;2;0;0;0m▀[0m[38;2;181;181;189m[48;2;65;65;65m▀[0m[38;2;65;65;65m[48;2;181;181;189m▀[0m[38;2;65;65;65m[48;2;181;181;189m▀[0m[38;2;99;74;132m[48;2;65;65;65m▀[0m[38;2;99;74;132m[48;2;123;99;156m▀[0m[38;2;123;99;156m[48;2;99;74;132m▀[0m[38;2;123;99;156m[48;2;99;74;132m▀[0m[38;2;123;99;156m[48;2;189;140;189m▀[0m[38;2;189;140;189m[48;2;255;189;230m▀[0m[38;2;255;189;230m[48;2;255;189;230m▀[0m[38;2;65;65;65m[48;2;65;65;65m▀[0m[38;2;0;0;0m[48;2;0;0;0m▀[0m    
       [38;2;0;0;0m▄[38;2;0;0;0m[48;2;65;65;65m▀[0m[38;2;197;181;156m[48;2;0;0;0m▀[0m[38;2;0;0;0m▀[38;2;65;65;65m[48;2;0;0;0m▀[0m[38;2;65;65;65m[48;2;197;181;156m▀[0m[38;2;123;123;123m[48;2;0;0;0m▀[0m[38;2;0;0;0m▀[38;2;189;140;189m[48;2;0;0;0m▀[0m[38;2;189;140;189m[48;2;255;189;230m▀[0m[38;2;148;99;165m[48;2;255;189;230m▀[0m[38;2;148;99;165m[48;2;65;65;65m▀[0m[38;2;148;99;165m[48;2;65;65;65m▀[0m[38;2;65;65;65m[48;2;0;0;0m▀[0m[38;2;0;0;0m▀    
       [38;2;0;0;0m▀[38;2;0;0;0m▀  [38;2;0;0;0m[48;2;0;0;0m▀[0m[38;2;65;65;65m[48;2;65;65;65m▀[0m[38;2;0;0;0m[48;2;0;0;0m▀[0m  [38;2;0;0;0m▀[38;2;0;0;0m▀[38;2;0;0;0m▀[38;2;0;0;0m▀      
            [38;2;0;0;0m▀             
[0m