           [38;2;0;0;0m▄[38;2;0;0;0m[48;2;132;99;90m▀[0m[38;2;0;0;0m[48;2;0;0;0m▀[0m[38;2;0;0;0m▄       
         [38;2;0;0;0m▄[38;2;0;0;0m▄[38;2;0;0;0m[48;2;132;99;90m▀[0m[38;2;132;99;90m[48;2;90;66;58m▀[0m[38;2;132;99;90m[48;2;0;0;0m▀[0m[38;2;0;0;0m▀       
 [38;2;0;0;0m▄[38;2;0;0;0m▄[38;2;0;0;0m▄[38;2;0;0;0m▄  [38;2;0;0;0m▄[38;2;0;0;0m[48;2;255;255;255m▀[0m[38;2;255;156;181m[48;2;255;156;181m▀[0m[38;2;132;99;90m[48;2;255;156;181m▀[0m[38;2;255;156;181m[48;2;255;156;181m▀[0m[38;2;214;115;165m[48;2;255;156;181m▀[0m[38;2;0;0;0m[48;2;214;115;165m▀[0m[38;2;0;0;0m▄[38;2;0;0;0m▄      
[38;2;0;0;0m▀[38;2;173;173;165m[48;2;0;0;0m▀[0m[38;2;173;173;165m[48;2;173;173;165m▀[0m[38;2;132;99;90m[48;2;132;132;132m▀[0m[38;2;132;99;90m[48;2;132;99;90m▀[0m[38;2;0;0;0m[48;2;132;99;90m▀[0m[38;2;0;0;0m[48;2;65;65;65m▀[0m[38;2;214;115;165m[48;2;214;115;165m▀[0m[38;2;214;66;66m[48;2;255;156;181m▀[0m[38;2;173;173;165m[48;2;107;107;107m▀[0m[38;2;255;156;181m[48;2;255;156;181m▀[0m[38;2;255;156;181m[48;2;214;66;66m▀[0m[38;2;65;65;65m[48;2;255;255;255m▀[0m[38;2;255;156;181m[48;2;214;115;165m▀[0m[38;2;132;99;90m[48;2;132;132;132m▀[0m[38;2;132;132;132m[48;2;0;0;0m▀[0m[38;2;0;0;0m▀     
  [38;2;0;0;0m▀[38;2;173;173;165m[48;2;0;0;0m▀[0m[38;2;173;173;165m[48;2;0;0;0m▀[0m[38;2;65;65;65m[48;2;90;66;58m▀[0m[38;2;173;173;165m[48;2;90;66;58m▀[0m[38;2;132;132;132m[48;2;173;173;165m▀[0m[38;2;214;115;165m[48;2;173;173;165m▀[0m[38;2;255;156;181m[48;2;132;132;132m▀[0m[38;2;173;173;165m[48;2;173;173;165m▀[0m[38;2;255;156;181m[48;2;132;132;132m▀[0m[38;2;214;115;165m[48;2;173;173;165m▀[0m[38;2;132;132;132m[48;2;173;173;165m▀[0m[38;2;173;173;165m[48;2;173;173;165m▀[0m[38;2;173;173;165m[48;2;132;132;132m▀[0m[38;2;0;0;0m[48;2;0;0;0m▀[0m[38;2;0;0;0m▄[38;2;0;0;0m▄[38;2;0;0;0m▄[38;2;0;0;0m▄ 
     [38;2;0;0;0m[48;2;0;0;0m▀[0m[38;2;90;66;58m[48;2;222;181;123m▀[0m[38;2;90;66;58m[48;2;255;239;189m▀[0m[38;2;132;99;90m[48;2;222;181;123m▀[0m[38;2;173;173;165m[48;2;255;239;189m▀[0m[38;2;132;99;90m[48;2;255;239;189m▀[0m[38;2;173;173;165m[48;2;65;65;65m▀[0m[38;2;107;107;107m[48;2;132;99;90m▀[0m[38;2;173;173;165m[48;2;65;65;65m▀[0m[38;2;107;107;107m[48;2;132;99;90m▀[0m[38;2;132;99;90m[48;2;132;99;90m▀[0m[38;2;132;99;90m[48;2;132;99;90m▀[0m[38;2;132;99;90m[48;2;132;99;90m▀[0m[38;2;107;107;107m[48;2;173;173;165m▀[0m[38;2;173;173;165m[48;2;173;173;165m▀[0m[38;2;173;173;165m[48;2;0;0;0m▀[0m[38;2;0;0;0m▀
     [38;2;0;0;0m▀[38;2;132;99;90m[48;2;0;0;0m▀[0m[38;2;255;239;189m[48;2;132;99;90m▀[0m[38;2;90;66;58m[48;2;255;239;189m▀[0m[38;2;132;99;90m[48;2;90;66;58m▀[0m[38;2;255;239;189m[48;2;255;239;189m▀[0m[38;2;255;239;189m[48;2;255;239;189m▀[0m[38;2;255;239;189m[48;2;90;66;58m▀[0m[38;2;255;239;189m[48;2;90;66;58m▀[0m[38;2;90;66;58m[48;2;255;239;189m▀[0m[38;2;90;66;58m[48;2;222;181;123m▀[0m[38;2;132;99;90m[48;2;0;0;0m▀[0m[38;2;173;173;165m[48;2;0;0;0m▀[0m[38;2;0;0;0m▀[38;2;0;0;0m▀  
     [38;2;0;0;0m▄[38;2;0;0;0m[48;2;173;173;165m▀[0m[38;2;65;65;65m[48;2;214;115;165m▀[0m[38;2;222;181;123m[48;2;0;0;0m▀[0m[38;2;255;239;189m[48;2;222;181;123m▀[0m[38;2;255;239;189m[48;2;222;181;123m▀[0m[38;2;90;66;58m[48;2;90;66;58m▀[0m[38;2;132;99;90m[48;2;132;99;90m▀[0m[38;2;132;99;90m[48;2;132;99;90m▀[0m[38;2;90;66;58m[48;2;0;0;0m▀[0m[38;2;0;0;0m▀      
      [38;2;0;0;0m▀[38;2;0;0;0m▀ [38;2;0;0;0m▀[38;2;0;0;0m▀[38;2;65;65;65m[48;2;0;0;0m▀[0m[38;2;90;66;58m[48;2;173;173;165m▀[0m[38;2;214;115;165m[48;2;107;107;107m▀[0m[38;2;0;0;0m[48;2;173;173;165m▀[0m[38;2;0;0;0m▄      
            [38;2;0;0;0m▀[38;2;0;0;0m▀[38;2;0;0;0m▀       
[0m