    [38;2;0;4;0m▄[38;2;0;4;0m[48;2;140;113;115m▀[0m[38;2;0;4;0m▄    [38;2;0;4;0m▄[38;2;0;4;0m▄         
   [38;2;0;4;0m▄[38;2;0;4;0m[48;2;140;115;111m▀[0m[38;2;140;113;115m[48;2;140;115;111m▀[0m[38;2;0;4;0m[48;2;0;4;0m▀[0m [38;2;0;4;0m▄[38;2;0;4;0m[48;2;189;166;123m▀[0m[38;2;0;4;0m[48;2;186;167;104m▀[0m[38;2;189;166;123m[48;2;66;65;66m▀[0m[38;2;189;166;123m[48;2;52;74;49m▀[0m[38;2;0;4;0m[48;2;0;0;8m▀[0m        
   [38;2;0;4;0m[48;2;0;4;0m▀[0m[38;2;140;115;111m[48;2;255;255;255m▀[0m[38;2;66;65;66m[48;2;255;255;255m▀[0m[38;2;66;64;66m[48;2;255;255;255m▀[0m[38;2;0;4;0m[48;2;195;163;107m▀[0m[38;2;189;166;123m[48;2;198;166;123m▀[0m[38;2;189;166;123m[48;2;71;66;73m▀[0m[38;2;66;65;66m[48;2;222;229;88m▀[0m[38;2;247;219;123m[48;2;255;235;66m▀[0m[38;2;156;223;132m[48;2;148;223;132m▀[0m[38;2;0;0;8m[48;2;0;4;0m▀[0m        
 [38;2;0;4;0m▄[38;2;0;4;0m[48;2;195;163;123m▀[0m[38;2;255;255;255m[48;2;255;255;255m▀[0m[38;2;255;255;255m[48;2;255;255;255m▀[0m[38;2;255;255;255m[48;2;255;255;255m▀[0m[38;2;195;163;107m[48;2;189;162;79m▀[0m[38;2;195;163;107m[48;2;255;239;66m▀[0m[38;2;198;166;123m[48;2;193;164;123m▀[0m[38;2;134;116;98m[48;2;193;164;123m▀[0m[38;2;255;235;66m[48;2;123;125;101m▀[0m[38;2;156;219;132m[48;2;172;190;128m▀[0m[38;2;148;223;132m[48;2;0;4;0m▀[0m[38;2;0;4;0m▀     [38;2;0;4;0m▄[38;2;0;4;0m[48;2;255;239;66m▀[0m[38;2;0;4;0m▄
 [38;2;0;4;0m[48;2;0;4;0m▀[0m[38;2;255;255;255m[48;2;255;255;255m▀[0m[38;2;255;255;255m[48;2;255;255;255m▀[0m[38;2;255;255;255m[48;2;255;255;255m▀[0m[38;2;189;162;82m[48;2;189;162;82m▀[0m[38;2;255;239;66m[48;2;239;255;222m▀[0m[38;2;255;239;66m[48;2;57;77;41m▀[0m[38;2;255;239;66m[48;2;255;239;66m▀[0m[38;2;193;164;123m[48;2;193;164;123m▀[0m[38;2;172;190;128m[48;2;164;160;148m▀[0m[38;2;74;60;74m[48;2;74;65;57m▀[0m[38;2;0;4;0m[48;2;255;239;66m▀[0m[38;2;0;0;16m▄[38;2;0;4;0m▄[38;2;0;4;0m▄ [38;2;0;4;0m▄[38;2;0;4;0m[48;2;255;243;66m▀[0m[38;2;66;64;66m[48;2;172;164;46m▀[0m[38;2;255;239;66m[48;2;255;239;66m▀[0m[38;2;0;4;0m[48;2;0;4;0m▀[0m
[38;2;0;4;0m[48;2;0;4;0m▀[0m[38;2;255;239;66m[48;2;255;255;255m▀[0m[38;2;255;239;66m[48;2;151;125;129m▀[0m[38;2;255;255;255m[48;2;255;255;255m▀[0m[38;2;255;255;255m[48;2;255;255;255m▀[0m[38;2;255;255;255m[48;2;255;255;255m▀[0m[38;2;178;195;161m[48;2;255;255;255m▀[0m[38;2;117;136;101m[48;2;255;255;255m▀[0m[38;2;255;239;66m[48;2;255;255;255m▀[0m[38;2;193;164;123m[48;2;255;255;255m▀[0m[38;2;255;255;239m[48;2;66;65;66m▀[0m[38;2;74;65;57m[48;2;255;239;66m▀[0m[38;2;255;239;66m[48;2;255;239;66m▀[0m[38;2;85;79;32m[48;2;66;65;66m▀[0m[38;2;173;195;123m[48;2;192;164;123m▀[0m[38;2;173;195;123m[48;2;192;164;123m▀[0m[38;2;0;4;0m[48;2;148;207;132m▀[0m[38;2;66;64;66m[48;2;255;223;66m▀[0m[38;2;255;243;66m[48;2;0;4;0m▀[0m[38;2;8;8;8m▀[38;2;0;4;0m▀ 
 [38;2;0;4;0m▀[38;2;99;60;66m[48;2;16;0;0m▀[0m[38;2;99;60;66m[48;2;119;60;66m▀[0m[38;2;66;65;66m[48;2;90;56;66m▀[0m[38;2;66;65;66m[48;2;198;195;189m▀[0m[38;2;255;255;255m[48;2;214;207;148m▀[0m[38;2;255;255;255m[48;2;74;69;57m▀[0m[38;2;255;255;255m[48;2;66;65;66m▀[0m[38;2;66;65;66m[48;2;255;239;66m▀[0m[38;2;255;239;66m[48;2;255;239;66m▀[0m[38;2;255;239;66m[48;2;255;239;66m▀[0m[38;2;255;239;66m[48;2;66;65;66m▀[0m[38;2;66;65;66m[48;2;192;165;120m▀[0m[38;2;192;164;123m[48;2;192;164;123m▀[0m[38;2;192;164;123m[48;2;192;164;123m▀[0m[38;2;183;212;110m[48;2;192;164;123m▀[0m[38;2;148;207;132m[48;2;192;164;123m▀[0m[38;2;255;239;66m[48;2;173;195;123m▀[0m[38;2;0;4;0m[48;2;0;4;0m▀[0m  
 [38;2;0;4;0m[48;2;0;4;0m▀[0m[38;2;119;60;66m[48;2;206;138;148m▀[0m[38;2;222;121;132m[48;2;0;4;0m▀[0m[38;2;90;56;66m[48;2;189;174;66m▀[0m[38;2;90;56;66m[48;2;189;174;66m▀[0m[38;2;74;69;57m[48;2;192;180;63m▀[0m[38;2;167;161;117m[48;2;192;180;63m▀[0m[38;2;255;239;66m[48;2;192;181;66m▀[0m[38;2;255;239;66m[48;2;192;181;66m▀[0m[38;2;193;180;66m[48;2;192;173;93m▀[0m[38;2;193;180;66m[48;2;66;65;66m▀[0m[38;2;66;65;66m[48;2;193;164;123m▀[0m[38;2;192;165;120m[48;2;193;164;123m▀[0m[38;2;192;164;123m[48;2;193;164;123m▀[0m[38;2;192;164;123m[48;2;193;164;123m▀[0m[38;2;192;164;123m[48;2;170;171;162m▀[0m[38;2;192;164;123m[48;2;231;223;206m▀[0m[38;2;173;195;123m[48;2;140;146;148m▀[0m[38;2;0;4;0m[48;2;0;4;0m▀[0m  
  [38;2;0;4;0m▀ [38;2;0;4;0m▀[38;2;189;174;66m[48;2;0;4;0m▀[0m[38;2;192;180;63m[48;2;66;65;66m▀[0m[38;2;192;180;63m[48;2;66;65;66m▀[0m[38;2;192;181;66m[48;2;66;73;74m▀[0m[38;2;66;65;66m[48;2;255;255;255m▀[0m[38;2;66;65;66m[48;2;255;255;255m▀[0m[38;2;192;173;93m[48;2;255;255;255m▀[0m[38;2;193;164;123m[48;2;66;64;66m▀[0m[38;2;222;223;222m[48;2;0;4;0m▀[0m[38;2;222;223;222m[48;2;0;4;0m▀[0m[38;2;222;223;222m[48;2;66;64;66m▀[0m[38;2;140;146;140m[48;2;222;223;222m▀[0m[38;2;140;146;140m[48;2;222;223;222m▀[0m[38;2;0;4;0m[48;2;0;4;0m▀[0m   
     [38;2;0;4;0m▀[38;2;136;146;148m[48;2;0;4;0m▀[0m[38;2;66;65;66m[48;2;0;4;0m▀[0m[38;2;255;255;255m[48;2;0;4;0m▀[0m[38;2;129;133;134m[48;2;0;4;0m▀[0m[38;2;255;255;255m[48;2;0;4;0m▀[0m[38;2;135;145;148m[48;2;0;4;0m▀[0m[38;2;0;4;0m▀  [38;2;0;4;0m▀[38;2;0;4;0m▀[38;2;0;4;0m▀    
[0m