                [38;2;0;0;0m██████████                    
                ██[38;2;246;190;222m████████[38;2;0;0;0m████                
                  ██[38;2;230;132;172m██[38;2;246;190;222m████████[38;2;0;0;0m██              
                    ██[38;2;238;149;189m██[38;2;246;190;222m████[38;2;246;188;222m████[38;2;0;0;0m██            
                ████[38;2;238;149;189m████[38;2;246;190;222m██[38;2;230;132;172m██[38;2;246;188;222m████[38;2;246;190;222m██[38;2;0;0;0m██          
        ████  ██[38;2;255;246;189m██[38;2;222;188;115m██[38;2;233;130;186m██[38;2;244;188;191m██[38;2;246;174;222m██[38;2;230;167;175m██[38;2;246;188;222m████[38;2;255;255;189m██[38;2;16;8;0m██          
      [38;2;0;0;0m██[38;2;246;89;90m██[38;2;164;59;60m██[38;2;0;0;0m██[38;2;255;246;189m██[38;2;222;188;115m██[38;2;255;246;189m██[38;2;255;246;197m████[38;2;213;160;128m██[38;2;197;153;82m██[38;2;255;246;189m████[38;2;255;255;189m██[38;2;175;172;126m██[38;2;0;0;0m██        
      ██[38;2;156;56;57m██[38;2;246;89;90m██[38;2;156;56;57m██[38;2;255;246;189m████████[38;2;222;188;115m██[38;2;197;149;90m██[38;2;255;246;189m██████[38;2;222;190;115m████[38;2;164;59;60m██[38;2;0;0;0m██      
    ██[38;2;156;56;57m██[38;2;246;89;90m████[38;2;156;56;57m██[38;2;255;246;189m████[38;2;222;188;115m██████[38;2;255;246;189m██████[38;2;164;121;74m██[38;2;172;106;76m██[38;2;148;64;57m██[38;2;246;89;90m████[38;2;0;0;0m██    
    [38;2;8;0;0m██[38;2;255;242;180m██[38;2;156;56;57m████[38;2;167;122;71m██[38;2;255;246;180m██[38;2;255;246;189m████████████[38;2;167;125;68m██[38;2;255;246;189m██[38;2;156;56;57m██[38;2;246;89;90m██[38;2;156;56;57m██[38;2;246;89;90m██[38;2;0;0;0m██    
  ██[38;2;255;242;180m██[38;2;172;161;120m██[38;2;255;250;172m██[38;2;222;186;134m██[38;2;167;122;71m██[38;2;211;184;126m██[38;2;255;246;189m████████[38;2;211;186;128m██[38;2;167;125;68m██[38;2;211;186;128m██[38;2;255;246;189m██[38;2;156;56;57m████[38;2;246;89;90m██[38;2;156;56;57m████[38;2;0;0;0m██  
  ██[38;2;255;246;189m████[38;2;194;152;93m██[38;2;222;186;115m██[38;2;164;123;74m██[38;2;222;190;115m██████[38;2;222;188;115m████[38;2;230;186;106m██[38;2;153;125;82m██[38;2;222;188;115m██[38;2;255;246;189m██[38;2;172;48;57m██[38;2;200;111;101m██[38;2;246;89;90m████[38;2;119;80;53m██[38;2;16;0;0m██  
  [38;2;0;0;0m██[38;2;222;188;115m████[38;2;222;186;115m██[38;2;167;118;71m██[38;2;222;190;115m██[38;2;164;123;74m██[38;2;222;190;115m██[38;2;164;123;74m██[38;2;222;188;115m████[38;2;153;125;82m██[38;2;76;64;57m██[38;2;255;246;189m██[38;2;222;188;115m██[38;2;255;238;189m██[38;2;172;48;57m██[38;2;156;56;57m████[38;2;222;161;106m████[38;2;0;0;0m██
    [38;2;0;0;8m██[38;2;222;190;115m████[38;2;65;64;65m██[38;2;213;139;156m██[38;2;255;238;255m██[38;2;164;123;74m██[38;2;222;190;115m██[38;2;172;129;65m████[38;2;200;191;134m██[38;2;82;52;65m██[38;2;194;186;128m██[38;2;255;246;164m██[38;2;255;250;180m██[38;2;213;188;123m██[38;2;224;186;112m██[38;2;194;153;93m██[38;2;156;126;76m██[38;2;230;190;115m██[38;2;0;0;0m██
  ██[38;2;222;190;115m██[38;2;74;63;43m██[38;2;65;64;65m████[38;2;213;139;156m██[38;2;172;40;57m██[38;2;222;190;115m████[38;2;200;171;126m██[38;2;255;255;246m██[38;2;186;133;98m██[38;2;200;191;134m██[38;2;74;64;57m██[38;2;194;186;128m██[38;2;213;188;123m██[38;2;172;125;65m██[38;2;164;121;74m████[38;2;230;190;115m██[38;2;8;0;0m██  
[38;2;0;0;0m██[38;2;255;222;106m██[38;2;197;149;90m██[38;2;255;246;189m██[38;2;255;246;172m██[38;2;82;64;49m██[38;2;208;160;150m██[38;2;161;102;104m██[38;2;255;246;189m██████[38;2;246;89;90m██[38;2;164;48;57m██[38;2;202;193;136m██[38;2;139;125;95m██[38;2;82;64;49m██[38;2;65;64;65m██[38;2;222;190;115m██████[38;2;0;0;0m██    
██[38;2;169;148;71m██[38;2;255;246;189m████[38;2;197;186;131m██[38;2;139;125;90m██[38;2;115;44;57m██[38;2;255;218;197m██[38;2;255;246;189m██████[38;2;246;89;90m██[38;2;197;115;86m██[38;2;170;131;71m██[38;2;255;246;189m████[38;2;222;190;115m██[38;2;65;64;65m██████[38;2;164;121;74m██[38;2;0;0;0m██  
██[38;2;197;149;90m██[38;2;205;165;24m████[38;2;164;123;74m████[38;2;205;161;32m██[38;2;65;64;74m██[38;2;255;246;189m██[38;2;98;64;65m██[38;2;255;246;189m████[38;2;255;255;164m██[38;2;164;125;65m██[38;2;255;246;189m██████[38;2;222;188;115m██[38;2;222;190;115m████[38;2;164;121;74m██[38;2;0;0;0m██  
  ██[38;2;205;165;24m██[38;2;164;123;74m████[38;2;205;165;24m██[38;2;205;161;32m██[38;2;159;129;46m██[38;2;98;64;65m████[38;2;65;64;65m████[38;2;164;125;65m██[38;2;224;211;131m██[38;2;255;246;189m██[38;2;197;149;90m██[38;2;255;246;189m████[38;2;222;190;115m██[38;2;164;123;74m██[38;2;164;121;74m██[38;2;0;0;0m██  
    ██[38;2;205;165;24m██████[38;2;0;0;0m██[38;2;65;66;65m██[38;2;255;246;189m████████[38;2;222;186;115m██[38;2;148;125;87m██[38;2;255;222;90m████[38;2;200;153;68m████[38;2;164;123;74m████[38;2;205;165;24m██[38;2;0;0;0m██  
      ██████  ██[38;2;164;121;74m██[38;2;255;246;189m████[38;2;222;188;115m██[38;2;222;186;115m██[38;2;74;64;60m██[38;2;205;165;24m██[38;2;255;222;90m████[38;2;200;153;68m██[38;2;205;165;24m████[38;2;0;0;0m██    
            [38;2;0;0;8m██[38;2;222;190;115m██[38;2;82;64;49m██[38;2;139;125;95m██[38;2;167;122;71m████[38;2;65;64;65m██[38;2;222;190;115m██[38;2;74;68;49m██[38;2;164;159;98m██[38;2;205;165;24m██████[38;2;0;0;0m██      
          ██[38;2;222;190;115m██[38;2;74;63;43m██[38;2;255;246;189m████[38;2;255;246;180m██[38;2;211;184;126m██[38;2;222;190;115m██[38;2;65;64;65m██[38;2;255;250;148m██[38;2;74;68;49m██[38;2;65;64;65m████[38;2;0;0;0m██        
          ██[38;2;57;74;79m██[38;2;172;222;238m██[38;2;255;246;189m██[38;2;164;121;74m██[38;2;246;210;123m██[38;2;226;226;185m██[38;2;197;206;156m██[38;2;57;85;90m██[38;2;255;246;189m██████[38;2;0;0;0m██          
            ██[38;2;172;222;238m██[38;2;164;121;74m████[38;2;226;226;185m██[38;2;205;242;246m██[38;2;150;165;134m██[38;2;104;125;112m██[38;2;65;64;65m██[38;2;255;246;189m██[38;2;0;0;0m██            
          ██[38;2;98;149;131m██[38;2;164;218;238m██[38;2;106;149;128m██[38;2;172;222;238m██[38;2;164;222;246m██[38;2;115;176;180m██[38;2;106;149;128m████[38;2;106;182;180m██[38;2;65;68;57m██[38;2;106;149;131m██[38;2;0;0;0m██          
        ██[38;2;106;182;189m██[38;2;131;184;185m██[38;2;98;149;131m██[38;2;172;222;238m████[38;2;115;176;180m██[38;2;90;153;148m██[38;2;106;149;128m██[38;2;106;182;189m██[38;2;106;182;180m██[38;2;93;144;139m██[38;2;106;149;131m████[38;2;0;0;0m██        
          ██[38;2;106;182;189m████████[38;2;106;149;128m████[38;2;106;182;189m████[38;2;106;149;128m████[38;2;106;182;189m██████[38;2;0;0;0m██      
            ██████[38;2;106;182;189m██████[38;2;0;0;0m████[38;2;106;182;189m██████[38;2;0;0;0m████        
                  ██████    ██████            
[0m