                [38;2;0;0;0m██████████                    
                ██[38;2;255;174;172m████████[38;2;0;0;0m████                
                  ██[38;2;238;132;156m██[38;2;255;174;172m████████[38;2;0;0;0m██              
        ██████      [38;2;8;0;0m██[38;2;255;153;164m██[38;2;255;174;172m████[38;2;254;172;172m████[38;2;0;0;0m██            
      [38;2;57;32;16m██[38;2;239;117;41m██[38;2;200;87;19m████[38;2;0;0;0m██████[38;2;255;153;164m██[38;2;172;102;109m██[38;2;255;174;172m██[38;2;238;132;156m██[38;2;254;172;172m████[38;2;255;174;172m██[38;2;0;0;0m██          
    ██[38;2;239;117;41m██[38;2;238;116;43m██[38;2;239;117;41m████[38;2;200;87;19m██[38;2;246;182;164m██[38;2;238;129;148m██[38;2;213;93;123m██[38;2;241;182;167m██[38;2;246;182;164m██[38;2;197;105;115m██[38;2;254;172;172m████[38;2;255;234;189m██[38;2;8;0;0m██          
  [38;2;0;0;0m██[38;2;238;116;43m████[38;2;247;243;173m██[38;2;247;243;57m██[38;2;200;87;19m██[38;2;255;238;189m██[38;2;246;182;164m██[38;2;255;234;180m██[38;2;255;226;189m██[38;2;241;182;167m██[38;2;246;182;164m██[38;2;213;130;131m██[38;2;255;238;189m████[38;2;255;234;189m██[38;2;172;156;126m██[38;2;41;40;33m██[38;2;41;36;41m██[38;2;0;0;0m██    
  ██[38;2;239;117;41m██[38;2;238;116;43m██[38;2;247;243;57m████[38;2;200;87;19m██[38;2;255;238;189m████████[38;2;238;188;156m██[38;2;205;139;123m██[38;2;255;238;189m██████[38;2;205;136;126m██[38;2;200;87;19m████[38;2;238;116;43m██[38;2;200;87;19m██[38;2;0;0;0m██  
    [38;2;41;32;24m██[38;2;206;85;16m██[38;2;239;117;41m████[38;2;200;87;19m██[38;2;255;238;189m████[38;2;238;188;156m██████[38;2;255;238;189m██████[38;2;180;80;106m██[38;2;200;87;19m██[38;2;238;116;43m██[38;2;247;243;173m██[38;2;247;243;57m██[38;2;239;117;41m██[38;2;200;87;19m██[38;2;0;0;0m██
    ██[38;2;200;87;19m██[38;2;239;117;41m██[38;2;200;87;19m██[38;2;180;80;106m██[38;2;255;238;189m██████████████[38;2;180;80;106m██[38;2;255;238;189m██[38;2;239;109;33m██[38;2;238;116;43m██[38;2;247;243;57m████[38;2;238;116;43m████[38;2;0;0;0m██
  ██[38;2;255;238;189m██[38;2;172;156;126m██[38;2;255;238;189m██[38;2;222;180;150m██[38;2;180;80;106m██[38;2;238;190;156m██[38;2;255;238;189m████████[38;2;230;186;161m██[38;2;180;80;106m██[38;2;230;186;161m██[38;2;255;238;189m████[38;2;239;117;41m██[38;2;238;116;43m████[38;2;238;115;43m██[38;2;200;87;19m██[38;2;0;0;0m██
  ██[38;2;255;238;189m████[38;2;208;137;131m██[38;2;238;190;156m██[38;2;180;80;106m██[38;2;238;190;156m██████[38;2;238;188;156m████[38;2;255;165;156m██[38;2;168;105;111m██[38;2;238;188;156m██[38;2;255;238;189m████[38;2;206;85;16m██[38;2;239;117;41m██[38;2;238;116;43m██[38;2;200;87;19m██[38;2;0;0;0m██  
  ██[38;2;238;188;156m████[38;2;238;190;156m██[38;2;178;84;106m██[38;2;238;190;156m██[38;2;180;80;106m██[38;2;238;190;156m██[38;2;180;80;106m██[38;2;238;188;156m████[38;2;168;105;111m██[38;2;82;44;65m██[38;2;255;238;189m██[38;2;238;188;156m██[38;2;255;230;189m██[38;2;255;238;189m██[38;2;200;87;19m████[38;2;230;161;139m████[38;2;0;0;0m██
    [38;2;0;0;8m██[38;2;238;190;156m████[38;2;65;64;65m██[38;2;217;102;32m██[38;2;249;249;249m██[38;2;180;80;106m██[38;2;238;190;156m██[38;2;183;84;104m████[38;2;255;174;148m██[38;2;82;52;57m██[38;2;246;206;164m████[38;2;255;238;189m██[38;2;230;186;161m██[38;2;238;190;156m██[38;2;208;136;131m██[38;2;167;118;104m██[38;2;246;178;156m██[38;2;0;0;0m██
  ██[38;2;238;190;156m██[38;2;79;63;57m██[38;2;65;64;65m████[38;2;217;102;32m██[38;2;206;85;16m██[38;2;238;190;156m████[38;2;219;169;175m██[38;2;252;252;252m██[38;2;197;133;117m██[38;2;255;174;148m██[38;2;65;64;65m██[38;2;246;206;164m██[38;2;230;186;161m██[38;2;180;80;106m██[38;2;178;82;106m████[38;2;246;178;156m██[38;2;8;0;0m██  
██[38;2;255;194;164m██[38;2;205;139;123m██[38;2;255;238;189m██[38;2;255;210;172m██[38;2;90;52;65m██[38;2;241;144;27m██[38;2;150;102;82m██[38;2;255;238;189m██████[38;2;214;101;33m██[38;2;206;85;16m██[38;2;246;186;156m██[38;2;145;110;106m██[38;2;90;48;65m██[38;2;65;64;65m██[38;2;238;190;156m██████[38;2;0;0;0m██    
[38;2;8;0;0m██[38;2;172;129;109m██[38;2;255;238;189m████[38;2;255;210;172m██[38;2;145;105;101m██[38;2;82;52;57m██[38;2;255;238;189m████████[38;2;214;101;33m██[38;2;238;116;43m██[38;2;190;130;100m██[38;2;255;234;189m████[38;2;238;190;156m██[38;2;65;64;65m██████[38;2;205;141;123m██[38;2;0;0;0m██  
██[38;2;205;141;123m██[38;2;241;187;159m████[38;2;200;98;123m██[38;2;180;80;106m██[38;2;246;129;156m██[38;2;74;60;65m██[38;2;255;238;189m██[38;2;98;64;65m██[38;2;255;238;189m████[38;2;255;234;197m██[38;2;180;80;106m██[38;2;255;238;189m██████[38;2;238;188;156m██[38;2;238;190;156m████[38;2;222;133;131m██[38;2;8;0;0m██  
  [38;2;0;0;0m██[38;2;227;140;145m██[38;2;213;93;131m██[38;2;200;98;123m██[38;2;238;133;156m██[38;2;246;129;156m██[38;2;160;95;111m██[38;2;98;64;65m████[38;2;65;64;65m████[38;2;180;80;106m██[38;2;230;183;167m██[38;2;249;168;167m██[38;2;246;133;156m██[38;2;255;238;189m████[38;2;238;190;156m██[38;2;238;132;156m██[38;2;150;89;87m██[38;2;8;0;0m██  
    [38;2;0;0;0m██[38;2;238;133;156m██████[38;2;0;0;0m██[38;2;65;66;65m██[38;2;255;174;172m████████[38;2;246;129;156m██[38;2;160;95;111m██[38;2;255;174;172m████[38;2;233;133;153m██[38;2;211;97;126m██[38;2;205;99;123m████[38;2;238;133;156m██[38;2;0;0;0m██  
      ██████  ██[38;2;180;80;106m██[38;2;255;174;172m████[38;2;238;132;156m██[38;2;246;129;156m██[38;2;74;60;65m██[38;2;238;132;156m██[38;2;255;174;172m██[38;2;255;170;180m██[38;2;233;133;153m██[38;2;238;133;156m████[38;2;0;0;0m██    
            [38;2;0;8;8m██[38;2;205;141;123m██[38;2;90;48;65m██[38;2;145;110;106m██[38;2;180;80;106m████[38;2;65;64;65m██[38;2;186;145;126m██[38;2;74;60;65m██[38;2;194;165;148m██[38;2;205;97;123m██████[38;2;0;0;0m██      
          ██[38;2;205;141;123m██[38;2;68;52;46m██[38;2;255;234;189m████[38;2;255;238;189m██[38;2;230;186;161m██[38;2;246;186;156m██[38;2;65;64;65m██[38;2;255;218;189m██[38;2;74;60;65m██[38;2;65;64;65m████[38;2;0;0;0m██        
          ██[38;2;84;68;60m██[38;2;255;206;180m██[38;2;255;238;189m██[38;2;205;139;123m██[38;2;249;178;167m██[38;2;255;238;189m██[38;2;246;153;156m██[38;2;74;56;65m██[38;2;255;238;189m██████[38;2;0;0;0m██          
            ██[38;2;255;206;180m██[38;2;205;139;123m████[38;2;249;178;167m████[38;2;246;153;156m██[38;2;189;121;126m██[38;2;65;64;65m██[38;2;255;238;189m██[38;2;0;0;0m██            
          ██[38;2;205;97;123m██[38;2;255;170;172m██[38;2;205;99;123m██[38;2;255;174;172m██[38;2;255;170;180m██[38;2;233;133;153m██[38;2;205;99;123m████[38;2;255;161;172m██[38;2;65;56;65m██[38;2;197;93;115m██[38;2;0;0;0m██          
        ██[38;2;238;133;156m██[38;2;230;133;148m██[38;2;205;97;123m██[38;2;255;174;172m████[38;2;233;133;153m██[38;2;211;97;126m██[38;2;205;99;123m██[38;2;255;174;172m██[38;2;255;161;172m██[38;2;191;126;137m██[38;2;197;93;115m████[38;2;0;0;0m██        
          ██[38;2;238;133;156m████████[38;2;205;99;123m████[38;2;255;174;172m████[38;2;205;99;123m████[38;2;238;133;156m██████[38;2;0;0;0m██      
            ██████[38;2;238;133;156m██████[38;2;0;0;0m████[38;2;238;133;156m██████[38;2;0;0;0m████        
                  ██████    ██████            
[0m