                [38;2;0;0;0m██████████                    
                ██[38;2;255;255;238m██[38;2;254;254;238m████[38;2;255;255;238m██[38;2;0;0;0m████                
                  ██[38;2;255;255;255m██[38;2;254;254;238m██[38;2;255;255;238m██████[38;2;0;0;0m██              
        ██████      ██[38;2;238;250;246m██[38;2;254;254;238m████[38;2;255;255;238m████[38;2;0;0;0m██            
      [38;2;57;32;16m██[38;2;239;117;41m██[38;2;200;87;19m████[38;2;0;0;0m██████[38;2;238;250;246m████[38;2;254;254;238m██[38;2;255;255;255m██[38;2;255;255;238m██████[38;2;0;0;0m██          
    ██[38;2;239;117;41m██[38;2;238;116;43m██[38;2;239;117;41m████[38;2;200;87;19m██[38;2;255;255;246m██[38;2;145;214;224m██[38;2;197;238;246m██[38;2;255;255;238m██[38;2;255;255;246m██[38;2;200;229;230m██[38;2;255;255;238m████[38;2;180;230;238m██[38;2;0;0;0m██          
  ██[38;2;238;116;43m████[38;2;247;243;173m██[38;2;247;243;57m██[38;2;200;87;19m██[38;2;197;238;246m██[38;2;145;214;224m██[38;2;200;234;235m██[38;2;197;238;246m██[38;2;255;255;238m██[38;2;145;203;213m██[38;2;90;178;197m██[38;2;197;238;246m████[38;2;180;230;238m████[38;2;41;40;33m██[38;2;41;36;41m██[38;2;0;0;0m██    
  ██[38;2;239;117;41m██[38;2;238;116;43m██[38;2;247;243;57m████[38;2;200;87;19m██[38;2;197;238;246m████████[38;2;148;214;222m██[38;2;90;174;189m██[38;2;197;238;246m██████[38;2;131;214;222m██[38;2;200;87;19m████[38;2;238;116;43m██[38;2;200;87;19m██[38;2;0;0;0m██  
    [38;2;41;32;24m██[38;2;206;85;16m██[38;2;239;117;41m████[38;2;200;87;19m██[38;2;197;238;246m████[38;2;148;214;222m██████[38;2;197;238;246m██████[38;2;82;141;156m██[38;2;2;156;183m██[38;2;238;116;43m██[38;2;247;243;173m██[38;2;247;243;57m██[38;2;239;117;41m██[38;2;200;87;19m██[38;2;0;0;0m██
    ██[38;2;200;87;19m██[38;2;239;117;41m██[38;2;200;87;19m██[38;2;82;141;156m██[38;2;197;238;246m██████████[38;2;197;242;246m████[38;2;65;141;156m██[38;2;197;238;246m██[38;2;239;109;33m██[38;2;238;116;43m██[38;2;247;243;57m████[38;2;238;116;43m████[38;2;0;0;0m██
  ██[38;2;197;238;246m██[38;2;126;163;172m██[38;2;172;226;238m██[38;2;171;227;237m██[38;2;82;141;156m██[38;2;148;214;222m██[38;2;197;238;246m████████[38;2;159;209;216m██[38;2;82;141;156m██[38;2;109;174;186m██[38;2;197;238;246m████[38;2;239;117;41m██[38;2;238;116;43m████[38;2;238;115;43m██[38;2;200;87;19m██[38;2;0;0;0m██
  ██[38;2;197;238;246m████[38;2;98;168;183m██[38;2;148;214;222m██[38;2;82;139;156m██[38;2;148;214;222m██████████[38;2;131;214;230m██[38;2;94;139;152m██[38;2;90;174;189m██[38;2;197;238;246m████[38;2;206;85;16m██[38;2;239;117;41m██[38;2;238;116;43m██[38;2;2;156;183m██[38;2;0;0;0m██  
  ██[38;2;148;214;222m██████[38;2;74;145;164m██[38;2;148;214;222m██[38;2;82;139;156m██[38;2;148;214;222m██[38;2;82;139;156m██[38;2;148;214;222m████[38;2;94;139;152m██[38;2;57;64;74m██[38;2;197;238;246m██[38;2;90;174;189m██[38;2;197;239;246m██[38;2;197;238;246m██[38;2;200;87;19m████[38;2;156;226;238m██[38;2;116;152;158m██[38;2;0;0;0m██
    [38;2;8;0;0m██[38;2;148;214;222m████[38;2;65;64;65m██[38;2;217;102;32m██[38;2;249;249;249m██[38;2;82;139;156m██[38;2;148;214;222m██[38;2;82;141;156m████[38;2;163;212;221m██[38;2;56;77;81m██[38;2;164;222;230m████[38;2;189;242;246m██[38;2;153;209;216m██[38;2;148;214;222m██[38;2;104;165;178m██[38;2;93;143;148m██[38;2;139;214;222m██[38;2;0;0;0m██
  ██[38;2;148;214;222m██[38;2;54;71;74m██[38;2;65;64;65m████[38;2;217;102;32m██[38;2;206;85;16m██[38;2;148;214;222m████[38;2;164;198;205m██[38;2;252;252;252m██[38;2;142;107;112m██[38;2;163;212;221m██[38;2;65;64;65m██[38;2;164;222;230m██[38;2;153;209;216m██[38;2;82;141;156m██████[38;2;139;214;222m██[38;2;0;0;0m██  
[38;2;0;4;8m██[38;2;148;226;238m██[38;2;90;174;189m██[38;2;197;238;246m██[38;2;189;255;255m██[38;2;57;76;82m██[38;2;241;144;27m██[38;2;150;102;82m██[38;2;197;238;246m██████[38;2;214;101;33m██[38;2;206;85;16m██[38;2;106;202;213m██[38;2;104;128;137m██[38;2;57;72;82m██[38;2;65;64;65m██[38;2;148;214;222m██████[38;2;0;0;0m██    
[38;2;0;4;8m██[38;2;98;152;161m██[38;2;197;238;246m████[38;2;145;195;197m██[38;2;101;136;139m██[38;2;56;77;81m██[38;2;197;238;246m████████[38;2;214;101;33m██[38;2;238;116;43m██[38;2;134;157;167m██[38;2;197;238;246m████[38;2;148;214;222m██[38;2;65;64;65m██████[38;2;82;141;156m██[38;2;0;0;0m██  
██[38;2;90;174;189m██[38;2;255;255;238m████[38;2;145;210;219m██[38;2;93;178;191m██[38;2;145;195;197m██[38;2;57;76;82m██[38;2;197;238;246m██[38;2;53;82;87m██[38;2;197;238;246m████[38;2;197;217;222m██[38;2;82;141;156m██[38;2;200;234;238m████[38;2;197;238;246m██[38;2;148;214;222m██████[38;2;82;141;156m██[38;2;0;0;0m██  
  ██[38;2;255;255;238m██[38;2;148;214;222m██[38;2;145;210;219m██[38;2;197;242;246m██[38;2;189;255;255m██[38;2;101;136;139m██[38;2;53;82;87m████[38;2;65;64;65m████[38;2;82;141;156m██[38;2;255;255;255m██[38;2;255;255;246m██[38;2;145;214;230m██[38;2;197;238;246m████[38;2;148;214;222m██[38;2;90;174;189m██[38;2;82;141;156m██[38;2;0;0;0m██  
    ██[38;2;255;255;238m██[38;2;230;246;246m████[38;2;0;0;0m██[38;2;65;66;65m██[38;2;197;238;246m████████[38;2;139;214;222m██[38;2;98;139;148m██[38;2;255;255;238m████[38;2;145;203;211m██[38;2;90;178;197m██[38;2;90;174;189m████[38;2;197;238;246m██[38;2;0;0;0m██  
      ██████  ██[38;2;82;141;156m██[38;2;197;238;246m████[38;2;148;214;222m██[38;2;139;214;222m██[38;2;57;64;74m██[38;2;255;255;238m████████[38;2;255;255;246m██[38;2;200;228;227m██[38;2;0;0;0m██    
            [38;2;8;0;0m██[38;2;148;214;222m██[38;2;57;72;82m██[38;2;104;128;137m██[38;2;82;141;156m████[38;2;65;64;65m██[38;2;148;214;222m██[38;2;65;64;65m██[38;2;230;246;246m██[38;2;148;214;222m██████[38;2;0;0;0m██      
          ██[38;2;148;214;222m██[38;2;54;71;74m██[38;2;197;238;246m████[38;2;189;242;246m██[38;2;153;209;216m██[38;2;148;214;222m██[38;2;65;64;65m██[38;2;230;246;246m██[38;2;65;64;65m██████[38;2;0;0;0m██        
          ██[38;2;84;83;79m██[38;2;255;250;238m██[38;2;255;255;246m██[38;2;90;182;197m██[38;2;145;214;227m██[38;2;200;234;233m██[38;2;169;198;200m██[38;2;49;85;90m██[38;2;197;238;246m██████[38;2;0;0;0m██          
            ██[38;2;255;250;238m██[38;2;145;206;213m████[38;2;255;255;238m████[38;2;230;255;255m██[38;2;109;141;145m██[38;2;65;64;65m██[38;2;197;238;246m██[38;2;0;0;0m██            
          ██[38;2;145;214;224m██[38;2;255;255;246m██[38;2;148;214;222m██[38;2;255;255;238m██[38;2;255;255;246m██[38;2;200;234;238m██[38;2;148;214;222m████[38;2;197;246;255m██[38;2;65;72;74m██[38;2;98;151;156m██[38;2;0;8;8m██          
        [38;2;0;0;0m██[38;2;197;238;246m██[38;2;200;234;235m██[38;2;145;214;224m██[38;2;255;255;238m████[38;2;200;234;238m██[38;2;145;214;230m██[38;2;148;214;222m██[38;2;197;238;246m██[38;2;197;246;255m██[38;2;153;188;194m██[38;2;148;222;230m████[38;2;0;0;0m██        
          ██[38;2;197;238;246m████████[38;2;148;214;222m████[38;2;197;238;246m████[38;2;148;214;222m████[38;2;197;238;246m██████[38;2;0;0;0m██      
            ██████[38;2;197;238;246m██████[38;2;0;0;0m████[38;2;197;238;246m██████[38;2;0;0;0m████        
                  ██████    ██████            
[0m