                  [38;2;0;0;0m██████████                      
                  ██[38;2;255;255;238m████████[38;2;0;0;0m████                  
                    ██[38;2;205;230;230m██[38;2;255;255;238m████████[38;2;0;0;0m██                
                      [38;2;0;8;8m██[38;2;230;250;246m██[38;2;255;255;238m████████[38;2;0;0;0m██              
          ████    ████[38;2;230;250;246m██[38;2;153;169;167m██[38;2;255;255;238m██[38;2;205;230;230m██[38;2;255;255;238m██████[38;2;0;0;0m██            
        ██[38;2;206;158;206m██[38;2;175;131;178m██[38;2;41;36;41m██[38;2;0;0;0m██[38;2;255;255;238m██[38;2;205;230;230m██[38;2;156;188;189m██[38;2;255;255;238m██[38;2;246;255;246m██[38;2;156;190;189m██[38;2;255;255;238m████[38;2;238;246;238m██[38;2;0;0;0m██            
  ██████[38;2;175;132;178m██████[38;2;0;0;0m██[38;2;255;255;238m██[38;2;205;230;230m██[38;2;255;255;238m██████[38;2;216;233;227m██[38;2;156;190;189m██[38;2;255;255;238m████[38;2;238;246;238m██[38;2;0;0;0m████          
██[38;2;206;167;214m██[38;2;175;132;178m██[38;2;175;131;178m██[38;2;175;132;178m████[38;2;173;130;178m██[38;2;121;87;134m██[38;2;255;255;238m████████[38;2;205;230;230m██[38;2;156;188;189m██[38;2;255;255;238m██████[38;2;197;230;230m██[38;2;121;87;134m██[38;2;206;158;206m██[38;2;0;0;0m██        
██[38;2;175;131;178m████[38;2;175;132;178m████████[38;2;121;87;134m██[38;2;255;255;238m████[38;2;205;230;230m██████[38;2;255;255;238m██████[38;2;115;149;148m██[38;2;197;230;230m██[38;2;175;132;178m████[38;2;0;0;0m██  ████  
  ██[38;2;173;130;178m██[38;2;202;160;206m██[38;2;175;132;178m██[38;2;121;87;134m████[38;2;115;147;148m██[38;2;255;255;238m██████████[38;2;255;255;246m████[38;2;115;149;156m██[38;2;255;255;238m██[38;2;175;132;178m██[38;2;181;130;198m██[38;2;175;132;178m████[38;2;0;0;0m██[38;2;175;131;178m██[38;2;206;167;214m██[38;2;0;0;0m██
    ██[38;2;121;87;134m██[38;2;175;132;178m██[38;2;121;87;134m██[38;2;230;242;242m██[38;2;115;147;148m██[38;2;208;219;213m██[38;2;255;255;238m████████[38;2;208;219;216m██[38;2;115;149;156m██[38;2;161;184;183m██[38;2;255;255;238m██[38;2;121;87;134m██[38;2;173;130;178m██[38;2;175;132;178m██[38;2;175;131;178m██[38;2;175;132;178m██[38;2;175;131;178m████[38;2;0;0;0m██
    ██[38;2;255;255;238m██[38;2;121;87;134m██[38;2;159;188;189m██[38;2;205;230;230m██[38;2;115;147;148m██[38;2;205;230;230m██████████[38;2;197;230;230m██[38;2;127;147;148m██[38;2;156;188;189m██[38;2;255;255;238m████[38;2;121;87;134m████[38;2;175;132;178m██[38;2;146;192;192m██[38;2;175;132;178m██[38;2;140;95;167m██[38;2;0;0;0m██
    ██[38;2;205;230;230m██████[38;2;112;147;148m██[38;2;205;230;230m██[38;2;115;147;148m██[38;2;205;230;230m██[38;2;115;147;148m██[38;2;205;230;230m████[38;2;127;147;148m██[38;2;57;64;65m██[38;2;255;255;238m██[38;2;156;188;189m██[38;2;229;254;254m██[38;2;255;255;238m████[38;2;121;87;134m██[38;2;173;130;178m██[38;2;69;141;141m██[38;2;0;0;0m██  
      ██[38;2;205;230;230m████[38;2;65;64;65m██[38;2;206;158;206m██[38;2;249;249;249m██[38;2;115;147;148m██[38;2;205;230;230m██[38;2;115;149;148m████[38;2;219;227;227m██[38;2;56;64;64m██[38;2;222;238;230m████[38;2;255;255;255m██[38;2;208;219;222m██[38;2;205;230;230m██[38;2;159;188;189m██[38;2;131;153;153m██[38;2;197;230;230m██[38;2;0;0;0m██  
    ██[38;2;205;230;230m██[38;2;68;76;76m██[38;2;65;64;65m████[38;2;206;158;206m██[38;2;148;97;181m██[38;2;205;230;230m████[38;2;208;219;219m██[38;2;252;252;252m██[38;2;148;133;148m██[38;2;219;227;227m██[38;2;65;64;65m██[38;2;222;238;230m██[38;2;208;219;222m██[38;2;115;149;156m██[38;2;112;147;148m████[38;2;197;230;230m██[38;2;0;0;0m██    
  [38;2;0;4;0m██[38;2;213;246;246m██[38;2;156;188;189m██[38;2;255;255;238m██[38;2;230;246;238m██[38;2;65;76;74m██[38;2;148;133;148m██[38;2;104;97;107m██[38;2;255;255;238m██████[38;2;175;132;178m██[38;2;148;97;181m██[38;2;172;230;230m██[38;2;123;133;128m██[38;2;57;72;74m██[38;2;65;64;65m██[38;2;205;230;230m██████[38;2;0;0;0m██      
  [38;2;0;4;0m██[38;2;142;165;164m██[38;2;255;255;238m████[38;2;230;246;238m██[38;2;120;133;128m██[38;2;56;64;64m██[38;2;255;255;238m████████[38;2;175;132;178m██[38;2;202;160;206m██[38;2;140;169;169m██[38;2;255;255;238m████[38;2;205;230;230m██[38;2;65;64;65m██████[38;2;115;149;148m██[38;2;0;0;0m██    
  ██[38;2;156;190;189m██[38;2;205;230;230m████[38;2;159;188;189m██[38;2;112;147;148m██[38;2;205;230;230m██[38;2;57;64;65m██[38;2;255;255;238m██[38;2;50;84;84m██[38;2;255;255;238m██████[38;2;115;149;148m██[38;2;255;255;238m██████[38;2;205;230;230m██████[38;2;115;148;148m██[38;2;0;0;0m██    
    ██[38;2;205;230;230m██[38;2;156;188;189m██[38;2;159;188;189m██[38;2;205;230;230m████[38;2;131;147;148m██[38;2;50;84;84m████[38;2;65;64;65m████[38;2;115;149;148m██[38;2;255;255;238m████[38;2;205;230;230m██[38;2;255;255;238m████[38;2;205;230;230m██[38;2;156;188;189m██[38;2;115;148;148m██[38;2;0;0;0m██    
      ██[38;2;205;230;230m██████[38;2;0;0;0m██[38;2;65;66;65m██[38;2;255;255;238m████████[38;2;205;230;230m██[38;2;131;147;148m██[38;2;255;255;238m████[38;2;213;233;227m██[38;2;148;190;189m██[38;2;156;188;189m████[38;2;205;230;230m██[38;2;0;0;0m██    
        ██████  ██[38;2;115;149;148m██[38;2;255;255;238m████[38;2;205;230;230m████[38;2;57;64;65m██[38;2;205;230;230m██[38;2;255;255;238m██[38;2;246;255;246m██[38;2;213;233;227m██[38;2;205;230;230m████[38;2;0;0;0m██      
              ██[38;2;205;230;230m██[38;2;57;72;74m██[38;2;123;133;128m██[38;2;115;149;148m████[38;2;65;64;65m██[38;2;205;230;230m██[38;2;65;64;65m██[38;2;230;242;238m██[38;2;156;190;189m██████[38;2;0;0;0m██        
            ██[38;2;205;230;230m██[38;2;68;76;76m██[38;2;255;255;238m████[38;2;255;255;246m██[38;2;208;219;213m██[38;2;205;230;230m██[38;2;65;64;65m██[38;2;230;242;238m██[38;2;65;64;65m██████[38;2;0;0;0m██          
            ██[38;2;84;83;79m██[38;2;255;250;238m██[38;2;255;255;238m██[38;2;156;188;189m██[38;2;205;230;230m██[38;2;255;255;238m██[38;2;205;230;230m██[38;2;57;64;65m██[38;2;255;255;238m██████[38;2;0;0;0m██            
              ██[38;2;255;250;238m██[38;2;156;188;189m████[38;2;255;255;238m████[38;2;205;230;230m██[38;2;131;147;148m██[38;2;65;64;65m██[38;2;255;255;238m██[38;2;0;0;0m██              
            ██[38;2;156;190;189m██[38;2;246;255;246m██[38;2;156;188;189m██[38;2;255;255;238m██[38;2;246;255;246m██[38;2;213;233;227m██[38;2;156;188;189m████[38;2;205;234;230m██[38;2;65;68;65m██[38;2;104;130;134m██[38;2;0;4;8m██            
          [38;2;0;0;0m██[38;2;205;230;230m██[38;2;216;233;227m██[38;2;156;190;189m██[38;2;255;255;238m████[38;2;213;233;227m██[38;2;148;190;189m██[38;2;156;188;189m██[38;2;205;230;230m██[38;2;205;234;230m██[38;2;159;179;175m██[38;2;156;194;197m████[38;2;0;0;0m██          
            ██[38;2;205;230;230m████████[38;2;156;188;189m████[38;2;205;230;230m████[38;2;156;188;189m████[38;2;205;230;230m██████[38;2;0;0;0m██        
              ██████[38;2;205;230;230m██████[38;2;0;0;0m████[38;2;205;230;230m██████[38;2;0;0;0m████          
                    ██████    ██████              
[0m