                  [38;2;0;0;0m████████████                  
            ██████[38;2;230;226;205m██[38;2;230;230;213m████████[38;2;238;234;213m██[38;2;8;4;0m██[38;2;0;0;0m██              
        ████[38;2;230;230;213m████[38;2;230;226;205m██[38;2;115;113;102m██[38;2;123;101;82m████████[38;2;161;157;142m██[38;2;238;234;213m██[38;2;123;99;82m██[38;2;0;0;0m████          
      ██[38;2;230;230;213m████████[38;2;123;101;82m████[38;2;230;230;213m██████[38;2;123;101;82m██[38;2;123;99;84m████[38;2;123;101;82m████[38;2;230;113;139m██[38;2;0;0;0m██        
    ██[38;2;230;230;213m████████[38;2;123;101;82m████[38;2;230;230;213m██████████[38;2;123;99;84m████[38;2;230;113;139m████████[38;2;0;0;0m██      
  ██[38;2;230;230;213m██████████[38;2;123;101;82m██[38;2;123;99;84m████[38;2;230;230;213m██████[38;2;123;101;82m██████[38;2;233;116;137m████[38;2;233;114;137m████[38;2;230;113;139m██[38;2;0;0;0m██    
  ██[38;2;230;230;213m████████████[38;2;123;99;84m████[38;2;123;101;82m██████████[38;2;211;87;109m██[38;2;233;116;137m████[38;2;233;114;137m██[38;2;211;87;109m██[38;2;230;113;139m██[38;2;0;0;0m██    
██[38;2;230;230;213m████████████[38;2;123;101;82m██████████████[38;2;211;87;109m██[38;2;233;114;137m██[38;2;233;116;137m████████████[38;2;0;0;0m██  
██[38;2;230;230;213m██████████[38;2;123;101;82m██████[38;2;211;87;109m██[38;2;230;113;139m████████[38;2;233;114;137m████[38;2;233;116;137m████████████[38;2;0;0;0m██  
██[38;2;230;222;205m██[38;2;230;230;213m████████[38;2;123;99;84m████[38;2;233;116;137m████████[38;2;233;114;137m████████[38;2;211;87;109m██[38;2;233;114;137m██[38;2;233;116;137m████████[38;2;0;0;0m██  
██[38;2;115;111;102m██[38;2;230;230;213m██████[38;2;123;101;82m██[38;2;123;99;84m████[38;2;233;116;137m████████[38;2;233;114;137m██[38;2;211;87;109m████[38;2;233;114;137m██████[38;2;233;116;137m████████[38;2;0;0;0m██  
  ██[38;2;123;111;102m██[38;2;238;222;205m██[38;2;230;230;213m██[38;2;123;101;82m████[38;2;230;113;139m██[38;2;233;116;137m████████[38;2;211;87;109m██[38;2;233;114;137m██[38;2;211;87;109m██[38;2;233;114;137m██[38;2;233;116;137m████[38;2;230;113;139m████[38;2;213;129;131m██[38;2;142;89;87m██[38;2;0;0;0m██  
    [38;2;8;0;0m██[38;2;123;111;102m██[38;2;123;101;82m██████[38;2;230;113;139m██[38;2;233;116;137m████████[38;2;211;87;109m████[38;2;233;114;137m████[38;2;233;116;137m████[38;2;230;113;139m██[38;2;123;101;82m██[38;2;142;89;87m██[38;2;0;8;0m██    
      [38;2;0;0;0m██[38;2;65;68;65m██[38;2;135;82;86m██[38;2;123;99;84m████[38;2;230;113;139m██████████████[38;2;123;101;82m██[38;2;123;99;82m██████[38;2;0;0;0m████      
    ██[38;2;213;85;106m██[38;2;205;97;106m██[38;2;65;68;65m██[38;2;65;64;65m████████[38;2;123;101;82m████████████[38;2;0;0;0m██████          
  ██[38;2;131;93;82m██[38;2;175;125;126m██[38;2;211;87;112m████[38;2;189;120;139m██[38;2;74;60;57m██[38;2;213;141;180m████[38;2;65;64;65m████████[38;2;57;58;52m██[38;2;0;4;0m██                
  [38;2;0;0;0m██[38;2;197;141;148m██[38;2;131;93;82m██[38;2;211;87;112m████[38;2;74;60;57m██[38;2;246;149;180m██[38;2;230;170;201m████[38;2;213;141;180m██[38;2;65;64;65m██[38;2;230;226;205m██[38;2;175;172;159m██[38;2;172;165;156m██[38;2;0;4;0m██    [38;2;0;0;0m██████      
  ██[38;2;172;165;156m██[38;2;123;101;84m██████[38;2;65;64;65m██[38;2;230;170;197m██[38;2;65;64;65m██[38;2;230;170;197m██[38;2;230;198;205m██[38;2;65;64;65m██[38;2;230;230;213m██[38;2;172;165;156m██[38;2;172;164;156m████[38;2;0;8;8m████[38;2;233;116;137m████[38;2;222;105;131m██[38;2;0;0;0m████  
  ██[38;2;123;101;84m██[38;2;172;165;156m██████[38;2;65;64;65m████[38;2;230;170;197m████[38;2;65;64;65m██[38;2;230;198;205m██[38;2;230;230;213m██[38;2;172;165;156m██[38;2;172;164;156m████[38;2;76;45;52m██[38;2;230;121;139m██[38;2;233;116;137m████[38;2;222;105;131m████[38;2;0;0;0m██  
    ██[38;2;172;165;156m██[38;2;172;170;164m██[38;2;63;62;60m██[38;2;230;230;213m██[38;2;172;165;156m██[38;2;65;64;65m████[38;2;230;230;213m██████[38;2;172;165;156m████[38;2;65;64;65m██[38;2;233;116;137m████[38;2;189;149;143m██[38;2;131;89;82m██[38;2;139;85;82m██[38;2;175;128;123m██[38;2;205;105;115m██[38;2;0;4;0m██
      [38;2;0;0;0m██[38;2;8;8;8m██[38;2;63;62;60m██[38;2;230;230;213m██████████████[38;2;172;165;156m████[38;2;65;64;65m██[38;2;233;116;137m████[38;2;131;89;82m██[38;2;246;210;205m██[38;2;246;214;205m██[38;2;139;85;82m██[38;2;137;71;76m██[38;2;0;4;0m██
          [38;2;0;0;0m██[38;2;230;230;213m████████████[38;2;172;164;156m████[38;2;172;165;156m██[38;2;65;64;65m██[38;2;120;109;101m████[38;2;123;101;82m██[38;2;230;230;213m██[38;2;172;165;156m██[38;2;123;101;84m██[38;2;172;165;156m██[38;2;0;0;0m██
            ██[38;2;230;230;213m████████[38;2;172;165;156m██[38;2;172;164;156m████[38;2;172;165;156m████[38;2;65;52;49m██[38;2;230;222;205m██[38;2;230;230;213m██[38;2;123;101;82m██[38;2;123;101;84m██[38;2;172;165;156m██[38;2;0;0;0m██  
            ██[38;2;123;99;82m██[38;2;172;161;148m████[38;2;172;165;156m████████[38;2;123;99;82m████[38;2;0;0;0m████[38;2;172;165;156m██████[38;2;0;0;0m████  
              ████[38;2;115;107;98m██[38;2;123;101;84m████████[38;2;0;0;0m████    ██████      
                  ██████████                    
[0m