                          [38;2;0;0;0m██████                        
                      ████[38;2;255;255;255m████[38;2;0;0;0m██                        
                    ██[38;2;255;255;255m██████[38;2;0;0;0m██                          
    ██            ██[38;2;255;255;255m██████[38;2;115;115;99m██[38;2;0;0;0m██                          
  ██[38;2;189;189;189m██[38;2;0;0;0m██      ████[38;2;255;255;255m██[38;2;65;65;65m██[38;2;255;255;255m████[38;2;65;65;65m██[38;2;0;0;0m██                          
  ██[38;2;189;189;189m████[38;2;0;0;0m██████[38;2;255;255;255m████[38;2;65;65;65m██[38;2;255;255;255m██[38;2;0;0;0m██[38;2;189;189;189m██[38;2;65;65;65m██[38;2;0;0;0m██                          
  ██[38;2;189;189;189m██[38;2;115;115;99m██[38;2;255;255;255m████████[38;2;65;65;65m██[38;2;255;255;255m████[38;2;0;0;0m██[38;2;65;65;65m██[38;2;0;0;0m██                      ████  
    [38;2;65;65;65m██[38;2;255;255;255m██████████[38;2;65;65;65m██[38;2;255;255;255m████[38;2;0;0;0m██[38;2;65;65;65m██[38;2;0;0;0m██                  ████[38;2;255;255;255m████[38;2;0;0;0m██
  ████[38;2;255;255;255m████████[38;2;65;65;65m██[38;2;255;255;255m██████[38;2;0;0;0m████    ████    ████  ██[38;2;255;255;255m██████[38;2;0;0;0m██  
  ██[38;2;255;255;255m██████████████████[38;2;0;0;0m██    ██[38;2;255;135;165m██[38;2;255;255;255m██[38;2;0;0;0m████[38;2;255;255;255m██[38;2;0;0;0m██[38;2;65;65;65m██[38;2;255;255;255m████[38;2;189;189;189m██[38;2;0;0;0m██    
██[38;2;220;80;114m██[38;2;255;255;255m██████████████████[38;2;0;0;0m██      ██[38;2;220;80;114m██[38;2;255;255;255m██[38;2;255;135;165m██[38;2;220;80;114m██[38;2;65;65;65m██[38;2;255;255;255m████[38;2;189;189;189m██[38;2;65;65;65m██[38;2;0;0;0m██    
██[38;2;255;135;165m██[38;2;220;80;114m██[38;2;255;255;255m████████[38;2;73;190;106m██[38;2;65;65;65m██[38;2;255;255;255m████[38;2;65;65;65m██[38;2;0;0;0m████    ██[38;2;73;190;106m██[38;2;255;135;165m██[38;2;65;65;65m██[38;2;189;189;189m██████[38;2;65;65;65m██[38;2;0;0;0m██      
██[38;2;255;135;165m██[38;2;220;80;114m██[38;2;255;255;255m████[38;2;189;189;189m██[38;2;214;99;66m██[38;2;73;190;106m██[38;2;65;65;65m██[38;2;255;255;255m██[38;2;65;65;65m████[38;2;192;52;86m██[38;2;220;80;114m██[38;2;0;0;0m████[38;2;255;135;165m██████[38;2;65;65;65m██[38;2;189;189;189m████[38;2;65;65;65m████[38;2;0;0;0m██      
██[38;2;255;135;165m██[38;2;220;80;114m██[38;2;255;255;255m██[38;2;115;115;99m██[38;2;65;65;65m██[38;2;0;0;0m████[38;2;73;190;106m██[38;2;189;189;189m██[38;2;65;65;65m██[38;2;189;189;189m██[38;2;65;65;65m████[38;2;255;135;165m████[38;2;220;80;114m██[38;2;65;65;65m██[38;2;255;135;165m██[38;2;220;80;114m██[38;2;65;65;65m██████[38;2;0;0;0m██        
  ██████[38;2;65;65;65m██[38;2;0;0;0m████[38;2;65;65;65m██[38;2;189;189;189m████[38;2;65;65;65m██[38;2;255;255;255m████[38;2;192;52;86m██[38;2;65;65;65m██[38;2;220;80;114m██[38;2;65;65;65m██[38;2;189;189;189m██[38;2;65;65;65m██[38;2;255;135;165m██[38;2;65;65;65m██[38;2;189;189;189m██[38;2;0;0;0m██          
        ██[38;2;189;189;189m██[38;2;255;255;255m████[38;2;65;65;65m████[38;2;189;189;189m██[38;2;255;255;255m██████[38;2;65;65;65m██[38;2;255;135;165m██[38;2;65;65;65m██[38;2;189;189;189m██[38;2;65;65;65m██[38;2;255;255;255m██[38;2;65;65;65m██[38;2;189;189;189m██[38;2;65;65;65m██[38;2;0;0;0m██        
          ████[38;2;65;65;65m██[38;2;0;0;0m██[38;2;189;189;189m██[38;2;255;255;255m██████[38;2;115;115;99m██[38;2;220;80;114m██[38;2;255;135;165m████[38;2;65;65;65m██[38;2;220;80;114m██[38;2;255;135;165m██[38;2;65;65;65m██[38;2;189;189;189m██████[38;2;0;0;0m██      
            ██[38;2;189;189;189m██[38;2;255;255;255m██[38;2;189;189;189m██[38;2;255;255;255m████[38;2;115;115;99m██[38;2;255;135;165m████[38;2;65;65;65m██[38;2;255;135;165m██[38;2;65;65;65m██[38;2;255;135;165m██[38;2;220;80;114m██[38;2;65;65;65m██[38;2;115;115;99m██[38;2;189;189;189m██[38;2;0;0;0m██        
          ██[38;2;189;189;189m██[38;2;65;65;65m██[38;2;189;189;189m██[38;2;115;115;99m██[38;2;255;255;255m████[38;2;189;189;189m██[38;2;65;65;65m████[38;2;115;115;99m██[38;2;220;80;114m████[38;2;255;135;165m██[38;2;65;65;65m██[38;2;189;189;189m████[38;2;0;0;0m██          
        ██[38;2;189;189;189m██[38;2;65;65;65m██[38;2;115;115;99m████[38;2;65;65;65m██[38;2;255;255;255m██████[38;2;189;189;189m██[38;2;0;0;0m██[38;2;192;52;86m██[38;2;0;0;0m██[38;2;73;190;106m██[38;2;255;135;165m██[38;2;65;65;65m██[38;2;189;189;189m██[38;2;192;52;86m██[38;2;189;189;189m██[38;2;0;0;0m██        
        ██[38;2;115;115;99m██[38;2;65;65;65m██[38;2;115;115;99m████[38;2;65;65;65m██[38;2;189;189;189m██[38;2;255;255;255m██[38;2;65;65;65m██[38;2;0;0;0m██  ██[38;2;65;65;65m██[38;2;41;158;74m██[38;2;255;135;165m██[38;2;220;80;114m██[38;2;65;65;65m██[38;2;220;80;114m██[38;2;192;52;86m██[38;2;0;0;0m██        
          ██[38;2;220;80;114m██[38;2;65;65;65m████[38;2;255;255;255m██[38;2;115;115;99m████[38;2;255;255;255m██[38;2;0;0;0m██    ██[38;2;255;135;165m██[38;2;0;0;0m██[38;2;255;135;165m██[38;2;65;65;65m██[38;2;0;0;0m██[38;2;220;80;114m██[38;2;0;0;0m██        
          ██[38;2;220;80;114m██[38;2;0;0;0m████[38;2;220;80;114m██[38;2;255;255;255m██[38;2;189;189;189m██[38;2;0;0;0m██        ██  ████  ████        
            ██  ██[38;2;255;135;165m██[38;2;220;80;114m██[38;2;189;189;189m██[38;2;0;0;0m██                              
                  ██[38;2;255;135;165m██[38;2;0;0;0m██                                
                  ██[38;2;255;135;165m██[38;2;0;0;0m██                                
                    ██                                  
[0m