  [38;2;0;0;0m████                                                          
██[38;2;74;129;189m████[38;2;0;0;0m████                                                      
██[38;2;123;127;139m██[38;2;246;255;255m██[38;2;74;129;189m████[38;2;0;0;0m██  ██████████                                        
  [38;2;0;0;24m██[38;2;246;255;255m██[38;2;255;255;255m██[38;2;74;129;189m██[38;2;65;64;65m██[38;2;0;0;0m██[38;2;120;129;137m████[38;2;104;91;93m████[38;2;65;64;65m██[38;2;0;0;0m████                                    
  ██[38;2;74;129;189m██[38;2;255;255;255m██[38;2;65;64;65m██[38;2;123;129;135m██[38;2;230;89;98m██[38;2;123;129;139m██[38;2;102;93;94m██[38;2;104;91;93m████[38;2;104;93;93m██[38;2;65;64;65m██[38;2;98;149;197m██[38;2;16;8;0m██[38;2;0;0;0m██████████                        
    ██[38;2;65;64;65m██[38;2;128;128;128m██[38;2;230;89;98m██[38;2;123;129;135m██[38;2;102;93;94m████[38;2;104;91;93m██[38;2;230;89;98m██[38;2;104;93;93m██[38;2;65;64;65m██[38;2;43;55;65m██[38;2;98;149;197m██[38;2;115;165;197m██████████[38;2;0;0;0m██                      
      [38;2;16;4;0m██[38;2;98;117;131m██[38;2;230;89;98m██[38;2;106;105;106m██[38;2;104;91;93m██[38;2;230;89;98m██████[38;2;90;98;104m██[38;2;74;64;57m██[38;2;117;165;200m████[38;2;8;4;0m██[38;2;255;255;255m██████[38;2;74;129;189m██[38;2;0;0;0m██                      
    ██[38;2;139;174;197m██[38;2;57;60;65m██[38;2;106;105;106m████[38;2;230;89;98m██████[38;2;104;91;93m██[38;2;74;64;57m██[38;2;123;165;197m██[38;2;117;165;200m██[38;2;255;255;255m██[38;2;90;87;84m██[38;2;255;255;255m████[38;2;74;129;189m██[38;2;0;0;0m██                        
    ██[38;2;123;170;197m██[38;2;46;59;65m██[38;2;104;93;93m████[38;2;90;98;104m██[38;2;74;64;57m██[38;2;65;64;65m████[38;2;117;167;200m██[38;2;74;129;189m██[38;2;255;255;255m████████[38;2;74;129;189m██[38;2;0;0;0m██                          
      [38;2;8;4;0m██[38;2;123;170;197m██[38;2;65;64;65m████[38;2;74;64;57m██[38;2;123;165;197m██[38;2;115;165;197m████[38;2;117;167;200m████[38;2;74;129;189m████[38;2;65;64;65m████[38;2;0;0;0m██                            
        ██[38;2;123;170;197m████[38;2;115;165;197m████████[38;2;246;230;131m████[38;2;246;230;123m██[38;2;65;64;65m██[38;2;74;129;189m██[38;2;0;0;0m██                              
          [38;2;8;4;0m██[38;2;46;59;65m██[38;2;246;230;131m██████████[38;2;65;64;65m████[38;2;186;175;104m██[38;2;74;129;189m████[38;2;0;0;0m██████                        
        ██[38;2;161;132;126m██[38;2;238;198;189m██[38;2;65;64;65m████████[38;2;57;64;74m██[38;2;95;132;161m██[38;2;65;64;65m██[38;2;186;175;104m██[38;2;76;129;191m██[38;2;65;64;65m██[38;2;255;255;255m████[38;2;230;97;106m██[38;2;0;8;8m██          [38;2;0;0;0m██          
          [38;2;8;0;0m██[38;2;84;66;63m██[38;2;65;64;65m██[38;2;246;230;131m██[38;2;65;64;65m██[38;2;115;165;197m██[38;2;115;165;205m████[38;2;65;64;65m██[38;2;246;230;123m██[38;2;76;129;191m██[38;2;65;64;65m██████[38;2;76;37;41m██[38;2;0;8;8m██        [38;2;0;0;0m██[38;2;102;93;94m██[38;2;0;0;0m██  ██    
        ██[38;2;161;132;126m██[38;2;238;198;189m██[38;2;65;64;65m██[38;2;246;230;131m██[38;2;57;64;74m██[38;2;95;132;161m██[38;2;76;130;191m████[38;2;93;132;167m██[38;2;65;64;74m██[38;2;246;230;131m██[38;2;74;129;189m██[38;2;65;64;65m██[38;2;255;255;255m██[38;2;255;246;246m██[38;2;145;120;120m██[38;2;0;0;0m██      ██[38;2;104;91;93m██[38;2;52;59;65m██[38;2;16;4;0m██[38;2;123;170;197m██[38;2;8;4;0m██  
          [38;2;8;0;0m██[38;2;84;66;63m██[38;2;246;230;131m██[38;2;65;64;65m██[38;2;115;165;205m████[38;2;115;165;197m████[38;2;106;165;213m██[38;2;65;64;74m██[38;2;246;230;131m██[38;2;74;129;189m██[38;2;65;64;65m████[38;2;90;56;57m████[38;2;0;0;0m██      ██[38;2;104;91;93m██[38;2;52;59;65m██[38;2;123;170;197m██[38;2;46;59;65m██[38;2;8;4;0m██  
        [38;2;0;0;0m██[38;2;65;64;65m████[38;2;57;68;90m██[38;2;230;234;156m██[38;2;57;68;90m██[38;2;115;124;112m████[38;2;57;68;90m██[38;2;65;64;65m██[38;2;246;230;131m██[38;2;238;230;139m██[38;2;106;122;123m██[38;2;76;129;191m██[38;2;65;64;65m██[38;2;255;255;255m████[38;2;230;89;98m██[38;2;0;0;0m██    ██[38;2;115;165;197m██[38;2;123;165;197m██[38;2;74;64;57m██[38;2;104;91;93m████[38;2;0;0;0m██
    ████[38;2;115;165;197m████[38;2;65;64;65m██[38;2;115;124;112m██[38;2;57;68;90m██[38;2;230;234;156m██[38;2;57;68;90m████[38;2;230;234;156m██[38;2;65;64;65m████[38;2;238;230;139m██[38;2;41;68;115m██[38;2;65;64;65m████████[38;2;0;0;0m██    ██[38;2;115;165;197m████[38;2;74;64;57m██[38;2;90;98;104m██[38;2;0;0;0m████  
  [38;2;8;0;0m██[38;2;131;170;197m██[38;2;115;165;197m████[38;2;153;169;142m██[38;2;65;64;65m██[38;2;115;124;112m██[38;2;57;68;90m██[38;2;246;230;131m██[38;2;65;64;65m██[38;2;246;230;131m██[38;2;65;64;65m██[38;2;76;129;191m████[38;2;65;64;65m██[38;2;115;165;197m████[38;2;65;64;65m██[38;2;189;170;90m████[38;2;63;60;41m██[38;2;0;4;16m██[38;2;8;0;0m██[38;2;82;129;189m██[38;2;76;130;191m██[38;2;115;165;197m████[38;2;0;0;0m██      
  [38;2;8;0;0m██[38;2;69;85;98m██[38;2;104;93;93m████[38;2;65;64;65m██[38;2;153;169;142m██[38;2;57;68;90m██[38;2;230;234;156m██[38;2;246;230;131m██[38;2;65;64;65m██[38;2;246;230;131m██[38;2;65;64;65m██[38;2;76;129;191m██[38;2;65;64;65m██[38;2;115;165;197m████████[38;2;65;60;74m██[38;2;106;97;79m██[38;2;189;174;90m████[38;2;45;64;94m██[38;2;82;129;189m██[38;2;76;130;191m████[38;2;0;0;0m██        
██[38;2;115;165;197m████████[38;2;0;0;0m██[38;2;65;64;65m██[38;2;191;172;87m████[38;2;230;234;156m██[38;2;57;68;90m██[38;2;246;226;115m██[38;2;186;172;95m██[38;2;65;64;65m████[38;2;117;165;200m████████[38;2;65;64;65m████[38;2;104;93;93m████[38;2;183;168;104m██[38;2;57;52;65m██[38;2;74;129;189m██[38;2;0;0;0m██          
██[38;2;104;93;93m████[38;2;0;0;0m████  ██[38;2;65;64;65m██[38;2;191;172;87m██[38;2;57;68;90m██[38;2;115;124;112m██[38;2;65;64;57m██[38;2;186;172;95m██[38;2;191;172;87m██[38;2;65;64;65m██[38;2;106;93;90m██[38;2;117;165;200m████[38;2;106;93;90m██[38;2;65;64;65m██[38;2;115;165;197m██[38;2;65;64;65m██[38;2;104;93;93m██[38;2;120;110;84m██[38;2;246;226;123m██[38;2;0;0;0m██            
██[38;2;102;93;94m██[38;2;0;0;0m██    [38;2;8;4;0m██[38;2;123;170;197m██[38;2;115;165;197m██[38;2;65;64;65m██[38;2;191;172;87m██[38;2;65;64;65m██[38;2;76;129;191m██[38;2;65;64;65m██████[38;2;123;165;197m██[38;2;90;95;104m██[38;2;104;93;93m██[38;2;115;165;197m██[38;2;65;64;65m██[38;2;115;165;197m████[38;2;65;64;65m██[38;2;104;93;93m████[38;2;238;222;139m██[38;2;0;0;8m██          
  [38;2;0;0;0m██    ██[38;2;123;170;197m██[38;2;46;59;65m██[38;2;65;64;65m██[38;2;115;165;197m██[38;2;65;64;65m██[38;2;191;172;87m██[38;2;65;64;65m████[38;2;191;172;87m██[38;2;65;64;65m██[38;2;74;60;57m██[38;2;123;165;197m██[38;2;115;165;197m██[38;2;104;93;93m██[38;2;65;64;65m████[38;2;115;165;197m██[38;2;65;64;65m██[38;2;104;93;93m████[38;2;119;111;74m██[38;2;0;0;8m██          
        [38;2;0;0;0m██[38;2;45;64;94m██[38;2;82;129;189m██[38;2;65;64;65m████[38;2;76;129;191m██[38;2;65;64;65m██[38;2;189;170;90m████[38;2;65;64;65m██[38;2;76;129;191m██[38;2;93;132;167m██[38;2;65;64;74m██[38;2;104;93;93m████[38;2;65;64;65m██████[38;2;76;129;191m██[38;2;65;64;65m██[38;2;0;0;0m██[38;2;119;111;74m██[38;2;238;222;139m██[38;2;0;0;0m██        
          [38;2;8;0;0m██[38;2;82;129;189m██[38;2;76;129;191m████████[38;2;0;0;0m████[38;2;76;129;191m████[38;2;65;64;74m██[38;2;106;165;213m██[38;2;65;64;65m██[38;2;104;93;93m██[38;2;65;64;65m████[38;2;76;129;191m████[38;2;0;0;0m██  [38;2;0;0;8m████[38;2;0;0;0m██        
        ██[38;2;213;210;213m██[38;2;71;70;71m██[38;2;126;137;153m██[38;2;63;68;76m██[38;2;53;64;86m██[38;2;90;129;172m██[38;2;0;0;0m██  ██████[38;2;74;129;189m██[38;2;76;129;191m██[38;2;65;64;65m██[38;2;76;129;191m████[38;2;90;129;172m██[38;2;53;64;86m██[38;2;0;0;0m██                
          ██████[38;2;189;206;230m██[38;2;53;64;86m██[38;2;16;0;0m██          [38;2;0;0;0m██[38;2;65;64;65m██[38;2;76;129;191m████[38;2;65;64;65m██[38;2;53;64;86m██[38;2;16;0;0m██                  
                [38;2;0;0;0m████            ██[38;2;255;255;255m██[38;2;0;0;0m████[38;2;255;255;255m████[38;2;0;0;0m██                  
                                  ██    ████                    
[0m