                                                [38;2;0;4;0m██████████                
                      ██████████████  ██[38;2;0;0;0m████[38;2;0;4;0m████[38;2;165;135;200m██[38;2;132;81;173m██[38;2;165;135;200m██[38;2;231;243;255m██[38;2;255;239;255m██[38;2;0;0;8m██              
                  [38;2;0;4;0m████[38;2;255;255;255m██████[38;2;231;243;255m████[38;2;255;255;255m████[38;2;0;4;0m██[38;2;132;81;181m██[38;2;154;154;170m██[38;2;231;231;255m██[38;2;231;243;255m████████[38;2;165;135;200m██[38;2;132;81;173m██[38;2;127;119;131m██[38;2;0;0;8m██              
                [38;2;0;4;0m██[38;2;255;255;255m██[38;2;132;81;181m████[38;2;165;135;205m██[38;2;231;243;255m██[38;2;239;251;255m████[38;2;255;255;255m██████[38;2;230;244;255m██[38;2;132;81;181m██████[38;2;159;132;192m██[38;2;231;243;255m████[38;2;255;255;255m████████[38;2;0;4;0m██            
            ████[38;2;255;255;255m████████[38;2;132;81;181m████[38;2;123;81;173m██[38;2;161;137;200m██[38;2;160;133;193m██[38;2;255;255;255m██[38;2;230;244;255m████[38;2;231;243;255m████[38;2;159;132;192m██[38;2;132;81;181m██████[38;2;160;133;193m██[38;2;255;255;255m████[38;2;230;244;255m██[38;2;189;211;222m██[38;2;0;4;0m██          
          ██[38;2;255;255;255m██████████[38;2;230;244;255m████[38;2;255;255;255m██[38;2;123;81;173m██[38;2;167;139;200m██[38;2;132;81;181m████[38;2;165;135;205m██[38;2;231;243;255m██████[38;2;239;247;255m████[38;2;255;255;255m████[38;2;132;81;181m██████[38;2;165;135;205m██[38;2;140;162;181m██[38;2;0;4;0m██          
        ██[38;2;140;162;181m██[38;2;255;255;255m████████[38;2;230;244;255m████[38;2;255;255;255m████████[38;2;231;243;255m████[38;2;132;81;181m████████[38;2;160;133;193m██[38;2;239;247;255m██[38;2;255;255;255m████[38;2;239;251;255m████[38;2;231;243;255m██[38;2;132;81;181m██[38;2;0;4;0m██            
        ██[38;2;189;211;222m██[38;2;142;162;176m████[38;2;239;251;255m████[38;2;247;251;255m████[38;2;255;255;255m██████[38;2;230;244;255m██[38;2;228;244;255m████████[38;2;132;81;181m██████[38;2;173;139;205m██[38;2;255;255;255m████[38;2;228;244;255m████████[38;2;214;231;247m██[38;2;0;8;8m██          
        [38;2;0;4;0m██[38;2;189;211;222m██[38;2;66;65;66m████[38;2;140;162;177m██████[38;2;247;251;255m██[38;2;255;255;255m████[38;2;230;244;255m████[38;2;228;244;255m████████[38;2;239;251;255m████[38;2;255;255;255m██[38;2;132;81;181m██[38;2;123;81;173m██[38;2;167;139;200m██[38;2;228;244;255m████████[38;2;142;156;167m██[38;2;214;231;247m██[38;2;0;4;0m██        
          ██[38;2;255;255;255m██[38;2;230;244;255m██[38;2;66;65;66m████[38;2;189;211;231m██[38;2;148;162;176m██[38;2;142;162;176m████[38;2;231;243;255m████████[38;2;230;244;255m████[38;2;255;255;255m████████[38;2;222;247;255m██[38;2;99;65;115m██[38;2;126;86;175m██[38;2;153;152;194m██[38;2;139;162;177m████[38;2;189;211;225m████[38;2;0;4;0m██        
        ██[38;2;132;81;181m██[38;2;230;244;255m████[38;2;255;255;255m████[38;2;66;65;66m████████[38;2;140;162;177m██████[38;2;231;243;255m██[38;2;230;244;255m██[38;2;255;255;255m████████[38;2;230;244;255m██[38;2;160;156;185m██[38;2;99;65;115m██[38;2;126;86;175m██[38;2;181;219;214m██[38;2;189;211;222m██[38;2;139;162;177m██[38;2;189;211;225m████[38;2;0;4;0m██        
      ██[38;2;239;247;255m████[38;2;230;244;255m██[38;2;255;255;255m██████[38;2;239;251;255m████[38;2;228;244;255m████[38;2;66;65;66m████[38;2;189;211;222m██[38;2;148;162;170m██[38;2;139;162;177m████[38;2;255;255;255m████[38;2;139;162;177m████[38;2;143;162;175m██[38;2;99;65;115m██[38;2;123;87;172m██[38;2;189;215;222m██[38;2;189;211;222m██[38;2;139;162;177m██[38;2;189;211;231m██[38;2;66;65;66m██[38;2;140;162;181m██[38;2;0;4;0m██      
    ██[38;2;156;134;189m██[38;2;160;133;193m██[38;2;239;247;255m██[38;2;255;255;255m██████[38;2;132;81;181m██[38;2;123;81;173m██[38;2;161;137;200m██[38;2;228;244;255m████[38;2;231;247;255m██[38;2;148;156;160m██[38;2;66;65;66m██[38;2;189;211;222m████[38;2;139;162;177m██████[38;2;189;211;222m████[38;2;143;162;175m██[38;2;99;65;115m██[38;2;156;151;197m██[38;2;189;215;222m██[38;2;189;211;222m██[38;2;139;162;177m██[38;2;148;162;176m██[38;2;66;65;66m██[38;2;140;162;181m████[38;2;0;4;0m██    
  ██[38;2;255;255;255m██[38;2;230;244;255m██[38;2;159;132;195m████[38;2;159;141;192m██[38;2;247;255;247m██[38;2;239;251;255m████[38;2;145;135;181m██[38;2;140;81;181m██[38;2;142;158;167m████[38;2;82;81;82m██[38;2;197;197;197m██[38;2;66;65;66m██[38;2;189;211;222m██[38;2;189;211;225m████[38;2;139;162;177m██[38;2;189;211;222m██[38;2;189;211;225m████[38;2;143;162;175m██[38;2;99;65;115m██[38;2;139;162;177m██[38;2;189;211;222m██[38;2;142;162;176m████[38;2;66;65;66m██[38;2;142;162;176m██[38;2;95;97;95m██[38;2;142;162;175m██[38;2;0;4;0m██    
██[38;2;255;255;255m██[38;2;230;244;255m████[38;2;231;243;255m████[38;2;115;85;165m██[38;2;159;141;192m██[38;2;140;162;177m████[38;2;148;162;181m████[38;2;189;215;231m██[38;2;95;101;104m██[38;2;255;255;255m██[38;2;82;81;82m██[38;2;189;211;222m████[38;2;189;211;225m████[38;2;139;162;177m██[38;2;189;211;222m██[38;2;189;211;225m████[38;2;143;162;175m████[38;2;139;162;177m████[38;2;142;162;176m██[38;2;66;65;66m██[38;2;142;162;176m████[38;2;95;97;95m██[38;2;142;162;175m██[38;2;99;65;115m██[38;2;0;4;0m██  
██[38;2;140;162;181m██[38;2;134;152;162m████[38;2;139;162;177m████[38;2;132;81;181m██[38;2;189;211;222m██[38;2;222;207;156m██[38;2;74;52;107m██[38;2;247;211;66m████[38;2;134;120;145m██[38;2;95;86;101m██[38;2;255;255;255m██[38;2;170;175;172m██[38;2;66;65;66m██[38;2;189;211;222m██████[38;2;139;162;177m██[38;2;189;211;222m██[38;2;189;211;231m██[38;2;148;162;176m██[38;2;66;65;66m████[38;2;140;162;181m████[38;2;0;4;0m██[38;2;66;64;66m██[38;2;148;150;189m██[38;2;104;58;117m██[38;2;104;78;117m████[38;2;140;162;181m██[38;2;0;4;0m██  
  ██[38;2;8;12;8m██[38;2;198;223;239m██[38;2;189;211;222m██████[38;2;132;81;181m██[38;2;123;103;123m██[38;2;222;207;156m██[38;2;247;211;66m██[38;2;131;81;181m██[38;2;95;86;101m██[38;2;173;154;189m██[38;2;255;255;255m████[38;2;66;65;66m████[38;2;189;211;222m██[38;2;139;162;177m██[38;2;189;211;222m██[38;2;139;162;177m██[38;2;66;65;66m████[38;2;189;211;231m██[38;2;148;162;176m██[38;2;52;59;60m██[38;2;8;8;0m██  [38;2;0;4;0m██[38;2;104;58;117m██[38;2;126;104;153m██[38;2;132;73;173m██[38;2;90;81;90m██[38;2;140;162;181m████[38;2;0;4;0m██
      ██[38;2;90;97;95m████[38;2;95;97;95m████[38;2;189;199;239m██[38;2;129;123;151m████[38;2;189;199;239m██[38;2;90;89;82m██[38;2;255;255;255m██████[38;2;156;170;173m██[38;2;66;65;66m██[38;2;140;162;178m████[38;2;148;162;176m██[38;2;66;65;66m██[38;2;139;162;177m██[38;2;189;211;222m████[38;2;139;162;177m██[38;2;0;4;0m██      [38;2;16;4;8m██[38;2;90;83;90m██[38;2;140;162;177m████[38;2;99;81;101m██[38;2;231;243;255m██[38;2;0;4;0m██
      ██[38;2;66;65;57m██[38;2;140;162;173m██[38;2;142;162;175m████[38;2;99;85;107m████████[38;2;90;89;82m██[38;2;200;199;197m██[38;2;214;216;214m██[38;2;173;178;173m██[38;2;66;65;66m██[38;2;156;170;173m██[38;2;140;162;178m████[38;2;66;65;66m██[38;2;189;211;231m██[38;2;139;162;177m██[38;2;189;211;222m████[38;2;139;162;177m██[38;2;189;211;222m██[38;2;0;4;0m██  ██[38;2;239;243;255m██[38;2;90;83;90m██[38;2;231;243;255m████[38;2;99;81;101m██[38;2;231;243;255m██[38;2;0;4;0m██
      ██[38;2;140;158;181m██[38;2;74;48;74m██[38;2;66;65;66m██[38;2;142;162;176m██[38;2;140;162;181m████[38;2;0;4;0m██[38;2;140;162;181m██[38;2;0;4;0m██[38;2;94;97;94m██[38;2;231;231;222m██[38;2;156;158;150m██[38;2;0;4;0m██[38;2;140;162;181m████[38;2;0;4;0m██[38;2;76;69;82m██[38;2;198;207;231m██[38;2;99;63;115m████[38;2;99;65;115m████[38;2;189;211;222m██[38;2;0;4;0m██  ██[38;2;66;51;71m██[38;2;99;73;107m██[38;2;231;243;255m████[38;2;99;73;107m██[38;2;66;51;71m██[38;2;0;4;0m██
    ██[38;2;140;162;181m██[38;2;96;84;109m██[38;2;140;158;181m██[38;2;142;162;176m██[38;2;66;65;66m██[38;2;140;162;181m██[38;2;0;4;0m██  ██  ██[38;2;231;231;222m██[38;2;8;12;8m██  [38;2;0;4;0m████  [38;2;16;0;8m██[38;2;76;69;82m██[38;2;132;82;181m████[38;2;153;162;186m██[38;2;181;211;222m██[38;2;189;211;222m██[38;2;0;4;0m██    [38;2;0;8;0m████[38;2;0;4;0m████[38;2;0;8;0m████  
    [38;2;0;4;0m██[38;2;66;64;66m██[38;2;78;77;98m██[38;2;148;154;189m████[38;2;78;77;98m██[38;2;66;64;66m██[38;2;0;4;0m██        ██            ██[38;2;143;133;167m██[38;2;187;194;211m██[38;2;187;193;208m██[38;2;99;69;115m██[38;2;231;251;255m██[38;2;187;190;208m██[38;2;0;4;0m██                
      ██[38;2;8;0;8m████████[38;2;0;4;0m██                      ██[38;2;231;243;255m██[38;2;99;73;123m██[38;2;231;255;255m████[38;2;99;69;115m████[38;2;231;251;255m██[38;2;0;4;0m██                
                                        ██[38;2;132;81;181m██[38;2;85;79;90m██[38;2;239;239;255m██[38;2;239;227;255m██[38;2;119;113;131m██[38;2;99;65;115m██[38;2;0;4;0m██                  
                                          ██[38;2;8;0;8m████[38;2;0;0;8m████[38;2;0;4;0m██                    
[0m