        [38;2;0;0;0m████                              
      ██[38;2;82;140;214m██[38;2;0;0;0m██      ████                    
    ██[38;2;82;140;214m██[38;2;0;0;0m██      ██[38;2;107;181;255m██[38;2;0;0;0m██    ████            
  ██[38;2;82;140;214m██[38;2;0;0;0m██      ██[38;2;107;181;255m██[38;2;0;0;0m██    ██[38;2;107;181;255m██[38;2;82;140;214m██[38;2;0;0;0m██          
  ██[38;2;82;140;214m██[38;2;0;0;0m██  ████[38;2;107;181;255m██[38;2;0;0;0m██    ██[38;2;107;181;255m██[38;2;65;65;65m██[38;2;107;181;255m██[38;2;0;0;0m██          
██[38;2;82;140;214m██[38;2;0;0;0m██  ██[38;2;65;65;65m██[38;2;107;181;255m██[38;2;65;65;65m██[38;2;189;189;189m██[38;2;0;0;0m██████[38;2;107;181;255m████[38;2;0;0;0m██    ████    
██[38;2;82;140;214m██[38;2;65;65;65m██[38;2;0;0;0m██[38;2;189;189;189m██[38;2;65;65;65m██[38;2;107;181;255m██[38;2;65;65;65m██[38;2;189;189;189m████████[38;2;82;140;214m██[38;2;0;0;0m██    ██[38;2;107;181;255m████[38;2;0;0;0m██  
  ██[38;2;82;140;214m██[38;2;65;65;65m████[38;2;107;181;255m██[38;2;65;65;65m██[38;2;189;189;189m██[38;2;0;0;0m██[38;2;189;189;189m██████████[38;2;0;0;0m██████[38;2;74;107;165m██[38;2;82;140;214m██[38;2;74;107;165m██[38;2;0;0;0m██
    ██[38;2;107;181;255m████████[38;2;65;65;65m██[38;2;189;189;189m████[38;2;65;65;65m████[38;2;189;189;189m██[38;2;140;140;140m██████████[38;2;74;107;165m██[38;2;107;181;255m██[38;2;0;0;0m██
    ██[38;2;82;140;214m██[38;2;0;0;0m██[38;2;107;181;255m██[38;2;82;140;214m██[38;2;65;65;65m██[38;2;140;140;140m██████[38;2;65;65;65m██████[38;2;140;140;140m██[38;2;65;65;65m████[38;2;140;140;140m██[38;2;74;107;165m██[38;2;82;140;214m██[38;2;0;0;0m██
      ██[38;2;82;140;214m████[38;2;65;65;65m██[38;2;107;181;255m██[38;2;65;65;65m██[38;2;0;0;0m████[38;2;140;140;140m████[38;2;65;65;65m██████[38;2;140;140;140m██[38;2;0;0;0m██[38;2;107;181;255m██[38;2;74;107;165m██[38;2;0;0;0m██
        ████  ████    ████[38;2;140;140;140m██████[38;2;0;0;0m██  ████  
                          ██████          
[0m