                                      [38;2;20;20;20m████                              
                      [38;2;24;20;24m██[38;2;20;20;20m██        [38;2;24;20;24m██[38;2;16;20;24m██[38;2;140;121;107m██[38;2;24;20;24m██          ████                
                    ██[38;2;139;123;106m██[38;2;20;20;20m██      [38;2;24;20;24m██[38;2;139;123;106m██[38;2;140;121;107m██[38;2;78;70;65m██[38;2;65;64;65m██[38;2;24;20;24m██    [38;2;20;20;20m████[38;2;139;123;106m██[38;2;24;20;24m██                
                    ██[38;2;139;123;106m██[38;2;24;20;24m██  [38;2;16;20;24m████[38;2;66;65;66m████[38;2;142;124;104m████[38;2;148;125;99m████[38;2;24;20;24m████[38;2;140;117;99m████[38;2;247;134;82m████[38;2;20;20;20m██              
                  ██[38;2;139;123;106m████[38;2;65;64;65m██[38;2;24;20;24m██[38;2;76;70;65m██[38;2;137;120;106m██[38;2;142;124;104m████[38;2;66;65;66m██[38;2;142;124;104m██[38;2;255;255;247m██[38;2;183;168;148m██[38;2;139;123;106m████[38;2;247;125;74m██[38;2;193;121;86m██[38;2;247;134;82m██[38;2;142;122;104m██[38;2;20;20;20m██              
                  [38;2;24;20;24m██[38;2;142;123;104m████[38;2;142;124;104m████[38;2;142;123;104m████[38;2;142;124;104m██[38;2;66;65;66m██[38;2;198;178;132m██[38;2;255;255;255m██[38;2;197;178;131m████[38;2;255;255;255m██[38;2;198;178;132m██[38;2;189;171;142m██[38;2;156;130;90m██[38;2;145;117;90m██[38;2;222;158;107m██[38;2;198;101;57m██[38;2;24;20;24m██            
                ██[38;2;139;123;106m██[38;2;142;123;104m████[38;2;66;65;66m██[38;2;142;124;104m██[38;2;142;123;104m████[38;2;142;124;104m██[38;2;66;65;66m██[38;2;255;255;255m████████[38;2;198;178;132m████[38;2;255;255;247m██[38;2;189;171;142m██[38;2;222;158;107m██[38;2;107;97;82m██[38;2;24;20;24m██  [38;2;20;20;20m██████████  
              ██[38;2;142;123;104m████[38;2;129;128;120m██[38;2;66;65;57m██[38;2;139;122;101m████[38;2;142;123;104m████[38;2;68;64;66m██[38;2;206;178;132m██[38;2;255;255;247m██[38;2;168;164;152m██[38;2;198;178;132m██[38;2;255;255;255m██████████[38;2;197;189;189m████[38;2;111;101;94m██[38;2;24;16;8m██[38;2;222;182;165m██[38;2;79;60;55m██[38;2;247;134;82m██████[38;2;24;20;24m██
              [38;2;20;20;20m██[38;2;214;199;181m██[38;2;142;123;104m██[38;2;66;65;57m██[38;2;255;255;247m██[38;2;255;255;255m██[38;2;139;122;101m██[38;2;142;123;104m████[38;2;137;121;99m██[38;2;68;64;66m██[38;2;82;73;57m██[38;2;255;255;247m██[38;2;198;178;132m████[38;2;200;191;175m██[38;2;145;128;95m██[38;2;200;191;175m██[38;2;145;128;95m██[38;2;197;189;189m██[38;2;115;97;74m██[38;2;198;186;181m████[38;2;79;60;55m██[38;2;150;121;110m██[38;2;194;102;60m██[38;2;247;134;82m██[38;2;24;20;24m██  
            ██[38;2;139;123;106m██[38;2;142;124;104m██[38;2;66;65;66m██[38;2;255;255;255m██[38;2;24;20;8m██[38;2;255;255;255m████[38;2;142;124;104m██[38;2;66;65;66m██[38;2;142;124;104m██████[38;2;66;65;66m████[38;2;144;125;99m██[38;2;173;117;82m██[38;2;68;57;49m██[38;2;65;64;65m██[38;2;24;20;24m██[38;2;82;79;73m████[38;2;198;190;189m████[38;2;90;66;57m██[38;2;156;120;106m██[38;2;20;20;20m████    
            [38;2;24;20;24m██[38;2;139;123;106m██[38;2;66;65;66m████[38;2;101;98;90m██[38;2;255;255;255m████[38;2;139;122;101m██[38;2;66;65;66m██[38;2;142;124;104m██[38;2;66;65;66m██[38;2;142;124;104m██████[38;2;144;125;99m██[38;2;66;65;66m██[38;2;16;28;33m██[38;2;173;117;82m██[38;2;24;20;24m██  [38;2;24;24;16m██[38;2;198;190;189m██[38;2;66;65;66m████[38;2;222;174;156m██[38;2;24;12;8m██        
          [38;2;20;20;20m██[38;2;142;123;104m████████[38;2;66;65;66m██[38;2;104;94;85m██[38;2;142;124;104m██████[38;2;66;65;66m██[38;2;142;124;104m████[38;2;132;121;107m██[38;2;74;68;65m██[38;2;20;20;20m████  ██[38;2;198;101;57m██[38;2;24;20;24m██  [38;2;20;20;20m██[38;2;198;105;66m██[38;2;76;53;44m██[38;2;66;60;57m██[38;2;192;106;68m██[38;2;24;20;24m██      
      [38;2;20;20;20m██  ██[38;2;112;96;76m██[38;2;142;123;104m████[38;2;112;96;76m██[38;2;142;124;104m██████[38;2;66;65;66m████[38;2;142;124;104m████[38;2;66;65;66m██[38;2;74;68;65m██[38;2;16;16;24m██      [38;2;20;20;20m██[38;2;24;20;24m██    [38;2;20;20;20m██[38;2;198;105;66m██[38;2;16;28;33m██[38;2;192;106;68m██[38;2;255;130;74m██[38;2;247;134;82m██[38;2;24;20;24m██    
    [38;2;16;16;16m██[38;2;198;186;189m██[38;2;24;24;24m██[38;2;106;91;79m██[38;2;255;255;255m██[38;2;90;81;74m██[38;2;82;77;66m██[38;2;255;255;255m██[38;2;66;65;66m██████[38;2;142;124;104m██[38;2;139;123;106m██[38;2;24;20;24m██[38;2;71;56;46m██[38;2;181;113;74m██[38;2;195;103;60m████[38;2;24;20;24m████            [38;2;20;20;20m██  [38;2;24;20;24m██[38;2;247;134;82m████[38;2;24;20;24m██    
    [38;2;16;16;16m██[38;2;76;72;73m██[38;2;148;125;107m██[38;2;106;91;79m██[38;2;255;255;255m██[38;2;90;81;74m██[38;2;82;77;66m████[38;2;142;124;104m████████[38;2;24;20;24m██  [38;2;16;28;33m██[38;2;126;84;60m██[38;2;195;103;60m████[38;2;247;134;82m████[38;2;20;20;20m██                [38;2;24;20;24m██[38;2;247;134;82m████[38;2;20;20;20m██  
  [38;2;24;20;24m██[38;2;142;124;104m██[38;2;66;65;66m██████[38;2;78;70;65m██[38;2;140;121;107m██[38;2;139;123;106m████[38;2;142;124;104m████[38;2;66;65;66m████[38;2;20;20;20m██  [38;2;24;20;24m██[38;2;115;95;78m██[38;2;247;134;82m████[38;2;178;100;62m██[38;2;255;138;82m██[38;2;20;20;20m██                  ██████  
[38;2;24;20;24m██[38;2;139;123;106m██[38;2;142;124;104m████████[38;2;140;121;107m██[38;2;16;20;24m██[38;2;24;20;24m████[38;2;66;65;66m████[38;2;192;102;60m████[38;2;20;20;20m██    [38;2;24;20;24m██[38;2;142;122;104m██[38;2;247;134;82m██[38;2;255;138;82m██[38;2;24;24;24m██                            
  [38;2;20;20;20m████████████      [38;2;24;20;24m██[38;2;198;101;57m████[38;2;24;20;24m██[38;2;20;20;20m██      [38;2;24;20;24m██[38;2;139;123;106m██[38;2;231;146;99m██[38;2;16;24;24m██                            
                    [38;2;24;20;24m██[38;2;198;101;57m██[38;2;24;20;24m██            ██[38;2;159;105;74m██[38;2;16;24;24m██                            
                    [38;2;20;20;20m████                ██                              
[0m