                                    [38;2;33;32;33m██[38;2;0;0;0m████                                      
                                  [38;2;33;32;33m██[38;2;231;243;255m██████[38;2;0;0;0m██                                    
                              ████[38;2;136;145;148m██[38;2;231;243;255m██[38;2;228;244;255m████[38;2;0;0;0m██                                    
                            ██[38;2;165;190;189m████[38;2;136;145;148m██[38;2;231;243;255m██[38;2;228;244;255m████[38;2;231;243;255m██[38;2;0;0;0m██████                              
                            ██[38;2;154;164;170m████[38;2;228;244;255m████[38;2;231;243;255m██████[38;2;136;145;148m██[38;2;231;243;255m██[38;2;165;190;189m██[38;2;0;0;0m██                            
                              ██[38;2;231;247;255m██[38;2;228;244;255m████[38;2;231;243;255m██[38;2;136;145;148m██[38;2;231;243;255m████████[38;2;0;0;0m██                            
                              ██[38;2;231;243;255m████[38;2;136;145;148m██[38;2;66;65;66m██[38;2;170;186;192m██[38;2;228;244;255m████[38;2;140;146;148m██[38;2;0;0;0m██                              
                            ██[38;2;231;243;255m████[38;2;136;145;148m██[38;2;231;243;255m██[38;2;66;65;66m██[38;2;222;247;255m██[38;2;228;244;255m████[38;2;0;0;0m██                                
                          [38;2;8;8;8m██[38;2;239;251;255m██[38;2;231;243;255m██[38;2;136;145;148m██[38;2;228;244;255m████████████[38;2;231;243;255m██[38;2;0;0;0m██                              
      ████              ██[38;2;85;89;90m████[38;2;231;243;255m████[38;2;228;244;255m████████████[38;2;231;243;255m██[38;2;0;0;0m██                  ████        
    ██[38;2;165;190;189m████[38;2;0;0;0m██            ██[38;2;189;239;255m████[38;2;82;162;214m██[38;2;231;255;255m██[38;2;189;227;255m████[38;2;66;65;66m██[38;2;173;231;255m██[38;2;231;243;255m████[38;2;228;244;255m████[38;2;0;0;0m██              [38;2;8;4;0m██[38;2;231;247;255m██[38;2;148;156;159m██[38;2;0;0;0m████    
  ██[38;2;165;190;189m██[38;2;82;79;68m████[38;2;94;97;94m██[38;2;0;0;0m██            ██[38;2;63;79;85m██[38;2;181;224;241m████[38;2;66;65;66m████[38;2;173;231;255m████[38;2;156;207;255m██[38;2;231;243;255m██[38;2;228;244;255m████[38;2;66;65;66m██[38;2;0;0;0m██          ██[38;2;82;85;85m████[38;2;148;156;159m██[38;2;222;235;239m██[38;2;231;243;255m██[38;2;0;0;0m██  
  [38;2;16;8;0m██[38;2;68;70;63m██[38;2;93;95;95m████[38;2;82;93;90m██[38;2;0;0;0m██          ██[38;2;74;121;165m██[38;2;181;243;255m██████[38;2;186;243;255m████████[38;2;74;121;165m██[38;2;231;243;255m██[38;2;228;244;255m████████[38;2;0;0;0m████      ██[38;2;82;78;68m██[38;2;66;65;66m██[38;2;82;81;73m████[38;2;148;159;164m██[38;2;0;0;0m██  
██[38;2;173;195;189m██[38;2;68;70;63m██[38;2;79;77;68m████[38;2;165;186;181m██[38;2;0;0;0m██      ████[38;2;165;190;189m██[38;2;74;121;165m██[38;2;181;243;255m██[38;2;82;153;205m██[38;2;181;243;255m██[38;2;186;243;255m████████[38;2;74;121;165m██[38;2;231;243;255m██[38;2;228;244;255m████████[38;2;231;243;255m████[38;2;0;0;0m██████[38;2;165;190;189m██[38;2;66;65;66m████[38;2;99;97;90m██[38;2;66;65;57m██[38;2;222;239;247m████[38;2;0;0;0m██
██[38;2;82;73;66m██[38;2;109;110;107m████[38;2;82;73;66m██[38;2;164;190;189m████[38;2;0;0;0m██████[38;2;165;190;189m████[38;2;77;122;167m██[38;2;198;243;255m████[38;2;74;124;167m██[38;2;206;243;255m████[38;2;74;124;167m██[38;2;198;243;255m████[38;2;206;243;255m██[38;2;74;124;167m██[38;2;231;243;255m██[38;2;66;65;66m██[38;2;231;243;255m████[38;2;228;244;255m████████[38;2;231;243;255m██[38;2;165;190;189m████[38;2;82;79;68m██[38;2;66;65;66m██[38;2;94;97;94m██[38;2;66;69;66m██[38;2;222;247;255m██[38;2;0;0;0m██
██[38;2;165;186;189m██[38;2;82;73;66m████[38;2;165;186;189m██[38;2;164;190;189m████[38;2;165;190;189m██████████[38;2;77;122;167m██[38;2;198;243;255m██[38;2;74;121;165m██[38;2;74;124;167m██[38;2;206;243;255m████[38;2;74;124;167m██[38;2;74;121;165m██[38;2;198;243;255m██[38;2;206;243;255m██[38;2;74;124;167m██[38;2;231;243;255m████[38;2;66;65;66m████[38;2;228;244;255m████████[38;2;231;243;255m████[38;2;165;190;189m████[38;2;66;65;66m████[38;2;170;187;192m████[38;2;0;0;0m██
██[38;2;165;190;189m████[38;2;164;190;189m████████████[38;2;165;190;189m████[38;2;0;0;0m██[38;2;82;79;70m██[38;2;74;121;165m████[38;2;247;251;255m████[38;2;255;255;255m██[38;2;74;121;165m██[38;2;231;243;255m██[38;2;74;121;165m██[38;2;239;251;255m██[38;2;74;121;165m██[38;2;228;244;255m████[38;2;165;190;189m████[38;2;74;79;82m██[38;2;222;239;247m██[38;2;231;243;255m████[38;2;228;244;255m████[38;2;231;243;255m██[38;2;165;190;189m████████[38;2;0;0;0m██  
  ██[38;2;165;190;189m██[38;2;164;190;189m████████████[38;2;0;0;0m████  ██[38;2;231;243;255m████[38;2;74;121;165m██[38;2;247;251;255m██[38;2;255;255;255m██[38;2;74;121;165m██[38;2;231;243;255m████[38;2;74;121;165m██[38;2;239;251;255m██[38;2;228;244;255m████[38;2;231;243;255m██[38;2;165;190;189m██[38;2;74;79;82m██[38;2;0;0;0m████[38;2;231;243;255m██[38;2;228;244;255m████[38;2;231;243;255m████████[38;2;0;0;0m██    
    ████[38;2;165;190;189m██████[38;2;0;0;0m████      ██[38;2;228;244;255m████[38;2;231;243;255m██[38;2;74;121;165m██[38;2;239;251;255m██[38;2;74;121;165m██[38;2;228;244;255m████████████████[38;2;0;0;0m██    ████[38;2;231;243;255m██████[38;2;0;0;0m████      
        ██████        ██[38;2;231;243;255m██[38;2;228;244;255m████[38;2;231;243;255m████[38;2;74;121;165m██[38;2;239;251;255m██[38;2;228;244;255m████████████████[38;2;231;243;255m██[38;2;0;0;0m██      ██████          
                      [38;2;0;8;8m██[38;2;231;251;255m██[38;2;228;244;255m████[38;2;82;81;66m████[38;2;231;243;255m████[38;2;228;244;255m████████████████[38;2;231;243;255m██[38;2;0;0;0m██                      
                    ██[38;2;154;170;172m██[38;2;231;251;255m██[38;2;228;244;255m████[38;2;82;81;66m██[38;2;231;243;255m██[38;2;136;145;148m██[38;2;231;243;255m██[38;2;228;244;255m████████████████[38;2;231;243;255m██[38;2;0;0;0m██                      
                    ██[38;2;164;190;189m████[38;2;222;243;255m██[38;2;82;81;66m██[38;2;132;150;148m██[38;2;165;182;183m██[38;2;228;244;255m████[38;2;231;243;255m████[38;2;228;244;255m████[38;2;231;243;255m████[38;2;228;244;255m████████[38;2;0;0;0m██                    
                  ██[38;2;165;190;189m██[38;2;164;190;189m████[38;2;175;189;192m██[38;2;82;81;66m██[38;2;231;247;255m████[38;2;228;244;255m████[38;2;165;190;189m██[38;2;231;243;255m██[38;2;228;244;255m████[38;2;231;243;255m██[38;2;165;190;189m██[38;2;228;244;255m████████[38;2;0;0;0m██                    
                  ██[38;2;165;190;189m██[38;2;164;190;189m████████[38;2;82;79;68m██[38;2;165;190;189m██[38;2;222;243;255m██[38;2;172;189;192m██[38;2;165;190;189m████[38;2;231;243;255m████[38;2;165;190;189m██[38;2;231;243;255m██[38;2;228;244;255m████████[38;2;0;0;0m██                    
                  ██[38;2;165;190;189m██[38;2;164;190;189m████████[38;2;165;190;189m████[38;2;172;189;192m██[38;2;74;81;66m██[38;2;0;0;0m██[38;2;165;190;189m██[38;2;82;81;66m██[38;2;231;243;255m██████[38;2;228;244;255m████████[38;2;231;243;255m██[38;2;0;0;0m██                  
                    ██[38;2;164;190;189m████████[38;2;165;190;189m████[38;2;0;0;0m████  ████[38;2;165;190;189m██[38;2;228;244;255m████████████[38;2;231;243;255m██[38;2;0;0;0m██                  
                    ██[38;2;164;190;189m████████[38;2;165;190;189m██[38;2;0;0;0m██          ██[38;2;228;244;255m████████████[38;2;231;243;255m██[38;2;0;0;0m██                  
                    ██[38;2;115;134;132m██[38;2;173;199;198m████[38;2;115;134;132m██[38;2;165;190;189m██[38;2;0;0;0m██            ██[38;2;231;243;255m██████████[38;2;0;0;0m██                    
                      [38;2;0;4;0m████████[38;2;0;0;0m██              ██[38;2;231;243;255m████[38;2;0;0;0m██[38;2;231;243;255m██[38;2;165;190;189m██[38;2;231;243;255m██[38;2;0;0;0m██                  
                                                ████  ██████                    
[0m