                          [38;2;0;0;0m████                    
                          ████                    
        ████            [38;2;65;65;65m██[38;2;0;0;0m██    ████              
      ██[38;2;65;65;65m██[38;2;189;148;66m██[38;2;0;0;0m██        [38;2;65;65;65m██[38;2;0;0;0m██    [38;2;65;65;65m██[38;2;0;0;0m████              
      ██[38;2;115;115;115m████[38;2;189;148;66m██[38;2;0;0;0m██    ████    [38;2;65;65;65m██[38;2;0;0;0m████                
      ██[38;2;115;115;115m████[38;2;189;148;66m██[38;2;65;65;65m██[38;2;0;0;0m██████    ████        ████████    
        ██[38;2;115;115;115m██[38;2;65;65;65m████[38;2;115;115;115m██████[38;2;0;0;0m████        ████[38;2;255;189;58m████████[38;2;0;0;0m██  
        ██[38;2;65;65;65m██[38;2;115;115;115m██████[38;2;65;65;65m██[38;2;0;0;0m██        ████[38;2;255;189;58m████[38;2;115;115;115m██████[38;2;255;189;58m████[38;2;0;0;0m██
      ██[38;2;255;255;255m██[38;2;115;115;115m██████[38;2;255;255;255m████[38;2;0;0;0m██      ██[38;2;255;189;58m████[38;2;115;115;115m████████████[38;2;255;189;58m██[38;2;0;0;0m██
    ██[38;2;255;255;255m████[38;2;115;115;115m██[38;2;255;255;255m██████████[38;2;0;0;0m██  ██[38;2;255;189;58m██[38;2;115;115;115m████[38;2;239;115;107m████[38;2;115;115;115m████████[38;2;0;0;0m██  
    ██[38;2;74;107;206m██[38;2;255;255;255m████████[38;2;74;165;255m████[38;2;255;255;255m██[38;2;214;214;214m██[38;2;0;0;0m██[38;2;255;189;58m██[38;2;115;115;115m████████[38;2;239;115;107m██[38;2;115;115;115m████████[38;2;0;0;0m██  
    ██[38;2;74;165;255m██[38;2;255;255;255m██████[38;2;74;165;255m██[38;2;255;255;255m██[38;2;74;107;206m██[38;2;214;214;214m██[38;2;189;189;189m██[38;2;65;65;65m██[38;2;115;115;115m██[38;2;189;148;66m██[38;2;255;189;58m████[38;2;115;115;115m████[38;2;255;189;58m██[38;2;115;115;115m████[38;2;0;0;0m██    
    ██[38;2;214;214;214m██[38;2;255;255;255m██████[38;2;74;165;255m██[38;2;0;0;0m██[38;2;74;107;206m██[38;2;189;189;189m████[38;2;65;65;65m██[38;2;189;148;66m██[38;2;255;189;58m████[38;2;189;148;66m██[38;2;115;115;115m██[38;2;255;189;58m████[38;2;115;115;115m██[38;2;0;0;0m██      
      ██[38;2;115;115;115m██[38;2;214;214;214m████[38;2;74;165;255m██[38;2;74;107;206m██[38;2;74;165;255m██[38;2;189;189;189m██[38;2;65;65;65m██[38;2;189;148;66m██[38;2;255;189;58m██[38;2;189;148;66m██[38;2;115;115;115m████[38;2;255;189;58m████[38;2;115;115;115m██[38;2;0;0;0m██        
    ██████[38;2;189;189;189m████████[38;2;65;65;65m████[38;2;115;115;115m██████████[38;2;255;189;58m██[38;2;189;148;66m██[38;2;115;115;115m██[38;2;0;0;0m██          
  ██      ██[38;2;65;65;65m██[38;2;115;115;115m████[38;2;214;214;214m██[38;2;189;189;189m██[38;2;65;65;65m██████[38;2;115;115;115m██████████[38;2;0;0;0m██          
██  [38;2;65;65;65m██[38;2;0;0;0m██    ██[38;2;214;214;214m████[38;2;115;115;115m████[38;2;65;65;65m██[38;2;115;115;115m██[38;2;74;165;255m██[38;2;74;107;206m██[38;2;65;65;65m████[38;2;0;0;0m████            
██  [38;2;65;65;65m██  [38;2;0;0;0m██  ██[38;2;115;115;115m██[38;2;214;214;214m████[38;2;115;115;115m██[38;2;65;65;65m██[38;2;115;115;115m██[38;2;74;165;255m██████[38;2;115;115;115m██[38;2;0;0;0m██              
██[38;2;65;65;65m██    [38;2;0;0;0m██  ██[38;2;189;189;189m██[38;2;115;115;115m██[38;2;65;65;65m██[38;2;189;189;189m██[38;2;214;214;214m██[38;2;65;65;65m██[38;2;239;115;107m██[38;2;206;99;66m██[38;2;115;115;115m██████[38;2;0;0;0m██            
  ██████      ██████[38;2;189;189;189m████[38;2;0;0;0m████[38;2;239;115;107m████[38;2;115;115;115m████[38;2;0;0;0m██            
                    ████    ██[38;2;115;115;115m████[38;2;0;0;0m████            
                              ████  ████          
                                      ██████      
                                        ████      
[0m