        [38;2;0;0;0m████████                        
      ██[38;2;247;239;74m████████[38;2;0;0;0m██                      
    ██[38;2;247;239;74m████████████[38;2;0;0;0m██████                
    ██[38;2;247;239;74m████████████[38;2;0;0;0m██  ████              
  ██[38;2;247;239;74m████████████[38;2;206;197;107m████[38;2;65;65;65m██[38;2;99;173;74m██[38;2;0;0;0m██              
  ██[38;2;247;239;74m██████[38;2;0;0;0m██[38;2;247;239;74m████[38;2;206;197;107m████[38;2;65;65;65m██[38;2;99;173;74m██[38;2;0;0;0m██  ████████    
  ██[38;2;247;239;74m██████████[38;2;206;197;107m████[38;2;65;65;65m██[38;2;99;173;74m████[38;2;0;0;0m████[38;2;140;206;123m████[38;2;99;173;74m████[38;2;0;0;0m██  
  ██[38;2;247;239;74m████████[38;2;206;197;107m██████[38;2;0;0;0m████[38;2;65;65;65m██[38;2;140;206;123m██[38;2;66;123;66m██████[38;2;140;206;123m██████[38;2;0;0;0m██
██[38;2;65;65;65m██████[38;2;206;197;107m████████[38;2;0;0;0m██    ████[38;2;140;206;123m██████[38;2;99;173;74m██[38;2;0;0;0m████  
██[38;2;247;181;181m██████[38;2;65;65;65m██[38;2;206;197;107m██[38;2;0;0;0m████    ██    ████████      
  ██[38;2;65;65;65m██[38;2;214;140;156m████[38;2;0;0;0m██    ████████                
    ██████    ████    ██                
              ██      ████              
              ██████    ████            
                ██      ██  ██          
[0m