                      [38;2;0;4;0m██                            
                    ██[38;2;255;186;206m██[38;2;8;12;0m██[38;2;0;8;0m████                      
      [38;2;0;4;0m████        ██[38;2;94;97;94m██[38;2;172;128;137m████[38;2;123;93;99m██[38;2;247;178;198m██[38;2;0;4;0m██                    
    ██[38;2;164;190;189m████[38;2;0;4;0m██  ████[38;2;255;178;198m██████████[38;2;205;135;144m██[38;2;0;4;0m██  ████              
    ██[38;2;164;190;189m████[38;2;165;190;189m██[38;2;0;4;0m██[38;2;94;97;94m████[38;2;95;96;93m██████[38;2;255;178;198m████████[38;2;0;4;0m██[38;2;255;255;255m████[38;2;0;4;0m██            
    ██[38;2;165;190;189m████[38;2;107;85;82m████[38;2;255;255;255m██████████[38;2;95;95;95m██[38;2;99;93;99m██[38;2;203;193;203m██[38;2;95;95;95m██[38;2;255;255;255m██████[38;2;0;4;0m██            
      [38;2;8;4;0m██[38;2;86;97;94m██[38;2;255;243;247m██[38;2;156;137;137m██[38;2;198;93;107m████████[38;2;255;255;255m████[38;2;255;243;255m██[38;2;99;93;99m██[38;2;255;255;255m████████[38;2;0;4;0m██            
      [38;2;16;0;0m██[38;2;255;243;247m██[38;2;206;97;107m██[38;2;238;173;189m██[38;2;255;208;225m████[38;2;255;207;222m██[38;2;255;177;200m██[38;2;197;95;103m████[38;2;255;255;255m██████████[38;2;0;4;0m██              
      [38;2;16;0;0m██[38;2;135;121;123m██[38;2;238;173;189m██[38;2;255;211;231m██[38;2;255;208;225m████[38;2;255;177;200m████[38;2;255;178;198m████[38;2;198;93;107m██[38;2;255;255;255m████████[38;2;0;4;0m██              
    ██[38;2;208;182;195m██[38;2;198;93;107m██[38;2;247;247;247m██[38;2;82;82;82m██[38;2;255;177;200m████████[38;2;255;178;198m████[38;2;198;93;107m██[38;2;255;243;255m██[38;2;255;255;255m████[38;2;0;4;0m██                
    ██[38;2;198;93;107m██[38;2;208;182;195m██[38;2;0;0;0m██[38;2;82;82;82m██[38;2;255;177;200m██████[38;2;255;255;255m██[38;2;66;65;66m██[38;2;255;178;198m██[38;2;236;193;205m██[38;2;198;93;107m██[38;2;255;255;255m██████[38;2;0;4;0m██              
      [38;2;0;8;0m██[38;2;255;186;206m██[38;2;168;153;156m██[38;2;82;56;57m██[38;2;205;135;144m████[38;2;206;182;198m██[38;2;0;4;0m██[38;2;66;65;66m██[38;2;255;178;198m████[38;2;197;95;103m██[38;2;255;255;255m██[38;2;95;95;95m██[38;2;103;77;82m██[38;2;0;8;8m██              
      [38;2;0;8;0m██[38;2;170;126;137m██[38;2;255;251;255m████[38;2;255;255;255m████[38;2;206;182;198m██[38;2;68;63;66m██[38;2;255;178;198m██████[38;2;197;95;103m██[38;2;255;255;255m██[38;2;95;95;95m██[38;2;206;146;156m██[38;2;0;8;8m██              
      [38;2;0;0;0m██[38;2;247;251;247m██[38;2;74;77;74m████[38;2;66;65;66m██[38;2;255;255;255m██████[38;2;205;135;144m██[38;2;255;178;198m██[38;2;255;177;200m████[38;2;189;105;107m██[38;2;211;130;140m██[38;2;206;138;148m██[38;2;0;4;0m██              
      [38;2;0;0;0m██[38;2;82;83;82m██[38;2;255;255;255m██[38;2;74;77;74m██[38;2;255;255;255m██████[38;2;164;190;189m██[38;2;205;135;144m██[38;2;255;178;198m██[38;2;255;177;200m████[38;2;255;182;206m██[38;2;211;130;140m██[38;2;206;138;148m██[38;2;0;4;0m██              
    ██[38;2;95;97;95m████[38;2;66;60;66m██[38;2;165;186;189m██[38;2;165;190;189m████[38;2;197;95;103m████[38;2;255;177;200m████████[38;2;206;136;145m████[38;2;206;142;148m██[38;2;0;8;8m██              
  [38;2;0;4;0m██[38;2;94;97;94m██[38;2;95;97;95m████[38;2;99;102;107m██[38;2;66;60;66m██[38;2;197;95;107m████[38;2;255;178;198m████[38;2;255;177;200m████████[38;2;206;136;145m████[38;2;68;52;54m██[38;2;0;8;8m██              
  [38;2;8;8;0m██[38;2;99;101;99m██[38;2;95;97;95m████[38;2;94;97;94m██[38;2;66;65;66m██[38;2;206;138;148m████[38;2;255;178;198m████████[38;2;247;174;198m██[38;2;57;65;66m██[38;2;66;65;66m████[38;2;95;97;95m████[38;2;0;4;0m██            
██[38;2;68;70;66m██[38;2;99;101;99m██[38;2;95;97;95m████[38;2;94;97;94m██[38;2;66;65;66m██████████████[38;2;57;65;66m██[38;2;120;101;110m██[38;2;94;97;94m████[38;2;95;97;95m████[38;2;0;4;0m██            
██[38;2;82;78;68m████[38;2;94;97;94m████[38;2;66;65;66m██[38;2;82;78;68m██[38;2;82;81;66m██[38;2;94;97;94m██[38;2;95;97;95m████████████[38;2;94;97;94m████[38;2;95;97;95m████[38;2;94;97;94m██[38;2;0;4;0m██          
██[38;2;66;65;66m██[38;2;82;78;68m██[38;2;66;65;66m████[38;2;82;78;68m████[38;2;94;97;94m████[38;2;95;97;95m████████████[38;2;94;97;94m██[38;2;66;65;66m██[38;2;95;97;95m████[38;2;94;97;94m████[38;2;0;4;0m██        
  ████[38;2;77;74;68m████[38;2;79;77;68m████[38;2;95;97;95m████████████████[38;2;94;97;94m██[38;2;66;65;66m██[38;2;94;97;94m████[38;2;95;97;95m████[38;2;94;97;94m██[38;2;0;4;0m████    
      ██[38;2;77;74;68m██[38;2;79;77;68m██[38;2;93;95;95m██[38;2;95;97;95m████████████████[38;2;94;97;94m██[38;2;66;65;66m██[38;2;82;81;66m██[38;2;94;97;94m██[38;2;95;97;95m████[38;2;94;97;94m██████[38;2;0;4;0m██  
      ██[38;2;82;78;68m██[38;2;79;77;68m██[38;2;93;95;95m██[38;2;95;97;95m████████████████████[38;2;66;65;66m██[38;2;82;78;68m██[38;2;96;97;98m████[38;2;95;97;95m████████[38;2;0;4;0m██
      ██[38;2;82;78;68m██[38;2;79;77;68m██[38;2;93;95;95m██[38;2;95;97;95m████████████████████[38;2;66;65;66m██[38;2;82;78;68m██[38;2;206;138;148m██[38;2;96;97;98m██[38;2;95;97;95m████████[38;2;0;4;0m██
      ██[38;2;82;79;70m██[38;2;82;78;68m██[38;2;66;65;66m██[38;2;94;97;94m████[38;2;95;97;95m████████████████[38;2;206;138;148m██[38;2;68;54;54m██[38;2;0;4;0m██[38;2;206;138;148m██[38;2;206;146;156m██[38;2;103;77;82m██[38;2;94;97;94m██[38;2;0;4;0m██  
        ██[38;2;82;78;68m████[38;2;66;65;66m████[38;2;95;97;95m████████████████[38;2;206;138;148m██[38;2;0;12;8m██  [38;2;0;4;0m██[38;2;0;8;8m████[38;2;0;4;0m██    
        ██[38;2;82;79;68m████████[38;2;66;64;66m██[38;2;0;4;0m██[38;2;66;66;66m██[38;2;99;97;99m██[38;2;95;97;95m████████[38;2;206;138;148m██[38;2;0;4;0m██              
        ██[38;2;82;79;68m████████[38;2;0;4;0m██  ██[38;2;99;97;99m██[38;2;95;97;95m████████[38;2;0;4;0m██                
        ██[38;2;63;70;63m██[38;2;173;195;189m██[38;2;63;70;63m██[38;2;173;195;189m██[38;2;0;4;0m██  ██[38;2;86;97;94m██[38;2;95;95;95m████[38;2;95;97;95m████[38;2;0;4;0m██                
          [38;2;8;8;0m████████    [38;2;0;4;0m██[38;2;173;190;189m██[38;2;95;95;95m██[38;2;255;255;255m██[38;2;95;97;95m████[38;2;0;4;0m██                
                        ██████████                  
[0m