                              [38;2;0;0;0m████████                            
                          ████[38;2;255;113;213m██[38;2;255;255;255m████[38;2;0;198;222m██[38;2;0;0;0m████                        
                        [38;2;0;28;32m██[38;2;230;255;255m██[38;2;255;255;255m██████[38;2;255;113;213m██[38;2;255;255;255m████[38;2;115;141;143m██[38;2;0;28;32m██                      
                      [38;2;0;0;0m██[38;2;230;255;255m██[38;2;115;141;143m██[38;2;255;255;255m██████████[38;2;255;113;213m██[38;2;230;255;255m████[38;2;0;0;0m██                    
                    ██[38;2;255;255;255m████████[38;2;0;198;222m██[38;2;255;255;255m██████████[38;2;255;186;234m██[38;2;255;113;213m██[38;2;0;0;0m██                  
                    ██[38;2;255;255;255m████████████[38;2;0;198;222m██[38;2;255;255;255m██████[38;2;255;117;213m██[38;2;255;113;213m██[38;2;0;0;0m██                  
                  ██[38;2;255;113;213m██[38;2;255;255;255m██████████████[38;2;255;141;222m████[38;2;255;113;213m████[38;2;0;198;222m██[38;2;255;113;213m██[38;2;0;0;0m██                
                  ██[38;2;255;255;255m████[38;2;255;113;213m██[38;2;255;255;255m██████████[38;2;255;141;222m██[38;2;0;198;222m████[38;2;255;113;213m██[38;2;0;198;222m██[38;2;255;113;213m██[38;2;0;0;0m██                
                  ██[38;2;255;255;255m████████[38;2;255;113;213m██[38;2;255;255;255m██[38;2;255;113;213m██[38;2;255;255;255m██[38;2;255;186;234m██[38;2;255;117;213m██[38;2;0;198;222m████[38;2;238;242;65m██[38;2;0;198;222m██[38;2;0;0;0m██                
                  ██[38;2;0;198;222m██[38;2;255;255;255m████████████████[38;2;255;117;213m██[38;2;246;178;139m████[38;2;238;242;65m████[38;2;0;0;0m██                
                    ██[38;2;255;255;255m██[38;2;0;198;222m██[38;2;255;255;255m██████████[38;2;255;141;222m████[38;2;0;198;222m████[38;2;172;255;139m██[38;2;0;4;16m██                  
                    [38;2;0;0;0m██[38;2;255;255;255m██████[38;2;0;198;222m██[38;2;255;255;255m██[38;2;0;198;222m██[38;2;255;255;255m██[38;2;255;141;222m██[38;2;0;198;222m████[38;2;255;113;213m██[38;2;115;171;98m██[38;2;0;4;16m██                  
                      [38;2;0;0;0m██[38;2;255;234;255m████[38;2;255;255;255m████████[38;2;255;186;234m██[38;2;255;117;213m██[38;2;255;113;213m████[38;2;32;32;32m██                    
                [38;2;0;0;0m██████[38;2;255;255;255m██[38;2;82;44;74m██[38;2;197;171;194m██[38;2;255;255;255m██[38;2;255;113;213m██[38;2;255;255;255m██[38;2;255;113;213m██[38;2;255;255;255m████[38;2;255;113;213m██[38;2;65;64;65m██[38;2;255;255;255m██[38;2;32;32;32m██                  
              [38;2;0;0;0m██[38;2;255;255;255m██████████[38;2;65;64;74m██[38;2;65;64;65m██[38;2;255;255;255m████████[38;2;65;64;65m████[38;2;255;255;255m██████[38;2;0;0;0m████              
                ████[38;2;200;195;208m██[38;2;255;255;255m██[38;2;191;191;194m██[38;2;255;255;255m████[38;2;65;64;65m████████[38;2;255;255;255m██████[38;2;200;195;208m████[38;2;255;255;255m████[38;2;0;0;0m██            
  ██  ████  [38;2;0;4;0m████    [38;2;0;0;0m██[38;2;65;64;65m██[38;2;197;194;205m████[38;2;255;255;255m████████[38;2;191;191;194m██[38;2;255;255;255m██[38;2;172;206;222m██[38;2;57;71;74m████[38;2;172;206;222m██[38;2;197;194;205m██[38;2;0;0;0m██              
██[38;2;255;255;255m██[38;2;0;0;0m██[38;2;255;255;255m████[38;2;0;0;0m██[38;2;255;255;255m██[38;2;84;87;84m██[38;2;0;0;0m██    ██[38;2;65;64;65m████████[38;2;255;255;255m██[38;2;200;195;208m██[38;2;191;191;194m██[38;2;65;64;74m██[38;2;57;71;74m██[38;2;115;138;148m████[38;2;0;4;0m██[38;2;0;0;0m██                
[38;2;0;4;8m██[38;2;255;255;255m██████[38;2;246;246;255m██[38;2;115;113;115m██[38;2;115;117;115m██[38;2;246;246;255m██[38;2;74;58;74m██[38;2;0;8;0m██[38;2;0;0;0m██[38;2;153;99;153m██[38;2;134;120;134m██[38;2;74;56;74m██[38;2;255;255;255m████[38;2;65;64;65m████[38;2;41;78;86m██[38;2;74;157;172m██[38;2;65;160;175m████[38;2;0;0;0m██      [38;2;0;4;0m████████  [38;2;0;0;0m██  
[38;2;0;4;8m██[38;2;169;171;172m██[38;2;255;255;255m████[38;2;202;202;208m████[38;2;115;117;115m██[38;2;202;203;208m██[38;2;74;58;74m██[38;2;148;107;148m██[38;2;153;99;153m██[38;2;0;0;0m██[38;2;74;56;74m██[38;2;255;246;255m██[38;2;255;255;255m██████[38;2;65;64;65m██[38;2;74;157;172m██[38;2;8;0;0m██[38;2;65;160;175m██[38;2;115;117;115m██[38;2;65;161;172m██[38;2;0;0;0m██  ██[38;2;84;87;84m██[38;2;255;255;255m██[38;2;123;125;123m██[38;2;82;84;82m██[38;2;0;0;0m██[38;2;255;255;255m██[38;2;0;0;0m██
  ████[38;2;197;194;205m████[38;2;115;118;117m██[38;2;126;126;128m██[38;2;197;194;205m██[38;2;65;64;65m██[38;2;0;0;0m████  ██[38;2;197;194;205m██[38;2;255;255;255m████[38;2;230;153;213m██[38;2;65;64;65m██[38;2;0;0;0m██  ████[38;2;16;140;156m██[38;2;16;206;230m██[38;2;41;0;0m██[38;2;35;66;74m██[38;2;246;246;255m██[38;2;115;117;115m██[38;2;117;117;117m██[38;2;255;255;255m██████[38;2;0;0;0m██
      ██[38;2;115;118;117m████[38;2;197;194;205m██[38;2;90;93;90m██[38;2;0;0;0m██        ██[38;2;200;195;208m████[38;2;65;64;65m██[38;2;230;153;213m██[38;2;0;0;0m██      [38;2;16;8;8m██[38;2;16;206;230m██[38;2;24;198;222m██[38;2;35;66;74m██[38;2;202;203;208m██[38;2;115;117;115m██[38;2;255;255;255m██████[38;2;0;0;0m██  
        ████████        [38;2;41;0;0m██[38;2;46;64;68m██[38;2;41;109;115m████[38;2;238;242;65m████[38;2;0;0;0m██        ████[38;2;65;64;65m██[38;2;255;250;255m██[38;2;106;105;106m██[38;2;115;118;117m██[38;2;197;194;205m████[38;2;0;0;0m██  
                      ██[38;2;52;129;137m██[38;2;57;194;205m██[38;2;41;109;115m██[38;2;238;242;65m██[38;2;117;118;120m████[38;2;238;242;65m██[38;2;0;0;0m██████      ██[38;2;106;105;106m██[38;2;205;202;205m██[38;2;115;118;117m████[38;2;0;0;0m██    
                      ██[38;2;246;202;115m████[38;2;0;198;222m████████[38;2;238;242;65m██████[38;2;117;118;120m██[38;2;0;0;0m██      ████████      
                        ██[38;2;246;202;115m██[38;2;238;242;65m████[38;2;0;0;0m██[38;2;0;198;222m██████[38;2;238;242;65m████[38;2;0;0;0m██                    
                          ██[38;2;255;113;213m██[38;2;0;0;0m██  ██[38;2;230;255;82m██[38;2;76;120;87m██[38;2;0;198;222m██[38;2;0;0;0m██                      
                      ████[38;2;255;255;255m██[38;2;0;0;0m██      [38;2;0;52;90m██[38;2;230;255;82m██[38;2;0;0;0m██                        
                    ██[38;2;74;210;222m██[38;2;0;198;222m██[38;2;255;255;255m████[38;2;0;0;0m██    ██[38;2;255;255;255m██[38;2;84;56;74m██[38;2;0;8;0m██                      
                    [38;2;0;0;0m██[38;2;74;210;222m██[38;2;0;198;222m██[38;2;255;255;255m██[38;2;0;0;0m██      ██[38;2;255;255;255m██[38;2;255;153;222m████[38;2;0;0;0m██                    
                      ██[38;2;255;255;255m██[38;2;169;171;172m██[38;2;0;0;0m██        ██[38;2;255;113;213m████[38;2;0;0;0m██                    
                        [38;2;0;4;8m████          [38;2;0;0;0m██[38;2;255;255;255m██████[38;2;0;0;0m██                  
                                        ██████                    
[0m