          [38;2;0;0;0m████          
        ██[38;2;90;189;107m████[38;2;0;0;0m██        
      ██[38;2;90;189;107m██[38;2;132;206;140m██[38;2;90;189;107m████[38;2;0;0;0m██      
  ████[38;2;65;65;65m██[38;2;82;140;82m██[38;2;90;189;107m████[38;2;82;140;82m██[38;2;0;0;0m██      
██[38;2;65;65;65m██[38;2;82;140;82m██[38;2;65;65;65m████[38;2;82;140;82m████[38;2;0;0;0m██        
██[38;2;82;140;82m██████[38;2;65;65;65m████[38;2;0;0;0m██  ████    
██[38;2;65;65;65m██[38;2;82;140;82m██[38;2;0;0;0m████[38;2;197;165;90m██[38;2;148;115;74m██[38;2;0;0;0m██[38;2;90;189;107m████[38;2;0;0;0m██  
  ████  ██[38;2;197;165;90m██[38;2;65;65;65m██[38;2;90;189;107m██[38;2;132;206;140m██[38;2;90;189;107m████[38;2;0;0;0m██
      ██[38;2;255;214;49m██[38;2;197;165;90m██[38;2;65;65;65m██[38;2;82;140;82m██[38;2;90;189;107m████[38;2;82;140;82m██[38;2;0;0;0m██
    ██[38;2;197;165;90m██[38;2;255;214;49m██[38;2;197;165;90m████[38;2;65;65;65m██[38;2;82;140;82m████[38;2;0;0;0m██  
  ██[38;2;197;165;90m████[38;2;255;214;49m██[38;2;197;165;90m██████[38;2;0;0;0m████    
  ██[38;2;197;165;90m████████████[38;2;0;0;0m██      
██[38;2;197;165;90m████████[38;2;255;214;49m██[38;2;230;189;66m██[38;2;197;165;90m████[38;2;0;0;0m██    
██[38;2;123;90;66m██[38;2;197;165;90m██████[38;2;0;0;0m██[38;2;255;214;49m██[38;2;197;165;90m████[38;2;123;90;66m██[38;2;0;0;0m██  
██[38;2;148;115;74m██[38;2;0;0;0m████[38;2;197;165;90m██[38;2;255;214;49m██[38;2;230;189;66m██[38;2;123;90;66m████[38;2;148;115;74m██[38;2;0;0;0m██  
  ██[38;2;148;115;74m████[38;2;0;0;0m██[38;2;123;90;66m████[38;2;148;115;74m████[38;2;0;0;0m██    
  ██[38;2;65;65;65m██[38;2;148;115;74m██████████[38;2;0;0;0m██      
    ████[38;2;65;65;65m██████[38;2;197;165;90m████[38;2;0;0;0m██    
        ████[38;2;197;165;90m████[38;2;0;0;0m██      
            ████        
[0m