                                [38;2;0;0;0m██████  ████████                                
                              ██[38;2;139;116;112m████[38;2;139;113;115m██[38;2;0;0;0m██[38;2;139;116;112m████[38;2;137;114;112m██[38;2;115;93;74m██[38;2;0;0;0m████                            
                        ██████[38;2;139;113;115m██[38;2;139;116;112m████[38;2;139;113;115m████[38;2;139;116;112m████[38;2;137;114;112m████[38;2;115;91;71m████[38;2;0;0;0m██                          
                      ██[38;2;115;93;74m██[38;2;137;114;112m██[38;2;139;116;112m████████████████████[38;2;139;113;115m██[38;2;112;91;71m██[38;2;115;91;71m██[38;2;0;0;0m████                      
                      ██[38;2;137;114;112m████[38;2;139;116;112m████████████████████[38;2;112;91;71m██[38;2;139;113;115m██[38;2;115;91;71m████[38;2;111;91;74m██[38;2;0;0;0m████                  
                    ██[38;2;137;116;115m██[38;2;139;116;112m████[38;2;137;114;112m████████[38;2;139;116;112m████████[38;2;137;114;112m██[38;2;115;93;74m██[38;2;139;113;115m██[38;2;112;91;71m██[38;2;139;113;115m██[38;2;112;91;71m████[38;2;65;64;65m██[38;2;189;145;65m██[38;2;0;0;0m██                
                    ██[38;2;68;58;57m██[38;2;139;116;112m████[38;2;137;114;112m██[38;2;115;93;74m████[38;2;137;114;112m██[38;2;139;116;112m████████[38;2;137;114;112m████[38;2;112;91;71m██[38;2;139;113;115m██[38;2;112;91;71m██████[38;2;65;64;65m██[38;2;189;145;65m████[38;2;0;0;0m██              
                  ██[38;2;112;91;71m██[38;2;139;113;115m██[38;2;139;116;112m████[38;2;115;93;74m██[38;2;137;114;112m██[38;2;139;116;112m████[38;2;137;114;112m████[38;2;139;114;112m████[38;2;139;113;115m██[38;2;112;91;71m██[38;2;112;93;71m████████████[38;2;65;64;65m██[38;2;197;145;65m██[38;2;189;145;65m██[38;2;0;0;0m██      ██    
                ██[38;2;111;91;74m██[38;2;112;91;71m████[38;2;139;116;112m████[38;2;137;114;112m████[38;2;139;116;112m████[38;2;137;114;112m██[38;2;115;93;74m██[38;2;82;79;68m████[38;2;112;91;71m████[38;2;112;93;71m████████████[38;2;109;91;65m██[38;2;65;64;65m██[38;2;189;145;65m██[38;2;0;0;0m██    ██[38;2;123;109;53m██[38;2;0;0;0m██  
                ██[38;2;111;91;74m██[38;2;112;91;71m████[38;2;65;64;65m████[38;2;112;91;71m██[38;2;139;113;115m██████[38;2;112;93;71m████████[38;2;82;78;68m██[38;2;115;91;71m████[38;2;82;78;68m██[38;2;112;91;71m████[38;2;115;93;74m████[38;2;82;78;68m██[38;2;65;64;65m██[38;2;191;145;63m████[38;2;0;0;8m████[38;2;123;109;53m████[38;2;0;0;0m██  
                  ██[38;2;112;91;71m██[38;2;65;64;65m██[38;2;112;91;71m████████████[38;2;112;93;71m████████[38;2;115;91;71m████████[38;2;65;64;65m████[38;2;65;68;65m██[38;2;82;76;68m██[38;2;82;78;68m██[38;2;65;64;65m██[38;2;191;145;63m████[38;2;180;141;74m██[38;2;90;70;41m██[38;2;65;64;65m██[38;2;123;109;53m██[38;2;0;0;0m██  
  ████          [38;2;0;0;8m██[38;2;79;72;65m██[38;2;65;64;65m██[38;2;112;91;71m██[38;2;112;93;71m████████████████████[38;2;115;91;71m██[38;2;82;78;68m██[38;2;90;84;71m████[38;2;235;213;178m████[38;2;238;214;180m██[38;2;65;64;65m████████[38;2;191;145;65m██████[38;2;123;109;53m████[38;2;76;70;60m██[38;2;0;0;0m██
██[38;2;172;157;139m████[38;2;0;0;0m████  ████[38;2;159;145;123m██[38;2;238;218;180m██[38;2;65;64;65m██[38;2;112;91;71m██[38;2;112;93;71m████████████████████[38;2;115;91;71m████[38;2;90;84;71m██[38;2;238;214;180m██[38;2;255;255;255m████[38;2;238;214;180m████[38;2;128;111;63m██[38;2;255;206;57m██[38;2;65;64;65m██████[38;2;128;105;65m██[38;2;123;109;53m██[38;2;65;64;65m██[38;2;230;210;180m██[38;2;0;0;0m██
  ██[38;2;180;161;115m██[38;2;120;107;76m██[38;2;189;161;82m██[38;2;0;0;0m██[38;2;189;161;82m██[38;2;123;110;54m██[38;2;238;214;180m██[38;2;172;157;137m██[38;2;65;64;57m██[38;2;101;95;82m██[38;2;112;93;71m████████████[38;2;115;91;71m████[38;2;112;93;71m████[38;2;115;93;74m████[38;2;84;78;68m██[38;2;169;156;137m██[38;2;238;214;180m████[38;2;255;255;246m██[38;2;123;109;49m██[38;2;255;206;65m██[38;2;123;109;54m██[38;2;255;226;148m██[38;2;131;113;49m██[38;2;180;174;131m██[38;2;106;93;41m██[38;2;74;68;65m██[38;2;255;255;255m██[38;2;238;214;180m██[38;2;0;0;0m██
    ██[38;2;120;107;76m██[38;2;189;161;82m██[38;2;126;107;54m██[38;2;189;161;82m██[38;2;123;110;54m██[38;2;172;157;137m████[38;2;172;157;131m██[38;2;65;64;57m██[38;2;112;93;71m████████████[38;2;115;91;71m██[38;2;82;78;68m██[38;2;112;93;71m████[38;2;82;76;68m██[38;2;65;68;65m██[38;2;169;156;137m████[38;2;172;157;137m████[38;2;211;206;180m██[38;2;123;109;49m██[38;2;255;206;65m██[38;2;123;109;54m██[38;2;131;113;49m██[38;2;213;188;115m██[38;2;106;93;41m██[38;2;255;255;222m██[38;2;255;255;255m██[38;2;194;192;191m██[38;2;0;0;0m██  
      ████[38;2;189;161;82m██[38;2;126;107;54m██[38;2;189;161;82m██[38;2;115;105;82m██[38;2;172;157;123m██[38;2;65;64;65m██[38;2;82;78;68m██[38;2;82;76;68m██[38;2;115;93;74m██[38;2;115;91;71m████████[38;2;82;79;68m████████[38;2;82;78;68m████[38;2;65;64;65m████[38;2;169;156;137m████[38;2;180;161;123m██[38;2;109;99;79m██[38;2;189;161;82m██[38;2;123;110;54m██[38;2;126;113;63m██[38;2;186;161;68m██[38;2;123;109;49m██[38;2;238;214;164m██[38;2;230;210;180m██[38;2;0;0;0m██    
          ██████████[38;2;82;78;68m██[38;2;65;64;65m██[38;2;82;76;68m██[38;2;65;68;65m██[38;2;82;78;68m██[38;2;115;91;71m████[38;2;82;78;68m██[38;2;82;79;68m████████[38;2;82;78;68m██[38;2;65;64;65m██[38;2;82;78;68m████[38;2;65;64;65m████[38;2;74;68;57m████[38;2;123;110;54m██[38;2;189;161;82m██[38;2;65;64;57m██[38;2;126;113;63m██[38;2;180;161;106m██[38;2;123;109;49m██[38;2;76;70;60m██[38;2;0;0;0m██    
                  ██[38;2;82;79;68m████[38;2;82;78;68m██[38;2;65;64;65m██[38;2;82;78;68m████[38;2;82;79;68m████[38;2;82;78;68m██[38;2;65;64;65m██[38;2;76;74;68m████[38;2;65;64;65m████[38;2;82;79;68m████████████[38;2;65;64;65m████[38;2;126;109;57m██[38;2;63;68;57m██[38;2;65;64;65m████[38;2;189;145;65m██[38;2;0;0;0m██    
                    ████[38;2;82;78;68m████[38;2;65;64;65m██[38;2;82;78;68m██[38;2;82;79;68m████[38;2;65;64;65m████[38;2;76;74;68m██[38;2;0;0;0m██[38;2;255;206;65m██[38;2;65;64;65m██[38;2;82;79;68m████████████[38;2;65;64;65m██[38;2;123;109;53m██[38;2;126;109;57m██[38;2;189;149;57m██[38;2;191;145;65m████[38;2;189;145;65m████[38;2;0;0;0m██  
                        ██[38;2;82;78;69m██[38;2;82;78;68m██[38;2;65;64;65m██████[38;2;172;157;139m██[38;2;65;68;74m██[38;2;255;206;65m████[38;2;101;98;82m██[38;2;172;157;131m██[38;2;65;64;65m██[38;2;82;78;68m██████[38;2;84;79;63m██[38;2;65;64;65m██[38;2;123;109;53m██[38;2;65;64;65m██[38;2;126;109;57m██[38;2;189;149;57m██[38;2;191;145;63m████[38;2;189;145;65m████[38;2;0;0;0m██  
                          ██[38;2;82;78;68m██[38;2;65;64;65m██[38;2;117;117;117m████[38;2;119;113;106m██[38;2;172;157;139m██[38;2;117;117;120m████[38;2;101;98;82m██[38;2;65;68;57m██[38;2;82;78;68m██████[38;2;65;64;65m████[38;2;123;109;57m██[38;2;123;109;53m██[38;2;65;64;65m██[38;2;126;109;57m██[38;2;63;68;57m██[38;2;191;145;63m████[38;2;189;145;65m██[38;2;0;0;0m██    
                            ██[38;2;126;126;120m██[38;2;197;194;189m██████[38;2;123;121;115m██[38;2;156;153;131m██[38;2;74;68;57m██[38;2;65;64;65m██[38;2;123;109;53m██[38;2;65;64;65m██████[38;2;123;109;53m██[38;2;123;110;54m████[38;2;76;70;52m██[38;2;115;105;74m██[38;2;0;0;0m████[38;2;126;103;49m██[38;2;189;153;74m██[38;2;123;113;65m██[38;2;0;0;8m██    
                            [38;2;0;0;0m██[38;2;189;190;180m██[38;2;197;194;189m██[38;2;115;118;117m██[38;2;197;194;189m██[38;2;148;145;139m██[38;2;74;68;57m██[38;2;101;97;82m██[38;2;123;109;53m██████[38;2;65;64;65m██[38;2;123;109;53m████[38;2;123;110;54m████[38;2;76;70;52m██[38;2;0;0;8m██    [38;2;0;4;0m██[38;2;126;103;49m██[38;2;82;75;46m██[38;2;123;113;65m██[38;2;0;0;0m██  
                              ████[38;2;148;149;139m██[38;2;156;153;131m██[38;2;74;68;57m██[38;2;65;64;65m██[38;2;0;0;0m██[38;2;123;109;53m████████[38;2;0;0;0m██[38;2;123;109;53m██[38;2;82;79;68m██[38;2;123;110;54m██[38;2;0;0;0m██        ██[38;2;123;113;74m██[38;2;82;75;52m██[38;2;0;0;0m██  
                                  ██[38;2;74;68;57m██[38;2;101;97;82m██[38;2;0;0;0m██  ██[38;2;123;109;53m██[38;2;0;0;0m████  ██[38;2;82;79;68m████[38;2;0;0;0m██      ██[38;2;82;78;69m██[38;2;82;75;52m██[38;2;0;0;8m██    
                                [38;2;0;0;0m██[38;2;74;70;65m████[38;2;0;0;0m██      ██      ██[38;2;197;178;156m████[38;2;0;0;0m██      ██[38;2;119;117;119m████[38;2;0;0;0m██    
                                ██[38;2;148;141;131m████[38;2;0;0;0m██            ██[38;2;119;117;119m██[38;2;131;118;106m██[38;2;0;0;8m██        [38;2;0;0;0m██████      
                                ██████              ██[38;2;197;194;189m████[38;2;0;0;0m██                    
                                                    ██████                      
[0m