            [38;2;0;4;0m████                                                                  
          ██[38;2;181;73;41m██[38;2;66;64;66m██[38;2;0;4;0m██                                                                
          ██[38;2;181;73;41m██[38;2;66;65;66m██[38;2;181;73;44m██[38;2;0;4;0m██                                                              
          ██[38;2;181;73;41m██[38;2;181;73;44m██[38;2;66;65;66m██[38;2;181;73;41m██[38;2;0;4;0m████                                                ████████  
          ██[38;2;181;73;41m██[38;2;181;73;44m██[38;2;66;65;66m██[38;2;181;73;44m██[38;2;66;65;66m██[38;2;181;77;49m██[38;2;0;16;16m██                                        [38;2;0;4;0m████[38;2;0;16;41m██[38;2;181;77;66m██[38;2;181;73;41m██[38;2;71;78;129m██[38;2;76;88;142m██[38;2;0;4;0m██
          ██[38;2;181;73;41m██[38;2;181;73;44m██[38;2;66;65;66m██[38;2;181;73;44m██[38;2;66;65;66m██[38;2;181;77;49m██[38;2;90;46;32m██[38;2;0;4;0m██                                  ████[38;2;181;73;41m████[38;2;181;77;66m██[38;2;90;46;53m██[38;2;71;78;129m████[38;2;76;88;142m██[38;2;0;4;0m██
            ██[38;2;181;72;43m████[38;2;181;73;44m██[38;2;66;65;66m██[38;2;181;73;44m██[38;2;66;65;66m██[38;2;181;73;41m██[38;2;0;4;0m██                            ████[38;2;181;73;41m██████[38;2;71;78;129m██[38;2;66;73;123m██[38;2;78;87;144m██████[38;2;0;4;0m██  
            ██[38;2;181;72;43m████[38;2;181;73;44m██████[38;2;66;65;66m██[38;2;181;73;41m██[38;2;0;4;0m██                          ██[38;2;181;73;41m██████[38;2;66;73;123m██[38;2;71;78;129m████[38;2;78;87;144m████[38;2;66;65;66m████[38;2;74;85;148m██[38;2;0;4;0m██
              ██[38;2;181;73;41m██[38;2;181;72;43m████████[38;2;186;63;44m██[38;2;66;60;66m██[38;2;0;4;0m██                      ██[38;2;181;73;41m████[38;2;71;78;129m██[38;2;66;73;123m██[38;2;78;87;144m██████[38;2;66;65;66m████[38;2;77;87;145m████[38;2;74;85;148m██[38;2;0;4;0m██
                ██[38;2;181;72;43m████████[38;2;126;61;55m██[38;2;66;60;66m██[38;2;127;40;53m██[38;2;0;4;0m██                  ██[38;2;181;73;41m████[38;2;71;78;129m████[38;2;78;87;144m████[38;2;66;65;66m████[38;2;78;87;144m████[38;2;77;87;145m████[38;2;0;4;0m██  
                  [38;2;0;8;8m██[38;2;173;81;57m██[38;2;181;73;41m████[38;2;66;65;66m██[38;2;132;40;53m██[38;2;123;48;57m██[38;2;0;12;8m██                  [38;2;0;4;0m██[38;2;181;73;41m██[38;2;66;73;123m██[38;2;77;87;145m████████████[38;2;78;87;144m████[38;2;66;64;66m██[38;2;0;4;0m██    
              ██  [38;2;0;8;8m██[38;2;86;44;32m██[38;2;181;73;41m██[38;2;131;40;53m██[38;2;132;40;53m████[38;2;82;36;40m██[38;2;123;48;57m██[38;2;0;4;0m██              ██[38;2;181;73;41m████[38;2;66;73;123m██[38;2;77;87;145m████████████[38;2;66;65;66m████[38;2;0;4;0m██      
            ██[38;2;255;251;255m██[38;2;0;0;0m██[38;2;200;189;151m██[38;2;140;113;107m██[38;2;90;56;66m████[38;2;132;40;53m████[38;2;82;36;40m██[38;2;123;48;57m██[38;2;0;4;0m██              ██[38;2;181;73;41m██[38;2;66;73;123m██[38;2;78;87;144m██[38;2;77;87;145m████████[38;2;66;65;66m████[38;2;77;87;145m████[38;2;82;89;132m██[38;2;0;4;0m██    
      ██  ██[38;2;255;255;255m██[38;2;255;251;255m██[38;2;85;83;85m██[38;2;140;113;107m██[38;2;231;227;173m██[38;2;231;227;181m██[38;2;90;56;66m██[38;2;66;65;66m██[38;2;132;40;53m██[38;2;123;48;57m██[38;2;0;12;8m██                [38;2;0;4;0m██[38;2;181;73;41m██[38;2;66;73;123m██[38;2;78;87;144m██[38;2;77;87;145m████████[38;2;78;87;144m████[38;2;77;87;145m████[38;2;54;60;88m██[38;2;0;4;0m██    
    ██[38;2;255;255;255m██[38;2;8;8;8m██[38;2;95;95;95m██[38;2;255;255;255m████[38;2;66;65;66m██[38;2;231;227;181m████[38;2;74;69;66m██[38;2;194;193;186m██[38;2;231;227;181m██[38;2;66;65;66m██[38;2;123;48;57m██[38;2;0;12;8m██                [38;2;0;4;0m██[38;2;181;73;41m██[38;2;66;73;123m██[38;2;78;87;144m██[38;2;77;87;145m████████[38;2;78;87;144m████[38;2;53;56;70m████[38;2;0;4;0m██      
    ██[38;2;255;255;255m██[38;2;90;90;90m██[38;2;255;255;255m████████[38;2;66;65;66m████[38;2;255;255;247m██[38;2;74;69;66m██[38;2;231;227;181m██[38;2;66;65;66m██[38;2;123;48;57m██[38;2;82;36;40m██[38;2;0;4;0m██            ██[38;2;181;73;41m████[38;2;66;73;123m██[38;2;78;87;144m██[38;2;77;87;145m████████[38;2;66;65;66m████[38;2;90;97;140m██[38;2;16;16;0m██        
  [38;2;0;4;0m██[38;2;255;255;255m████[38;2;95;95;95m██[38;2;255;255;255m██████[38;2;95;95;95m████[38;2;255;255;255m██[38;2;255;255;247m██[38;2;74;69;66m██[38;2;231;227;181m████[38;2;90;56;66m████[38;2;76;48;52m██[38;2;0;16;8m██      [38;2;0;4;0m████[38;2;181;73;41m████[38;2;71;78;129m██[38;2;77;87;145m████████████[38;2;79;90;142m████[38;2;0;4;0m██          
  ██[38;2;255;255;255m████[38;2;95;95;95m██[38;2;132;40;57m██[38;2;255;255;255m████[38;2;95;95;95m██[38;2;255;255;255m████[38;2;74;69;66m██[38;2;194;193;186m██[38;2;140;115;111m████[38;2;206;186;140m██[38;2;90;56;66m██[38;2;115;65;74m██[38;2;76;48;52m██[38;2;0;4;0m██████[38;2;181;73;41m██████[38;2;71;78;129m████[38;2;77;87;145m████████████[38;2;43;51;71m██[38;2;8;12;0m██            
  [38;2;0;4;0m██[38;2;255;255;255m██[38;2;126;61;55m██[38;2;66;60;66m██[38;2;181;73;41m██[38;2;131;40;53m██[38;2;66;65;66m██[38;2;255;255;255m██████[38;2;66;65;66m██[38;2;206;186;140m██████[38;2;66;60;66m██[38;2;126;61;55m██[38;2;181;72;43m████[38;2;186;63;44m██[38;2;66;60;66m██[38;2;181;65;41m████[38;2;66;73;123m████[38;2;77;87;145m████████████[38;2;66;65;66m████[38;2;74;85;148m██[38;2;0;4;0m██            
    ██[38;2;186;63;44m██[38;2;66;60;66m██[38;2;181;73;41m████[38;2;66;65;66m██[38;2;255;255;255m████[38;2;66;65;66m██[38;2;206;186;140m██[38;2;66;65;66m██████[38;2;66;60;66m██[38;2;186;63;44m██[38;2;181;72;43m████[38;2;66;60;66m██[38;2;126;61;55m██[38;2;142;65;68m██[38;2;66;65;123m██[38;2;78;87;144m████[38;2;77;87;145m████████████[38;2;78;87;144m████[38;2;0;4;0m██              
    ██[38;2;181;73;41m████[38;2;181;73;44m██[38;2;66;65;66m██[38;2;131;40;53m████[38;2;90;56;66m████[38;2;66;65;66m██[38;2;192;191;192m██[38;2;255;255;255m████[38;2;247;251;255m██[38;2;57;60;74m██[38;2;181;73;41m████[38;2;66;65;66m██[38;2;132;40;53m██[38;2;66;73;123m██[38;2;78;87;144m██[38;2;77;87;145m████[38;2;78;87;144m████████[38;2;53;56;70m████[38;2;0;4;0m████                
    ██[38;2;181;73;41m██[38;2;131;40;53m██[38;2;181;73;44m██[38;2;66;65;66m██[38;2;181;73;41m████[38;2;90;56;66m██[38;2;198;195;189m██[38;2;255;255;255m████████[38;2;57;60;74m██[38;2;120;123;134m██[38;2;76;86;145m████[38;2;132;40;53m████[38;2;66;73;123m██[38;2;78;87;144m██[38;2;77;87;145m████[38;2;78;87;144m██[38;2;66;65;66m████[38;2;78;87;144m██[38;2;90;97;140m██[38;2;16;16;0m██                    
      [38;2;0;4;0m██[38;2;66;146;247m██[38;2;131;40;53m██[38;2;181;73;41m██[38;2;101;82;82m████[38;2;95;101;145m██[38;2;255;255;255m██[38;2;255;251;247m██[38;2;90;93;90m██[38;2;104;105;101m██[38;2;57;60;57m██[38;2;98;105;170m████[38;2;95;103;170m██[38;2;76;86;142m██[38;2;79;87;145m██[38;2;66;73;123m██[38;2;78;87;144m██████[38;2;66;65;66m██[38;2;78;87;144m████[38;2;74;85;148m██[38;2;0;4;0m████                      
    ██[38;2;66;146;247m████[38;2;131;40;53m██[38;2;181;73;41m██[38;2;24;0;0m██[38;2;255;247;247m██[38;2;95;101;145m████[38;2;200;198;194m████[38;2;198;195;189m████[38;2;66;65;66m██[38;2;98;105;170m██[38;2;95;103;170m████[38;2;93;102;167m██[38;2;79;87;145m██[38;2;78;87;144m██[38;2;66;65;66m██[38;2;78;87;144m████[38;2;66;65;66m████[38;2;0;4;0m██                          
  [38;2;0;4;8m██[38;2;115;105;49m██[38;2;247;211;66m████[38;2;186;162;74m██[38;2;66;65;74m██[38;2;0;0;24m██[38;2;239;243;255m██[38;2;123;123;140m██[38;2;57;60;74m██[38;2;93;97;95m██[38;2;198;195;189m██[38;2;66;64;66m████[38;2;78;87;144m████[38;2;95;103;170m████[38;2;96;105;170m████[38;2;95;103;170m██[38;2;76;86;142m██[38;2;66;65;66m████[38;2;132;40;53m██[38;2;66;65;66m██[38;2;132;41;54m██[38;2;0;4;0m████                      
  [38;2;0;4;8m██[38;2;231;207;90m██[38;2;247;211;66m██[38;2;192;162;79m██[38;2;186;162;74m██[38;2;247;211;74m██[38;2;119;121;139m████[38;2;57;60;74m██[38;2;189;186;206m██[38;2;198;195;189m██[38;2;93;97;95m██[38;2;66;64;66m██[38;2;0;4;0m██[38;2;66;65;66m██[38;2;78;87;144m██[38;2;76;86;142m████[38;2;96;105;170m████[38;2;76;86;142m██[38;2;95;103;170m██[38;2;78;87;144m████[38;2;132;40;53m██[38;2;66;65;66m██[38;2;132;41;54m████[38;2;127;40;53m██[38;2;0;4;0m████                  
██[38;2;244;211;66m████[38;2;239;211;74m████[38;2;247;211;66m██[38;2;90;56;66m██[38;2;63;59;38m██[38;2;189;162;82m██[38;2;0;4;0m████[38;2;198;195;189m████[38;2;0;4;0m██  ██[38;2;76;88;142m██[38;2;78;87;144m████[38;2;77;87;145m████[38;2;95;103;170m██[38;2;76;86;142m██[38;2;95;103;170m██[38;2;76;86;142m██[38;2;74;52;66m██[38;2;115;84;68m██[38;2;66;65;66m████[38;2;115;84;68m██[38;2;198;150;74m██[38;2;115;136;137m██[38;2;0;4;0m██                
██[38;2;244;211;66m████[38;2;79;70;35m██[38;2;0;0;16m██[38;2;90;56;66m████[38;2;189;162;82m██[38;2;0;8;16m██    [38;2;0;4;0m████    ██[38;2;76;88;142m██[38;2;66;65;66m██[38;2;78;87;144m██[38;2;77;87;145m████[38;2;76;86;142m██[38;2;95;103;170m██[38;2;76;86;142m████[38;2;74;52;66m██[38;2;198;150;74m██[38;2;192;162;76m████[38;2;74;52;66m████[38;2;115;136;137m████[38;2;0;4;0m██              
  ██[38;2;247;211;66m██[38;2;0;4;0m██  [38;2;8;0;0m██[38;2;145;78;49m██[38;2;189;162;82m██[38;2;0;4;0m██        [38;2;0;8;8m████[38;2;68;72;93m████[38;2;79;90;142m██[38;2;43;51;71m██[38;2;0;4;0m██[38;2;74;85;148m██[38;2;78;87;144m████[38;2;79;90;142m██[38;2;43;51;71m██[38;2;0;4;0m████[38;2;84;122;159m██[38;2;46;63;79m██[38;2;74;121;165m████[38;2;0;4;0m████                
    ██  ██[38;2;145;78;49m██[38;2;214;117;74m██[38;2;0;4;0m██        ██[38;2;63;59;35m██[38;2;189;162;90m██[38;2;189;162;82m██[38;2;68;72;93m██[38;2;79;90;142m██[38;2;8;12;0m██  [38;2;0;4;0m██[38;2;66;65;66m████[38;2;79;90;142m██[38;2;8;12;0m██    [38;2;8;4;0m████[38;2;0;4;0m████                    
          ████        ██[38;2;66;66;66m██[38;2;120;108;71m██[38;2;60;58;43m██[38;2;189;162;79m████[38;2;74;85;148m██[38;2;0;4;0m██  ██[38;2;247;211;66m██[38;2;192;167;71m██[38;2;79;77;62m████[38;2;0;4;0m██                              
                      ██[38;2;99;97;99m██[38;2;0;8;16m██[38;2;181;158;99m██[38;2;189;162;79m████[38;2;0;4;0m██  ██[38;2;94;97;94m██[38;2;82;81;82m████[38;2;239;215;90m██[38;2;0;8;49m██                                
                      [38;2;0;4;0m████  ██[38;2;247;211;74m██[38;2;186;162;74m██[38;2;0;4;0m██  ██[38;2;94;97;94m██[38;2;66;65;74m██[38;2;107;97;76m██[38;2;66;65;66m██[38;2;192;162;76m██[38;2;0;4;0m██                              
                            ██[38;2;66;65;74m██[38;2;186;162;74m██[38;2;0;4;0m██    ██[38;2;189;162;82m██[38;2;66;65;74m██[38;2;192;162;76m████[38;2;0;4;0m██                              
                          ██[38;2;94;97;94m████[38;2;0;4;0m██        [38;2;0;8;8m██[38;2;189;162;90m██[38;2;189;162;82m██[38;2;0;4;0m██                                
                            ████          [38;2;0;8;8m██[38;2;63;59;35m██[38;2;189;162;82m██[38;2;0;4;0m██                                
                                        ██[38;2;94;97;94m████[38;2;0;4;0m██                                  
                                          ████                                    
[0m