          [38;2;0;0;0m████            
  ████  ██[38;2;74;140;156m██[38;2;74;107;140m██[38;2;0;0;0m██          
██[38;2;74;140;156m██[38;2;74;107;140m██[38;2;0;0;0m████[38;2;74;107;140m████[38;2;0;0;0m████  ████  
██[38;2;74;107;140m██[38;2;65;65;65m██[38;2;99;173;165m████[38;2;65;65;65m████[38;2;74;140;156m████[38;2;0;0;0m██[38;2;74;140;156m██[38;2;74;107;140m██[38;2;0;0;0m██
  ██[38;2;99;173;165m██[38;2;74;107;140m████████[38;2;99;173;165m████[38;2;65;65;65m██[38;2;74;107;140m████[38;2;0;0;0m██
  ██[38;2;74;140;156m██████████[38;2;74;107;140m██[38;2;99;173;165m████[38;2;65;65;65m██[38;2;0;0;0m██  
██[38;2;247;247;41m██[38;2;99;173;165m██[38;2;74;107;140m██[38;2;74;140;156m██[38;2;99;173;165m██[38;2;74;107;140m██[38;2;74;140;156m██[38;2;74;107;140m██[38;2;99;173;165m████[38;2;74;140;156m██[38;2;0;0;0m██
████[38;2;74;107;140m██[38;2;65;65;65m████[38;2;74;140;156m██[38;2;247;247;41m██[38;2;189;165;66m██[38;2;74;107;140m██[38;2;99;173;165m████[38;2;74;140;156m██[38;2;0;0;0m██
██[38;2;247;247;41m██[38;2;65;65;65m██[38;2;99;173;165m██[38;2;74;140;156m██[38;2;65;65;65m██[38;2;0;0;0m██[38;2;247;247;41m██[38;2;74;107;140m██[38;2;99;173;165m████[38;2;74;140;156m██[38;2;0;0;0m██
  ██[38;2;65;65;65m██[38;2;74;140;156m████[38;2;65;65;65m██[38;2;247;247;41m██[38;2;189;165;66m██[38;2;74;107;140m██[38;2;99;173;165m██[38;2;65;65;65m██[38;2;0;0;0m██  
██[38;2;74;107;140m██[38;2;65;65;65m██████[38;2;99;173;165m██[38;2;74;107;140m████[38;2;99;173;165m██[38;2;65;65;65m██[38;2;74;140;156m██[38;2;74;107;140m██[38;2;0;0;0m██
██[38;2;74;107;140m██[38;2;65;65;65m██[38;2;74;140;156m████[38;2;74;107;140m████[38;2;99;173;165m████[38;2;65;65;65m██[38;2;74;107;140m████[38;2;0;0;0m██
  ████[38;2;65;65;65m████[38;2;74;140;156m██████████[38;2;0;0;0m████  
      ████[38;2;65;65;65m██████[38;2;0;0;0m████      
        ██[38;2;74;107;140m████[38;2;0;0;0m██          
          ████            
[0m