                  [38;2;0;0;0m██                  
                ██[38;2;66;123;74m██[38;2;0;0;0m██                
              ██[38;2;90;148;82m██[38;2;66;123;74m██[38;2;90;148;82m██[38;2;0;0;0m██              
                ██[38;2;66;123;74m██[38;2;0;0;0m██                
              ██[38;2;123;173;99m██[38;2;58;99;74m██[38;2;66;123;74m██[38;2;0;0;0m██              
              ██[38;2;123;173;99m██[38;2;58;99;74m██[38;2;66;123;74m██[38;2;0;0;0m██              
          ████[38;2;90;148;82m██[38;2;123;173;99m██[38;2;58;99;74m██[38;2;66;123;74m██[38;2;58;99;74m██[38;2;0;0;0m██            
  ██  ████[38;2;90;148;82m████[38;2;123;173;99m██[38;2;58;99;74m██[38;2;66;123;74m██████[38;2;58;99;74m██[38;2;0;0;0m██          
██[38;2;90;148;82m██[38;2;0;0;0m██[38;2;90;148;82m████████[38;2;123;173;99m██[38;2;58;99;74m██[38;2;66;123;74m████████[38;2;58;99;74m██[38;2;0;0;0m██        
  ██  ██[38;2;90;148;82m████[38;2;123;173;99m██[38;2;58;99;74m██[38;2;66;123;74m██████████████[38;2;0;0;0m██  ██  
        ██[38;2;90;148;82m████[38;2;58;99;74m██[38;2;66;123;74m████[38;2;58;99;74m██[38;2;66;123;74m██[38;2;58;99;74m██[38;2;66;123;74m██████[38;2;0;0;0m██[38;2;66;123;74m██[38;2;0;0;0m██
        ██[38;2;90;148;82m██[38;2;58;99;74m██[38;2;66;123;74m████[38;2;58;99;74m██[38;2;65;65;65m██[38;2;58;99;74m██[38;2;65;65;65m██[38;2;58;99;74m██[38;2;0;0;0m████  ██  
      ██[38;2;90;148;82m██[38;2;66;123;74m████[38;2;58;99;74m████[38;2;189;165;16m██[38;2;0;0;0m██[38;2;247;222;58m██[38;2;123;173;99m██[38;2;0;0;0m██          
      ████[38;2;65;65;65m██[38;2;123;173;99m████[38;2;65;65;65m████[38;2;247;222;58m██[38;2;65;65;65m██[38;2;123;173;99m██[38;2;0;0;0m██          
          ██[38;2;65;65;65m██[38;2;123;173;99m████[38;2;65;65;65m████[38;2;123;173;99m██[38;2;0;0;0m██            
        ████[38;2;123;173;99m██[38;2;65;65;65m████[38;2;123;173;99m████[38;2;0;0;0m██              
      ██[38;2;123;173;99m██████[38;2;65;65;65m██[38;2;123;173;99m██████[38;2;156;206;140m██[38;2;0;0;0m████          
    ██[38;2;123;173;99m██████[38;2;65;65;65m██[38;2;156;206;140m██[38;2;66;123;74m██[38;2;156;206;140m██████████[38;2;0;0;0m██        
    ██[38;2;123;173;99m████[38;2;65;65;65m████[38;2;156;206;140m████████[38;2;65;65;65m██[38;2;156;206;140m██████[38;2;0;0;0m██      
      ██████[38;2;123;173;99m██[38;2;66;123;74m██[38;2;156;206;140m██████[38;2;65;65;65m████[38;2;156;206;140m██████[38;2;0;0;0m██    
          ██[38;2;123;173;99m██[38;2;156;206;140m████████[38;2;65;65;65m████[38;2;156;206;140m████[38;2;66;123;74m██[38;2;0;0;0m██    
        ██[38;2;66;123;74m██[38;2;123;173;99m██[38;2;65;65;65m██[38;2;156;206;140m████[38;2;66;123;74m██[38;2;156;206;140m██[38;2;65;65;65m██[38;2;123;173;99m██[38;2;156;206;140m████[38;2;0;0;0m██    
        ██[38;2;123;173;99m██████[38;2;65;65;65m██[38;2;156;206;140m████████[38;2;65;65;65m██[38;2;0;0;0m████      
        ██[38;2;65;65;65m██[38;2;123;173;99m████[38;2;65;65;65m██[38;2;156;206;140m████[38;2;66;123;74m██[38;2;156;206;140m██[38;2;0;0;0m██          
          ████████[38;2;123;173;99m██[38;2;156;206;140m██████[38;2;0;0;0m██          
                ██[38;2;65;65;65m██[38;2;123;173;99m██[38;2;66;123;74m██[38;2;123;173;99m██[38;2;0;0;0m██          
                  ████████            
[0m