          [38;2;0;0;0m██████                  
      ████[38;2;148;230;214m████[38;2;107;189;173m██[38;2;0;0;0m██                
    ██[38;2;148;230;214m██[38;2;107;189;173m██[38;2;65;65;65m████████[38;2;0;0;0m██████          
  ██[38;2;148;230;214m██[38;2;107;189;173m██[38;2;65;65;65m████[38;2;74;156;115m██[38;2;107;189;173m████████[38;2;74;156;115m██[38;2;0;0;0m████      
  ██[38;2;148;230;214m██[38;2;107;189;173m██[38;2;65;65;65m██[38;2;107;189;173m████[38;2;66;123;74m████████[38;2;107;189;173m██████[38;2;0;0;0m██    
  ██[38;2;107;189;173m██████[38;2;65;65;65m████[38;2;74;156;115m████████[38;2;65;65;65m██[38;2;107;189;173m████[38;2;74;156;115m██[38;2;0;0;0m██  
    ██[38;2;107;189;173m████████[38;2;65;65;65m████████[38;2;107;189;173m████[38;2;148;230;214m██[38;2;107;189;173m██[38;2;0;0;0m██  
  ██[38;2;107;189;173m██[38;2;90;74;173m██[38;2;74;156;115m██[38;2;107;189;173m██████████████████[38;2;74;156;115m██[38;2;0;0;0m██  
██[38;2;74;156;115m██[38;2;107;189;173m██[38;2;123;99;206m██[38;2;90;74;173m████[38;2;74;156;115m██[38;2;107;189;173m██████████[38;2;74;156;115m██[38;2;90;74;173m██[38;2;0;0;0m██    
██[38;2;107;189;173m██[38;2;90;74;173m██[38;2;165;173;255m██[38;2;123;99;206m████[38;2;90;74;173m██████████████[38;2;123;99;206m██[38;2;90;74;173m██[38;2;0;0;0m██  
██[38;2;107;189;173m██[38;2;90;74;173m██[38;2;65;65;65m██[38;2;123;99;206m████[38;2;140;123;255m██[38;2;165;173;255m██████[38;2;140;123;255m██[38;2;123;99;206m██████[38;2;90;74;173m██[38;2;107;189;173m██[38;2;0;0;0m██
  ██[38;2;90;74;173m██[38;2;165;173;255m████[38;2;123;99;206m██[38;2;165;173;255m██[38;2;255;255;255m██[38;2;65;65;65m██[38;2;165;173;255m████[38;2;123;99;206m██████[38;2;90;74;173m██[38;2;74;156;115m██[38;2;0;0;0m██
  ██[38;2;74;156;115m██[38;2;90;74;173m██[38;2;165;173;255m██████[38;2;65;65;65m██[38;2;0;0;0m██[38;2;165;173;255m████[38;2;123;99;206m████[38;2;90;74;173m██[38;2;74;156;115m████[38;2;0;0;0m██
██[38;2;74;156;115m██[38;2;65;65;65m██[38;2;90;74;173m██[38;2;123;99;206m██████[38;2;165;173;255m██████[38;2;123;99;206m██████[38;2;90;74;173m██[38;2;74;156;115m██[38;2;0;0;0m██  
██[38;2;74;156;115m██[38;2;65;65;65m██[38;2;107;189;173m██[38;2;90;74;173m██[38;2;65;65;65m██[38;2;123;99;206m████[38;2;65;65;65m██[38;2;123;99;206m██████[38;2;90;74;173m██[38;2;74;156;115m██[38;2;0;0;0m██    
  ██[38;2;107;189;173m████████[38;2;65;65;65m████[38;2;123;99;206m████[38;2;90;74;173m████[38;2;74;156;115m██████[38;2;0;0;0m██  
  ██[38;2;74;156;115m██[38;2;107;189;173m██████████████████[38;2;74;156;115m██████[38;2;0;0;0m██  
    ██[38;2;74;156;115m████[38;2;107;189;173m██[38;2;66;123;74m██[38;2;65;65;65m██[38;2;66;123;74m██[38;2;107;189;173m████[38;2;74;156;115m██[38;2;65;65;65m██[38;2;74;156;115m██[38;2;0;0;0m██    
      ████[38;2;65;65;65m████[38;2;74;156;115m██[38;2;65;65;65m██[38;2;74;156;115m████[38;2;65;65;65m██[38;2;0;0;0m████      
          ██[38;2;74;156;115m██████[38;2;0;0;0m██████          
            ██[38;2;74;156;115m██[38;2;0;0;0m██                
            ██[38;2;74;156;115m██[38;2;0;0;0m██                
              ██                  
[0m