                                  [38;2;0;0;0m██                                      
                                ██[38;2;156;134;189m██[38;2;0;0;0m██                                    
                                ██[38;2;156;134;189m██[38;2;0;0;0m██                                    
                                ██[38;2;156;134;189m██[38;2;0;0;0m██                                    
                                ██[38;2;156;134;189m████[38;2;0;0;0m██                                  
                                  ██[38;2;156;134;189m██[38;2;0;0;0m██                                  
                                  ██[38;2;156;134;189m████[38;2;0;0;0m██                                
                                  ██[38;2;156;134;189m████[38;2;0;0;0m██                                
                                ██[38;2;159;133;192m████[38;2;156;134;189m██[38;2;0;0;0m██                                
                              ██[38;2;156;134;189m██[38;2;159;133;192m████[38;2;0;0;0m██                                  
                              ██[38;2;156;134;189m██[38;2;159;133;192m████[38;2;0;0;0m██                                  
                            ██[38;2;156;134;189m████[38;2;159;133;192m████[38;2;0;0;0m██                                  
                            ██[38;2;115;146;231m██[38;2;159;132;192m██[38;2;115;146;231m██[38;2;159;132;192m██[38;2;0;0;0m██                                  
                            ██[38;2;159;132;192m██[38;2;115;146;231m██[38;2;159;132;192m██[38;2;115;146;231m██[38;2;156;134;189m██[38;2;0;0;0m██                                
                            ██[38;2;112;146;231m████[38;2;156;207;255m██[38;2;112;144;230m██[38;2;115;146;231m██[38;2;0;0;0m██                                
                            ██[38;2;112;146;231m████[38;2;156;207;255m██[38;2;112;144;230m██[38;2;115;146;231m██[38;2;0;0;0m██                                
                              [38;2;8;0;0m██[38;2;165;207;247m██[38;2;156;207;255m████[38;2;0;0;0m██                                  
                            ██[38;2;86;103;123m██[38;2;165;207;247m██[38;2;82;81;66m██[38;2;156;207;255m██[38;2;103;103;90m██[38;2;0;0;0m██                                
                ██          ██[38;2;107;105;90m██[38;2;79;78;74m██[38;2;101;102;93m██[38;2;79;79;71m██[38;2;107;105;90m██[38;2;79;78;74m██[38;2;0;0;0m████                            
  ██          ██[38;2;156;134;189m██[38;2;0;0;0m██    ████[38;2;156;207;255m██[38;2;66;65;66m██[38;2;79;78;74m██[38;2;101;102;93m██[38;2;79;79;71m██[38;2;66;65;66m██[38;2;79;78;74m██[38;2;165;207;247m██[38;2;55;69;82m██[38;2;0;0;0m██                      ██  
██[38;2;156;134;189m██[38;2;0;0;0m██        ██[38;2;132;142;222m██[38;2;0;0;0m██  ██[38;2;77;81;85m██[38;2;228;244;255m████[38;2;231;243;255m██[38;2;82;81;66m██[38;2;66;65;66m██[38;2;148;186;255m██[38;2;82;81;66m██[38;2;148;195;255m██[38;2;156;208;255m████[38;2;60;73;85m██[38;2;8;4;0m██          [38;2;0;0;0m██      ██[38;2;156;134;189m██[38;2;0;0;0m██
██[38;2;156;134;189m██[38;2;0;0;0m██      ██[38;2;132;142;222m████[38;2;0;0;0m██  ██[38;2;231;243;255m██[38;2;228;244;255m████[38;2;82;81;66m██[38;2;231;243;255m██[38;2;148;186;255m████[38;2;82;81;66m██[38;2;148;195;255m██[38;2;156;208;255m████[38;2;165;211;255m██[38;2;8;4;0m██        [38;2;0;0;0m██[38;2;156;134;189m██[38;2;0;0;0m██    ██[38;2;156;134;189m██[38;2;0;0;0m██
██[38;2;159;132;192m████[38;2;0;0;0m██    ██[38;2;156;207;255m████[38;2;66;65;66m██[38;2;0;0;0m██[38;2;66;65;66m██[38;2;206;223;156m██[38;2;189;227;255m██[38;2;82;81;66m████[38;2;148;186;255m██[38;2;148;178;255m████[38;2;82;78;68m████[38;2;156;199;255m████[38;2;156;207;255m██[38;2;82;81;66m██[38;2;0;0;0m██      ██[38;2;156;134;189m██[38;2;0;0;0m██  [38;2;8;4;0m██[38;2;140;178;239m██[38;2;132;178;247m██[38;2;0;0;0m██
██[38;2;115;146;231m████[38;2;0;0;0m██  ██[38;2;66;65;66m██[38;2;82;81;66m████[38;2;66;65;66m████[38;2;206;223;156m██[38;2;66;65;66m██[38;2;189;227;255m██[38;2;82;81;66m██[38;2;148;186;255m████[38;2;148;178;255m██[38;2;82;81;66m██[38;2;66;65;66m████[38;2;82;81;66m██[38;2;156;199;255m██[38;2;156;207;255m████[38;2;0;0;0m██      ██[38;2;156;134;189m████[38;2;0;0;0m██[38;2;52;62;79m██[38;2;140;178;239m██[38;2;132;178;247m██[38;2;0;0;0m██
  [38;2;8;4;0m██[38;2;165;211;255m██[38;2;165;211;247m██[38;2;16;0;0m██[38;2;71;70;66m████████[38;2;0;0;0m██[38;2;66;65;66m██[38;2;255;239;66m██[38;2;74;69;66m██[38;2;82;81;66m████[38;2;148;178;255m██[38;2;82;81;66m██[38;2;148;178;255m██[38;2;74;69;66m██[38;2;255;239;63m████[38;2;66;65;66m██[38;2;156;207;255m██████[38;2;0;0;0m██    ██[38;2;52;62;79m██[38;2;140;178;239m██[38;2;123;158;194m██[38;2;74;69;74m██[38;2;82;78;68m████[38;2;82;79;70m██[38;2;0;0;0m██
  [38;2;8;4;0m██[38;2;60;73;85m██[38;2;65;70;82m████[38;2;71;70;66m██[38;2;0;0;0m██[38;2;71;70;66m██[38;2;0;0;0m██  ██[38;2;74;69;66m████[38;2;148;178;255m██[38;2;82;81;66m██████[38;2;74;69;66m████[38;2;255;239;63m████[38;2;66;65;66m██[38;2;156;207;255m████[38;2;66;65;66m██[38;2;0;0;0m██  ██[38;2;66;65;66m██[38;2;8;4;0m██[38;2;140;178;239m██[38;2;148;203;255m██[38;2;74;69;74m██[38;2;66;65;66m██[38;2;82;78;68m██[38;2;0;0;0m██  
  ████[38;2;82;79;70m██[38;2;0;0;0m████  ████    [38;2;8;0;0m██[38;2;148;178;247m██[38;2;148;178;255m██[38;2;82;81;66m██[38;2;148;178;255m██[38;2;82;81;66m██[38;2;145;177;255m████[38;2;74;69;66m████[38;2;156;208;255m████[38;2;165;211;255m██[38;2;8;4;0m██    [38;2;0;0;0m████  ██[38;2;82;78;68m████[38;2;66;65;66m████[38;2;0;0;0m██  
    ████      ████    [38;2;8;0;0m██[38;2;54;59;82m██[38;2;148;178;255m██[38;2;82;81;66m████[38;2;148;178;255m██[38;2;145;177;255m████[38;2;148;178;255m██[38;2;74;69;66m██[38;2;156;208;255m████[38;2;60;73;85m██[38;2;8;4;0m██    [38;2;0;0;0m████  ██[38;2;82;78;68m██[38;2;66;65;66m████[38;2;0;0;0m██    
    ████    ████        ████[38;2;148;178;255m██[38;2;82;78;68m████[38;2;148;178;255m████[38;2;62;66;82m██[38;2;156;182;247m██[38;2;82;79;70m██[38;2;0;0;0m████      ██[38;2;66;65;66m██[38;2;0;0;0m████[38;2;66;65;66m████[38;2;0;0;0m██      
      ████                  ██[38;2;66;65;66m████████[38;2;62;66;82m██[38;2;16;8;0m██[38;2;0;0;0m██            ████  ██[38;2;66;65;66m██[38;2;0;0;0m██      
        ████████      ██████  ██[38;2;82;79;70m██[38;2;82;79;68m████[38;2;0;0;0m██                    ██[38;2;66;65;66m██[38;2;0;0;0m██        
              ██████████        ██[38;2;82;79;68m██[38;2;0;0;0m██  ████████      ██████████          
                                ██[38;2;82;79;70m██[38;2;0;0;0m██        ██████████████              
                                  ██                                      
[0m