                                [38;2;0;0;0m██                                                
                              ██[38;2;255;81;57m██[38;2;0;0;0m██        ██                                    
                              ██[38;2;255;81;57m██[38;2;0;0;0m██      ██[38;2;255;81;57m██[38;2;0;0;0m██                                  
                              ██[38;2;255;109;57m██[38;2;255;81;57m██[38;2;0;0;0m██    ██[38;2;255;81;57m██[38;2;0;0;0m██                                  
                              ██[38;2;255;109;57m██[38;2;255;81;57m██[38;2;0;0;0m██    ██[38;2;255;81;57m████[38;2;0;0;0m██                                
                              ██[38;2;255;247;0m██[38;2;255;142;66m██[38;2;0;0;0m██    ██[38;2;255;174;41m██[38;2;255;81;57m██[38;2;0;0;0m██                    ████        
                            ██[38;2;255;247;0m████[38;2;0;0;0m██    ██[38;2;255;174;41m████[38;2;0;0;0m██                    ██[38;2;255;81;57m██[38;2;0;0;0m██        
                          [38;2;8;8;8m██[38;2;255;89;66m██[38;2;255;81;57m██[38;2;0;0;0m██    ██[38;2;255;101;57m██[38;2;255;247;0m████[38;2;0;0;0m██                  ██[38;2;255;81;57m██[38;2;0;0;0m██          
                        ██[38;2;172;62;46m██[38;2;255;89;66m██[38;2;0;0;0m██    ██[38;2;255;101;57m████[38;2;255;247;0m██[38;2;0;0;0m██                  ██[38;2;255;81;57m██[38;2;0;0;0m██            
                      [38;2;8;0;8m██[38;2;172;92;52m██[38;2;66;65;66m████[38;2;0;0;0m██  ██[38;2;255;142;66m██[38;2;255;138;82m██[38;2;172;92;57m██[38;2;0;0;0m██    ██            ██[38;2;255;81;57m████[38;2;0;0;0m██            
                    ██[38;2;255;138;74m████[38;2;255;142;66m████[38;2;189;89;66m██[38;2;0;0;0m██[38;2;255;142;66m████[38;2;172;92;57m██[38;2;8;0;8m██    [38;2;0;0;0m██[38;2;255;81;57m██[38;2;0;0;0m██          ██[38;2;255;81;57m████[38;2;0;0;0m██            
                ██[38;2;0;0;8m██[38;2;255;134;74m██[38;2;189;90;66m██[38;2;255;142;66m██████[38;2;255;140;65m████[38;2;255;142;66m██[38;2;189;90;66m██[38;2;0;0;0m██      ██[38;2;255;81;57m██[38;2;0;0;0m██          ██[38;2;255;174;82m██[38;2;255;81;57m████[38;2;0;0;0m██          
              ██[38;2;255;142;66m██[38;2;255;134;74m██[38;2;170;89;52m██[38;2;255;142;66m██████[38;2;189;90;66m██[38;2;255;82;57m██[38;2;255;140;65m██[38;2;255;142;66m██[38;2;189;90;66m██[38;2;0;0;0m██  ████[38;2;255;81;57m██[38;2;0;0;0m██              ██[38;2;255;174;82m████[38;2;0;0;0m██          
              ██[38;2;189;89;66m██[38;2;156;65;66m██[38;2;255;142;66m██[38;2;255;113;66m██[38;2;85;45;32m██[38;2;156;65;66m██[38;2;255;247;0m██[38;2;255;82;57m██[38;2;255;140;65m██[38;2;255;142;66m██[38;2;189;90;66m██[38;2;172;132;35m██[38;2;8;0;24m██[38;2;255;138;41m████[38;2;255;81;57m██[38;2;0;0;0m██            ██[38;2;255;174;82m██[38;2;255;199;57m████[38;2;0;0;0m██          
              ██[38;2;189;89;66m██[38;2;156;65;66m██[38;2;189;90;66m██[38;2;0;12;16m██[38;2;255;113;66m██[38;2;255;247;0m████[38;2;255;140;65m████[38;2;189;90;66m████[38;2;172;132;35m██[38;2;255;199;41m██[38;2;255;138;41m██[38;2;0;0;0m████            ██[38;2;255;174;82m████[38;2;255;199;57m██[38;2;0;0;0m██            
          ████[38;2;255;142;66m██[38;2;189;90;66m██[38;2;170;89;52m██[38;2;0;0;8m██[38;2;227;105;66m██[38;2;200;76;66m██[38;2;192;109;66m██[38;2;255;134;66m██[38;2;90;48;74m██[38;2;255;243;0m██[38;2;255;247;0m██████[38;2;189;90;66m██[38;2;0;0;0m██              ██[38;2;255;247;0m██[38;2;255;172;82m████[38;2;255;247;0m██[38;2;0;0;0m██            
        ██[38;2;255;142;66m████████[38;2;255;134;74m████[38;2;255;134;66m██████[38;2;66;60;66m██[38;2;255;243;0m██[38;2;145;113;49m██[38;2;189;90;66m████████[38;2;0;0;0m██      ████    ██[38;2;255;247;0m████[38;2;255;172;82m██[38;2;0;0;0m██              
        ██[38;2;255;142;66m████[38;2;255;85;74m██[38;2;255;247;8m██[38;2;255;142;66m████[38;2;74;60;74m██[38;2;194;171;35m██[38;2;90;50;41m██[38;2;181;93;74m██[38;2;189;89;66m████[38;2;66;65;66m██[38;2;189;89;66m██[38;2;189;90;66m████[38;2;0;0;0m██    ██[38;2;255;81;57m██[38;2;0;0;0m██  ██[38;2;156;65;66m████[38;2;255;227;24m██[38;2;8;0;8m██                
          [38;2;0;0;0m██[38;2;255;142;66m██[38;2;255;139;52m████[38;2;255;142;66m██[38;2;66;65;66m██[38;2;255;227;16m██[38;2;74;60;74m██[38;2;181;93;74m██[38;2;0;8;8m██[38;2;66;65;66m████[38;2;189;89;66m████[38;2;189;90;66m████[38;2;0;0;0m██  ██[38;2;255;81;57m██[38;2;0;0;0m██  ██[38;2;255;174;82m██[38;2;255;170;74m████[38;2;131;113;16m██[38;2;8;0;8m██                
        [38;2;0;0;0m██[38;2;185;168;98m██[38;2;115;81;8m██[38;2;189;89;66m██[38;2;66;65;66m██[38;2;255;130;66m██[38;2;66;65;66m██[38;2;189;89;66m██[38;2;0;0;0m████  [38;2;8;0;8m██[38;2;172;92;57m██[38;2;189;90;66m████[38;2;189;89;66m██[38;2;0;0;0m██  ██[38;2;255;82;57m████[38;2;255;81;57m██[38;2;0;0;0m██[38;2;255;172;82m████[38;2;255;247;0m██[38;2;255;172;82m██[38;2;255;170;90m████[38;2;0;0;0m██              
        ██[38;2;185;168;98m██[38;2;255;255;189m██[38;2;66;65;66m████[38;2;192;108;66m██[38;2;66;65;66m██[38;2;0;0;0m██    ██[38;2;255;138;82m██[38;2;172;92;57m██[38;2;189;90;66m████[38;2;189;89;66m██[38;2;0;0;0m██  ██[38;2;255;82;57m████[38;2;255;81;57m████[38;2;255;172;82m██[38;2;255;247;0m██████[38;2;131;85;49m██[38;2;8;0;8m██[38;2;255;174;82m██[38;2;0;0;0m██            
████  [38;2;33;0;33m██[38;2;255;247;8m██[38;2;255;227;107m████[38;2;255;255;247m██[38;2;255;174;82m██[38;2;66;65;66m██[38;2;255;81;57m██[38;2;0;0;0m██  ██[38;2;255;142;66m██[38;2;255;140;66m████[38;2;255;109;57m██[38;2;156;64;65m██[38;2;0;0;0m██    ██[38;2;255;81;57m████[38;2;255;255;247m██[38;2;255;174;82m██[38;2;255;225;82m██[38;2;255;247;247m██[38;2;255;247;0m██[38;2;156;65;66m██[38;2;0;0;0m██  ██              
██[38;2;255;174;82m██[38;2;0;0;0m██[38;2;107;82;24m██[38;2;255;247;8m██[38;2;255;227;107m██[38;2;0;0;0m██[38;2;255;174;82m██[38;2;255;255;247m██[38;2;255;81;57m██████[38;2;0;0;0m██[38;2;255;142;66m████[38;2;255;140;66m████[38;2;156;64;65m██[38;2;255;109;57m██[38;2;0;0;0m██      ██[38;2;255;81;57m██[38;2;255;255;247m████[38;2;255;247;247m██[38;2;255;215;0m██[38;2;255;247;0m██████[38;2;0;0;0m████          ██  
  ██[38;2;255;174;82m██[38;2;255;247;0m████[38;2;0;0;0m██  ██[38;2;255;174;82m████[38;2;255;81;57m██[38;2;255;154;74m██[38;2;74;52;66m██[38;2;255;142;66m████[38;2;156;64;65m██[38;2;255;109;57m██[38;2;156;65;66m██[38;2;255;81;57m██[38;2;255;113;66m██[38;2;0;0;0m██  ██[38;2;255;172;82m████[38;2;255;174;82m██[38;2;255;255;247m██[38;2;255;247;247m████[38;2;255;255;247m██[38;2;255;247;0m██████[38;2;255;211;41m██[38;2;0;0;0m██      ██[38;2;255;81;57m██[38;2;0;0;0m██
    ██████      ██[38;2;255;174;82m████[38;2;134;86;68m██[38;2;255;154;74m██[38;2;255;142;66m██[38;2;156;66;66m██[38;2;255;109;57m██[38;2;156;64;65m██[38;2;255;81;57m████[38;2;255;113;66m████[38;2;0;0;0m██[38;2;255;174;82m██[38;2;255;247;0m██[38;2;255;172;82m██[38;2;255;255;247m████[38;2;255;225;82m██[38;2;255;215;0m██[38;2;255;247;0m██[38;2;255;255;247m██████[38;2;255;211;41m██[38;2;0;0;0m██    ██[38;2;255;81;57m████[38;2;0;0;0m██
                ██[38;2;255;243;8m██[38;2;165;65;74m██[38;2;255;142;66m████[38;2;255;158;74m██[38;2;156;65;66m██[38;2;255;81;57m████[38;2;255;82;57m████[38;2;255;168;54m██[38;2;255;251;24m██[38;2;255;247;0m██████[38;2;255;255;247m██[38;2;255;255;239m██[38;2;255;152;101m██[38;2;255;81;57m████[38;2;255;203;49m████[38;2;255;223;24m████[38;2;255;247;0m██[38;2;255;172;82m██[38;2;0;0;0m████[38;2;255;82;57m████[38;2;0;0;0m██  
    ██████    ██[38;2;255;247;0m██[38;2;165;65;74m██[38;2;210;154;41m██[38;2;255;142;66m██[38;2;156;66;66m██[38;2;156;65;66m██[38;2;255;158;74m██[38;2;255;174;82m████[38;2;255;82;57m████[38;2;255;86;84m██[38;2;255;168;54m██[38;2;255;247;0m████[38;2;255;255;247m████[38;2;255;152;101m██[38;2;255;101;33m██[38;2;255;81;57m██[38;2;156;65;66m██[38;2;131;101;32m██[38;2;8;0;16m██[38;2;0;0;0m██[38;2;255;223;24m██[38;2;255;172;82m████[38;2;255;174;82m████[38;2;255;82;57m████[38;2;0;0;0m██  
  [38;2;8;0;8m██[38;2;198;93;74m██[38;2;189;89;66m████[38;2;0;0;0m██  [38;2;16;0;41m██[38;2;255;243;24m██[38;2;156;66;66m██[38;2;255;142;66m██[38;2;156;65;66m██[38;2;255;247;0m██████[38;2;255;158;74m██[38;2;156;65;66m██[38;2;156;66;66m████[38;2;255;174;82m████[38;2;255;247;247m████[38;2;255;247;0m████[38;2;255;199;57m████[38;2;156;65;66m██[38;2;255;81;57m██[38;2;0;0;0m██    ████[38;2;255;174;82m██[38;2;255;130;66m████[38;2;255;81;57m██[38;2;0;0;0m██    
██[38;2;134;62;52m██[38;2;198;93;74m██[38;2;156;65;66m████[38;2;189;89;66m██[38;2;0;0;0m██[38;2;95;81;35m████[38;2;255;142;66m██[38;2;156;66;66m██[38;2;255;247;0m██[38;2;156;65;66m████████[38;2;255;158;74m██[38;2;255;142;66m████[38;2;156;66;65m██[38;2;255;174;82m██[38;2;255;225;82m██[38;2;255;215;0m██[38;2;255;247;0m████[38;2;255;199;57m██[38;2;0;0;0m██[38;2;255;81;57m██████[38;2;0;0;0m██      ████████      
██[38;2;200;184;186m██[38;2;140;60;66m██[38;2;189;89;66m████████[38;2;66;65;66m██[38;2;255;174;41m██[38;2;255;142;66m██[38;2;156;66;66m████[38;2;255;142;66m██[38;2;255;140;66m████[38;2;255;142;66m██████████[38;2;156;66;66m██[38;2;255;247;8m████[38;2;255;247;0m██[38;2;0;0;0m████  ██[38;2;189;89;66m██[38;2;255;81;57m██[38;2;189;89;66m██[38;2;0;0;0m██                  
██[38;2;200;184;186m██[38;2;231;247;247m██[38;2;0;0;0m████[38;2;189;89;66m██[38;2;66;65;66m██[38;2;255;174;41m████[38;2;255;142;66m████████[38;2;255;140;66m████[38;2;66;65;66m██████[38;2;255;142;66m██████[38;2;107;82;24m██[38;2;33;0;33m██[38;2;0;0;0m██      ██[38;2;189;89;66m████████[38;2;0;0;0m██                
  ████    ██[38;2;66;67;66m██[38;2;255;221;82m██[38;2;255;219;0m████[38;2;255;221;82m██[38;2;255;139;66m██[38;2;255;247;0m██[38;2;255;130;66m██[38;2;66;65;66m██[38;2;189;77;49m██[38;2;211;136;109m██[38;2;192;109;66m██[38;2;66;60;66m██[38;2;66;65;66m██[38;2;255;142;66m██[38;2;0;0;0m██            ██[38;2;189;90;66m████[38;2;189;89;66m██[38;2;0;0;0m██                
            ██[38;2;255;219;0m██[38;2;255;227;247m████[38;2;255;219;0m██[38;2;255;247;0m██[38;2;255;139;66m██[38;2;66;65;66m██[38;2;192;108;66m██[38;2;255;255;231m██[38;2;189;77;49m██[38;2;255;134;66m████[38;2;255;142;66m██████[38;2;0;0;0m██          ██[38;2;189;90;66m████[38;2;189;89;66m████[38;2;0;0;0m██              
          ██[38;2;255;251;123m██[38;2;255;255;247m████████[38;2;255;255;222m██[38;2;99;97;8m██[38;2;255;255;247m██[38;2;99;65;66m██[38;2;255;255;247m██[38;2;107;65;66m██[38;2;255;251;239m██[38;2;145;115;107m██[38;2;66;65;66m██[38;2;255;142;66m██[38;2;255;142;74m██[38;2;0;8;16m██          [38;2;0;0;0m██[38;2;189;90;66m████████[38;2;0;0;0m██              
          ██[38;2;255;251;123m██[38;2;255;255;247m██[38;2;255;247;0m██[38;2;255;255;247m████[38;2;177;176;115m██[38;2;255;255;222m██[38;2;99;65;66m████[38;2;255;255;247m██[38;2;107;65;66m██[38;2;255;251;239m██[38;2;90;48;41m██[38;2;255;142;66m██[38;2;66;65;66m██[38;2;85;52;35m██[38;2;255;142;74m██[38;2;0;0;0m██      ██[38;2;156;65;66m██[38;2;189;90;66m████████[38;2;189;89;66m██[38;2;0;0;0m██            
        ██[38;2;66;65;66m██[38;2;255;255;247m██[38;2;255;247;0m██[38;2;255;255;247m████[38;2;255;247;0m██████[38;2;255;255;247m██[38;2;255;247;0m██[38;2;66;65;66m██[38;2;255;174;41m██[38;2;66;65;66m██[38;2;255;142;66m██[38;2;255;140;66m████████[38;2;82;56;43m██[38;2;0;12;24m██[38;2;0;0;0m████[38;2;156;64;66m██[38;2;189;89;66m██[38;2;156;65;66m██[38;2;189;89;66m██[38;2;189;90;66m████[38;2;255;247;0m██[38;2;0;0;0m██            
        ██[38;2;66;65;66m██[38;2;255;255;247m████[38;2;255;247;0m██[38;2;255;255;247m████[38;2;255;247;0m██[38;2;255;255;247m██████[38;2;255;174;41m████[38;2;255;142;66m████[38;2;255;140;66m████████[38;2;247;146;82m██[38;2;82;56;43m██[38;2;156;65;66m████[38;2;156;64;66m████[38;2;189;89;66m██[38;2;156;65;66m██[38;2;189;90;66m████[38;2;255;247;0m██[38;2;0;0;0m██            
      ██[38;2;173;77;66m██[38;2;189;89;66m██[38;2;66;65;66m██[38;2;255;255;247m██[38;2;255;247;0m████[38;2;255;255;247m██████████[38;2;255;219;0m██[38;2;255;221;82m██[38;2;255;247;0m██[38;2;255;139;66m██[38;2;255;140;66m████████████[38;2;66;65;66m██[38;2;156;65;66m██[38;2;156;66;66m████[38;2;156;64;66m██[38;2;189;89;66m██[38;2;222;186;24m████[38;2;0;0;0m██              
      ██[38;2;173;77;66m██[38;2;189;89;66m██[38;2;66;65;66m██[38;2;255;255;247m████████[38;2;255;247;0m██[38;2;255;255;247m██████[38;2;255;227;247m██[38;2;255;219;0m██[38;2;255;139;66m████[38;2;255;140;66m████████████[38;2;66;65;66m██[38;2;156;65;66m██[38;2;156;66;66m████[38;2;156;64;66m████[38;2;222;186;24m██[38;2;255;255;247m██[38;2;0;0;0m██              
      ██[38;2;189;89;66m██[38;2;156;65;66m██[38;2;189;89;66m██[38;2;74;52;74m██[38;2;255;231;8m██[38;2;255;255;222m██[38;2;177;176;115m██[38;2;255;255;247m██[38;2;255;247;0m██[38;2;255;255;247m████████[38;2;66;65;66m██[38;2;255;142;66m██[38;2;255;140;66m████████████[38;2;255;142;66m██[38;2;66;65;66m██[38;2;156;65;66m████[38;2;255;247;0m████[38;2;255;255;247m██[38;2;0;0;0m██                
        ██[38;2;156;65;66m██[38;2;189;89;66m██[38;2;134;111;52m██[38;2;74;52;74m██[38;2;99;97;8m██[38;2;255;255;222m██[38;2;255;247;0m██[38;2;255;255;247m██████████[38;2;66;65;66m██[38;2;255;142;66m██[38;2;255;140;66m████████████[38;2;255;142;66m██[38;2;66;65;66m██[38;2;255;247;0m████[38;2;255;255;247m████[38;2;0;0;0m██                  
          ████[38;2;181;93;74m████[38;2;189;89;66m██[38;2;66;65;66m██████[38;2;255;251;247m████[38;2;255;255;247m████[38;2;85;52;35m██[38;2;255;142;74m██[38;2;255;140;66m████[38;2;255;142;66m████████[38;2;255;142;74m██[38;2;85;52;35m██[38;2;255;255;247m████[38;2;0;0;0m████                    
              [38;2;0;8;8m██[38;2;90;50;41m██[38;2;189;89;66m████████[38;2;85;83;82m██[38;2;0;0;0m██████[38;2;0;8;16m██[38;2;255;142;74m██[38;2;255;140;66m████[38;2;255;142;66m██[38;2;189;90;66m██[38;2;255;142;66m██[38;2;189;90;66m██[38;2;255;142;74m██[38;2;0;8;16m██[38;2;0;0;0m████                        
          ████[38;2;156;65;66m████[38;2;189;90;66m████[38;2;189;89;66m████[38;2;0;0;0m██        ██[38;2;255;142;66m████[38;2;189;90;66m██[38;2;255;142;66m██[38;2;189;90;66m██[38;2;255;142;66m██[38;2;0;0;0m██                              
        ██[38;2;181;182;181m██[38;2;60;60;60m██[38;2;189;89;66m████[38;2;189;90;66m████[38;2;0;0;0m████            ██[38;2;255;142;66m████[38;2;189;90;66m██[38;2;255;142;66m██████[38;2;0;0;0m██                            
          ██[38;2;181;182;181m████[38;2;0;0;0m██████                  ██[38;2;66;65;66m████[38;2;189;90;66m██[38;2;255;142;66m████[38;2;0;0;0m██                            
            ████                      ██[38;2;189;89;66m██[38;2;192;108;66m██[38;2;255;130;66m██[38;2;255;142;66m██████[38;2;0;0;0m██                            
                                    ██[38;2;181;170;170m██[38;2;107;85;85m██[38;2;255;251;247m██[38;2;95;83;82m██[38;2;255;251;247m██[38;2;107;83;82m██[38;2;0;0;0m██                              
                                    ██[38;2;33;0;0m██[38;2;255;255;255m██[38;2;16;0;0m████[38;2;255;251;247m██[38;2;33;0;0m██                                
                                        [38;2;0;0;0m██    ██                                  
[0m