                        [38;2;0;0;0m████                        
                    ████[38;2;247;190;206m██[38;2;0;0;0m██  ████                  
                  ██[38;2;247;190;206m██[38;2;247;189;205m████[38;2;79;59;63m██[38;2;0;4;0m██[38;2;247;170;189m██[38;2;0;0;0m██                  
                ██[38;2;247;190;206m████[38;2;239;147;164m██[38;2;247;189;205m██[38;2;239;170;189m████[38;2;247;170;189m██[38;2;0;0;0m██                  
    ████        ██[38;2;247;189;205m██[38;2;239;147;164m██[38;2;247;190;206m██[38;2;239;147;164m██[38;2;247;190;206m██[38;2;239;147;164m██[38;2;239;150;165m██[38;2;0;0;0m██                  
    ██[38;2;206;113;140m██[38;2;0;0;0m██    ██[38;2;239;150;165m██[38;2;239;147;164m██[38;2;247;189;205m██[38;2;239;147;164m████████[38;2;239;150;165m██[38;2;0;0;0m██                  
    ██[38;2;206;115;140m████[38;2;0;0;0m██  ██[38;2;239;150;165m██[38;2;239;148;165m████████████[38;2;0;0;0m██                    
████[38;2;173;81;82m██[38;2;206;115;140m████[38;2;0;0;0m██  ██[38;2;239;150;165m██[38;2;239;148;165m████████████[38;2;0;0;0m██      ██████        
██[38;2;206;115;140m████[38;2;164;147;156m██[38;2;74;56;66m██[38;2;79;32;43m██[38;2;0;20;16m██[38;2;66;65;66m██[38;2;239;150;165m██[38;2;239;148;165m████████[38;2;239;154;165m██[38;2;0;4;0m██    [38;2;0;0;0m████[38;2;239;148;165m████[38;2;239;150;165m██[38;2;0;0;0m████    
██[38;2;206;115;140m████[38;2;74;56;66m██[38;2;255;239;247m██[38;2;239;56;99m████[38;2;66;65;66m██[38;2;239;150;165m██[38;2;239;148;165m████████[38;2;79;54;55m██[38;2;0;4;0m██  [38;2;0;0;0m██[38;2;239;150;165m████[38;2;239;148;165m████[38;2;239;150;165m██████[38;2;0;0;0m██  
██[38;2;206;113;140m████[38;2;66;65;66m██[38;2;239;52;90m██████[38;2;66;65;66m████[38;2;239;150;165m████[38;2;90;44;57m████[38;2;66;65;66m██[38;2;222;117;66m██[38;2;0;8;16m██[38;2;206;150;90m██[38;2;206;115;140m██[38;2;239;150;165m██[38;2;239;148;165m████[38;2;239;150;165m████[38;2;0;0;0m██    
  ██[38;2;206;113;140m██[38;2;66;65;66m██[38;2;239;52;90m████[38;2;173;82;82m██[38;2;66;65;66m████████[38;2;255;235;247m██[38;2;145;107;120m██[38;2;222;117;66m██[38;2;66;65;66m██[38;2;206;150;90m██[38;2;68;55;40m██[38;2;206;115;140m████[38;2;239;148;165m████[38;2;239;150;165m██[38;2;206;115;140m██[38;2;66;65;66m██[38;2;0;0;0m██  
  ██[38;2;206;113;140m██[38;2;192;154;84m██[38;2;66;56;74m██[38;2;66;65;66m████[38;2;247;231;49m██████[38;2;66;65;66m██[38;2;236;52;90m████[38;2;231;65;90m██[38;2;66;69;66m██[38;2;198;182;41m██[38;2;66;65;66m██[38;2;206;113;140m████[38;2;206;115;140m██[38;2;239;150;165m██[38;2;239;148;165m████[38;2;239;150;165m████[38;2;0;0;0m██
    ██[38;2;66;56;74m██[38;2;255;203;90m██[38;2;247;231;49m██████████[38;2;66;65;66m██[38;2;236;52;90m████[38;2;176;66;82m██[38;2;66;69;66m██[38;2;198;182;41m████[38;2;66;65;66m██[38;2;206;113;140m██[38;2;206;115;140m██[38;2;239;150;165m██[38;2;239;148;165m████[38;2;239;150;165m██[38;2;0;0;0m██  
      [38;2;16;0;0m██[38;2;255;227;239m██[38;2;239;52;90m██[38;2;247;231;49m██████████[38;2;66;65;66m████[38;2;74;69;57m██[38;2;194;179;46m██[38;2;200;184;40m████[38;2;66;65;66m██[38;2;206;113;140m██[38;2;206;115;140m██[38;2;239;150;165m██████[38;2;0;0;0m██    
    ██[38;2;16;0;0m██[38;2;135;113;119m██[38;2;239;52;90m██[38;2;247;231;49m██████████████[38;2;255;235;41m██[38;2;194;179;46m██[38;2;200;184;40m████[38;2;66;65;66m██[38;2;206;113;140m██[38;2;239;150;165m████[38;2;0;0;0m████      
  ██[38;2;206;113;140m██[38;2;66;56;74m██[38;2;255;203;90m██[38;2;247;231;49m████████[38;2;244;165;96m██[38;2;255;255;222m██[38;2;239;52;90m██[38;2;247;231;49m████[38;2;201;184;41m██[38;2;198;182;41m████[38;2;66;65;66m██[38;2;0;0;0m██████          
██[38;2;206;113;140m████[38;2;192;154;84m██[38;2;66;56;74m██[38;2;247;231;49m██[38;2;173;81;82m██[38;2;247;231;49m████[38;2;244;165;96m██[38;2;239;121;33m██[38;2;239;52;90m██[38;2;247;231;49m████[38;2;201;184;41m██[38;2;198;182;41m██[38;2;66;65;66m██[38;2;0;0;0m██                
██[38;2;74;48;52m██[38;2;148;84;96m██[38;2;206;113;140m██[38;2;66;65;66m██[38;2;247;235;49m████[38;2;195;71;82m████[38;2;247;231;49m████████[38;2;200;184;40m████[38;2;206;150;90m██[38;2;66;65;66m██[38;2;206;113;140m██[38;2;0;0;0m████            
  [38;2;0;12;8m██[38;2;222;121;140m██[38;2;206;113;140m████[38;2;66;69;66m██[38;2;186;179;54m██[38;2;239;150;165m██[38;2;195;71;82m██[38;2;247;231;49m██████[38;2;201;184;41m██[38;2;200;184;40m████[38;2;66;65;66m██[38;2;206;150;90m██[38;2;206;113;140m████[38;2;239;150;165m██[38;2;0;0;0m██          
  ██[38;2;206;113;140m██[38;2;206;121;148m██[38;2;68;45;54m██[38;2;239;150;165m██[38;2;66;65;66m██[38;2;49;77;66m██[38;2;189;195;41m██[38;2;198;182;41m████████[38;2;66;65;66m████[38;2;206;113;140m████[38;2;206;115;140m████[38;2;239;148;165m████[38;2;0;0;0m██        
    ██[38;2;0;8;8m████[38;2;66;65;66m██[38;2;239;150;165m██[38;2;95;116;57m██[38;2;49;77;66m██[38;2;66;65;66m████████[38;2;239;150;165m████[38;2;66;65;66m██[38;2;206;113;140m██[38;2;206;115;140m██[38;2;239;150;165m██[38;2;239;148;165m████[38;2;0;0;0m██        
          ██[38;2;159;97;104m██[38;2;239;150;165m██[38;2;57;150;66m██[38;2;239;148;165m████[38;2;239;150;165m████[38;2;206;113;140m██[38;2;0;0;0m██[38;2;206;113;140m████[38;2;206;115;140m██[38;2;239;150;165m██[38;2;66;65;66m██[38;2;0;0;0m████        
        ██[38;2;239;146;156m████[38;2;239;150;165m████[38;2;239;148;165m████[38;2;239;150;165m██[38;2;173;82;82m██[38;2;0;0;0m██  ██[38;2;206;113;140m██[38;2;239;150;165m████[38;2;0;0;0m██            
          ██[38;2;173;81;82m██[38;2;156;105;71m██[38;2;231;158;107m██[38;2;173;81;82m████[38;2;66;73;57m██[38;2;247;178;123m██[38;2;206;113;140m██[38;2;0;0;0m██  ████████            
            ██[38;2;231;158;107m██[38;2;8;0;0m██[38;2;217;181;54m██[38;2;239;231;41m██[38;2;186;143;101m██[38;2;66;73;57m██[38;2;0;0;0m████                      
              ██  ████[38;2;247;231;49m██[38;2;0;0;0m██                          
                      ██                            
[0m