      [38;2;0;0;0m████                                                                
      ██[38;2;106;90;139m██[38;2;0;0;0m██                                                              
      ██[38;2;106;90;139m████[38;2;0;0;0m████                                                          
        ██[38;2;106;90;139m██████[38;2;0;0;0m██                                                        
        ██[38;2;106;90;139m████████[38;2;0;0;0m██                                                ████  
          ██[38;2;106;90;139m██████[38;2;0;0;0m██                                            ████[38;2;164;156;222m████[38;2;0;0;0m██
          ██[38;2;106;90;139m████████[38;2;0;0;0m██████                                  ████[38;2;131;115;189m██[38;2;164;156;222m████[38;2;131;115;189m██[38;2;0;0;0m██
            ████[38;2;106;90;139m██[38;2;65;65;65m██[38;2;164;156;222m██████[38;2;0;0;0m██                          ██████[38;2;131;115;189m████[38;2;164;156;222m████[38;2;131;115;189m██[38;2;0;0;0m██  
                ██[38;2;164;156;222m██[38;2;82;90;106m████████[38;2;0;0;0m████                    ██[38;2;65;65;65m██[38;2;131;115;189m████[38;2;164;156;222m████[38;2;131;115;189m████[38;2;0;0;0m██    
              ██[38;2;164;156;222m██[38;2;82;90;106m████████████[38;2;164;156;222m██[38;2;0;0;0m██      ████        ██[38;2;131;115;189m████[38;2;164;156;222m████[38;2;131;115;189m████[38;2;0;0;0m██      
            ██[38;2;65;65;65m██[38;2;164;156;222m██[38;2;82;90;106m████████[38;2;65;65;65m████████[38;2;0;0;0m██████[38;2;164;156;222m██[38;2;106;90;139m██[38;2;0;0;0m██      ██[38;2;131;115;189m██[38;2;164;156;222m██[38;2;131;115;189m██████[38;2;106;90;139m██[38;2;0;0;0m██      
          ██[38;2;131;115;189m██[38;2;65;65;65m████████[38;2;82;90;106m██[38;2;65;65;65m██[38;2;189;189;197m████[38;2;82;90;106m██[38;2;123;131;139m████[38;2;65;65;65m██[38;2;164;156;222m██[38;2;106;90;139m██[38;2;131;115;189m████[38;2;0;0;0m██████[38;2;131;115;189m████████████[38;2;0;0;0m██        
        ██[38;2;131;115;189m██[38;2;65;65;65m██[38;2;189;189;197m██████[38;2;123;131;139m██[38;2;65;65;65m████████[38;2;189;189;197m██[38;2;82;90;106m██[38;2;123;131;139m██[38;2;65;65;65m██[38;2;164;156;222m██[38;2;106;90;139m██[38;2;131;115;189m██████[38;2;65;65;65m██[38;2;131;115;189m██████████[38;2;0;0;0m████          
  ██████[38;2;106;90;139m██[38;2;65;65;65m██[38;2;164;156;222m██[38;2;65;65;65m████[38;2;123;131;139m██[38;2;189;189;197m██████████[38;2;65;65;65m██[38;2;189;189;197m██[38;2;82;90;106m██[38;2;123;131;139m██[38;2;65;65;65m██[38;2;164;156;222m██[38;2;106;90;139m██[38;2;131;115;189m██████████[38;2;65;65;65m██[38;2;0;0;0m████              
██[38;2;131;115;189m██████[38;2;106;90;139m██[38;2;65;65;65m██[38;2;164;156;222m██[38;2;82;90;106m████[38;2;65;65;65m██████[38;2;189;189;197m████[38;2;123;131;139m████[38;2;65;65;65m██[38;2;189;189;197m██[38;2;82;90;106m██[38;2;65;65;65m██[38;2;164;156;222m██[38;2;106;90;139m██[38;2;131;115;189m████████[38;2;65;65;65m██[38;2;0;0;0m██                  
  ██[38;2;131;115;189m██████[38;2;65;65;65m██[38;2;164;156;222m██[38;2;82;90;106m██[38;2;65;65;65m██[38;2;82;90;106m██[38;2;123;131;139m████[38;2;65;65;65m██████[38;2;123;131;139m██[38;2;65;65;65m██[38;2;189;189;197m██[38;2;65;65;65m██[38;2;164;156;222m██[38;2;106;90;139m██[38;2;131;115;189m██████[38;2;82;82;115m██[38;2;131;115;189m██[38;2;106;90;139m████[38;2;0;0;0m██                
    ██[38;2;131;115;189m██[38;2;65;65;65m██[38;2;164;156;222m██[38;2;82;90;106m████[38;2;65;65;65m██[38;2;123;131;139m██[38;2;65;65;65m████[38;2;106;90;139m████[38;2;90;82;123m██[38;2;65;65;65m████[38;2;189;189;197m██[38;2;65;65;65m██[38;2;106;90;139m██[38;2;131;115;189m██████[38;2;164;156;222m██[38;2;131;115;189m██[38;2;82;82;115m██[38;2;106;90;139m████[38;2;0;0;0m██                
      ██[38;2;164;156;222m██[38;2;82;90;106m████[38;2;65;65;65m██[38;2;189;189;197m██[38;2;65;65;65m██[38;2;90;82;123m██[38;2;106;90;139m████████[38;2;90;82;123m████[38;2;65;65;65m██[38;2;164;156;222m██[38;2;106;90;139m██[38;2;131;115;189m██████████[38;2;82;82;115m██[38;2;65;65;65m██[38;2;106;90;139m██[38;2;0;0;0m██                
    ██[38;2;65;65;65m██[38;2;164;156;222m██[38;2;82;90;106m██[38;2;65;65;65m██[38;2;189;189;197m██[38;2;82;90;106m██[38;2;65;65;65m██[38;2;90;82;123m██[38;2;106;90;139m████████[38;2;90;82;123m████[38;2;65;65;65m██[38;2;164;156;222m████[38;2;106;90;139m██[38;2;131;115;189m██[38;2;82;82;115m██[38;2;131;115;189m██[38;2;106;90;139m██[38;2;82;82;115m██[38;2;131;115;189m██[38;2;0;0;0m██                  
    ██[38;2;164;156;222m██[38;2;82;90;106m██[38;2;65;65;65m██[38;2;189;189;197m██[38;2;82;90;106m██[38;2;65;65;65m██[38;2;255;255;255m██[38;2;90;82;123m████[38;2;106;90;139m████[38;2;90;82;123m██████[38;2;255;255;255m██[38;2;65;65;65m██[38;2;164;156;222m██[38;2;106;90;139m██[38;2;131;115;189m████[38;2;82;82;115m████[38;2;131;115;189m██[38;2;164;156;222m████[38;2;0;0;0m████              
    ██[38;2;164;156;222m██[38;2;82;90;106m██[38;2;65;65;65m██[38;2;189;189;197m██[38;2;82;90;106m██[38;2;65;65;65m██[38;2;255;255;255m██[38;2;90;82;123m██████████[38;2;123;131;139m██[38;2;255;255;255m████[38;2;65;65;65m██[38;2;164;156;222m██[38;2;106;90;139m██[38;2;131;115;189m████████████[38;2;164;156;222m██████[38;2;0;0;0m████          
    ██[38;2;164;156;222m██[38;2;82;90;106m██[38;2;65;65;65m██[38;2;189;189;197m██[38;2;82;90;106m██[38;2;65;65;65m██[38;2;90;82;123m████████[38;2;255;255;255m██[38;2;0;0;0m██[38;2;255;255;255m████[38;2;65;65;65m██[38;2;164;156;222m██[38;2;106;90;139m██[38;2;131;115;189m██████████████████[38;2;164;156;222m████[38;2;0;0;0m██          
      ██[38;2;164;156;222m██[38;2;82;90;106m██[38;2;65;65;65m██[38;2;123;131;139m██[38;2;65;65;65m██[38;2;90;82;123m██████████[38;2;255;255;255m██████[38;2;65;65;65m██[38;2;164;156;222m██[38;2;106;90;139m██[38;2;131;115;189m██████████[38;2;106;90;139m██████[38;2;0;0;0m██████            
      ██[38;2;164;156;222m██[38;2;82;90;106m██[38;2;65;65;65m██[38;2;123;131;139m██[38;2;82;90;106m██[38;2;65;65;65m██[38;2;90;82;123m██████████████[38;2;65;65;65m██[38;2;164;156;222m██[38;2;106;90;139m██[38;2;131;115;189m████████[38;2;106;90;139m████[38;2;65;65;65m██[38;2;0;0;0m██                  
      ██[38;2;164;156;222m██[38;2;82;90;106m██[38;2;65;65;65m██[38;2;123;131;139m██[38;2;82;90;106m██[38;2;65;65;65m██[38;2;90;82;123m██████████[38;2;156;172;180m██[38;2;255;255;255m██[38;2;65;65;65m████[38;2;164;156;222m██[38;2;106;90;139m██[38;2;131;115;189m██[38;2;106;90;139m██████[38;2;65;65;65m██[38;2;106;90;139m████[38;2;0;0;0m██                
        ██[38;2;164;156;222m██[38;2;82;90;106m██[38;2;65;65;65m██[38;2;123;131;139m████[38;2;65;65;65m████[38;2;255;255;255m██[38;2;156;172;180m██[38;2;255;255;255m██[38;2;156;172;180m██[38;2;65;65;65m██████[38;2;164;156;222m██[38;2;106;90;139m████████[38;2;131;115;189m██[38;2;106;90;139m██[38;2;65;65;65m██[38;2;106;90;139m██[38;2;0;0;0m██                
          ██[38;2;164;156;222m██[38;2;82;90;106m██[38;2;65;65;65m████[38;2;189;189;197m██[38;2;82;90;106m██[38;2;65;65;65m████████[38;2;82;90;106m██[38;2;189;189;197m██[38;2;65;65;65m██[38;2;164;156;222m██[38;2;106;90;139m██████[38;2;131;115;189m██████[38;2;65;65;65m██[38;2;106;90;139m██[38;2;0;0;0m██                
            ██[38;2;164;156;222m██[38;2;82;90;106m████[38;2;65;65;65m██[38;2;189;189;197m██[38;2;123;131;139m██[38;2;82;90;106m████[38;2;189;189;197m████[38;2;82;90;106m██[38;2;65;65;65m██[38;2;164;156;222m██[38;2;106;90;139m████[38;2;82;82;115m████[38;2;131;115;189m██[38;2;65;65;65m██[38;2;106;90;139m██[38;2;0;0;0m██                  
            ██[38;2;131;115;189m██[38;2;82;90;106m██████[38;2;65;65;65m██[38;2;0;0;0m██[38;2;123;131;139m████[38;2;0;0;0m████[38;2;65;65;65m██[38;2;164;156;222m██[38;2;106;90;139m██████████[38;2;82;82;115m██[38;2;65;65;65m██[38;2;0;0;0m██                    
              ██[38;2;131;115;189m██[38;2;82;90;106m██[38;2;0;0;0m████  ████    ██[38;2;164;156;222m██[38;2;106;90;139m██████[38;2;0;0;0m██[38;2;106;90;139m██████[38;2;0;0;0m██                    
                ████            ██[38;2;164;156;222m██[38;2;106;90;139m████[38;2;0;0;0m████  ██[38;2;106;90;139m██[38;2;131;115;189m████[38;2;0;0;0m██                  
                                ██[38;2;164;156;222m██[38;2;106;90;139m██[38;2;0;0;0m██        ██[38;2;131;115;189m████[38;2;0;0;0m██                  
                                  ████            ████                    
[0m