                        [38;2;0;0;0m██                                
                    ████[38;2;206;162;115m██[38;2;0;0;0m██              ██              
                ████[38;2;132;105;76m██[38;2;198;158;115m██[38;2;0;0;0m██            ████[38;2;255;203;148m██[38;2;0;0;0m██            
              ██[38;2;206;162;115m████[38;2;132;105;76m██[38;2;0;0;0m██          ████[38;2;206;162;115m██[38;2;255;203;148m██[38;2;0;0;0m██              
            ██[38;2;198;158;115m██[38;2;206;162;115m████[38;2;0;0;0m██          ██[38;2;127;101;70m██[38;2;172;148;106m████[38;2;0;0;0m██                
          ██[38;2;132;105;76m████[38;2;206;162;115m██[38;2;0;0;0m██      ██████[38;2;255;203;140m████[38;2;255;219;156m██[38;2;8;8;8m██                  
          [38;2;0;0;0m██[38;2;206;162;115m████[38;2;115;101;82m██[38;2;0;0;8m██  [38;2;0;0;0m████[38;2;255;203;140m██[38;2;255;203;148m████[38;2;127;101;70m██[38;2;255;203;140m██[38;2;0;0;0m██                    
        ██[38;2;206;162;115m████[38;2;66;65;66m██[38;2;76;67;57m████[38;2;0;0;0m██[38;2;255;203;148m██[38;2;255;203;140m██[38;2;127;101;70m██[38;2;255;203;148m██[38;2;206;162;115m██[38;2;0;0;0m████                      
      ██[38;2;198;162;115m██[38;2;66;65;66m████[38;2;94;91;90m██[38;2;66;65;57m██[38;2;255;199;140m██[38;2;208;166;115m██[38;2;247;199;140m██[38;2;255;203;148m████[38;2;127;101;70m██[38;2;0;0;0m██                          
      ██[38;2;66;65;66m██[38;2;110;97;82m██[38;2;94;91;90m████[38;2;66;65;57m██[38;2;129;109;84m██[38;2;247;199;140m██[38;2;132;101;66m██[38;2;255;203;148m██[38;2;129;102;71m██[38;2;0;0;0m██                            
      ██[38;2;95;91;90m████[38;2;120;105;90m██[38;2;57;60;66m██[38;2;255;203;148m████[38;2;131;115;90m██[38;2;206;158;107m██[38;2;66;65;66m████[38;2;38;77;82m██[38;2;16;0;0m██[38;2;0;0;0m██                        
    ██[38;2;66;65;66m██[38;2;95;91;90m████[38;2;57;60;66m██[38;2;247;195;140m██[38;2;255;203;148m██[38;2;66;65;66m██[38;2;57;73;74m████[38;2;37;117;127m████[38;2;38;77;82m██[38;2;60;154;164m██[38;2;41;154;165m██[38;2;0;0;0m██                      
    ██[38;2;94;91;90m████[38;2;66;65;66m██[38;2;247;203;148m████[38;2;82;69;57m██[38;2;255;255;247m██[38;2;82;60;49m██[38;2;165;207;198m██[38;2;46;86;87m████[38;2;38;154;170m████[38;2;0;0;0m██                        
  ██[38;2;94;91;90m████[38;2;66;65;66m████[38;2;82;67;54m██[38;2;0;0;8m██[38;2;197;193;183m██[38;2;255;255;247m██[38;2;109;109;98m██[38;2;165;207;198m██[38;2;46;86;87m██[38;2;41;154;165m██[38;2;38;154;170m██[38;2;0;0;0m██                          
██[38;2;165;207;206m██[38;2;66;65;66m████[38;2;165;206;206m████[38;2;206;203;173m████[38;2;222;255;255m██[38;2;115;101;74m██[38;2;173;207;206m██[38;2;49;85;90m██[38;2;41;155;167m████[38;2;41;154;165m██[38;2;0;0;0m██                          
  ██[38;2;165;207;206m████[38;2;165;206;206m████[38;2;96;91;90m████[38;2;186;203;194m████[38;2;131;166;167m██[38;2;49;85;90m██[38;2;41;155;167m████[38;2;0;0;0m██                  ██████    
    ██[38;2;165;207;206m██[38;2;165;203;206m████[38;2;165;207;206m████[38;2;94;91;90m████[38;2;49;85;90m██[38;2;41;154;168m██[38;2;41;154;165m██[38;2;46;86;87m██[38;2;0;0;0m██              ████[38;2;165;207;206m████[38;2;0;0;0m██    
      ██[38;2;8;0;0m██[38;2;86;101;103m██[38;2;99;93;90m██[38;2;143;169;167m██[38;2;140;170;173m████[38;2;49;85;90m██[38;2;41;154;168m██[38;2;46;86;87m████[38;2;0;0;0m██  ████      ██[38;2;165;207;206m██████[38;2;0;0;0m██      
          ██[38;2;66;65;66m████[38;2;49;85;90m████[38;2;41;155;167m████[38;2;49;85;90m██[38;2;41;154;168m██[38;2;82;67;54m██[38;2;0;0;8m██[38;2;247;203;148m██[38;2;0;0;8m██    [38;2;0;0;0m██[38;2;206;203;173m██[38;2;173;215;214m██[38;2;137;166;164m██[38;2;142;170;170m██[38;2;66;65;66m██[38;2;0;0;0m██████
        ██[38;2;66;65;66m██[38;2;255;255;255m████[38;2;95;90;90m████[38;2;41;155;167m████[38;2;41;154;168m██[38;2;49;85;90m██[38;2;82;67;54m██[38;2;247;203;148m████[38;2;82;67;54m██[38;2;0;0;0m████[38;2;206;203;173m██[38;2;68;67;57m██[38;2;66;69;66m██[38;2;137;166;164m██[38;2;142;170;170m██████[38;2;0;0;0m██  
      ██[38;2;255;255;255m████[38;2;205;191;192m██[38;2;255;255;255m██████[38;2;66;65;66m██[38;2;38;154;170m██[38;2;41;154;168m██[38;2;49;85;90m██[38;2;129;102;71m██[38;2;255;203;148m██[38;2;85;78;65m██[38;2;41;154;165m██[38;2;66;65;66m██[38;2;255;203;148m██[38;2;66;65;66m██[38;2;38;154;170m████[38;2;66;65;66m██[38;2;142;170;170m████[38;2;0;0;0m██    
        [38;2;8;4;8m██[38;2;172;171;172m██[38;2;255;255;255m████████[38;2;66;65;66m██[38;2;38;154;170m██[38;2;41;154;168m████[38;2;129;102;71m██[38;2;255;203;148m██[38;2;85;78;65m████[38;2;255;203;148m████[38;2;66;65;66m██[38;2;38;154;170m████[38;2;66;65;66m██[38;2;142;170;170m██[38;2;66;65;66m██[38;2;0;0;0m██    
      ██[38;2;255;255;255m████████[38;2;192;191;192m██[38;2;255;255;255m██[38;2;231;255;255m██[38;2;41;73;74m██[38;2;41;154;165m██[38;2;129;102;71m██[38;2;252;201;145m████[38;2;255;203;148m████[38;2;247;199;140m██[38;2;123;101;66m██[38;2;57;73;74m████[38;2;41;154;168m██[38;2;49;85;90m██[38;2;66;65;66m██[38;2;142;170;170m██[38;2;140;170;173m██[38;2;0;0;0m██  
      ██[38;2;255;255;255m██████████[38;2;66;65;66m██[38;2;41;73;74m██[38;2;104;133;134m██[38;2;41;154;165m██[38;2;129;102;71m██[38;2;252;201;145m████[38;2;255;203;148m██[38;2;206;162;115m██[38;2;205;166;115m████[38;2;206;162;115m██[38;2;57;73;74m██[38;2;49;85;90m██[38;2;41;154;168m██[38;2;66;65;66m██[38;2;142;170;170m██[38;2;0;0;0m██    
      ██[38;2;172;172;172m██[38;2;255;255;255m████[38;2;205;191;192m██[38;2;206;190;189m██[38;2;66;65;66m██[38;2;38;154;170m████[38;2;41;154;165m██[38;2;129;102;71m██[38;2;189;125;74m██[38;2;137;129;98m██[38;2;131;127;103m██[38;2;206;150;99m██[38;2;206;166;123m██[38;2;68;60;51m██[38;2;66;65;66m██[38;2;41;154;165m██████[38;2;66;65;66m██[38;2;0;0;0m██      
        [38;2;8;8;8m██[38;2;172;172;172m██[38;2;205;191;192m████[38;2;206;190;189m████[38;2;66;65;66m██[38;2;38;154;170m██[38;2;41;154;165m██[38;2;129;102;71m██[38;2;137;129;98m██[38;2;33;138;148m██[38;2;57;105;107m████[38;2;68;60;51m██[38;2;0;8;16m██[38;2;49;124;132m██[38;2;41;154;165m████[38;2;35;118;126m██[38;2;0;0;0m██        
          ██[38;2;206;190;189m████[38;2;66;65;66m██[38;2;206;190;189m██[38;2;32;59;63m██[38;2;49;162;173m██[38;2;41;155;167m████████[38;2;66;65;66m██[38;2;142;170;170m██[38;2;0;0;0m██  ██[38;2;37;117;127m██████[38;2;0;0;0m██        
        ██[38;2;206;190;189m████[38;2;66;65;66m██[38;2;206;190;189m██[38;2;66;65;66m██[38;2;40;110;118m██[38;2;24;8;8m██[38;2;41;155;167m████████[38;2;66;65;66m██[38;2;142;170;170m██[38;2;0;0;0m██    ██[38;2;37;117;127m██[38;2;66;65;66m████[38;2;0;0;0m██      
          ████[38;2;66;65;66m██[38;2;82;81;82m██[38;2;38;119;126m██[38;2;0;0;0m██  ██[38;2;49;162;173m██[38;2;41;154;165m██[38;2;35;118;126m██[38;2;66;64;66m██[38;2;0;0;0m██        [38;2;8;0;0m██[38;2;54;58;57m██[38;2;142;170;170m██[38;2;0;0;0m██      
              ██[38;2;82;81;82m████[38;2;0;0;0m██  ██[38;2;32;108;115m██[38;2;35;118;126m████[38;2;66;64;66m██[38;2;0;0;0m██        [38;2;8;0;0m██[38;2;148;174;173m██[38;2;142;170;170m████[38;2;0;0;0m██    
            [38;2;8;0;0m██[38;2;96;108;110m██[38;2;140;171;170m████[38;2;0;0;0m██  ██[38;2;37;117;127m██[38;2;33;117;123m██[38;2;94;91;90m██[38;2;0;0;0m██          ██[38;2;66;62;60m██[38;2;142;170;170m████[38;2;0;0;0m██    
          ██[38;2;52;54;55m██[38;2;140;162;165m██[38;2;140;171;170m████[38;2;0;0;0m██    ██[38;2;94;91;90m████[38;2;0;0;0m██        ██[38;2;66;62;60m██[38;2;99;93;90m██[38;2;66;65;66m██[38;2;142;170;170m██[38;2;0;0;0m██    
        ██[38;2;94;91;90m██[38;2;99;93;90m██[38;2;66;62;60m██[38;2;140;170;173m██[38;2;0;0;0m██      ██[38;2;93;90;90m██[38;2;165;207;206m████[38;2;0;0;0m██        ████████      
          ████████        ██[38;2;165;207;206m██████[38;2;0;0;0m██                      
                        ██[38;2;94;91;90m██[38;2;66;60;57m██[38;2;165;203;198m██[38;2;165;207;206m██[38;2;0;0;0m██                      
                      ██[38;2;94;91;90m████[38;2;99;107;104m██[38;2;66;60;57m██[38;2;165;207;206m██[38;2;0;0;0m██                      
                        ██████████                        
[0m