                                                        [38;2;0;0;0m██████                                      
                                                      ██[38;2;222;186;156m██[38;2;225;186;156m██[38;2;165;121;90m██[38;2;0;0;0m██                                    
                                                    ██[38;2;222;186;156m████[38;2;225;186;156m████[38;2;0;0;0m██                                    
                                                    ██[38;2;167;121;90m██[38;2;222;186;156m████[38;2;167;121;90m██[38;2;0;0;0m██                                    
                                                    ██[38;2;167;121;90m████████[38;2;0;0;0m██                                    
            ██████                              ██[38;2;0;0;8m██[38;2;74;62;57m██[38;2;167;121;90m████[38;2;156;121;99m██[38;2;0;4;8m██                                      
    [38;2;0;0;0m████████[38;2;222;186;156m██[38;2;231;182;148m██[38;2;154;121;98m██[38;2;0;0;0m████                  ████████[38;2;222;186;156m████████[38;2;167;121;90m██[38;2;78;62;53m████[38;2;0;0;0m██    ██████                          
  ██[38;2;222;186;156m████[38;2;79;78;68m██[38;2;225;185;156m████[38;2;225;186;156m████[38;2;167;121;90m████[38;2;0;0;0m████        [38;2;0;0;8m████[38;2;0;8;8m██[38;2;247;142;165m██[38;2;66;65;66m██[38;2;222;186;156m██[38;2;225;185;156m████████████[38;2;74;65;66m██[38;2;152;123;107m██[38;2;173;121;99m██[38;2;8;0;8m██[38;2;0;4;8m██[38;2;198;97;115m██[38;2;192;105;126m██[38;2;66;56;66m██[38;2;0;0;0m██████                    
  ██[38;2;222;186;156m████[38;2;79;78;68m██[38;2;225;185;156m████[38;2;225;186;156m██[38;2;165;121;90m██[38;2;167;121;90m████[38;2;154;121;98m██[38;2;231;182;148m██[38;2;0;0;0m████  ██[38;2;247;142;173m██[38;2;123;71;90m██[38;2;247;142;165m██[38;2;82;52;60m██[38;2;222;186;156m████[38;2;225;185;156m████████████[38;2;231;182;148m██[38;2;74;65;66m██[38;2;173;121;99m██[38;2;118;80;68m██[38;2;198;97;115m██[38;2;132;66;79m██[38;2;129;80;96m██[38;2;255;130;156m██[38;2;74;62;55m██[38;2;222;186;165m██[38;2;165;121;90m██[38;2;0;0;0m██████████          
██[38;2;222;186;156m████[38;2;74;72;68m██[38;2;222;186;156m██████[38;2;73;72;65m████[38;2;82;81;74m██[38;2;165;134;99m██[38;2;152;125;106m██[38;2;231;186;156m██[38;2;225;185;156m████[38;2;0;4;16m██[38;2;123;73;94m██[38;2;247;138;165m██[38;2;126;75;109m██[38;2;239;162;156m██[38;2;66;65;66m██[38;2;167;121;90m████████████[38;2;225;185;156m████████[38;2;66;63;71m██[38;2;198;93;115m██[38;2;126;75;109m████[38;2;239;162;156m██[38;2;66;65;66m██[38;2;225;185;156m████[38;2;222;186;156m██[38;2;167;121;90m██[38;2;66;65;66m██[38;2;222;186;156m██[38;2;225;185;156m████[38;2;0;0;0m██        
██[38;2;222;186;156m██[38;2;66;65;66m██[38;2;74;72;68m██[38;2;222;186;156m████[38;2;66;65;66m██[38;2;173;178;165m██[38;2;123;125;115m██[38;2;137;116;90m██[38;2;82;81;74m██[38;2;231;186;156m██[38;2;74;65;57m██[38;2;225;185;156m████[38;2;123;73;94m██[38;2;247;142;173m██[38;2;126;75;109m██[38;2;247;138;165m██[38;2;66;65;66m██[38;2;239;162;156m██[38;2;222;186;156m████████████[38;2;225;185;156m████████[38;2;66;63;71m██[38;2;132;78;93m██[38;2;126;75;109m██[38;2;247;138;165m██[38;2;66;65;66m██[38;2;239;162;156m██[38;2;225;185;156m████[38;2;222;186;156m██[38;2;167;121;90m██[38;2;222;186;156m████[38;2;225;185;156m████[38;2;165;121;90m██[38;2;0;0;0m████    
  ██[38;2;66;65;66m██[38;2;198;195;181m██[38;2;66;65;57m██[38;2;66;65;66m██[38;2;198;195;189m██[38;2;172;177;167m██[38;2;123;123;112m██[38;2;66;65;66m██[38;2;222;186;156m██[38;2;225;185;156m████[38;2;74;65;66m██[38;2;231;182;148m██[38;2;126;74;104m██[38;2;247;134;148m██[38;2;132;78;95m██[38;2;198;93;115m██[38;2;66;65;66m████████[38;2;222;186;156m████[38;2;82;82;82m████████[38;2;79;78;68m██[38;2;222;186;156m██████[38;2;126;86;99m██[38;2;247;138;165m██[38;2;82;69;57m██[38;2;148;129;115m██[38;2;222;186;156m████[38;2;66;65;66m████[38;2;225;185;156m████[38;2;231;186;156m██[38;2;152;125;106m██[38;2;167;121;90m████[38;2;165;121;90m██[38;2;0;0;0m██  
    ██[38;2;198;195;181m██[38;2;132;130;119m██[38;2;198;195;189m████[38;2;172;177;167m██[38;2;74;69;57m██[38;2;222;186;156m████[38;2;225;185;156m████[38;2;74;65;66m██[38;2;152;123;107m██[38;2;126;74;104m██[38;2;186;104;126m██[38;2;132;78;95m██[38;2;66;63;76m██[38;2;247;138;165m████[38;2;192;61;88m████[38;2;74;72;68m████[38;2;247;247;247m██[38;2;0;0;0m████[38;2;247;247;247m██[38;2;79;78;68m██[38;2;222;186;156m████[38;2;66;65;66m██[38;2;66;60;66m████[38;2;214;190;173m██[38;2;82;69;57m██[38;2;66;65;66m████[38;2;170;175;170m██[38;2;66;65;66m██[38;2;225;185;156m████[38;2;231;186;156m██[38;2;74;65;57m██[38;2;167;121;90m████[38;2;165;121;90m████[38;2;0;0;0m██
    ██[38;2;198;195;189m██[38;2;132;132;106m██[38;2;198;195;189m████[38;2;172;177;167m██[38;2;74;69;57m██[38;2;152;123;107m██[38;2;231;182;148m████[38;2;74;65;66m██[38;2;167;121;90m████[38;2;127;76;107m██[38;2;198;93;107m██[38;2;74;56;57m██[38;2;255;125;156m██[38;2;247;139;162m████[38;2;247;138;165m██[38;2;192;59;93m██[38;2;192;61;88m██[38;2;66;65;66m██[38;2;82;81;66m██[38;2;255;255;255m████[38;2;82;81;66m██[38;2;90;73;57m██[38;2;231;178;148m██[38;2;66;65;66m██[38;2;222;186;156m████[38;2;66;65;66m██[38;2;200;195;189m████[38;2;132;132;106m██[38;2;198;195;189m██[38;2;170;176;173m██[38;2;132;130;107m██[38;2;66;65;66m██████[38;2;165;121;90m██[38;2;167;121;90m████████[38;2;0;0;0m██
    ██[38;2;198;195;189m████[38;2;132;132;106m██[38;2;198;195;189m██[38;2;172;177;167m██[38;2;123;123;112m██[38;2;74;65;66m██████[38;2;152;123;107m██[38;2;167;121;90m████[38;2;127;76;107m██[38;2;198;93;107m██[38;2;74;56;57m██[38;2;164;90;106m██[38;2;247;139;162m████[38;2;192;59;93m████[38;2;192;61;88m██[38;2;66;65;66m██[38;2;82;81;66m████████[38;2;160;125;102m████[38;2;66;65;66m██[38;2;222;186;156m████[38;2;66;65;66m██[38;2;200;195;189m████[38;2;132;132;106m██[38;2;198;195;189m██[38;2;170;176;173m██[38;2;132;130;107m██[38;2;132;132;104m████[38;2;66;65;66m██[38;2;165;121;90m██[38;2;167;121;90m████████[38;2;0;0;0m██
    ██[38;2;200;195;189m████[38;2;198;195;189m██[38;2;132;132;106m██[38;2;170;176;173m██[38;2;132;130;107m██[38;2;131;131;104m████[38;2;66;65;66m██[38;2;165;121;90m██[38;2;167;121;90m████[38;2;181;117;123m██[38;2;123;78;87m██[38;2;66;65;66m██[38;2;198;77;99m██[38;2;192;61;90m████████[38;2;192;61;88m██[38;2;66;65;66m██[38;2;165;121;90m██████[38;2;66;65;66m████[38;2;165;121;90m██[38;2;74;65;66m██[38;2;231;182;148m██[38;2;214;190;173m██[38;2;66;65;66m██[38;2;198;195;189m██[38;2;132;132;106m██[38;2;200;195;189m████[38;2;170;176;173m██[38;2;132;130;107m██[38;2;131;131;104m████[38;2;66;65;66m██[38;2;165;121;90m██[38;2;167;121;90m████[38;2;165;121;90m████[38;2;0;0;0m██
    ██[38;2;200;195;189m████[38;2;198;195;189m██[38;2;132;132;106m██[38;2;170;176;173m██[38;2;132;130;107m██[38;2;131;131;104m████[38;2;66;65;66m██[38;2;165;121;90m██[38;2;167;121;90m████[38;2;8;0;16m██[38;2;123;78;87m██[38;2;198;77;99m██[38;2;66;65;66m██[38;2;192;61;90m████████[38;2;66;65;66m██████████[38;2;165;121;90m████[38;2;66;65;66m██[38;2;152;123;107m██[38;2;74;65;66m██[38;2;66;65;66m██[38;2;214;190;173m██[38;2;198;195;189m██[38;2;132;132;106m██[38;2;200;195;189m████[38;2;170;176;173m██[38;2;132;130;107m██[38;2;131;131;104m████[38;2;66;65;66m██[38;2;165;121;90m██[38;2;167;121;90m████[38;2;165;121;90m██[38;2;0;0;0m██  
    ██[38;2;200;195;189m████████[38;2;170;176;173m██[38;2;132;130;107m██[38;2;131;131;104m████[38;2;66;65;66m██[38;2;0;0;0m██████  ██[38;2;132;67;84m██[38;2;198;101;123m██[38;2;66;63;71m████[38;2;66;65;66m████[38;2;170;175;172m██[38;2;165;121;90m██[38;2;142;120;104m████[38;2;176;113;93m████[38;2;66;63;76m██[38;2;198;93;115m██[38;2;123;81;107m██[38;2;173;99;101m██[38;2;66;65;66m██[38;2;198;195;189m████[38;2;132;132;106m██[38;2;200;195;189m████[38;2;170;176;173m██[38;2;132;130;107m██[38;2;131;131;104m████[38;2;78;62;53m██[38;2;156;121;99m██[38;2;165;121;90m██[38;2;0;0;0m████    
    ██[38;2;200;195;189m████████[38;2;170;176;173m██[38;2;132;130;107m██[38;2;131;131;104m████[38;2;0;0;0m██          [38;2;0;0;8m████[38;2;132;78;93m██[38;2;198;93;115m██[38;2;66;65;66m██[38;2;170;175;170m██[38;2;170;175;172m████[38;2;194;175;159m██[38;2;90;65;49m██[38;2;176;113;93m██[38;2;66;65;66m██[38;2;132;78;95m████[38;2;198;109;99m██[38;2;123;81;107m██[38;2;66;65;66m██[38;2;198;195;189m████[38;2;132;132;106m██[38;2;200;195;189m████[38;2;170;176;173m██[38;2;132;130;107m██[38;2;131;131;104m████[38;2;78;62;53m██[38;2;0;4;8m██[38;2;0;0;0m██        
    ██[38;2;200;194;189m██[38;2;170;174;172m██[38;2;200;194;189m████[38;2;170;176;173m██[38;2;132;130;107m██[38;2;131;131;104m████[38;2;0;0;0m██              ██████████[38;2;173;174;173m██[38;2;82;60;52m██[38;2;164;121;96m██[38;2;127;76;107m██[38;2;198;93;107m██[38;2;128;76;106m██[38;2;167;121;90m██[38;2;132;77;107m██[38;2;181;112;95m██[38;2;66;65;60m██[38;2;198;195;181m██[38;2;132;132;106m██[38;2;198;195;189m██[38;2;200;195;189m████[38;2;170;176;173m██[38;2;132;130;107m██[38;2;131;131;104m████[38;2;0;0;0m██            
    ██[38;2;170;174;172m██[38;2;200;194;189m██[38;2;170;174;172m██[38;2;200;194;189m██[38;2;170;176;173m██[38;2;132;130;107m██[38;2;131;131;104m████[38;2;0;0;0m██                        ██[38;2;0;0;8m██[38;2;164;121;96m██[38;2;127;76;107m██[38;2;198;93;107m██[38;2;128;76;106m██[38;2;167;121;90m██[38;2;181;112;95m████[38;2;66;65;60m██[38;2;132;130;120m██[38;2;198;195;189m████[38;2;200;195;189m████[38;2;170;176;173m██[38;2;132;130;107m██[38;2;131;131;104m████[38;2;0;0;0m██            
    ██[38;2;170;174;172m██[38;2;200;194;189m██[38;2;170;174;172m██[38;2;200;194;189m██[38;2;170;176;173m██[38;2;132;130;107m██[38;2;94;97;94m██[38;2;132;130;107m██[38;2;0;0;0m██                            ██[38;2;167;121;90m██[38;2;128;76;106m██[38;2;167;121;90m████████[38;2;66;65;66m██[38;2;198;195;189m██[38;2;200;195;189m████████[38;2;170;176;173m██[38;2;132;130;107m██[38;2;131;131;104m████[38;2;0;0;0m██            
    ██[38;2;200;194;189m██[38;2;170;174;172m██[38;2;200;194;189m████[38;2;170;176;173m██[38;2;132;130;107m██[38;2;94;97;94m██[38;2;132;130;107m██[38;2;0;0;0m██                        ████[38;2;222;186;156m██[38;2;167;121;90m██████████[38;2;222;186;156m██[38;2;66;65;66m██[38;2;198;195;189m██[38;2;200;195;189m████████[38;2;170;176;173m██[38;2;132;130;107m██[38;2;131;131;104m████[38;2;0;0;0m██            
    ██[38;2;200;195;189m████[38;2;200;194;189m████[38;2;173;174;173m██[38;2;94;97;94m██[38;2;131;131;104m████[38;2;0;0;0m██                      [38;2;0;0;8m██[38;2;239;162;165m██[38;2;128;78;106m██[38;2;222;186;156m██[38;2;225;185;156m████████████[38;2;66;65;66m██[38;2;198;195;189m██[38;2;200;195;189m████████[38;2;94;97;94m██[38;2;132;130;107m██[38;2;131;131;104m████[38;2;0;0;0m██            
    ██[38;2;200;195;189m████[38;2;170;174;172m██[38;2;200;194;189m██[38;2;173;174;173m██[38;2;94;97;94m██[38;2;131;131;104m████[38;2;0;0;0m██                    ██[38;2;239;162;165m██[38;2;119;81;86m██[38;2;222;186;156m████[38;2;225;185;156m████████████[38;2;66;65;66m██[38;2;198;195;189m██[38;2;200;195;189m████████[38;2;94;97;94m██[38;2;132;130;107m██[38;2;131;131;104m████[38;2;0;0;0m██            
    ██[38;2;200;195;189m████████[38;2;94;97;94m██[38;2;132;130;107m██[38;2;94;97;94m██[38;2;132;130;107m██[38;2;0;0;0m██                    ██[38;2;162;121;98m██[38;2;239;182;148m██[38;2;225;186;156m████[38;2;222;186;156m████████[38;2;231;186;156m████[38;2;66;65;66m██[38;2;198;195;189m██[38;2;200;195;189m████████[38;2;173;174;173m██[38;2;99;101;90m██[38;2;132;130;107m██[38;2;94;97;94m██[38;2;0;0;0m██            
    ██[38;2;200;195;189m████████[38;2;94;97;94m██[38;2;132;130;107m████[38;2;94;97;94m██[38;2;0;0;0m██                      [38;2;8;0;0m██[38;2;162;121;98m██[38;2;165;121;90m██[38;2;225;186;156m██[38;2;222;186;156m██[38;2;0;0;0m██████[38;2;8;0;0m██[38;2;156;124;104m██[38;2;66;65;66m██[38;2;198;195;189m██[38;2;200;195;189m████████[38;2;173;174;173m██[38;2;123;125;117m██[38;2;94;97;94m██[38;2;132;130;107m██[38;2;0;0;0m██            
    ██[38;2;99;97;94m██[38;2;198;195;189m████[38;2;99;97;94m██[38;2;0;0;0m██[38;2;82;79;70m██[38;2;132;134;115m██[38;2;88;89;76m██[38;2;0;0;0m██                    ██[38;2;165;121;90m██████[38;2;0;0;0m████        ██[38;2;66;65;63m██[38;2;198;195;189m██[38;2;200;195;189m████████[38;2;173;174;173m██[38;2;123;125;117m██[38;2;94;97;94m██[38;2;132;130;107m██[38;2;0;0;0m██            
      ████████  ██████                        ██████              ██[38;2;198;195;189m██[38;2;200;195;189m████████[38;2;173;174;173m██[38;2;99;101;90m██[38;2;132;130;107m████[38;2;0;0;0m██            
                                                                  ██[38;2;198;195;189m██████[38;2;94;97;94m██[38;2;66;65;66m██[38;2;88;90;79m██[38;2;132;134;115m██[38;2;132;130;107m████[38;2;0;0;0m██            
                                                                  ██[38;2;99;97;94m██[38;2;198;195;189m██[38;2;93;97;95m██[38;2;66;65;66m████[38;2;0;4;8m██[38;2;132;134;115m██[38;2;132;130;107m██[38;2;94;97;94m██[38;2;0;0;0m██            
                                                                    ██████████  ██████              
[0m