                        [38;2;0;0;0m██  ██      ████      
    ████          ██████[38;2;49;113;173m██[38;2;0;0;0m██[38;2;49;113;173m██[38;2;0;0;0m██  ██[38;2;49;113;173m████[38;2;0;0;0m████  
  ██[38;2;255;190;66m████[38;2;0;0;0m████    ██[38;2;49;113;173m████████[38;2;49;115;173m████[38;2;32;75;123m██[38;2;0;0;8m██[38;2;49;115;173m████████[38;2;49;113;173m██[38;2;0;0;0m██
██[38;2;255;190;66m██████████[38;2;0;0;0m████[38;2;255;190;66m██[38;2;49;113;173m██[38;2;156;223;90m██████[38;2;49;115;173m████[38;2;49;113;181m████[38;2;49;115;173m████████[38;2;0;0;0m██  
████████[38;2;189;142;49m██[38;2;172;134;44m██[38;2;255;199;66m██[38;2;255;189;66m████[38;2;16;97;132m██[38;2;164;189;88m██[38;2;0;0;0m██[38;2;156;223;90m██[38;2;49;115;173m████[38;2;49;116;172m████[38;2;49;113;173m████[38;2;0;0;0m████    
        ██[38;2;8;4;0m██[38;2;172;134;44m██[38;2;255;189;66m████[38;2;239;235;66m██[38;2;164;189;88m██[38;2;156;223;90m████[38;2;49;115;173m████[38;2;24;74;131m████[38;2;0;0;0m████        
            ██[38;2;189;142;57m██[38;2;63;52;35m██[38;2;255;190;66m██████[38;2;49;113;173m██[38;2;49;115;173m████[38;2;41;113;181m██[38;2;0;0;0m██            
              [38;2;0;8;24m██[38;2;189;142;57m██[38;2;66;65;66m████[38;2;255;190;66m████[38;2;24;73;132m██[38;2;49;115;173m██[38;2;27;75;120m██[38;2;0;0;0m██            
                ██[38;2;189;142;49m████[38;2;66;65;66m██[38;2;189;142;49m██[38;2;24;74;132m████[38;2;24;73;132m██[38;2;0;0;0m██            
                  ██[38;2;189;142;49m██████[38;2;24;74;132m████[38;2;0;0;0m██              
                ██[38;2;24;74;132m████[38;2;33;77;123m████[38;2;0;0;0m████                
              ██[38;2;24;73;132m██[38;2;24;74;132m████[38;2;27;52;82m██[38;2;16;4;0m██                    
      [38;2;0;0;0m██    ██[38;2;24;74;131m████[38;2;65;83;109m██[38;2;49;65;74m██[38;2;115;121;173m██[38;2;66;65;66m██[38;2;0;0;0m████                
    ██[38;2;24;73;132m██[38;2;0;0;0m██  ██[38;2;49;116;172m████[38;2;49;65;74m██[38;2;99;121;181m██[38;2;115;121;173m██[38;2;66;65;66m██[38;2;115;121;173m████[38;2;0;0;0m██              
  ██[38;2;24;73;132m██[38;2;44;91;137m██[38;2;66;65;66m██[38;2;0;0;0m██[38;2;49;113;173m██[38;2;49;115;173m████[38;2;46;86;120m██[38;2;51;59;68m██[38;2;66;65;66m██[38;2;115;121;173m████[38;2;0;0;0m██  ██████        
  ██[38;2;24;73;132m██[38;2;66;65;66m██[38;2;33;105;173m██[38;2;49;113;173m████[38;2;49;115;173m████[38;2;41;113;173m████[38;2;66;65;66m██[38;2;115;121;173m██[38;2;0;0;0m██  ██[38;2;49;113;173m██████[38;2;0;0;0m██      
██[38;2;24;73;132m██[38;2;65;64;66m██[38;2;156;174;222m██[38;2;66;65;66m██[38;2;57;65;74m██[38;2;94;117;152m████[38;2;57;65;74m██[38;2;94;117;152m██[38;2;57;65;74m██[38;2;156;174;231m██[38;2;0;0;8m██  [38;2;0;0;0m██[38;2;49;115;173m████████[38;2;49;113;173m██[38;2;0;0;0m██    
██[38;2;24;73;132m██[38;2;65;64;66m██[38;2;156;174;222m████[38;2;132;170;231m██[38;2;57;65;74m████[38;2;132;170;231m██[38;2;57;65;74m██[38;2;132;170;231m██[38;2;156;174;231m██[38;2;104;116;156m██[38;2;0;0;0m██[38;2;49;113;173m██[38;2;49;115;173m██████[38;2;24;73;132m██[38;2;49;113;173m██[38;2;0;0;0m██    
██[38;2;66;65;66m██[38;2;148;166;222m██[38;2;156;173;222m████████████[38;2;156;174;222m████[38;2;66;65;66m████[38;2;49;115;173m████[38;2;49;116;172m██[38;2;24;74;131m██[38;2;49;115;173m██[38;2;24;73;132m██[38;2;49;115;173m████[38;2;0;0;0m██  
██[38;2;66;65;66m██[38;2;120;132;170m██[38;2;156;173;222m████████████[38;2;156;174;222m██[38;2;115;123;172m██[38;2;66;65;66m██[38;2;49;113;173m██[38;2;49;115;173m██[38;2;24;73;132m██[38;2;49;116;172m██[38;2;24;74;131m██[38;2;49;115;173m████[38;2;24;73;132m██[38;2;49;115;173m██[38;2;0;0;0m██  
  ████[38;2;115;121;173m████[38;2;156;174;222m████[38;2;115;123;173m████[38;2;82;117;173m██[38;2;66;65;66m██[38;2;49;115;173m████[38;2;27;75;123m████[38;2;0;0;0m██[38;2;49;113;173m██[38;2;32;75;123m██[38;2;49;113;181m██[38;2;28;76;123m██[38;2;49;113;173m████[38;2;0;0;0m██
      ██[38;2;115;121;173m██[38;2;115;123;172m████[38;2;115;123;173m████[38;2;66;65;66m██[38;2;82;117;173m██[38;2;49;115;173m████[38;2;41;113;181m██[38;2;0;0;8m██  [38;2;0;0;0m██[38;2;0;0;8m██[38;2;49;113;181m██[38;2;8;40;74m██[38;2;49;113;173m████[38;2;0;0;0m██
        ██[38;2;115;121;173m████[38;2;65;64;66m████[38;2;49;116;172m██████[38;2;24;74;131m██[38;2;24;72;132m████[38;2;0;0;0m██[38;2;24;73;132m████[38;2;0;0;0m████[38;2;24;73;132m██[38;2;49;113;173m██[38;2;0;0;0m██
          ████[38;2;24;73;132m████[38;2;24;74;131m████████[38;2;24;72;132m██[38;2;8;40;66m██[38;2;24;73;132m████[38;2;0;0;0m██    ██[38;2;49;113;173m██[38;2;0;0;0m██
              ██[38;2;66;66;66m██[38;2;24;73;132m██[38;2;0;0;0m██[38;2;24;73;132m████████[38;2;66;67;66m██[38;2;0;0;0m██        ██  
            ██[38;2;66;66;66m████[38;2;0;0;0m██  ██[38;2;24;73;132m██[38;2;0;0;0m██[38;2;24;73;132m██[38;2;0;0;0m██              
            ██████████[38;2;66;66;66m██[38;2;0;0;0m██[38;2;66;66;66m██[38;2;0;0;0m██                
                ██[38;2;66;66;66m████[38;2;0;0;0m██[38;2;66;66;66m██[38;2;0;0;0m██[38;2;66;66;66m██[38;2;0;0;0m██              
                  ████████████                
[0m