                  [38;2;0;0;0m██████        ████                  
                ██[38;2;74;113;189m██[38;2;93;132;169m██[38;2;139;198;255m██[38;2;0;0;0m██    ██[38;2;115;149;230m████[38;2;0;0;0m██                
              ██[38;2;74;113;189m████[38;2;74;113;193m████[38;2;222;242;255m██[38;2;0;0;24m██[38;2;0;0;0m██[38;2;115;149;230m██████[38;2;106;119;131m██[38;2;0;0;8m██              
                [38;2;0;0;0m██[38;2;74;113;189m██[38;2;74;113;193m██[38;2;115;149;230m██[38;2;111;121;139m██[38;2;222;242;255m██[38;2;115;149;230m██████[38;2;74;113;193m██[38;2;213;238;255m██[38;2;0;0;8m██              
      [38;2;0;0;0m████        ██[38;2;115;149;230m████[38;2;115;149;227m████[38;2;115;149;230m████[38;2;102;119;143m██[38;2;205;238;255m██[38;2;0;0;0m██    ██████      
    ██[38;2;74;113;189m████[38;2;0;0;0m██        ██[38;2;115;149;230m██[38;2;115;149;227m████[38;2;115;149;230m██[38;2;74;113;193m██[38;2;102;119;143m██[38;2;0;0;32m██    [38;2;0;0;0m██[38;2;115;149;230m██████[38;2;0;0;0m██    
    ██[38;2;74;113;189m██[38;2;74;111;194m██[38;2;156;206;255m██[38;2;0;0;0m██  ████[38;2;180;218;255m██[38;2;65;64;65m██[38;2;115;149;230m████[38;2;74;111;194m████[38;2;156;206;255m██[38;2;74;111;194m██[38;2;0;0;0m██  ██[38;2;115;149;230m██[38;2;117;153;222m██[38;2;65;109;205m██[38;2;0;0;0m██    
    ██[38;2;74;113;189m██[38;2;74;111;194m██[38;2;156;206;255m██[38;2;65;64;65m██[38;2;0;0;0m██[38;2;54;68;82m██[38;2;164;206;246m██[38;2;180;218;255m████[38;2;65;64;65m████[38;2;156;206;255m████████[38;2;74;113;189m██[38;2;0;0;0m██[38;2;115;149;230m████[38;2;117;153;222m██[38;2;222;242;255m██[38;2;0;0;0m██    
    ██[38;2;74;113;189m██[38;2;74;109;189m██[38;2;71;93;148m██[38;2;65;64;65m██[38;2;180;218;255m██[38;2;169;199;244m██[38;2;230;246;255m██[38;2;222;242;255m██[38;2;117;153;222m██[38;2;115;149;230m████[38;2;230;242;255m████[38;2;156;206;255m████[38;2;148;202;255m██[38;2;65;64;74m██[38;2;115;149;227m████[38;2;74;109;197m██[38;2;230;242;255m██[38;2;0;0;0m██    
  ██[38;2;74;113;189m████[38;2;74;109;189m██[38;2;65;60;65m██[38;2;180;218;255m████[38;2;230;246;255m██[38;2;109;152;233m██[38;2;117;153;222m██[38;2;65;109;205m██[38;2;74;113;193m██[38;2;115;149;230m██████[38;2;230;242;255m████[38;2;65;64;74m██[38;2;120;156;194m██[38;2;115;149;227m████[38;2;126;153;216m██[38;2;74;109;197m██[38;2;0;0;0m██    
██[38;2;74;113;189m██[38;2;71;113;191m████[38;2;49;60;90m██[38;2;95;116;145m██[38;2;222;242;255m██[38;2;117;153;222m██[38;2;126;153;216m██[38;2;74;109;197m██[38;2;76;113;194m██[38;2;230;242;255m████[38;2;76;113;194m██[38;2;74;109;197m██[38;2;126;153;216m██[38;2;115;149;230m████[38;2;65;64;65m████[38;2;115;149;230m████[38;2;115;149;227m████[38;2;76;103;161m██[38;2;0;4;8m██  
[38;2;0;0;0m██[38;2;74;113;189m██[38;2;71;113;191m██[38;2;65;64;65m██[38;2;189;226;255m████[38;2;65;109;205m██[38;2;117;153;222m██[38;2;74;109;197m██[38;2;230;242;255m████████████[38;2;74;109;197m██[38;2;115;149;230m██[38;2;74;113;193m██[38;2;115;149;230m██[38;2;65;64;65m████[38;2;115;149;230m██[38;2;115;149;227m████[38;2;115;153;238m████[38;2;0;0;0m██
  ██████[38;2;156;206;255m██[38;2;230;242;255m██[38;2;106;145;238m██[38;2;93;118;180m██[38;2;230;242;255m████[38;2;222;246;255m██[38;2;115;149;230m████[38;2;222;246;255m██[38;2;230;242;255m████[38;2;93;118;180m██[38;2;106;145;238m██[38;2;115;149;227m████[38;2;222;250;255m██[38;2;57;72;82m██[38;2;52;56;74m██[38;2;123;153;222m██[38;2;123;153;230m██[38;2;46;53;76m██[38;2;0;0;0m██
      ██[38;2;156;206;255m██[38;2;230;242;255m██[38;2;65;64;65m████[38;2;115;148;227m██[38;2;230;242;255m██[38;2;115;149;230m██[38;2;168;198;242m████[38;2;115;149;230m██[38;2;230;242;255m██[38;2;115;148;227m██[38;2;65;64;65m████[38;2;115;149;227m████[38;2;222;250;255m██[38;2;167;191;197m██[38;2;52;56;74m██[38;2;16;8;0m██[38;2;8;4;0m████  
      [38;2;0;0;0m██[38;2;43;58;82m████[38;2;65;64;65m██[38;2;172;234;255m██[38;2;65;60;74m██[38;2;137;171;194m██[38;2;156;206;255m████████[38;2;115;163;194m██[38;2;65;60;74m██[38;2;186;242;254m████[38;2;65;60;74m██[38;2;115;163;194m██[38;2;189;226;255m████[38;2;0;0;0m██        
        [38;2;24;12;0m██[38;2;82;149;246m██[38;2;172;234;255m████[38;2;172;226;255m██[38;2;65;60;74m██[38;2;65;64;65m████████[38;2;65;60;74m██[38;2;139;214;255m██[38;2;186;242;254m████[38;2;139;214;255m██[38;2;65;60;74m██[38;2;65;64;65m████[38;2;0;0;0m██        
          ██[38;2;57;60;74m████[38;2;115;214;255m██[38;2;95;163;194m██[38;2;65;64;65m██████[38;2;65;145;246m██[38;2;139;214;255m██[38;2;65;60;74m██[38;2;57;60;82m████[38;2;115;214;255m██[38;2;95;163;194m██[38;2;65;64;65m██[38;2;0;0;0m██          
        ██[38;2;230;242;255m██[38;2;156;171;194m██[38;2;205;226;255m██[38;2;57;60;74m████[38;2;65;64;65m████████[38;2;65;60;74m██[38;2;115;163;194m██[38;2;213;242;255m██[38;2;109;121;139m██[38;2;57;60;74m████[38;2;65;64;65m██[38;2;0;0;0m██          
  ██████[38;2;156;206;255m██[38;2;230;242;255m██[38;2;115;149;230m██[38;2;74;113;193m██[38;2;230;242;255m██[38;2;120;153;216m██[38;2;156;206;255m████████[38;2;115;148;227m██[38;2;230;242;255m████[38;2;74;109;197m██[38;2;115;149;230m██[38;2;255;255;255m██[38;2;156;207;254m████[38;2;0;0;0m██        
██[38;2;65;64;65m██[38;2;164;206;246m██[38;2;54;68;82m██[38;2;156;206;255m██[38;2;230;242;255m██[38;2;115;149;230m████[38;2;65;109;197m██[38;2;230;242;255m██[38;2;115;148;230m██[38;2;156;206;255m████[38;2;115;148;230m██[38;2;230;242;255m████[38;2;74;109;197m██[38;2;126;153;216m██[38;2;115;149;230m██[38;2;255;255;255m██[38;2;156;207;254m████[38;2;65;64;65m██[38;2;0;0;0m████    
██[38;2;74;113;189m██[38;2;74;111;194m██[38;2;156;206;255m██[38;2;57;60;74m██[38;2;139;198;255m██[38;2;230;246;255m██[38;2;109;152;233m██[38;2;115;149;230m██[38;2;65;64;65m██████████[38;2;71;113;191m████[38;2;126;153;222m██[38;2;65;105;205m██[38;2;230;255;255m██[38;2;175;207;235m██[38;2;189;226;255m██[38;2;65;64;65m██[38;2;169;201;235m██[38;2;222;246;255m██[38;2;76;102;167m██[38;2;0;0;8m██  
[38;2;0;0;0m██[38;2;74;113;189m██[38;2;74;111;194m████[38;2;98;129;164m██[38;2;57;60;74m██[38;2;169;199;244m██[38;2;230;246;255m██[38;2;65;64;65m████████████████[38;2;126;153;222m██[38;2;246;250;255m██[38;2;65;113;197m██[38;2;175;207;235m██[38;2;65;64;65m██[38;2;189;226;255m██[38;2;65;109;197m██[38;2;117;155;216m██[38;2;115;153;246m██[38;2;0;0;8m██  
  [38;2;0;0;0m██[38;2;74;113;189m████[38;2;71;113;191m██[38;2;65;64;65m████[38;2;0;0;0m██[38;2;82;82;82m████[38;2;65;64;65m██[38;2;115;149;230m████[38;2;65;64;65m██████[38;2;60;68;82m██[38;2;164;206;246m████[38;2;60;68;82m██[38;2;74;113;193m██[38;2;115;149;230m██[38;2;115;149;227m████[38;2;115;149;230m██[38;2;0;0;0m██  
    ██[38;2;74;113;189m██[38;2;71;113;191m████[38;2;0;0;0m██  ██[38;2;246;246;246m██[38;2;115;149;230m████████[38;2;255;255;255m██[38;2;65;64;65m██[38;2;60;68;82m██[38;2;8;0;0m████[38;2;60;68;82m██[38;2;115;149;230m████[38;2;115;149;227m████[38;2;0;0;0m██    
    ██[38;2;74;113;189m████[38;2;0;0;0m██  ██[38;2;156;206;255m████[38;2;238;250;255m██[38;2;57;64;82m████[38;2;238;250;255m██[38;2;156;206;255m████[38;2;0;0;0m██    ██[38;2;115;149;230m██████[38;2;0;0;0m██      
    ██[38;2;74;113;189m████[38;2;0;0;0m██    [38;2;8;0;0m██[38;2;57;68;84m██[38;2;57;64;82m██[38;2;148;157;168m████[38;2;57;64;82m██[38;2;57;68;84m██[38;2;8;0;0m██        [38;2;0;0;0m██[38;2;115;149;230m████[38;2;0;0;0m██      
      ████    ██[38;2;65;64;65m██[38;2;115;149;230m████████████[38;2;230;242;255m██[38;2;0;0;0m██      ██[38;2;115;149;230m████[38;2;0;0;0m██      
              ██[38;2;115;149;230m██████[38;2;0;0;0m████[38;2;115;149;230m██████[38;2;230;242;255m██[38;2;0;0;0m██      ████        
                ██████    ██[38;2;115;149;230m████[38;2;65;64;65m██[38;2;0;0;0m██                  
                            ██████                    
[0m