                        [38;2;0;0;0m████████████                      
                    ████[38;2;255;255;255m████████████[38;2;0;0;0m██████                
                ████[38;2;255;255;255m██████████████████████[38;2;0;0;0m██              
              ██[38;2;255;255;255m████████████████████████████[38;2;0;0;0m██            
            ██[38;2;255;255;255m████████████████████████████████[38;2;0;0;0m██          
            ██[38;2;255;255;255m██████████████████████████████████[38;2;0;0;0m██        
          ██[38;2;255;255;255m████████████████████████████████████[38;2;0;0;0m██        
          ██[38;2;255;255;255m██████████████████████████████████████[38;2;0;0;0m██      
          ██[38;2;255;255;255m████████[38;2;57;146;148m██[38;2;255;255;255m████████████████████████████[38;2;0;0;0m██      
        ██[38;2;90;199;198m██[38;2;57;146;148m██[38;2;255;255;255m██[38;2;247;255;255m██[38;2;49;146;148m██[38;2;255;255;255m██[38;2;57;146;148m██[38;2;255;255;255m████████████████████████[38;2;231;235;239m██[38;2;0;0;0m██      
        ██[38;2;60;132;132m██[38;2;255;255;255m████[38;2;49;146;148m██[38;2;115;182;183m██[38;2;255;255;255m████[38;2;57;146;148m██[38;2;255;255;255m██████[38;2;57;146;148m██[38;2;255;255;255m██████████████[38;2;231;235;239m██[38;2;0;0;0m██      
          ██[38;2;255;255;255m██████[38;2;57;146;148m██[38;2;115;182;183m██[38;2;49;146;148m██[38;2;255;255;255m██████[38;2;57;146;148m██[38;2;115;182;183m██[38;2;49;146;148m██[38;2;255;255;255m██████████[38;2;201;216;222m██[38;2;198;215;222m██[38;2;0;0;0m██      
          ██[38;2;201;216;222m██[38;2;255;255;255m██████[38;2;49;146;148m██[38;2;247;255;255m██[38;2;255;255;255m████████[38;2;49;146;148m██[38;2;247;255;255m██[38;2;255;255;255m██████[38;2;201;216;222m██████[38;2;0;0;0m██        
            ██[38;2;198;215;222m██[38;2;201;216;222m██[38;2;255;255;255m██████████████████[38;2;200;216;222m████████[38;2;198;215;222m████[38;2;0;0;0m██        
            ██[38;2;198;215;222m██[38;2;201;216;222m████████████████████[38;2;200;216;222m████████[38;2;198;215;222m██[38;2;0;0;0m██          
              ██[38;2;189;215;222m██[38;2;126;143;148m██[38;2;200;216;219m████████[38;2;198;215;222m████[38;2;200;216;222m████████[38;2;198;215;222m████[38;2;123;139;145m██[38;2;255;255;255m██[38;2;0;0;0m██        
              ██[38;2;126;143;148m██[38;2;0;0;0m██[38;2;123;138;148m██[38;2;200;216;219m████[38;2;123;138;148m██[38;2;120;139;145m████[38;2;200;216;222m████████[38;2;120;139;145m████[38;2;255;255;255m██████[38;2;0;0;0m██      
            [38;2;0;4;0m██[38;2;127;129;127m██[38;2;165;190;222m██[38;2;8;0;0m██[38;2;206;215;214m██[38;2;118;141;170m██[38;2;110;133;159m██[38;2;198;215;231m██[38;2;0;0;0m██[38;2;66;64;66m██[38;2;127;140;144m████[38;2;115;138;148m██[38;2;203;216;219m██[38;2;255;255;255m██████████[38;2;0;0;0m██      
            [38;2;0;4;0m██[38;2;255;255;255m██[38;2;60;63;74m██[38;2;165;190;222m██[38;2;74;105;148m████[38;2;154;174;195m██[38;2;198;215;231m██[38;2;0;0;0m██[38;2;66;64;66m██[38;2;198;215;222m██[38;2;57;65;66m██[38;2;203;216;219m██[38;2;247;255;255m██[38;2;255;255;255m████████████[38;2;0;0;0m██    
          ██[38;2;66;69;74m██[38;2;255;255;255m████[38;2;201;216;222m██[38;2;255;255;255m████[38;2;74;105;156m████[38;2;255;255;255m████[38;2;74;105;156m██[38;2;255;255;255m██[38;2;129;131;134m██[38;2;255;255;255m██████████████[38;2;0;0;0m██    
        ██[38;2;198;215;222m██[38;2;66;69;74m██[38;2;129;131;134m██[38;2;255;255;255m████[38;2;66;65;66m██[38;2;255;255;255m██████[38;2;129;131;134m██[38;2;66;69;74m██[38;2;255;255;255m████[38;2;66;69;74m██[38;2;255;255;255m████[38;2;201;216;222m██[38;2;123;139;145m██[38;2;255;255;255m██████[38;2;123;138;148m██[38;2;0;0;0m██  
      ██[38;2;200;216;222m████[38;2;198;215;222m██[38;2;66;65;66m██[38;2;129;131;134m██[38;2;66;69;74m██[38;2;192;194;194m██[38;2;66;73;74m██[38;2;255;255;255m██████████[38;2;66;69;74m██[38;2;255;255;255m██████████[38;2;66;65;66m██[38;2;255;255;255m████[38;2;123;138;148m██[38;2;200;216;219m██[38;2;0;0;0m██
    ██[38;2;255;255;255m██[38;2;200;216;222m████[38;2;198;215;222m██[38;2;66;65;66m██[38;2;255;255;255m████████[38;2;66;65;66m████[38;2;201;216;222m████[38;2;66;69;74m██[38;2;129;131;134m██[38;2;255;255;255m████[38;2;123;139;145m██[38;2;255;255;255m████[38;2;66;65;66m██[38;2;201;216;222m████[38;2;200;216;219m████[38;2;0;0;0m██
    ██[38;2;255;255;255m████[38;2;201;216;222m██[38;2;198;215;222m██[38;2;0;0;0m██[38;2;154;159;164m██[38;2;231;239;247m██[38;2;255;255;255m████████[38;2;123;139;145m████[38;2;255;255;255m██[38;2;66;65;66m██[38;2;255;255;255m████[38;2;129;131;134m██[38;2;255;255;255m██████[38;2;66;65;66m██[38;2;198;215;222m██████[38;2;0;0;0m██
  ██[38;2;255;255;255m████████[38;2;0;0;0m██  ██[38;2;77;79;82m██[38;2;123;139;145m██[38;2;255;255;255m██████████[38;2;66;65;66m██[38;2;255;255;255m██████[38;2;66;69;74m██[38;2;255;255;255m██████[38;2;66;65;66m██[38;2;198;215;222m████[38;2;0;0;0m██  
  ██[38;2;255;255;255m████████[38;2;0;0;0m██  ██[38;2;198;215;222m██████[38;2;101;141;145m████[38;2;66;65;66m████[38;2;255;255;255m██████[38;2;201;216;222m██[38;2;66;65;66m██[38;2;255;255;255m████████[38;2;66;65;66m██[38;2;198;215;222m██[38;2;0;0;0m██  
██[38;2;255;255;255m████████████[38;2;0;0;0m██  ██[38;2;198;215;222m██[38;2;57;146;148m██[38;2;101;141;145m██[38;2;255;255;255m████████[38;2;201;216;222m██████[38;2;66;65;66m██[38;2;255;255;255m████████[38;2;66;65;66m██[38;2;0;0;0m██    
██[38;2;123;138;148m██[38;2;255;255;255m██[38;2;192;193;192m██[38;2;255;255;255m██[38;2;129;133;134m██[38;2;198;215;222m██[38;2;0;0;0m████[38;2;156;170;181m██[38;2;66;65;66m██[38;2;126;181;186m██[38;2;255;255;255m██[38;2;57;146;148m██[38;2;200;216;222m████████[38;2;198;215;222m██[38;2;66;65;66m██[38;2;255;255;255m██████████[38;2;0;0;0m██      
  ██[38;2;66;69;66m████[38;2;192;194;194m██[38;2;66;73;74m██[38;2;0;0;0m██  ██[38;2;156;170;181m██[38;2;126;181;186m██[38;2;66;65;66m██[38;2;57;146;148m██[38;2;189;218;219m██[38;2;200;216;222m████████[38;2;198;215;222m██[38;2;66;65;66m██[38;2;255;255;255m██████████[38;2;0;0;0m██      
  ██[38;2;71;105;159m████[38;2;43;56;77m██[38;2;79;109;154m██[38;2;0;0;0m██    ██[38;2;156;170;181m████[38;2;51;59;77m████[38;2;94;119;119m██[38;2;189;231;231m██[38;2;198;215;222m████[38;2;66;69;74m██[38;2;255;255;255m██████████████[38;2;0;0;0m██    
    ████[38;2;8;4;0m████    [38;2;0;0;0m██[38;2;123;166;231m██[38;2;68;105;159m████[38;2;87;110;154m██[38;2;16;8;0m██[38;2;0;8;8m████[38;2;0;0;0m██[38;2;66;71;74m██[38;2;66;69;74m██[38;2;129;131;134m██[38;2;255;255;255m████████████[38;2;0;0;0m██    
                  ████████        ██[38;2;123;166;231m██[38;2;74;81;99m██[38;2;255;251;247m██[38;2;134;145;159m██[38;2;255;251;247m██[38;2;134;145;159m██[38;2;239;243;247m██[38;2;159;162;164m██[38;2;0;0;0m██    
                                  ██[38;2;90;109;143m██[38;2;123;166;231m██[38;2;74;93;115m████████[38;2;79;81;82m██[38;2;0;0;0m██      
                                    ██[38;2;123;166;231m██[38;2;115;162;231m██[38;2;76;108;154m██[38;2;115;162;231m██[38;2;76;108;154m██[38;2;123;166;231m██[38;2;0;0;0m██      
                                      ████████████        
[0m