[38;2;0;4;0m████                                                        
██[38;2;255;97;57m██[38;2;0;4;0m██████                    ██████████                    
  ██[38;2;255;97;57m██████[38;2;0;4;0m██████          ████[38;2;255;255;255m██████████[38;2;0;4;0m████                
    ██[38;2;255;97;57m██[38;2;255;97;60m████████[38;2;0;4;0m██    ████[38;2;255;255;255m██████████████████[38;2;0;8;0m████            
      [38;2;0;4;0m██[38;2;255;97;60m████████[38;2;255;97;57m██[38;2;0;4;0m████[38;2;94;97;94m██[38;2;255;255;255m██████████████████████[38;2;85;90;85m██[38;2;0;4;0m██          
    ██[38;2;255;97;57m██████[38;2;255;95;60m██[38;2;255;239;132m████[38;2;255;95;60m██[38;2;217;109;76m██[38;2;198;48;57m██[38;2;189;77;66m██[38;2;255;255;255m██████████████████████[38;2;0;4;0m██          
      ██████[38;2;255;95;60m████[38;2;255;239;132m████[38;2;255;231;115m██[38;2;217;109;76m██[38;2;189;77;66m████[38;2;255;255;255m██████████████████████[38;2;0;4;0m██        
            ████[38;2;255;95;60m██[38;2;255;239;132m██[38;2;255;239;128m████████[38;2;165;69;66m██[38;2;255;255;222m██[38;2;255;255;255m██████████████████[38;2;0;4;0m██        
          ██[38;2;255;239;132m████████[38;2;255;239;128m████████[38;2;225;193;170m██[38;2;165;69;66m██[38;2;255;255;255m████[38;2;239;81;49m████[38;2;255;255;255m████████████[38;2;0;4;0m██      
            ████[38;2;16;0;0m██[38;2;95;82;85m██[38;2;165;69;66m██[38;2;225;193;170m██[38;2;255;239;132m████[38;2;225;193;170m██[38;2;165;69;66m██[38;2;255;255;255m██[38;2;239;81;49m██[38;2;255;239;63m████[38;2;239;81;49m██[38;2;255;255;255m██████████[38;2;0;4;0m██      
                [38;2;16;0;0m██[38;2;255;247;255m██[38;2;255;255;222m██[38;2;165;69;66m██[38;2;156;65;74m████[38;2;165;69;66m██[38;2;255;255;222m██[38;2;255;255;255m██[38;2;239;81;49m██[38;2;255;239;63m████[38;2;239;81;49m██[38;2;255;255;255m██████████[38;2;0;4;0m██      
                ██[38;2;255;255;255m██[38;2;95;95;95m██[38;2;255;255;255m██████████████[38;2;239;81;49m████[38;2;255;255;255m████████[38;2;214;227;231m████[38;2;0;4;0m██      
                  ██[38;2;95;95;95m██[38;2;255;255;255m██████████████████████████[38;2;214;227;231m██[38;2;0;4;0m██        
                  ██[38;2;189;211;222m██[38;2;94;105;111m██[38;2;95;95;95m██[38;2;255;255;255m██████[38;2;175;175;175m██[38;2;95;95;95m██[38;2;161;174;173m██[38;2;255;255;255m██████[38;2;189;211;225m████[38;2;189;211;222m██[38;2;0;4;0m██        
            ████    [38;2;0;0;0m██[38;2;189;211;222m██[38;2;255;255;255m██[38;2;95;95;95m██[38;2;255;255;255m████[38;2;95;95;95m██[38;2;255;255;255m████[38;2;208;214;214m██[38;2;189;210;225m████[38;2;189;211;225m████[38;2;0;4;0m██          
          ██[38;2;239;174;107m████[38;2;0;8;0m████  [38;2;0;4;0m██[38;2;189;211;225m████[38;2;95;97;96m████[38;2;189;211;225m████████████[38;2;194;202;203m██[38;2;90;97;99m██[38;2;0;4;0m██          
        ██[38;2;156;89;66m██[38;2;160;89;61m██[38;2;239;174;107m██[38;2;255;186;107m██[38;2;170;126;71m██[38;2;0;4;0m██[38;2;255;255;255m██[38;2;189;211;225m████[38;2;189;211;222m████[38;2;189;211;225m████████████[38;2;90;97;99m██[38;2;247;255;255m██[38;2;255;255;255m██[38;2;0;4;0m██        
        [38;2;0;0;0m██[38;2;239;158;107m██[38;2;239;178;107m██[38;2;156;94;51m██[38;2;195;145;65m██[38;2;123;73;49m██[38;2;165;73;41m████[38;2;255;255;255m████[38;2;197;195;189m████[38;2;189;211;222m████[38;2;126;73;46m████[38;2;255;255;255m████[38;2;255;247;239m██[38;2;74;56;49m██[38;2;74;65;57m██[38;2;255;247;222m██[38;2;0;4;0m██      
      ██[38;2;159;105;71m████[38;2;239;178;107m██[38;2;197;136;79m██[38;2;195;145;65m██[38;2;123;73;49m██[38;2;165;73;41m██[38;2;255;255;255m██[38;2;123;73;49m██[38;2;255;255;255m██[38;2;239;255;255m██[38;2;115;77;57m██[38;2;123;73;49m████[38;2;181;73;41m████[38;2;123;73;49m██[38;2;255;255;255m██[38;2;74;56;49m██[38;2;134;119;112m██[38;2;194;186;167m██[38;2;74;65;57m██[38;2;0;4;0m██      
      ██[38;2;239;175;112m████[38;2;156;89;66m██[38;2;193;146;66m██[38;2;95;95;95m██[38;2;255;255;255m██[38;2;123;73;49m██[38;2;255;255;255m██[38;2;148;73;49m████[38;2;156;73;49m██[38;2;255;255;255m████[38;2;181;73;41m██████[38;2;123;73;49m██[38;2;255;255;255m██[38;2;142;94;73m██[38;2;247;170;107m██[38;2;239;174;107m████[38;2;94;97;94m██[38;2;0;4;0m██    
      ██[38;2;239;175;112m████[38;2;193;146;66m████[38;2;95;95;95m██[38;2;255;255;255m████[38;2;123;73;49m██[38;2;148;73;49m██[38;2;255;255;255m██[38;2;156;73;49m██[38;2;255;255;255m████[38;2;181;73;41m██[38;2;126;73;46m████[38;2;255;255;255m████[38;2;90;56;57m██[38;2;142;94;73m██[38;2;239;174;107m██[38;2;160;89;61m██[38;2;94;97;94m██[38;2;0;4;0m██    
        ██[38;2;137;96;49m██[38;2;148;112;73m██[38;2;98;90;90m██[38;2;255;255;255m██████████████[38;2;123;73;49m██████[38;2;255;255;255m██████[38;2;95;95;95m██[38;2;255;255;255m██[38;2;66;65;66m██[38;2;160;89;61m██[38;2;239;174;107m██[38;2;247;178;123m██[38;2;0;8;8m██    
        [38;2;0;4;0m██[38;2;206;142;74m██[38;2;198;134;57m██[38;2;98;90;90m██[38;2;95;95;95m██[38;2;255;255;255m████[38;2;95;95;95m██████[38;2;255;255;255m██████████████[38;2;95;95;95m██[38;2;255;255;255m██[38;2;66;65;66m██[38;2;160;89;61m██[38;2;239;174;107m██[38;2;123;93;65m████[38;2;0;4;0m██  
          ████[38;2;94;97;94m██[38;2;255;255;255m██[38;2;95;95;95m██[38;2;90;97;99m██[38;2;247;255;255m██[38;2;255;255;255m████[38;2;95;95;95m████[38;2;255;255;255m██████[38;2;95;95;95m████[38;2;255;255;255m██████[38;2;66;60;57m██[38;2;152;113;78m██[38;2;239;174;107m██[38;2;66;65;66m██[38;2;0;4;0m████
              ██[38;2;255;255;255m████[38;2;90;97;99m██[38;2;194;202;203m██[38;2;189;210;225m██[38;2;255;255;255m██████[38;2;95;95;95m██████[38;2;255;255;255m██[38;2;95;95;95m██[38;2;255;255;255m██████[38;2;66;60;57m██[38;2;239;166;99m██[38;2;239;174;107m██[38;2;66;65;66m██[38;2;189;211;222m██[38;2;0;4;0m██
              ██[38;2;214;227;231m████[38;2;255;255;255m██[38;2;95;95;95m██[38;2;247;255;255m██[38;2;194;202;203m██[38;2;189;210;225m██████[38;2;255;255;255m████[38;2;95;95;95m██[38;2;255;255;255m██████████[38;2;66;73;74m██[38;2;66;65;66m██[38;2;189;211;222m████[38;2;0;4;0m██
                ██[38;2;214;227;231m██[38;2;255;255;255m████[38;2;90;97;99m████[38;2;255;255;255m██████[38;2;189;210;225m██[38;2;95;95;95m██[38;2;255;255;255m██████████[38;2;192;194;194m████[38;2;189;211;222m████[38;2;0;4;0m██  
                ██[38;2;189;211;222m██[38;2;189;211;225m████[38;2;247;255;255m████[38;2;94;97;94m████[38;2;95;95;95m████[38;2;255;255;255m██████[38;2;189;210;225m██[38;2;255;255;255m██[38;2;189;210;225m██[38;2;189;211;225m████[38;2;189;211;222m████[38;2;0;4;0m██  
                  ██[38;2;189;211;225m████[38;2;214;193;197m██[38;2;148;69;82m██[38;2;156;65;74m████[38;2;255;255;255m████[38;2;189;210;225m██████[38;2;255;255;255m██[38;2;189;210;225m██[38;2;255;255;255m██[38;2;189;211;225m████[38;2;189;211;222m██[38;2;0;4;0m██    
                    ██[38;2;189;211;222m██[38;2;135;105;53m██[38;2;255;211;82m██[38;2;255;239;66m████[38;2;156;65;74m██[38;2;189;211;222m██[38;2;189;211;225m████████[38;2;255;255;255m██[38;2;189;210;225m██[38;2;189;211;222m████[38;2;0;4;0m██      
                      ██[38;2;16;0;24m██[38;2;135;105;53m██[38;2;156;65;74m████████[38;2;189;211;225m████████[38;2;189;210;225m████[38;2;0;4;0m████        
                          ████[38;2;255;239;66m██████[38;2;111;97;107m██[38;2;214;195;214m██[38;2;189;211;222m████[38;2;0;4;0m████            
                              ██████[38;2;8;0;0m████[38;2;0;4;0m████                
[0m