          [38;2;0;0;0m████                                                      
        ██[38;2;102;103;102m████[38;2;0;0;0m████                                                  
      ██[38;2;106;97;82m██[38;2;205;194;71m████[38;2;106;97;82m██[38;2;0;0;0m██            ████████                              
      ██[38;2;205;194;71m██[38;2;255;242;65m████[38;2;205;194;71m██[38;2;102;103;102m██[38;2;0;0;0m██        ██[38;2;102;103;102m████████[38;2;0;0;0m████                          
      ██[38;2;255;255;115m████████[38;2;102;103;102m██[38;2;0;0;0m██      ██[38;2;101;103;104m████[38;2;222;186;32m████[38;2;205;194;71m██[38;2;106;97;82m██[38;2;0;0;0m██                          
      ██[38;2;255;255;115m████████[38;2;102;103;102m██[38;2;0;0;0m██      ██[38;2;101;103;104m██[38;2;255;255;115m██████[38;2;255;242;65m██[38;2;205;194;71m██[38;2;102;103;102m██[38;2;0;0;0m██                        
        [38;2;0;0;8m██[38;2;246;246;131m██[38;2;255;255;115m████[38;2;112;89;65m██[38;2;65;68;82m██[38;2;0;0;0m██████[38;2;98;101;98m██[38;2;222;186;32m██[38;2;255;255;115m██████████[38;2;102;103;102m██[38;2;0;0;0m██                        
        [38;2;0;0;8m██[38;2;123;123;69m██[38;2;255;255;115m██[38;2;101;103;104m██[38;2;65;68;82m██[38;2;205;129;32m██[38;2;222;165;32m████[38;2;65;67;65m██[38;2;98;101;98m██[38;2;255;255;115m████████████[38;2;102;103;102m██[38;2;0;0;0m██      ██████            
          ██[38;2;65;64;65m████[38;2;222;164;32m████████[38;2;65;64;74m██[38;2;117;98;63m██[38;2;255;255;115m██████████[38;2;101;103;104m██[38;2;102;103;102m██[38;2;0;0;0m██  ████[38;2;102;103;102m██████[38;2;0;0;0m████        
          ██[38;2;222;165;32m████[38;2;222;164;32m████████[38;2;222;165;41m██[38;2;65;64;74m██[38;2;255;255;115m██████[38;2;101;103;104m██████[38;2;0;0;0m██  ██[38;2;102;103;102m████[38;2;0;0;0m██████[38;2;102;103;102m████[38;2;0;0;0m██████  
  ██    ██[38;2;222;165;32m██[38;2;222;164;32m████████████[38;2;213;149;24m██[38;2;65;64;65m██[38;2;102;103;102m████[38;2;112;89;65m██[38;2;65;68;82m██[38;2;68;45;21m██[38;2;0;4;16m██    [38;2;0;0;0m██[38;2;102;103;102m██[38;2;0;0;0m██      ██[38;2;102;103;102m████████[38;2;0;0;0m██
  ██    ██[38;2;222;165;32m██[38;2;222;164;32m████████████[38;2;213;149;24m████[38;2;65;64;65m████[38;2;65;68;82m██[38;2;205;129;32m████[38;2;0;4;16m██  [38;2;0;0;0m██[38;2;102;103;102m██[38;2;0;0;0m██        ██[38;2;102;103;102m████[38;2;65;64;65m██[38;2;0;0;0m██  
████  ██[38;2;222;165;41m██[38;2;74;58;30m██[38;2;255;250;164m██[38;2;175;167;109m██[38;2;222;164;32m██████████████████[38;2;205;122;16m██[38;2;205;121;16m██[38;2;0;0;0m██  ██[38;2;102;103;102m██[38;2;0;0;0m██        ██[38;2;102;103;102m██[38;2;65;67;65m██[38;2;98;101;98m██[38;2;0;0;0m██  
    ████[38;2;222;165;41m██[38;2;0;4;24m██[38;2;16;0;0m██[38;2;175;167;109m██[38;2;222;164;32m██████████████████[38;2;205;122;16m██[38;2;205;121;16m████[38;2;0;0;0m██  ██[38;2;102;103;102m██[38;2;0;0;0m██        ██[38;2;65;67;65m██[38;2;0;0;0m████  
      ██[38;2;230;80;41m██[38;2;148;78;53m██[38;2;0;0;0m██[38;2;213;149;24m██[38;2;222;164;32m████[38;2;175;167;109m██[38;2;255;250;164m██[38;2;74;58;30m██[38;2;222;165;41m██[38;2;222;164;32m████[38;2;213;149;24m████[38;2;65;64;65m██[38;2;205;121;16m██[38;2;0;0;0m██  ██[38;2;102;103;102m██[38;2;0;0;0m██          ██      
  ██████[38;2;65;76;65m██[38;2;230;80;41m██[38;2;213;149;24m████[38;2;222;164;32m████[38;2;175;167;109m██[38;2;16;0;0m██[38;2;0;4;24m██[38;2;222;165;41m██[38;2;222;164;32m████[38;2;65;64;65m██[38;2;213;149;24m██[38;2;65;64;65m████[38;2;0;0;0m██    ██[38;2;102;103;102m██[38;2;0;0;0m██                
      ██[38;2;230;105;41m████[38;2;106;87;79m██[38;2;32;4;0m██[38;2;222;165;32m██████[38;2;139;99;49m██[38;2;0;16;24m██[38;2;230;76;49m██[38;2;230;121;32m██[38;2;65;64;65m██████[38;2;205;121;16m██[38;2;65;64;65m██[38;2;205;121;16m██[38;2;0;0;0m██    ██[38;2;102;103;102m██[38;2;0;0;0m██              
        ██[38;2;230;105;41m██[38;2;106;87;79m██[38;2;255;255;238m██[38;2;65;64;65m████[38;2;222;165;32m████[38;2;230;76;49m██[38;2;76;36;32m██[38;2;65;64;65m██[38;2;230;121;32m██[38;2;222;165;32m██[38;2;65;64;65m██[38;2;205;121;16m██████[38;2;0;0;0m██    ██[38;2;102;103;102m██[38;2;0;0;0m██              
      ██[38;2;205;121;16m██[38;2;65;64;65m██[38;2;202;182;65m██[38;2;98;60;32m██[38;2;222;164;32m████████[38;2;230;72;41m████[38;2;186;116;43m██[38;2;82;48;65m██[38;2;65;64;65m██[38;2;222;165;32m██[38;2;205;121;16m████[38;2;205;125;24m██[38;2;0;12;24m██  [38;2;0;0;0m██[38;2;102;103;102m████[38;2;0;0;0m██              
      ██[38;2;205;121;16m██[38;2;65;64;65m██[38;2;150;121;49m██[38;2;255;242;82m██[38;2;205;122;16m████[38;2;222;164;32m████[38;2;222;165;32m████[38;2;238;149;32m████[38;2;222;165;32m██[38;2;65;64;65m████[38;2;205;121;16m██[38;2;205;125;24m██[38;2;68;49;24m██[38;2;0;0;0m██[38;2;102;103;102m████[38;2;0;0;0m██                
        ████[38;2;255;255;115m████████[38;2;172;139;49m████[38;2;65;64;65m██[38;2;222;165;32m██[38;2;213;149;24m████[38;2;205;124;16m████████[38;2;65;67;65m██[38;2;98;101;98m██[38;2;102;103;102m██[38;2;0;0;0m████                  
            ██[38;2;255;255;115m██████[38;2;255;234;74m██[38;2;90;44;24m██[38;2;222;165;32m████[38;2;65;64;65m██[38;2;213;149;24m██[38;2;205;124;16m████████[38;2;0;0;0m██████                      
          ██[38;2;205;129;32m██[38;2;137;86;24m██[38;2;148;116;27m██[38;2;222;174;41m██[38;2;224;186;32m████[38;2;65;64;65m████[38;2;205;124;16m████[38;2;205;121;16m██████[38;2;0;0;0m██                            
            [38;2;0;0;8m████[38;2;0;0;0m████[38;2;224;186;32m████[38;2;222;186;32m████[38;2;205;124;16m████[38;2;65;64;65m████[38;2;0;0;0m██                              
                    ██████[38;2;65;64;65m██████[38;2;137;86;24m██[38;2;0;0;8m██                                
                          [38;2;0;0;0m██[38;2;205;125;16m██[38;2;135;95;41m██[38;2;205;129;32m██[38;2;0;0;8m██                                
                            [38;2;0;0;0m██████                                  
[0m