  [38;2;0;0;0m████  ██                                  
  ██[38;2;197;156;222m██[38;2;0;0;0m██[38;2;197;156;222m██[38;2;0;0;0m██                  ██  ████      
  ██[38;2;173;115;189m██[38;2;197;156;222m████[38;2;0;0;0m██                ██[38;2;197;156;222m██[38;2;0;0;0m██[38;2;197;156;222m██[38;2;0;0;0m██      
██[38;2;197;156;222m██[38;2;173;115;189m████████[38;2;0;0;0m██          ████[38;2;173;115;189m██[38;2;197;156;222m████[38;2;0;0;0m██        
  ████[38;2;173;115;189m████[38;2;197;156;222m████[38;2;0;0;0m██████████[38;2;173;115;189m████[38;2;197;156;222m██[38;2;173;115;189m██████[38;2;0;0;0m██      
    ██[38;2;65;65;65m██[38;2;173;115;189m██[38;2;197;156;222m████████████[38;2;173;115;189m██████████[38;2;0;0;0m████        
      ██[38;2;65;65;65m██[38;2;173;115;189m██[38;2;197;156;222m██████[38;2;173;115;189m██████████[38;2;65;65;65m████[38;2;0;0;0m██          
        ██[38;2;173;115;189m██████████████[38;2;65;65;65m██████[38;2;0;0;0m██    ██  ██  
      ██[38;2;90;66;25m██[38;2;65;65;65m██[38;2;173;115;189m████████[38;2;123;74;156m██[38;2;65;65;65m██[38;2;165;123;66m██[38;2;65;65;65m██[38;2;0;0;0m██    ██[38;2;173;115;189m██[38;2;0;0;0m██[38;2;173;115;189m██[38;2;0;0;0m██
    ██[38;2;222;181;107m██[38;2;90;66;25m██[38;2;255;255;255m██[38;2;65;65;65m████████[38;2;90;66;25m████[38;2;222;181;107m██[38;2;165;123;66m██[38;2;0;0;0m██    ██[38;2;173;115;189m██████[38;2;0;0;0m██
      ██[38;2;222;181;107m██[38;2;0;0;0m██[38;2;247;247;140m██████[38;2;90;66;25m██[38;2;255;255;255m██[38;2;0;0;0m██[38;2;222;181;107m██████[38;2;0;0;0m██    ██[38;2;173;115;189m██[38;2;0;0;0m██  
        ██[38;2;247;247;140m██[38;2;222;181;107m██[38;2;247;247;140m████[38;2;0;0;0m████[38;2;222;181;107m████[38;2;65;65;65m██[38;2;0;0;0m████    [38;2;65;65;65m██[38;2;0;0;0m██    
          ██[38;2;65;65;65m██[38;2;247;247;140m██[38;2;222;181;107m██████[38;2;65;65;65m████[38;2;0;0;0m██      ██[38;2;222;181;107m██[38;2;0;0;0m██    
      ████[38;2;123;74;156m██[38;2;173;115;189m██[38;2;65;65;65m████████[38;2;173;115;189m██[38;2;123;74;156m██[38;2;222;181;107m██[38;2;0;0;0m██████[38;2;222;181;107m██[38;2;0;0;0m██      
    ██[38;2;197;156;222m██[38;2;65;65;65m██[38;2;173;115;189m████[38;2;65;65;65m██[38;2;222;181;107m██[38;2;123;74;156m██[38;2;173;115;189m██████[38;2;123;74;156m██[38;2;222;181;107m██[38;2;65;65;65m██[38;2;165;123;66m██[38;2;0;0;0m██        
    ██[38;2;65;65;65m████[38;2;173;115;189m██[38;2;123;74;156m██[38;2;222;181;107m██[38;2;123;74;156m██[38;2;173;115;189m████████[38;2;123;74;156m██[38;2;65;65;65m██[38;2;222;181;107m██[38;2;0;0;0m██          
      ██[38;2;197;156;222m██[38;2;65;65;65m██[38;2;165;123;66m██[38;2;222;181;107m██[38;2;123;74;156m██[38;2;173;115;189m████[38;2;123;74;156m██[38;2;65;65;65m██[38;2;197;156;222m██[38;2;65;65;65m██[38;2;222;181;107m██[38;2;0;0;0m██          
        ██████[38;2;165;123;66m████[38;2;123;74;156m██[38;2;65;65;65m██[38;2;197;156;222m██[38;2;0;0;0m████[38;2;222;181;107m██[38;2;0;0;0m██            
            ██[38;2;165;123;66m██[38;2;222;181;107m██[38;2;165;123;66m██[38;2;0;0;0m████  ██[38;2;222;181;107m██[38;2;0;0;0m██            
              ██[38;2;247;247;140m██[38;2;0;0;0m██      ████              
              ████                          
[0m