                          [38;2;7;7;7m████                                                      
                        ██[38;2;107;178;222m██[38;2;7;7;7m██                                                      
                      ██[38;2;107;178;222m████[38;2;7;7;7m██            ████                                      
                      ██[38;2;107;178;222m████[38;2;7;7;7m██          ██[38;2;181;243;255m██[38;2;7;7;7m██                                      
                      ██[38;2;107;178;222m██[38;2;7;7;7m██          ██[38;2;181;243;255m████[38;2;7;7;7m██                                      
                    ██[38;2;107;178;222m██[38;2;7;7;7m██          ████[38;2;181;243;255m████[38;2;7;7;7m██                                      
                  ██[38;2;107;178;222m████[38;2;7;7;7m██      ████[38;2;66;66;66m██[38;2;181;243;255m████[38;2;7;7;7m██                                        
                  ██[38;2;107;178;222m██[38;2;7;7;7m██    ████[38;2;181;243;255m██[38;2;66;66;66m██[38;2;181;243;255m████[38;2;66;66;66m██[38;2;7;7;7m██                                        
                ██[38;2;107;178;222m████[38;2;7;7;7m██  ██[38;2;181;243;255m████[38;2;66;66;66m██[38;2;181;243;255m████[38;2;66;66;66m██[38;2;60;96;126m██[38;2;7;7;7m██                                        
              ██[38;2;107;178;222m████[38;2;7;7;7m██[38;2;0;157;137m██[38;2;7;7;7m██[38;2;181;243;255m██[38;2;74;124;167m██[38;2;66;66;66m██[38;2;181;243;255m██████[38;2;66;66;66m██[38;2;60;96;126m██[38;2;7;7;7m██                                        
              ██[38;2;107;178;222m████[38;2;66;66;66m██[38;2;7;7;7m██[38;2;181;243;255m██[38;2;74;124;167m██[38;2;66;66;66m██[38;2;181;243;255m██████[38;2;66;66;66m████[38;2;7;7;7m██                                          
            ██[38;2;107;178;222m████[38;2;66;66;66m████[38;2;181;243;255m██[38;2;74;124;167m████[38;2;66;66;66m██[38;2;181;243;255m████[38;2;66;66;66m██[38;2;60;96;126m████[38;2;7;7;7m██                                          
            ██[38;2;107;178;222m████[38;2;66;66;66m██[38;2;181;243;255m██[38;2;74;124;167m██████[38;2;66;66;66m██[38;2;181;243;255m██[38;2;66;66;66m████[38;2;60;96;126m██[38;2;7;7;7m██                                            
  ██████████[38;2;66;66;66m██[38;2;107;178;222m██[38;2;66;66;66m████████[38;2;74;124;167m██[38;2;66;66;66m██[38;2;181;243;255m████[38;2;66;66;66m██[38;2;60;96;126m██[38;2;7;7;7m██                                              
██[38;2;60;96;126m██████████[38;2;66;66;66m████[38;2;74;124;167m████████[38;2;66;66;66m████████[38;2;60;96;126m████[38;2;7;7;7m██                                              
  ████[38;2;60;96;126m████[38;2;66;66;66m██[38;2;181;243;255m██[38;2;74;124;167m██[38;2;66;66;66m██████[38;2;74;124;167m████████[38;2;66;66;66m██[38;2;60;96;126m██[38;2;7;7;7m██                                                
      ██[38;2;60;96;126m██[38;2;66;66;66m██[38;2;74;124;167m████[38;2;41;81;123m████[38;2;74;124;167m██[38;2;66;66;66m██[38;2;74;124;167m████[38;2;66;66;66m████[38;2;7;7;7m██                                ████              
        ██[38;2;181;243;255m██[38;2;41;81;123m████[38;2;181;243;255m████[38;2;66;66;66m██████[38;2;74;124;167m██[38;2;66;66;66m████[38;2;60;96;126m██[38;2;7;7;7m██                            ██[38;2;113;143;164m██[38;2;7;7;7m██              
          ██[38;2;181;243;255m████[38;2;255;97;58m██[38;2;7;7;7m██[38;2;255;97;58m██[38;2;66;66;66m██[38;2;74;124;167m████[38;2;66;66;66m██[38;2;60;96;126m████[38;2;7;7;7m██                      ██  ██[38;2;113;143;164m██[38;2;7;7;7m██                
          ██[38;2;107;178;222m██[38;2;66;66;66m████[38;2;255;97;58m██[38;2;66;66;66m████[38;2;74;124;167m████[38;2;66;66;66m██[38;2;60;96;126m██[38;2;66;66;66m██[38;2;7;7;7m██                    ██[38;2;113;143;164m██[38;2;7;7;7m██[38;2;113;143;164m████[38;2;7;7;7m██    ████        
        ██[38;2;107;178;222m████[38;2;99;115;126m██[38;2;66;66;66m██████[38;2;74;124;167m████[38;2;66;66;66m██[38;2;74;124;167m██[38;2;66;66;66m██[38;2;7;7;7m██                ██    ██[38;2;113;143;164m██[38;2;7;7;7m██[38;2;113;143;164m██[38;2;7;7;7m██[38;2;104;183;125m██[38;2;7;7;7m████[38;2;113;143;164m████[38;2;7;7;7m██      
        ██[38;2;66;66;66m████[38;2;99;115;126m████[38;2;66;66;66m██[38;2;74;124;167m██████[38;2;66;66;66m██[38;2;181;243;255m██[38;2;74;124;167m██[38;2;7;7;7m██              ██[38;2;113;143;164m██[38;2;7;7;7m████[38;2;113;143;164m██[38;2;66;66;66m██[38;2;113;143;164m██[38;2;74;124;167m██[38;2;60;96;126m██[38;2;7;7;7m██[38;2;41;81;123m██[38;2;113;143;164m████[38;2;7;7;7m██        
        ██[38;2;74;124;167m████[38;2;66;66;66m██████[38;2;74;124;167m████[38;2;66;66;66m██[38;2;74;124;167m████[38;2;181;243;255m██[38;2;60;96;126m██[38;2;7;7;7m██            ██[38;2;113;143;164m██[38;2;41;81;123m████[38;2;113;143;164m██[38;2;41;81;123m██[38;2;74;124;167m██[38;2;41;81;123m██[38;2;66;66;66m██[38;2;113;143;164m████[38;2;74;124;167m██[38;2;7;7;7m██          
          ██[38;2;74;124;167m██████████[38;2;66;66;66m████[38;2;60;96;126m████[38;2;181;243;255m██[38;2;66;66;66m████[38;2;7;7;7m██          ██[38;2;113;143;164m██[38;2;41;81;123m██[38;2;74;124;167m██[38;2;41;81;123m██[38;2;74;124;167m██[38;2;41;81;123m██[38;2;60;96;126m██[38;2;41;81;123m██[38;2;74;124;167m████[38;2;66;66;66m██[38;2;7;7;7m██  ██████  
            ██[38;2;74;124;167m████[38;2;7;7;7m██████[38;2;60;96;126m████[38;2;66;66;66m████[38;2;74;124;167m██████[38;2;7;7;7m████      ██[38;2;74;124;167m██[38;2;41;81;123m██[38;2;74;124;167m██[38;2;41;81;123m██[38;2;74;124;167m██[38;2;41;81;123m████[38;2;66;66;66m██████[38;2;113;143;164m██[38;2;7;7;7m████[38;2;113;143;164m██████[38;2;7;7;7m██
              ████      ██[38;2;66;66;66m██[38;2;41;81;123m██[38;2;74;124;167m██████[38;2;41;81;123m████[38;2;60;96;126m██[38;2;7;7;7m██      ██[38;2;41;81;123m██[38;2;74;124;167m██[38;2;41;81;123m████[38;2;66;66;66m████[38;2;181;243;255m████[38;2;66;66;66m██[38;2;41;81;123m██[38;2;113;143;164m████████[38;2;7;7;7m██  
                    ████[38;2;60;96;126m██[38;2;74;124;167m████[38;2;41;81;123m██[38;2;60;96;126m██[38;2;41;81;123m██[38;2;66;146;247m██████[38;2;7;7;7m██  ████[38;2;66;66;66m██[38;2;60;96;126m██[38;2;41;81;123m██[38;2;60;96;126m████[38;2;66;66;66m██[38;2;181;243;255m████[38;2;66;66;66m██[38;2;41;81;123m██[38;2;74;124;167m████[38;2;113;143;164m██[38;2;7;7;7m████    
                ████[38;2;66;146;247m██[38;2;41;81;123m██[38;2;74;124;167m████[38;2;60;96;126m██[38;2;41;81;123m████[38;2;66;146;247m██████[38;2;41;81;123m██[38;2;66;66;66m██[38;2;7;7;7m██[38;2;181;243;255m██[38;2;107;178;222m████[38;2;66;66;66m██[38;2;60;96;126m████[38;2;66;66;66m██[38;2;181;243;255m██[38;2;107;178;222m██[38;2;66;66;66m████[38;2;60;96;126m██[38;2;66;66;66m██████[38;2;7;7;7m██      
                ██[38;2;119;196;242m██[38;2;66;146;247m████[38;2;41;81;123m██████[38;2;66;146;247m██████[38;2;41;81;123m████[38;2;66;66;66m██[38;2;74;124;167m██[38;2;66;66;66m████[38;2;181;243;255m████[38;2;107;178;222m██[38;2;66;66;66m██[38;2;74;124;167m██[38;2;181;243;255m██[38;2;66;66;66m████[38;2;60;96;126m████[38;2;66;66;66m████[38;2;74;124;167m████[38;2;60;96;126m██[38;2;7;7;7m██    
                ██[38;2;66;146;247m██[38;2;119;196;242m██[38;2;66;146;247m████████[38;2;41;81;123m██████[38;2;66;66;66m████[38;2;74;124;167m████[38;2;66;66;66m██[38;2;74;124;167m██[38;2;66;66;66m██[38;2;181;243;255m████[38;2;107;178;222m██[38;2;181;243;255m██[38;2;66;66;66m██[38;2;74;124;167m████[38;2;66;66;66m████[38;2;74;124;167m██████[38;2;60;96;126m██[38;2;7;7;7m██      
                  ██[38;2;119;196;242m████[38;2;66;146;247m██[38;2;41;81;123m████[38;2;60;96;126m██[38;2;66;66;66m████[38;2;74;124;167m██████[38;2;66;66;66m██[38;2;74;124;167m████[38;2;60;96;126m██[38;2;66;66;66m██[38;2;181;243;255m████[38;2;107;178;222m██[38;2;74;124;167m██████████[38;2;66;66;66m████[38;2;60;96;126m████[38;2;7;7;7m██      
                    ██[38;2;119;196;242m██[38;2;41;81;123m████[38;2;66;66;66m████[38;2;60;96;126m██[38;2;74;124;167m████[38;2;66;66;66m████[38;2;74;124;167m████████[38;2;66;66;66m██[38;2;107;178;222m██[38;2;181;243;255m██[38;2;107;178;222m████[38;2;74;124;167m██████████[38;2;66;66;66m██[38;2;60;96;126m██[38;2;7;7;7m██        
                      ██[38;2;66;66;66m████[38;2;74;124;167m██████████[38;2;60;96;126m████[38;2;74;124;167m████████[38;2;60;96;126m██[38;2;66;66;66m██[38;2;181;243;255m████[38;2;107;178;222m██[38;2;74;124;167m████████████[38;2;7;7;7m██          
        ████        ██[38;2;74;124;167m██████████[38;2;66;66;66m████[38;2;60;96;126m██████████[38;2;74;124;167m██[38;2;60;96;126m████[38;2;66;66;66m██[38;2;181;243;255m████[38;2;107;178;222m██[38;2;74;124;167m████████████[38;2;7;7;7m██          
        ██[38;2;181;243;255m██[38;2;7;7;7m████      ██[38;2;66;66;66m██[38;2;74;124;167m████[38;2;60;96;126m██[38;2;66;66;66m██[38;2;181;243;255m██[38;2;66;66;66m██[38;2;60;96;126m██████[38;2;66;66;66m██[38;2;74;124;167m██[38;2;60;96;126m████[38;2;66;66;66m██[38;2;181;243;255m██[38;2;107;178;222m██[38;2;60;96;126m██[38;2;74;124;167m██████████[38;2;60;96;126m██[38;2;7;7;7m██          
          ██[38;2;181;243;255m██[38;2;107;178;222m██[38;2;7;7;7m██  ██[38;2;74;124;167m████[38;2;66;66;66m████[38;2;60;96;126m██[38;2;66;66;66m██[38;2;181;243;255m██[38;2;107;178;222m██[38;2;66;66;66m██[38;2;60;96;126m██[38;2;66;66;66m██[38;2;74;124;167m████[38;2;60;96;126m██[38;2;66;66;66m██[38;2;107;178;222m██[38;2;181;243;255m██[38;2;107;178;222m██[38;2;60;96;126m████[38;2;74;124;167m████[38;2;60;96;126m████[38;2;7;7;7m██            
            ██[38;2;181;243;255m████[38;2;7;7;7m██[38;2;41;81;123m██[38;2;74;124;167m██████[38;2;60;96;126m██[38;2;66;66;66m██[38;2;60;96;126m██[38;2;66;66;66m██[38;2;181;243;255m██[38;2;66;66;66m██[38;2;60;96;126m██[38;2;66;66;66m██[38;2;74;124;167m████[38;2;66;66;66m██[38;2;107;178;222m████[38;2;7;7;7m██[38;2;181;243;255m██[38;2;66;66;66m██[38;2;60;96;126m██████████[38;2;7;7;7m████          
              ██[38;2;181;243;255m████[38;2;107;178;222m██[38;2;41;81;123m██[38;2;74;124;167m██[38;2;60;96;126m████[38;2;7;7;7m████[38;2;66;66;66m██[38;2;181;243;255m████[38;2;66;66;66m██[38;2;74;124;167m██████[38;2;66;66;66m██[38;2;107;178;222m██[38;2;7;7;7m██  ██[38;2;181;243;255m██[38;2;66;66;66m████[38;2;60;96;126m██████[38;2;66;66;66m██[38;2;60;96;126m██[38;2;7;7;7m██        
                ██[38;2;181;243;255m████[38;2;41;81;123m██[38;2;74;124;167m██[38;2;60;96;126m██[38;2;7;7;7m██    ██[38;2;66;66;66m██[38;2;181;243;255m██[38;2;66;66;66m██[38;2;74;124;167m██████[38;2;66;66;66m██[38;2;7;7;7m██      ██[38;2;181;243;255m██[38;2;107;178;222m██[38;2;66;66;66m████[38;2;60;96;126m████[38;2;113;143;164m██[38;2;7;7;7m██        
                ██[38;2;181;243;255m████[38;2;41;81;123m██[38;2;74;124;167m██[38;2;60;96;126m████[38;2;7;7;7m██    ██[38;2;181;243;255m████[38;2;66;66;66m██[38;2;74;124;167m████[38;2;60;96;126m██[38;2;7;7;7m██        ██[38;2;181;243;255m████[38;2;66;66;66m██[38;2;60;96;126m██[38;2;113;143;164m██[38;2;60;96;126m██[38;2;7;7;7m██        
                ██[38;2;181;243;255m██[38;2;41;81;123m██[38;2;74;124;167m██[38;2;60;96;126m██████[38;2;7;7;7m██      [38;2;66;66;66m██[38;2;181;243;255m████[38;2;41;81;123m██[38;2;74;124;167m██[38;2;60;96;126m██[38;2;7;7;7m██        ████[38;2;181;243;255m████[38;2;7;7;7m██[38;2;60;96;126m██[38;2;113;143;164m██[38;2;7;7;7m██        
              ██[38;2;113;143;164m██[38;2;41;81;123m██[38;2;113;143;164m██[38;2;74;124;167m██[38;2;113;143;164m██[38;2;60;96;126m██[38;2;113;143;164m██[38;2;7;7;7m██      ██[38;2;181;243;255m████[38;2;41;81;123m██[38;2;60;96;126m██████[38;2;7;7;7m██          ██████[38;2;113;143;164m██████[38;2;7;7;7m██      
              ██[38;2;74;124;167m██[38;2;113;143;164m██[38;2;74;124;167m██[38;2;113;143;164m██[38;2;60;96;126m██[38;2;113;143;164m██[38;2;60;96;126m██[38;2;113;143;164m██[38;2;7;7;7m██  ██[38;2;41;81;123m██[38;2;181;243;255m██[38;2;41;81;123m██[38;2;74;124;167m██[38;2;113;143;164m██[38;2;60;96;126m██[38;2;113;143;164m██[38;2;7;7;7m██                ██[38;2;113;143;164m████[38;2;7;7;7m██      
              ██[38;2;113;143;164m██████[38;2;66;66;66m██[38;2;113;143;164m████████[38;2;7;7;7m██  ██[38;2;74;124;167m██[38;2;41;81;123m██[38;2;74;124;167m██[38;2;113;143;164m██[38;2;74;124;167m██[38;2;113;143;164m██[38;2;60;96;126m██[38;2;113;143;164m██[38;2;7;7;7m██                ██[38;2;113;143;164m██[38;2;7;7;7m██      
              ██[38;2;66;66;66m██[38;2;113;143;164m██[38;2;66;66;66m██[38;2;113;143;164m██[38;2;66;66;66m██[38;2;113;143;164m████[38;2;66;66;66m██[38;2;7;7;7m██  ██[38;2;113;143;164m████████[38;2;66;66;66m██[38;2;113;143;164m██████[38;2;7;7;7m██                ██[38;2;113;143;164m██[38;2;7;7;7m██      
              ██[38;2;113;143;164m██[38;2;66;66;66m████[38;2;113;143;164m████[38;2;66;66;66m████[38;2;113;143;164m██[38;2;7;7;7m██  ██[38;2;66;66;66m██[38;2;113;143;164m████[38;2;66;66;66m██[38;2;113;143;164m██[38;2;66;66;66m██[38;2;113;143;164m████[38;2;7;7;7m██                  ██        
                ██[38;2;113;143;164m██[38;2;7;7;7m██[38;2;113;143;164m██[38;2;7;7;7m██[38;2;66;66;66m██[38;2;113;143;164m██[38;2;7;7;7m██      ██[38;2;66;66;66m████[38;2;7;7;7m██[38;2;113;143;164m████[38;2;66;66;66m████[38;2;113;143;164m██[38;2;7;7;7m██                          
                ██[38;2;113;143;164m██[38;2;7;7;7m████  ██[38;2;113;143;164m██[38;2;7;7;7m██      ██[38;2;113;143;164m██[38;2;7;7;7m██  ██[38;2;113;143;164m██[38;2;7;7;7m██[38;2;113;143;164m████[38;2;7;7;7m██                          
                  ██        ██        ██[38;2;113;143;164m██[38;2;7;7;7m██  ████  ██[38;2;113;143;164m██[38;2;7;7;7m██                          
                                        ██            ██                            
[0m