                    [38;2;0;0;0m██                                                            
                  ██[38;2;197;194;189m██[38;2;0;0;0m██              ████                                        
                  ██[38;2;197;194;189m██[38;2;0;0;0m██            ██[38;2;255;255;255m██[38;2;0;0;0m██                                        
                ██[38;2;197;194;189m██[38;2;0;0;0m██          ████[38;2;255;255;255m██[38;2;0;0;0m██                                          
              ██[38;2;197;194;189m████[38;2;0;0;0m██      ████[38;2;82;83;82m██[38;2;246;250;246m██[38;2;255;255;255m██[38;2;0;0;0m██                                          
              ██[38;2;197;194;189m██[38;2;0;0;0m██    ████[38;2;222;246;255m██[38;2;65;64;65m██[38;2;255;255;255m████[38;2;49;64;76m██[38;2;0;0;0m██                                          
            ██[38;2;197;194;189m████[38;2;0;0;0m██  ██[38;2;180;242;255m████[38;2;65;64;65m██[38;2;222;246;255m██[38;2;255;255;255m██[38;2;65;64;65m██[38;2;74;97;115m██[38;2;0;0;0m██                                          
          ██[38;2;200;194;189m████[38;2;0;0;0m██  [38;2;0;0;16m██[38;2;180;242;255m██[38;2;112;128;134m██[38;2;49;64;74m██[38;2;255;255;255m██████[38;2;65;76;82m██[38;2;57;95;127m██[38;2;0;0;0m██                                          
          ██[38;2;200;194;189m████[38;2;65;64;65m██[38;2;0;0;0m██[38;2;180;242;255m██[38;2;90;121;135m██[38;2;49;64;74m██[38;2;238;255;255m██[38;2;255;255;255m████[38;2;65;76;82m████[38;2;0;0;0m██                                            
        ██[38;2;197;194;189m████[38;2;65;64;65m██[38;2;49;64;82m██[38;2;180;242;255m██[38;2;74;124;167m████[38;2;65;64;65m██[38;2;255;255;255m████[38;2;65;76;82m██[38;2;60;94;126m████[38;2;0;0;0m██                                            
        ██[38;2;197;194;189m████[38;2;65;64;65m██[38;2;180;242;255m██[38;2;93;124;139m██[38;2;74;124;167m████[38;2;65;64;65m██[38;2;255;255;255m██[38;2;65;76;82m████[38;2;60;94;126m██[38;2;0;0;0m██                                              
  ██████  ██[38;2;57;64;74m██[38;2;98;124;134m██[38;2;65;64;65m████[38;2;74;121;164m██[38;2;65;64;65m██[38;2;255;255;255m████[38;2;65;64;65m██[38;2;60;94;126m██[38;2;0;0;0m██                      ████                      
██[38;2;197;194;189m██████[38;2;0;0;0m██[38;2;180;242;255m████[38;2;57;64;74m██[38;2;255;255;255m████[38;2;65;64;65m████[38;2;255;255;255m██[38;2;65;64;65m██[38;2;60;94;126m████[38;2;0;0;0m██                    ██[38;2;255;255;255m██[38;2;0;0;0m██                      
  ██[38;2;189;190;213m██[38;2;94;95;119m██[38;2;180;242;255m██[38;2;74;121;164m██████[38;2;65;64;65m██[38;2;255;255;255m████████[38;2;65;76;82m██[38;2;57;95;127m██[38;2;0;0;0m██                ██  ██[38;2;255;255;255m██[38;2;0;0;0m██                        
    [38;2;0;0;24m██[38;2;94;95;119m██[38;2;74;121;164m████[38;2;78;87;143m████[38;2;255;255;255m██[38;2;65;64;65m██[38;2;255;255;255m████[38;2;65;76;82m████[38;2;0;0;0m██                ██[38;2;255;255;255m██[38;2;0;0;0m██[38;2;255;255;255m████[38;2;0;0;0m██    ████                
    ██[38;2;255;255;255m██[38;2;74;85;148m████[38;2;255;255;246m████[38;2;65;64;65m██████[38;2;255;255;255m██[38;2;65;64;65m████[38;2;197;194;189m██[38;2;0;0;0m██        ██    ██[38;2;255;250;255m██[38;2;0;0;0m██[38;2;255;255;255m██[38;2;0;0;0m██  ████[38;2;255;255;255m████[38;2;0;0;0m██              
      ██[38;2;255;255;255m████[38;2;112;84;82m██[38;2;41;0;0m██[38;2;255;97;57m██[38;2;65;64;65m██[38;2;255;255;255m████[38;2;65;64;65m██[38;2;197;194;189m████[38;2;0;0;0m██      ██[38;2;255;255;255m██[38;2;0;0;0m████[38;2;255;255;255m██[38;2;84;83;84m██[38;2;255;250;255m██[38;2;255;255;255m██[38;2;127;127;127m██[38;2;0;0;0m██[38;2;131;129;106m██[38;2;255;255;255m████[38;2;0;0;0m██                
    [38;2;8;4;0m██[38;2;74;68;63m██[38;2;197;198;197m██[38;2;49;72;90m██[38;2;65;64;65m██[38;2;255;97;57m██[38;2;65;64;65m████[38;2;255;255;255m████[38;2;57;63;74m██[38;2;172;190;205m██[38;2;0;0;0m██        ██[38;2;255;255;255m██[38;2;131;129;106m████[38;2;255;255;255m██[38;2;131;129;106m██[38;2;255;255;255m██[38;2;131;129;119m██[38;2;65;64;57m██[38;2;255;255;255m██████[38;2;0;0;0m██                  
  ██[38;2;205;198;189m██[38;2;74;68;63m██[38;2;197;198;197m██[38;2;98;114;126m██[38;2;65;64;65m██████[38;2;255;255;255m████[38;2;65;64;65m██[38;2;115;126;139m██[38;2;0;0;8m██  [38;2;0;0;0m████    ██[38;2;255;255;255m██[38;2;131;129;106m██[38;2;255;255;255m██[38;2;131;129;106m██[38;2;255;255;255m██[38;2;131;129;106m██[38;2;197;194;180m██[38;2;131;129;119m██[38;2;255;255;255m████[38;2;0;0;0m██    ██████          
    ██[38;2;65;64;63m██[38;2;57;64;74m██[38;2;119;129;139m██[38;2;98;114;126m██[38;2;49;72;90m██[38;2;255;255;255m████[38;2;238;255;255m██[38;2;49;64;74m██[38;2;180;242;255m██[38;2;49;64;82m██[38;2;0;0;0m██[38;2;197;194;189m████[38;2;0;0;0m██  ██[38;2;255;255;246m██[38;2;127;127;123m██[38;2;255;255;255m██[38;2;131;129;106m██[38;2;255;255;255m██[38;2;131;129;106m████[38;2;255;255;255m████[38;2;131;129;106m██[38;2;178;176;172m██[38;2;24;20;8m██[38;2;0;0;0m██[38;2;255;255;255m██████[38;2;0;0;0m██        
    ██[38;2;197;194;189m██[38;2;180;194;205m██[38;2;57;64;74m██[38;2;197;198;197m████[38;2;65;64;65m██[38;2;255;255;255m██[38;2;49;64;74m██[38;2;112;128;134m██[38;2;93;124;139m██[38;2;180;242;255m██[38;2;65;64;63m██[38;2;197;194;189m████[38;2;0;0;0m██    ██[38;2;127;127;123m██[38;2;255;255;255m██[38;2;131;129;106m████[38;2;193;192;180m██[38;2;131;129;106m██[38;2;255;255;255m██[38;2;131;129;106m██[38;2;193;192;180m██[38;2;101;98;90m██[38;2;255;255;255m████████[38;2;0;0;0m██          
      ██[38;2;197;194;189m██[38;2;65;64;63m██[38;2;0;0;0m██████[38;2;255;255;255m██[38;2;65;64;65m██[38;2;60;94;126m██[38;2;84;132;167m██[38;2;172;234;255m██[38;2;90;124;145m██[38;2;49;64;90m██[38;2;0;0;0m██      ██[38;2;197;194;189m██[38;2;131;131;106m██[38;2;197;194;189m██[38;2;200;195;189m████[38;2;131;131;106m████[38;2;197;194;189m██[38;2;131;131;106m██[38;2;255;255;255m██████[38;2;0;0;0m████            
        ████      ██[38;2;60;94;126m████[38;2;41;80;123m██[38;2;84;132;167m██[38;2;172;242;255m██[38;2;90;124;145m██[38;2;65;64;65m██[38;2;0;0;0m████    ██[38;2;197;194;189m████[38;2;255;255;255m████[38;2;197;194;189m████████[38;2;0;0;0m██████                
              ██    ██[38;2;74;97;115m██[38;2;60;95;126m████[38;2;74;121;164m████[38;2;65;64;57m██[38;2;128;128;123m██[38;2;246;255;255m██[38;2;0;4;16m██    [38;2;0;0;0m██[38;2;246;246;246m██[38;2;57;64;74m████[38;2;65;64;65m████[38;2;197;194;189m██[38;2;0;0;0m██                      
            ██[38;2;197;194;189m██[38;2;0;0;0m██  ██[38;2;49;64;76m██[38;2;60;95;126m████[38;2;65;64;65m████[38;2;255;255;255m████[38;2;82;87;95m████[38;2;0;0;0m████[38;2;82;82;82m████[38;2;180;242;255m██[38;2;98;124;134m██[38;2;74;121;164m██[38;2;65;64;65m██[38;2;0;0;0m██                        
            ██[38;2;197;194;189m████[38;2;0;0;0m██[38;2;255;255;255m████[38;2;65;64;57m████[38;2;131;129;106m██[38;2;255;255;255m██[38;2;255;255;246m██[38;2;128;128;115m██[38;2;65;64;65m██[38;2;71;124;169m██[38;2;74;124;167m████████[38;2;74;121;164m██[38;2;180;242;255m██[38;2;74;121;164m████[38;2;82;129;172m██[38;2;16;12;8m██[38;2;0;0;0m██              ████  
              ██[38;2;197;194;189m██[38;2;65;64;63m██[38;2;255;255;255m██[38;2;131;129;106m██[38;2;255;255;246m██[38;2;128;128;120m██[38;2;255;255;255m████[38;2;128;128;115m██[38;2;65;64;49m██[38;2;68;94;117m██[38;2;71;124;169m██[38;2;74;124;167m████████[38;2;74;121;164m██[38;2;180;242;255m████[38;2;74;121;164m██[38;2;60;90;117m██[38;2;38;51;63m██[38;2;57;95;127m██[38;2;0;0;0m██        ████[38;2;180;242;255m████[38;2;0;0;0m██
                [38;2;0;0;16m██[38;2;255;255;255m██[38;2;134;149;167m██[38;2;197;186;156m██[38;2;255;255;255m██[38;2;131;129;106m██████[38;2;197;194;189m██[38;2;65;64;65m██[38;2;60;95;126m████[38;2;74;121;164m████[38;2;57;94;123m████[38;2;106;178;222m██████[38;2;57;94;123m██[38;2;57;94;126m████[38;2;57;64;65m██[38;2;74;102;120m██[38;2;0;0;0m████████[38;2;60;94;123m██[38;2;180;242;255m████[38;2;0;0;0m██  
                [38;2;0;0;16m██[38;2;84;84;95m██[38;2;71;113;178m████[38;2;255;255;255m██████[38;2;193;192;180m██[38;2;197;194;189m██[38;2;65;64;65m██[38;2;60;95;126m████[38;2;57;94;126m████[38;2;106;178;222m████[38;2;57;94;123m██████[38;2;106;178;222m██[38;2;57;94;126m██[38;2;74;121;164m██[38;2;57;64;65m██[38;2;106;178;230m██[38;2;60;94;126m████[38;2;86;115;127m██[38;2;172;230;255m██[38;2;180;242;255m██[38;2;60;94;123m██[38;2;0;0;0m██    
                ██[38;2;255;255;255m██[38;2;65;145;246m████[38;2;74;85;139m██[38;2;255;255;246m██[38;2;255;255;255m██[38;2;131;129;106m██[38;2;134;130;106m██[38;2;194;192;180m██[38;2;65;64;65m████[38;2;68;99;126m██[38;2;106;178;230m██[38;2;65;97;123m████[38;2;38;51;63m██[38;2;60;90;117m██[38;2;74;121;164m██[38;2;180;242;255m██[38;2;74;121;164m████[38;2;65;64;65m██[38;2;68;94;117m██[38;2;106;178;222m████[38;2;115;182;230m██[38;2;57;93;119m██[38;2;57;95;127m██[38;2;0;0;0m██      
                  ██[38;2;65;145;246m██[38;2;78;87;143m██[38;2;255;255;246m██[38;2;194;198;211m██[38;2;131;129;106m██[38;2;255;255;255m██████████[38;2;49;60;74m██[38;2;68;99;126m██[38;2;46;64;82m██[38;2;8;0;0m██[38;2;16;12;8m██[38;2;82;129;172m██[38;2;74;121;164m████[38;2;180;242;255m██[38;2;74;121;164m██[38;2;71;124;169m██[38;2;65;64;65m██[38;2;57;94;123m████[38;2;57;93;119m██[38;2;0;4;8m██[38;2;0;0;0m██        
                [38;2;0;0;8m██[38;2;106;182;230m██[38;2;57;64;74m██[38;2;117;129;117m██[38;2;131;131;106m██[38;2;197;194;189m██[38;2;197;198;189m██[38;2;120;122;106m██[38;2;65;64;65m████[38;2;57;64;74m████[38;2;60;90;117m██[38;2;38;51;63m██[38;2;0;0;0m██    ██[38;2;74;121;164m████[38;2;180;242;255m████[38;2;79;124;164m██[38;2;43;62;82m██[38;2;0;0;0m██████            
              ██[38;2;106;182;230m██[38;2;53;91;119m██[38;2;87;97;95m██[38;2;57;64;74m██[38;2;197;194;189m██[38;2;131;131;106m██[38;2;197;198;189m██[38;2;82;85;65m██[38;2;74;121;164m████[38;2;180;242;255m██[38;2;98;124;134m██[38;2;82;129;172m██[38;2;16;12;8m██      [38;2;0;0;0m██[38;2;74;121;164m██[38;2;78;87;143m██[38;2;71;124;167m██[38;2;180;242;255m██[38;2;79;124;164m██[38;2;8;0;0m██                  
            [38;2;0;0;0m██[38;2;106;178;222m██[38;2;74;80;139m██[38;2;57;93;123m██[38;2;60;94;126m██[38;2;65;64;65m██[38;2;197;194;189m████[38;2;65;64;65m██[38;2;60;94;126m██[38;2;57;94;126m██[38;2;74;121;164m████[38;2;180;242;255m██[38;2;86;121;135m██[38;2;0;0;16m██        [38;2;0;0;8m██[38;2;119;127;131m██[38;2;74;121;164m████[38;2;84;84;112m██[38;2;0;0;41m██                  
            [38;2;0;0;0m██[38;2;106;178;222m██[38;2;68;84;134m██[38;2;57;93;123m██[38;2;60;94;126m████[38;2;0;0;0m██[38;2;197;194;189m██[38;2;65;64;65m██[38;2;60;94;126m██[38;2;57;94;126m████[38;2;74;121;164m██[38;2;180;242;255m██[38;2;172;242;255m██[38;2;86;121;135m██[38;2;0;0;0m██      [38;2;0;0;8m██[38;2;238;255;255m██[38;2;78;87;143m██[38;2;74;121;164m██[38;2;84;84;112m██[38;2;255;255;255m██[38;2;0;0;0m██                
            ██[38;2;65;72;126m██[38;2;197;194;189m██[38;2;65;72;123m██[38;2;94;93;102m██[38;2;0;0;8m██  [38;2;0;0;0m██████[38;2;82;90;101m████[38;2;74;121;164m████[38;2;222;246;255m██[38;2;79;87;145m██[38;2;0;0;0m██      ██[38;2;255;255;255m██[38;2;78;87;143m██[38;2;74;121;164m██[38;2;74;85;148m██[38;2;255;255;255m██[38;2;0;0;0m██                
            ██[38;2;65;72;126m██[38;2;197;194;189m████[38;2;189;186;197m██[38;2;0;0;8m██        [38;2;0;8;24m██[38;2;246;255;255m██[38;2;78;87;143m██[38;2;74;121;164m██[38;2;79;87;145m██[38;2;222;246;255m██[38;2;0;0;0m██      ██[38;2;255;255;255m██[38;2;78;87;143m████[38;2;74;85;148m██[38;2;255;255;255m██[38;2;0;0;0m██                
          ██[38;2;197;194;189m██[38;2;65;72;123m██[38;2;197;194;189m██[38;2;65;72;123m██[38;2;61;85;127m██[38;2;0;0;0m██        ██[38;2;255;255;255m██[38;2;78;87;143m██[38;2;74;121;164m██[38;2;74;85;148m██[38;2;255;255;255m██[38;2;0;0;0m██      [38;2;0;4;0m██[38;2;255;255;255m██[38;2;74;85;148m██[38;2;255;255;255m██[38;2;74;85;139m██[38;2;255;255;238m██[38;2;0;0;0m██                
          ██[38;2;197;194;189m██[38;2;65;72;123m██[38;2;197;194;189m██[38;2;65;72;123m██[38;2;61;85;127m██[38;2;0;0;0m██        ██[38;2;255;255;255m██[38;2;78;87;143m████[38;2;74;85;148m██[38;2;255;255;255m██[38;2;0;0;0m██      [38;2;0;4;0m██[38;2;169;171;169m██[38;2;74;85;148m██[38;2;255;255;255m██[38;2;74;85;139m██[38;2;194;198;205m██[38;2;0;0;0m██                
          ██[38;2;189;186;197m██[38;2;94;93;102m██[38;2;189;186;197m██[38;2;94;93;102m██[38;2;0;0;0m██          [38;2;0;4;0m██[38;2;255;255;255m██[38;2;74;85;148m██[38;2;255;255;255m██[38;2;74;85;139m██[38;2;255;255;238m██[38;2;0;0;0m██        ████[38;2;255;255;255m██[38;2;0;0;0m████                  
            [38;2;0;0;8m████████            [38;2;0;4;0m██[38;2;169;171;169m██[38;2;74;85;148m██[38;2;255;255;255m██[38;2;74;85;139m██[38;2;194;198;205m██[38;2;0;0;0m██            ██                      
                                  ████[38;2;255;255;255m██[38;2;0;0;0m████                                      
                                      ██                                          
[0m