                          [38;2;0;0;0m██                                                    
                        ██[38;2;74;90;106m██[38;2;0;0;0m██    ██                              ██████        
                      ██[38;2;74;90;106m████[38;2;0;0;0m██  ██[38;2;139;139;131m██[38;2;0;0;0m██        ████          ██████[38;2;156;106;57m██[38;2;255;230;197m██[38;2;156;106;57m██[38;2;0;0;0m██      
                      ██[38;2;74;90;106m██[38;2;0;0;0m██    ██[38;2;139;139;131m██[38;2;0;0;0m██      ██[38;2;139;139;131m██[38;2;0;0;0m██    ██  ██[38;2;255;230;197m████[38;2;156;106;57m██[38;2;255;230;197m██████[38;2;0;0;0m██      
                    ██[38;2;74;90;106m████[38;2;0;0;0m██    ██[38;2;139;139;131m██[38;2;0;0;0m██    ██[38;2;139;139;131m██[38;2;0;0;0m██    ██[38;2;139;139;131m██[38;2;0;0;0m██[38;2;255;164;148m██[38;2;255;230;197m██[38;2;156;106;57m██[38;2;255;131;98m████[38;2;255;230;197m████[38;2;156;106;57m██[38;2;0;0;0m████  
                    ██[38;2;74;90;106m██[38;2;0;0;0m██    ██[38;2;139;139;131m████[38;2;0;0;0m██  ██[38;2;139;139;131m████[38;2;0;0;0m██    ██[38;2;139;139;131m██[38;2;65;65;65m██[38;2;255;131;98m████[38;2;65;65;65m████[38;2;255;131;98m████[38;2;156;106;57m██[38;2;255;230;197m████[38;2;156;106;57m██[38;2;0;0;0m██
                    ██[38;2;74;90;106m██[38;2;65;65;65m██[38;2;0;0;0m██████[38;2;139;139;131m████[38;2;65;65;65m██[38;2;0;0;0m██[38;2;139;139;131m████[38;2;0;0;0m██    ██[38;2;139;139;131m████[38;2;65;65;65m██[38;2;255;131;98m██[38;2;65;65;65m██[38;2;139;139;131m██[38;2;65;65;65m██[38;2;255;131;98m████[38;2;156;106;57m██[38;2;255;131;98m██[38;2;255;164;148m██[38;2;255;230;197m██[38;2;0;0;0m██
                  ██[38;2;74;90;106m██[38;2;65;65;65m██[38;2;197;148;65m██████[38;2;65;65;65m██[38;2;139;139;131m████[38;2;65;65;65m██[38;2;139;139;131m████[38;2;0;0;0m██      ██[38;2;139;139;131m████[38;2;65;65;65m████[38;2;139;139;131m██[38;2;65;65;65m██[38;2;255;131;98m████[38;2;156;106;57m██[38;2;255;131;98m████████[38;2;0;0;0m██
                  ██[38;2;65;65;65m██[38;2;197;148;65m████████[38;2;65;65;65m██[38;2;139;139;131m██[38;2;65;65;65m██[38;2;139;139;131m████[38;2;65;65;65m██[38;2;0;0;0m██      ██[38;2;139;139;131m██[38;2;65;65;65m████[38;2;139;139;131m████[38;2;65;65;65m██[38;2;255;131;98m████[38;2;156;106;57m██[38;2;255;131;98m██████[38;2;0;0;0m██  
                ██[38;2;197;148;65m██████████[38;2;65;65;65m██[38;2;197;148;65m██[38;2;139;139;131m██[38;2;65;65;65m██[38;2;139;139;131m██[38;2;65;65;65m██[38;2;197;148;65m████[38;2;0;0;0m██  ██[38;2;139;139;131m████[38;2;65;65;65m██[38;2;139;139;131m████[38;2;65;65;65m██[38;2;255;131;98m████[38;2;156;106;57m██[38;2;255;131;98m████████[38;2;0;0;0m██  
                ██[38;2;197;148;65m████[38;2;115;90;74m████[38;2;65;65;65m██[38;2;197;148;65m████[38;2;65;65;65m██[38;2;139;139;131m██[38;2;65;65;65m██[38;2;197;148;65m██████[38;2;0;0;0m██  ██[38;2;139;139;131m██[38;2;65;65;65m██[38;2;139;139;131m████[38;2;65;65;65m████[38;2;255;131;98m██[38;2;156;106;57m██[38;2;255;131;98m████████[38;2;0;0;0m██    
                ██[38;2;115;90;74m██[38;2;0;0;0m██[38;2;255;255;255m████[38;2;65;65;65m██[38;2;197;148;65m██████[38;2;65;65;65m██[38;2;197;148;65m██████████[38;2;0;0;0m██[38;2;65;65;65m██[38;2;139;139;131m██[38;2;65;65;65m██[38;2;139;139;131m██[38;2;65;65;65m████[38;2;238;172;106m██[38;2;115;90;74m████[38;2;255;131;98m██████[38;2;0;0;0m██      
                ██[38;2;230;189;156m██[38;2;0;0;0m██[38;2;255;255;255m██[38;2;65;65;65m██[38;2;115;90;74m██[38;2;197;148;65m████████████████[38;2;65;65;65m██[38;2;197;148;65m██[38;2;65;65;65m████[38;2;139;139;131m██[38;2;65;65;65m████[38;2;197;148;65m██[38;2;65;65;65m██[38;2;238;172;106m████[38;2;115;90;74m██[38;2;255;131;98m██[38;2;0;0;0m██        
            ████[38;2;230;189;156m████[38;2;115;90;74m██[38;2;197;148;65m██[38;2;65;65;65m██[38;2;255;255;255m██[38;2;115;90;74m██[38;2;197;148;65m██████████[38;2;115;90;74m██[38;2;65;65;65m██[38;2;197;148;65m████[38;2;65;65;65m██████[38;2;197;148;65m████████[38;2;65;65;65m██[38;2;238;172;106m████[38;2;0;0;0m██          
        ████[38;2;230;189;156m██████[38;2;115;90;74m██[38;2;0;0;0m██[38;2;197;148;65m██[38;2;65;65;65m██[38;2;255;255;255m██[38;2;115;90;74m████[38;2;197;148;65m██[38;2;0;0;0m██[38;2;115;90;74m██[38;2;255;255;255m████[38;2;65;65;65m██[38;2;197;148;65m██████[38;2;65;65;65m██[38;2;197;148;65m██████████[38;2;65;65;65m██[38;2;238;172;106m████[38;2;197;148;65m██[38;2;0;0;0m██        
    ████[38;2;230;189;156m██████[38;2;115;90;74m██[38;2;0;0;0m████  ████[38;2;65;65;65m██[38;2;115;90;74m██[38;2;255;230;197m██[38;2;115;90;74m██[38;2;0;0;0m██[38;2;255;255;255m████[38;2;65;65;65m██[38;2;197;148;65m██[38;2;115;90;74m██[38;2;197;148;65m██████████████████[38;2;65;65;65m██[38;2;197;148;65m████[38;2;0;0;0m██        
  ██[38;2;230;189;156m██████[38;2;0;0;0m██████          ██[38;2;255;230;197m██████[38;2;115;90;74m██[38;2;197;148;65m██████[38;2;65;65;65m██[38;2;255;255;255m██[38;2;0;0;0m██[38;2;197;148;65m██[38;2;115;90;74m██[38;2;197;148;65m████[38;2;115;90;74m████[38;2;197;148;65m██[38;2;65;65;65m██[38;2;197;148;65m██████[38;2;0;0;0m██        
██[38;2;230;189;156m████[38;2;0;0;0m████              ██[38;2;255;230;197m██████████[38;2;115;90;74m██[38;2;197;148;65m██[38;2;65;65;65m████[38;2;255;255;255m██[38;2;0;0;0m██[38;2;115;90;74m████[38;2;0;0;0m██[38;2;115;90;74m██[38;2;255;255;255m████[38;2;197;148;65m████[38;2;65;65;65m██[38;2;197;148;65m████[38;2;0;0;0m██        
  ████                ██[38;2;255;230;197m██████[38;2;115;90;74m██[38;2;0;0;0m████[38;2;65;65;65m██████████[38;2;255;230;197m████[38;2;115;90;74m██[38;2;0;0;0m██[38;2;255;255;255m████[38;2;197;148;65m████[38;2;65;65;65m██[38;2;197;148;65m████[38;2;0;0;0m██          
                    ██[38;2;255;230;197m██████[38;2;115;90;74m██[38;2;0;0;0m██    ██[38;2;65;65;65m████████[38;2;255;230;197m██████[38;2;115;90;74m██[38;2;197;148;65m██████[38;2;65;65;65m██[38;2;115;90;74m████[38;2;197;148;65m██[38;2;0;0;0m██          
                  ██[38;2;255;230;197m██████[38;2;0;0;0m████        ████[38;2;65;65;65m██[38;2;255;230;197m██████[38;2;115;90;74m██[38;2;230;189;156m██[38;2;65;65;65m██████[38;2;115;90;74m████[38;2;65;65;65m██[38;2;0;0;0m██            
                ██[38;2;255;230;197m████[38;2;0;0;0m████                ██[38;2;255;230;197m████[38;2;115;90;74m██[38;2;65;65;65m████████████████[38;2;0;0;0m██            
                ██[38;2;255;230;197m██[38;2;0;0;0m██                  ██[38;2;255;230;197m████[38;2;65;65;65m████████[38;2;0;0;0m████[38;2;65;65;65m██████[38;2;0;0;0m██              
                  ██                    ██[38;2;255;230;197m████[38;2;65;65;65m████[38;2;230;189;156m██[38;2;0;0;0m██    ████[38;2;65;65;65m██[38;2;0;0;0m██              
                                      ██[38;2;255;230;197m████[38;2;65;65;65m████[38;2;230;189;156m████[38;2;0;0;0m██        ██[38;2;230;189;156m██[38;2;0;0;0m██            
                                      ██[38;2;255;230;197m██[38;2;65;65;65m██[38;2;230;189;156m████[38;2;148;139;49m██[38;2;230;189;156m████[38;2;0;0;0m██  ████[38;2;230;189;156m████[38;2;0;0;0m██            
                                      ██[38;2;65;65;65m██[38;2;230;189;156m██[38;2;148;139;49m████[38;2;230;189;156m████[38;2;65;65;65m████[38;2;0;0;0m██[38;2;255;230;197m██████[38;2;0;0;0m██              
                                    ██[38;2;238;238;238m██[38;2;230;189;156m██[38;2;148;139;49m██[38;2;230;189;156m██████[38;2;65;65;65m██[38;2;230;189;156m██[38;2;148;139;49m██[38;2;255;230;197m████[38;2;148;139;49m██[38;2;255;230;197m██[38;2;0;0;0m██              
                                      ████[38;2;238;238;238m██[38;2;230;189;156m██[38;2;0;0;0m████[38;2;255;255;255m██[38;2;148;139;49m██[38;2;255;230;197m████[38;2;148;139;49m██[38;2;255;230;197m████[38;2;0;0;0m██              
                                          ████    ██[38;2;148;139;49m██[38;2;255;230;197m██[38;2;0;0;0m██[38;2;148;139;49m██[38;2;255;230;197m██[38;2;0;0;0m██                
                                                  ██[38;2;255;255;255m██[38;2;0;0;0m██  ██[38;2;255;255;255m██[38;2;0;0;0m██                
                                                    ██      ██                  
[0m