                        [38;2;0;0;0m████                                              
                    ████[38;2;115;149;90m██[38;2;0;0;0m██        ████                                  
                  ██[38;2;115;149;90m████[38;2;0;0;0m██      ████[38;2;189;60;90m██[38;2;65;64;65m██[38;2;0;0;0m██████                            
                  ██[38;2;115;149;90m██[38;2;115;151;95m██[38;2;0;0;8m██    [38;2;0;0;0m██[38;2;197;60;90m██[38;2;191;62;87m████[38;2;65;64;65m██[38;2;111;151;90m██[38;2;115;149;90m████[38;2;0;0;0m██                          
                  ██[38;2;115;149;90m██[38;2;115;151;95m██[38;2;57;75;52m██[38;2;0;0;0m████[38;2;131;40;60m██[38;2;197;60;90m██[38;2;191;62;87m██[38;2;65;64;65m██[38;2;111;151;90m████[38;2;115;149;90m██[38;2;0;0;0m██                            
          ██    ██[38;2;111;151;90m████[38;2;65;64;65m██[38;2;191;62;87m██[38;2;131;40;53m████[38;2;65;64;65m██████[38;2;111;151;90m██████[38;2;0;0;0m██                              
        ██[38;2;127;40;53m██[38;2;0;0;0m██  ██[38;2;111;151;90m██[38;2;65;64;65m██[38;2;191;62;87m████[38;2;65;64;65m████[38;2;111;151;90m████████[38;2;65;64;65m██████[38;2;0;0;0m████                          
        ██[38;2;131;41;54m████[38;2;0;0;8m██[38;2;115;151;95m██[38;2;126;87;79m██[38;2;63;82;68m██[38;2;189;93;90m██[38;2;63;82;68m██[38;2;111;151;90m████[38;2;74;68;65m████[38;2;65;64;65m████[38;2;193;60;90m██[38;2;197;93;106m██[38;2;197;85;98m████[38;2;197;93;106m██[38;2;0;0;0m██                        
        ██[38;2;131;41;54m████[38;2;57;75;52m██[38;2;115;151;95m██[38;2;63;82;68m██[38;2;189;93;90m██[38;2;63;82;68m██[38;2;126;87;79m██[38;2;111;151;90m██[38;2;65;64;65m██[38;2;194;60;87m██[38;2;74;68;65m██[38;2;191;62;87m████[38;2;197;93;106m████[38;2;197;85;98m██[38;2;0;0;0m████                          
          ██[38;2;131;40;54m██[38;2;65;60;60m████[38;2;191;62;90m████[38;2;65;64;65m██████[38;2;191;62;87m██[38;2;191;62;90m████[38;2;191;62;87m██[38;2;65;64;65m██████[38;2;0;0;0m██                              
          ██[38;2;131;40;54m██[38;2;131;56;71m██[38;2;197;52;82m██[38;2;191;62;90m████[38;2;191;62;87m████████[38;2;191;62;90m████[38;2;191;62;87m██████[38;2;65;64;65m████[38;2;0;0;0m██                            
            ██[38;2;193;60;90m████[38;2;128;51;68m██[38;2;191;49;79m██[38;2;65;64;65m████[38;2;65;68;65m██[38;2;189;64;90m██[38;2;191;62;87m████[38;2;191;64;79m██[38;2;65;64;57m██[38;2;65;64;65m██[38;2;126;71;46m██[38;2;126;72;49m████[38;2;0;0;0m██                          
            ██[38;2;197;93;106m██[38;2;193;60;90m██[38;2;128;51;68m██[38;2;65;52;57m██[38;2;126;71;46m████[38;2;106;67;74m██[38;2;65;68;65m██[38;2;65;64;65m████[38;2;65;64;57m██[38;2;128;64;68m██[38;2;126;71;46m████[38;2;0;0;0m████                            
      ████[38;2;0;16;8m██[38;2;205;109;106m██[38;2;197;72;82m██[38;2;65;68;65m██[38;2;65;68;74m██[38;2;126;74;52m██[38;2;123;40;41m██[38;2;0;16;16m██[38;2;255;56;57m██[38;2;148;125;189m██[38;2;123;72;49m████[38;2;117;66;43m████[38;2;115;72;57m██[38;2;0;0;0m██    ██████  ██                  
    ██[38;2;164;121;90m████[38;2;137;78;74m██[38;2;68;47;41m██[38;2;65;68;65m██[38;2;153;71;76m██[38;2;126;74;52m██[38;2;95;71;63m██[38;2;246;64;65m████[38;2;148;125;189m████[38;2;123;72;49m██[38;2;156;90;63m██[38;2;172;97;65m██[38;2;8;4;0m██[38;2;115;72;57m████[38;2;0;0;0m████[38;2;159;89;60m████[38;2;156;89;65m██[38;2;0;0;0m██[38;2;156;89;65m██[38;2;0;0;0m████              
      ████[38;2;159;89;60m████████[38;2;0;0;0m████[38;2;156;133;189m████[38;2;189;141;172m██[38;2;111;74;86m██[38;2;159;90;63m████[38;2;0;0;0m██  ████[38;2;159;89;60m████[38;2;0;0;0m██████[38;2;156;89;65m██[38;2;159;89;60m████[38;2;156;89;65m██[38;2;0;0;0m██            
          ████████    ████[38;2;32;8;0m██[38;2;111;74;86m██[38;2;159;90;63m████[38;2;0;0;0m██      ████      ████████              
                            ██[38;2;156;90;63m████[38;2;101;70;84m██[38;2;24;4;0m██[38;2;0;0;0m██                                  
                            ██[38;2;123;72;49m████[38;2;178;136;169m██[38;2;101;70;84m██[38;2;127;72;49m██[38;2;0;0;0m██                                
                            ██[38;2;156;133;189m████[38;2;159;133;194m██[38;2;128;109;175m██[38;2;106;68;57m████[38;2;0;0;0m██                              
        ████████    ██  ████[38;2;127;72;49m██[38;2;41;48;41m██[38;2;156;133;189m██[38;2;128;109;175m██[38;2;159;133;194m██[38;2;156;133;189m██[38;2;106;68;57m██[38;2;37;48;41m██[38;2;0;0;0m██  ██  ██                    
  ██████[38;2;126;72;49m████████[38;2;0;0;0m████[38;2;126;72;49m██[38;2;0;0;0m██[38;2;126;72;49m██[38;2;127;72;49m██[38;2;0;0;0m██[38;2;46;36;30m██[38;2;93;64;52m██[38;2;159;132;191m████[38;2;65;64;65m██[38;2;126;71;46m██████[38;2;0;0;0m██[38;2;159;89;60m██[38;2;0;0;0m██[38;2;159;89;60m██[38;2;0;0;0m██    ██████        
██[38;2;126;72;49m██████████████████████[38;2;0;0;0m████  [38;2;0;8;8m██[38;2;139;93;74m██[38;2;65;64;65m████[38;2;126;71;46m████[38;2;65;64;65m██[38;2;126;71;46m██[38;2;159;89;60m████████[38;2;164;121;90m██[38;2;0;0;0m████[38;2;164;121;90m██████[38;2;0;0;0m██      
  ██████[38;2;127;72;49m██[38;2;115;72;57m████[38;2;111;72;61m████[38;2;0;0;0m██████    ██[38;2;159;89;60m████[38;2;164;97;65m██[38;2;109;64;43m██[38;2;87;66;57m████[38;2;123;109;172m██[38;2;41;39;57m██[38;2;0;0;0m████[38;2;164;105;76m████[38;2;159;89;63m██[38;2;164;121;90m██[38;2;159;89;63m██[38;2;164;121;90m██[38;2;126;72;46m████[38;2;115;78;60m██[38;2;0;0;0m████  
        ████[38;2;115;72;57m██[38;2;0;0;0m████            ████████[38;2;87;66;57m██[38;2;131;109;172m██[38;2;123;109;172m██[38;2;0;4;0m██    [38;2;0;0;0m████[38;2;164;121;90m██[38;2;159;89;63m██[38;2;164;121;90m████████[38;2;172;117;90m████[38;2;164;121;90m██[38;2;0;0;0m██
            ██                        ██[38;2;131;109;172m██[38;2;0;0;0m██          [38;2;0;8;8m██[38;2;164;97;65m██[38;2;161;105;74m████[38;2;164;121;90m████[38;2;0;0;0m██████  
                                    ██[38;2;131;109;172m██[38;2;0;0;0m██      ██████[38;2;109;67;46m██[38;2;54;37;27m██[38;2;41;48;41m████[38;2;54;43;35m██[38;2;0;4;8m██        
                                  [38;2;0;0;0m██[38;2;127;72;49m██[38;2;79;60;82m██[38;2;150;117;164m██[38;2;0;0;0m██████[38;2;126;72;49m██████[38;2;126;71;46m████[38;2;127;72;49m██[38;2;0;0;0m████          
                                    ██[38;2;8;4;0m████[38;2;126;72;49m████████████[38;2;65;64;65m████[38;2;0;0;0m██              
                                          ██████[38;2;127;72;49m██[38;2;126;72;49m████████[38;2;127;72;49m██[38;2;0;0;0m██            
                                                ██[38;2;126;72;49m████[38;2;0;0;0m██████              
                                                  ████                    
[0m