        [38;2;0;0;0m██  ██                                      
      ██[38;2;78;89;107m██[38;2;0;0;0m██[38;2;247;138;165m██[38;2;0;0;0m██    ████      ██                    
    ██[38;2;66;65;66m██[38;2;79;90;104m██[38;2;49;65;74m██[38;2;112;121;107m██[38;2;120;162;148m██[38;2;0;0;0m██[38;2;8;0;0m██[38;2;173;235;214m██[38;2;206;186;189m██[38;2;0;0;0m██[38;2;0;4;0m████[38;2;99;115;127m██[38;2;0;0;0m██                  
  ██[38;2;66;65;66m██[38;2;79;90;104m████[38;2;49;65;74m██[38;2;239;235;173m██[38;2;120;162;148m████[38;2;118;156;142m██[38;2;63;78;71m██[38;2;68;62;63m██[38;2;206;186;189m██[38;2;247;142;165m██[38;2;82;50;55m██[38;2;99;115;127m██[38;2;0;0;0m██    ████          
██[38;2;79;90;104m██[38;2;66;65;66m██[38;2;79;90;104m██[38;2;66;65;66m██[38;2;66;77;90m██[38;2;239;235;173m██[38;2;121;162;145m████[38;2;255;235;173m██[38;2;74;121;123m██[38;2;120;162;148m████[38;2;66;65;66m████[38;2;99;115;127m██[38;2;66;65;66m██[38;2;0;0;0m████[38;2;247;138;165m████[38;2;0;0;0m██        
██[38;2;79;90;104m████[38;2;66;65;66m██[38;2;79;90;104m██[38;2;66;77;90m██[38;2;152;156;131m██[38;2;121;162;145m████[38;2;255;235;173m██[38;2;74;121;123m██[38;2;120;162;148m██[38;2;66;65;66m██[38;2;98;116;132m██[38;2;82;90;99m██[38;2;99;115;127m██[38;2;66;65;66m██[38;2;247;138;165m████[38;2;98;113;126m██[38;2;247;138;165m██[38;2;99;115;127m██[38;2;0;0;0m██      
  ██[38;2;78;89;107m██[38;2;111;81;90m████[38;2;57;65;82m██[38;2;144;156;86m██[38;2;120;162;148m████[38;2;85;117;126m██[38;2;66;65;66m████[38;2;99;115;127m██[38;2;101;116;126m██[38;2;79;90;104m██[38;2;99;113;132m██[38;2;66;65;66m██[38;2;98;113;126m██[38;2;247;138;165m██[38;2;99;115;127m██████[38;2;0;0;0m██      
    ██[38;2;0;12;8m██[38;2;222;150;173m██[38;2;231;247;90m██[38;2;57;65;82m██[38;2;66;65;66m██████[38;2;85;117;126m██[38;2;99;115;127m████[38;2;101;116;126m████[38;2;82;89;99m██[38;2;99;113;132m██[38;2;98;113;126m████[38;2;99;115;127m██[38;2;0;0;0m████        
        ██[38;2;239;243;66m██[38;2;0;0;0m██[38;2;79;90;104m██[38;2;101;116;126m██[38;2;101;113;126m████[38;2;79;81;32m██[38;2;239;243;66m██[38;2;255;219;99m██[38;2;197;174;104m██[38;2;101;117;126m████[38;2;0;0;0m██████            
          ██[38;2;239;243;66m██[38;2;79;90;104m██[38;2;101;116;126m██[38;2;101;113;126m██[38;2;239;243;66m██[38;2;0;0;16m██[38;2;239;243;66m██[38;2;82;85;115m████[38;2;54;60;63m██[38;2;8;4;0m██                  
            [38;2;0;0;0m██[38;2;99;115;127m████[38;2;79;90;104m████[38;2;77;92;99m██[38;2;99;158;165m██[38;2;135;154;131m██[38;2;57;65;74m██[38;2;93;156;164m██[38;2;0;0;0m██                  
              ████[38;2;93;156;167m████[38;2;99;158;165m██[38;2;66;60;66m██[38;2;57;65;74m██[38;2;214;243;189m██[38;2;93;156;164m████[38;2;0;0;0m██      ████      
                  ████[38;2;79;63;63m██[38;2;239;190;173m██[38;2;231;243;173m████[38;2;96;156;167m██[38;2;140;190;181m██[38;2;0;0;0m██    ██[38;2;74;65;66m██[38;2;140;227;255m██[38;2;0;0;0m██    
                      [38;2;0;0;8m██[38;2;239;190;173m██[38;2;247;137;161m██[38;2;231;243;173m██[38;2;140;190;181m██████[38;2;0;0;0m██  ██[38;2;140;227;255m██[38;2;96;119;129m██[38;2;99;115;127m██[38;2;0;0;0m██  
                  ████[38;2;247;137;161m██[38;2;231;243;173m██[38;2;247;174;165m████[38;2;74;121;123m██[38;2;140;190;181m████[38;2;66;65;66m██[38;2;8;16;0m██[38;2;165;255;247m██[38;2;140;227;255m██[38;2;0;0;0m██[38;2;78;113;127m██[38;2;148;227;255m██[38;2;0;0;0m██
                ██[38;2;99;166;173m██[38;2;66;110;115m██[38;2;231;243;173m████[38;2;247;174;165m██[38;2;66;65;66m██[38;2;140;190;181m██[38;2;74;121;123m██[38;2;140;190;181m██[38;2;66;65;66m██[38;2;112;175;164m████[38;2;0;0;0m██  [38;2;8;0;0m████  
                [38;2;0;0;0m██[38;2;99;158;165m██[38;2;0;0;0m██[38;2;231;243;173m████[38;2;66;65;66m██[38;2;140;190;181m██[38;2;57;65;66m██[38;2;93;127;123m██[38;2;140;190;181m██[38;2;96;156;167m██[38;2;107;174;165m████[38;2;0;0;0m██        
                  ██  ██[38;2;231;243;173m██[38;2;66;65;66m██[38;2;140;190;181m██[38;2;57;65;66m██[38;2;129;189;181m██[38;2;96;156;167m████[38;2;107;174;165m██[38;2;0;0;0m██          
                      [38;2;16;8;8m██[38;2;99;166;173m██[38;2;123;195;198m██[38;2;57;69;74m██[38;2;93;157;164m████[38;2;95;157;167m████[38;2;99;158;165m██[38;2;0;0;0m██          
                    ██[38;2;71;113;118m██[38;2;43;60;63m██[38;2;101;153;156m████[38;2;93;157;164m██[38;2;66;65;66m██[38;2;95;157;167m████[38;2;0;0;0m██            
                    ██[38;2;74;121;123m████[38;2;0;0;0m████[38;2;53;77;82m██[38;2;99;154;165m██[38;2;66;65;66m██[38;2;0;0;0m██              
                    ██[38;2;74;121;123m██[38;2;0;0;0m██    [38;2;8;0;0m██[38;2;99;154;165m██[38;2;0;0;0m██                
                      ██      ██[38;2;99;158;165m██[38;2;0;0;0m██                
                                ██                  
[0m