          [38;2;0;4;0m██                                    
        ██[38;2;74;113;189m██[38;2;0;4;0m██                                  
        ██[38;2;74;113;189m██[38;2;0;4;0m██                                  
      ██[38;2;74;113;189m████[38;2;0;4;0m██                                  
      ██[38;2;74;113;189m████[38;2;0;4;0m██                                  
        ██[38;2;74;113;189m████[38;2;0;4;0m██                                
        ██[38;2;66;64;66m██[38;2;74;109;189m██[38;2;66;65;66m██[38;2;0;4;0m████████                        
          ██[38;2;66;65;66m██[38;2;71;94;148m██[38;2;107;178;222m████████[38;2;0;4;0m████                    
        [38;2;0;8;8m██[38;2;132;121;189m██[38;2;71;92;148m██[38;2;74;109;189m██[38;2;66;65;66m██[38;2;107;178;222m██[38;2;156;207;255m██[38;2;111;180;226m██[38;2;112;181;225m██[38;2;74;121;165m██[38;2;0;4;0m██                  
      ██[38;2;132;121;189m██[38;2;88;83;128m██[38;2;74;109;189m██[38;2;66;60;66m██[38;2;107;178;222m████[38;2;111;180;226m████[38;2;112;181;225m████[38;2;74;121;165m██[38;2;0;4;0m██                
    ██[38;2;140;121;189m██[38;2;123;124;197m██[38;2;74;89;148m██[38;2;71;113;192m██[38;2;66;65;66m██[38;2;107;178;222m████[38;2;151;198;90m████[38;2;107;178;222m██████[38;2;0;4;0m██                
    ██[38;2;140;121;189m██[38;2;74;89;148m██[38;2;98;106;172m██[38;2;71;113;192m██[38;2;66;65;66m██[38;2;107;178;222m██[38;2;151;197;90m██[38;2;151;198;90m████[38;2;112;151;90m██[38;2;107;178;222m████[38;2;0;4;0m██      ██████    
  ██[38;2;137;121;189m████[38;2;71;90;148m██[38;2;74;105;189m██[38;2;57;65;74m██[38;2;82;121;152m██[38;2;82;138;140m████[38;2;127;133;123m██[38;2;0;12;0m██[38;2;255;255;255m██[38;2;129;165;217m██[38;2;0;4;0m██      ██[38;2;71;122;154m██[38;2;110;180;225m████[38;2;0;4;0m██  
  ██[38;2;137;121;189m████[38;2;71;90;148m██[38;2;66;60;66m██[38;2;107;178;231m████[38;2;137;177;178m██[38;2;247;255;255m██[38;2;255;255;247m████[38;2;255;255;255m██[38;2;66;121;198m██[38;2;0;4;0m██    ██[38;2;107;182;231m████[38;2;110;180;225m████[38;2;107;178;222m██[38;2;0;4;0m██
  ██[38;2;132;121;198m██[38;2;88;82;132m██[38;2;0;4;0m██[38;2;74;121;165m██[38;2;112;181;225m██[38;2;74;121;165m██[38;2;110;180;225m████[38;2;255;255;255m████[38;2;74;113;189m██[38;2;0;4;0m██    ██[38;2;71;122;154m██[38;2;99;166;239m██[38;2;66;60;66m████[38;2;99;166;239m██[38;2;74;121;165m██[38;2;0;4;0m██
    ████  ██[38;2;74;121;165m██[38;2;112;181;225m██[38;2;110;180;225m████[38;2;74;121;165m████[38;2;0;4;0m██      ██[38;2;107;182;231m██[38;2;66;60;66m██[38;2;88;130;181m████[38;2;66;60;66m██[38;2;74;121;165m██[38;2;0;4;0m██
        [38;2;8;4;0m██[38;2;43;63;82m██[38;2;53;64;78m████[38;2;99;97;99m████[38;2;94;97;94m██[38;2;74;121;165m██[38;2;43;63;77m██[38;2;8;4;0m██[38;2;0;4;0m██  [38;2;16;4;0m██[38;2;115;182;222m██[38;2;66;65;66m██[38;2;71;119;176m██[38;2;74;117;181m██[38;2;66;65;66m██[38;2;74;121;165m██[38;2;0;4;0m██
    ████[38;2;79;122;164m████[38;2;90;125;156m██[38;2;16;4;0m██[38;2;0;4;0m██[38;2;66;66;66m██[38;2;74;121;165m████[38;2;79;122;154m██[38;2;115;182;231m██[38;2;107;178;222m██[38;2;0;4;0m██[38;2;49;63;74m████[38;2;71;119;176m████[38;2;66;65;66m██[38;2;74;117;181m██[38;2;0;4;0m██  
  ██[38;2;90;121;82m██[38;2;73;123;168m██[38;2;0;4;0m██████    ██[38;2;74;89;140m██[38;2;74;110;172m██[38;2;79;122;164m██[38;2;43;63;82m██[38;2;0;4;0m██[38;2;107;178;222m██[38;2;107;178;231m██[38;2;82;121;152m██[38;2;66;65;66m████[38;2;74;121;165m████[38;2;0;4;0m██  
  ██[38;2;90;121;82m████[38;2;0;4;0m██      ██[38;2;74;85;148m██[38;2;74;121;189m██[38;2;74;89;140m██[38;2;79;122;164m██[38;2;8;4;0m██  [38;2;0;4;0m██[38;2;57;65;74m██[38;2;107;178;231m██[38;2;66;65;66m██[38;2;74;121;165m████[38;2;0;4;0m██    
██[38;2;115;150;90m██[38;2;115;154;99m██[38;2;76;104;68m██[38;2;115;150;90m██[38;2;0;4;0m██    [38;2;0;0;0m██[38;2;142;154;170m██[38;2;255;255;255m██[38;2;74;113;189m██[38;2;73;86;145m██[38;2;107;178;222m██[38;2;0;4;0m██  [38;2;16;4;0m██[38;2;53;64;78m██[38;2;148;199;90m██[38;2;66;65;66m██[38;2;74;95;57m██[38;2;0;0;16m██    
[38;2;0;4;0m██[38;2;115;150;90m██[38;2;76;104;68m██[38;2;0;4;8m██[38;2;0;4;0m██    ██[38;2;71;77;85m██[38;2;214;231;255m██[38;2;255;255;255m████[38;2;73;86;145m██[38;2;107;178;222m██[38;2;0;4;0m████[38;2;90;125;156m██[38;2;53;64;78m██[38;2;148;199;90m████[38;2;74;95;57m██[38;2;148;190;99m██[38;2;0;4;0m██  
  ████    ████[38;2;74;121;165m██[38;2;82;90;95m██[38;2;247;255;255m██[38;2;255;255;255m████[38;2;247;255;255m██[38;2;66;125;173m██[38;2;107;178;222m██[38;2;66;65;66m██[38;2;79;122;164m████[38;2;0;4;0m██[38;2;148;199;90m██[38;2;156;199;99m██[38;2;52;69;38m██[38;2;0;4;0m██  
        ██[38;2;74;121;165m██████[38;2;82;90;95m██[38;2;0;8;16m██[38;2;255;255;255m████[38;2;66;125;173m██[38;2;126;168;200m██[38;2;107;178;222m████[38;2;43;63;82m██[38;2;8;4;0m██  [38;2;0;4;0m██[38;2;0;4;8m████    
          [38;2;0;4;0m██[38;2;66;73;66m██[38;2;82;100;74m██[38;2;0;4;0m██  ██████[38;2;74;121;165m██[38;2;107;178;222m████[38;2;0;4;0m██              
        ██[38;2;115;150;90m██[38;2;82;100;74m██[38;2;115;154;90m██[38;2;0;4;0m██        ██[38;2;66;65;66m████[38;2;74;121;165m██[38;2;0;4;0m██            
          ██████            ██[38;2;148;199;90m██[38;2;78;101;53m██[38;2;156;199;99m██[38;2;0;4;0m██          
                              ██[38;2;0;4;8m████            
[0m