                  [38;2;0;0;0m████████                                  
              ████[38;2;107;75;74m████[38;2;0;0;0m██          ██████████                
            ██[38;2;140;105;107m██[38;2;107;75;74m██[38;2;0;0;0m████        ████[38;2;140;105;107m██[38;2;107;75;74m████[38;2;0;0;0m██                  
          ██[38;2;107;74;74m████[38;2;0;0;0m██        ████[38;2;140;105;107m██[38;2;107;73;73m████[38;2;66;65;66m████[38;2;172;172;172m██[38;2;8;8;8m██[38;2;0;0;0m██              
          ██[38;2;140;108;107m██[38;2;107;74;74m██[38;2;0;0;0m██      ██[38;2;107;75;74m██[38;2;140;105;107m██[38;2;70;52;53m██[38;2;107;73;73m██[38;2;66;48;49m██[38;2;192;191;192m██[38;2;255;255;255m████████[38;2;0;0;0m██            
        ██[38;2;137;105;104m██[38;2;148;109;107m██[38;2;8;4;8m██  [38;2;0;0;0m██[38;2;8;0;0m████[38;2;104;75;76m██[38;2;140;105;107m██[38;2;107;73;73m████[38;2;66;56;57m████[38;2;255;255;255m██████████[38;2;140;105;107m██[38;2;0;0;0m████        
        ██[38;2;68;52;52m██[38;2;101;74;74m██[38;2;54;39;41m██[38;2;0;0;0m██[38;2;82;99;107m██[38;2;132;134;140m██[38;2;49;44;46m██[38;2;68;45;46m██[38;2;104;75;76m██[38;2;107;73;73m██[38;2;66;48;49m██[38;2;90;95;98m██[38;2;115;134;140m██[38;2;66;65;66m██[38;2;255;255;255m██████[38;2;216;205;205m██[38;2;255;255;255m██[38;2;255;251;247m██[38;2;85;83;82m██[38;2;0;0;0m██      
        ██[38;2;137;105;104m██[38;2;107;73;73m████[38;2;66;48;49m██[38;2;120;134;142m██[38;2;66;48;49m██[38;2;107;73;73m████[38;2;66;48;49m██[38;2;93;75;79m██[38;2;74;48;49m██[38;2;123;132;140m████[38;2;93;100;104m██[38;2;63;66;68m██[38;2;255;255;255m██████████[38;2;82;65;66m██[38;2;82;66;66m██[38;2;0;0;0m██    
        ██[38;2;68;52;52m██[38;2;66;48;49m██[38;2;107;73;73m██[38;2;66;48;49m██[38;2;93;91;95m██[38;2;66;48;49m██[38;2;107;73;73m██████[38;2;74;48;49m██[38;2;132;130;140m██[38;2;123;132;140m████[38;2;123;134;140m████[38;2;66;65;66m██[38;2;255;255;255m████[38;2;82;65;66m██████[38;2;82;66;66m██[38;2;0;0;0m██    
        ██[38;2;107;73;74m██[38;2;107;73;73m████[38;2;66;48;49m████[38;2;107;73;73m██[38;2;66;48;49m██[38;2;107;73;73m████[38;2;66;56;57m██[38;2;123;131;139m██[38;2;123;132;140m████████[38;2;66;65;66m██[38;2;255;255;255m████[38;2;82;65;66m██[38;2;82;66;66m████[38;2;82;65;66m████[38;2;0;0;0m██  
        ██[38;2;71;48;49m██[38;2;107;73;73m██[38;2;66;48;49m██[38;2;255;255;255m██[38;2;66;48;49m██[38;2;107;73;73m████[38;2;66;48;49m████[38;2;123;131;139m██[38;2;66;56;57m██[38;2;123;132;140m██████[38;2;82;98;107m██[38;2;129;128;129m██[38;2;66;65;66m██[38;2;255;255;255m████[38;2;82;66;66m████[38;2;255;255;255m██[38;2;197;191;192m██[38;2;0;0;0m██  
      ██[38;2;82;99;107m██[38;2;66;48;49m████[38;2;255;255;255m██[38;2;66;48;49m████[38;2;107;73;73m██████[38;2;66;48;49m██[38;2;63;66;68m██[38;2;123;134;140m██[38;2;123;132;140m████████████[38;2;66;65;66m██[38;2;255;255;255m██[38;2;82;65;66m████[38;2;255;255;255m██████[38;2;0;0;0m██
      ██[38;2;82;99;107m██[38;2;66;48;49m██[38;2;255;255;255m██████[38;2;66;48;49m████[38;2;107;73;73m████[38;2;66;48;49m██[38;2;93;100;104m██[38;2;123;134;140m██[38;2;123;132;140m████████████[38;2;66;65;66m██[38;2;255;255;255m████████████[38;2;0;0;0m██
    ██[38;2;82;99;107m██[38;2;120;113;117m██[38;2;57;44;49m██[38;2;255;255;255m████[38;2;66;48;49m████[38;2;123;131;140m██[38;2;66;48;49m████[38;2;66;65;65m██[38;2;123;132;140m████████████████[38;2;66;65;66m██[38;2;255;255;255m██████████[38;2;214;199;198m██[38;2;0;0;0m██
    ██[38;2;82;99;107m██[38;2;57;44;49m██[38;2;247;251;255m██[38;2;255;255;255m████[38;2;66;48;49m██[38;2;123;131;140m██[38;2;66;48;49m████████[38;2;66;65;66m██[38;2;123;132;140m████████████[38;2;82;98;107m██[38;2;66;65;66m██[38;2;255;255;255m████████[38;2;214;199;198m██[38;2;0;0;0m██  
    [38;2;8;0;0m██[38;2;84;100;104m██[38;2;66;48;49m██[38;2;255;255;255m████[38;2;66;48;49m██████[38;2;66;60;57m██[38;2;255;255;255m██[38;2;239;207;132m██[38;2;66;56;57m██[38;2;66;65;66m██[38;2;123;132;140m██████████[38;2;87;100;104m██[38;2;60;66;68m██[38;2;255;255;255m████[38;2;214;198;197m██[38;2;255;255;255m██[38;2;214;198;197m██[38;2;255;255;255m██[38;2;214;199;198m██[38;2;0;0;0m██
  ██[38;2;84;100;104m██[38;2;46;50;52m██[38;2;255;255;255m██████[38;2;66;48;49m████[38;2;239;207;132m██[38;2;66;60;57m████[38;2;239;207;132m██[38;2;66;56;57m██[38;2;123;132;140m██████[38;2;82;98;107m██[38;2;123;132;140m██[38;2;82;98;107m██[38;2;115;134;140m██[38;2;87;100;104m██[38;2;74;69;66m██[38;2;194;193;192m██[38;2;255;255;255m██[38;2;214;198;197m██[38;2;255;255;255m██[38;2;214;198;197m██[38;2;214;199;198m██[38;2;0;0;0m██
██[38;2;107;75;74m██[38;2;66;48;49m████[38;2;255;255;255m████████[38;2;66;49;49m████[38;2;239;207;132m████[38;2;66;65;66m██[38;2;123;132;140m██████[38;2;82;98;107m██[38;2;123;132;140m██[38;2;82;98;107m██[38;2;123;132;140m██[38;2;82;99;107m████[38;2;66;65;66m██[38;2;214;199;198m██[38;2;214;198;198m████[38;2;214;199;198m██[38;2;66;48;49m████[38;2;0;0;0m██
  ██[38;2;107;73;73m██[38;2;66;48;49m██[38;2;211;194;197m██[38;2;123;73;82m██[38;2;255;255;255m████[38;2;66;49;49m████[38;2;66;48;49m████[38;2;123;132;140m████[38;2;82;98;107m████████[38;2;123;132;140m██[38;2;82;98;107m██[38;2;82;99;107m████[38;2;66;65;66m██[38;2;214;199;198m██[38;2;214;198;198m████[38;2;66;48;49m████[38;2;0;0;0m██  
    ██[38;2;107;75;74m██[38;2;57;65;66m██[38;2;206;195;198m██[38;2;214;199;198m████[38;2;206;195;198m██[38;2;57;65;66m██[38;2;66;48;49m██[38;2;123;113;115m██[38;2;66;48;49m████[38;2;82;97;107m██[38;2;71;64;68m██[38;2;82;99;107m████████[38;2;82;100;106m██[38;2;65;66;65m██[38;2;214;198;198m████[38;2;66;49;49m████[38;2;66;48;49m████[38;2;0;0;0m██  
      ██[38;2;106;108;110m██[38;2;57;65;66m██[38;2;66;65;66m████[38;2;57;65;66m██[38;2;106;108;110m██[38;2;104;91;93m██[38;2;66;48;49m██[38;2;107;73;73m████[38;2;66;48;49m██[38;2;82;97;107m██[38;2;82;99;107m████████[38;2;82;100;106m██[38;2;65;66;65m██[38;2;214;198;198m████[38;2;66;49;49m████[38;2;66;48;49m██[38;2;0;0;0m██    
        ██[38;2;82;99;107m██████████████[38;2;74;48;49m██[38;2;85;73;76m██[38;2;66;48;49m██[38;2;82;99;107m██████[38;2;106;108;110m██[38;2;57;65;66m██[38;2;66;65;66m██[38;2;214;199;198m██[38;2;214;198;198m████[38;2;214;195;198m██[38;2;71;65;66m██[38;2;0;0;0m██      
          ██[38;2;82;99;107m██[38;2;66;65;66m██[38;2;82;99;107m██████[38;2;66;65;66m██[38;2;96;99;104m██[38;2;74;48;49m██[38;2;82;99;107m████████[38;2;57;65;66m██[38;2;206;195;198m██[38;2;214;199;198m████[38;2;214;198;198m████[38;2;71;65;66m██[38;2;0;0;0m██        
        ██[38;2;82;99;107m██[38;2;66;65;66m██[38;2;82;99;107m██[38;2;54;64;71m██[38;2;82;97;107m██[38;2;65;66;65m██[38;2;82;100;106m██[38;2;65;66;65m██[38;2;82;100;106m██[38;2;82;97;107m████[38;2;106;108;110m██[38;2;57;65;66m██[38;2;214;198;198m████[38;2;115;101;99m██[38;2;222;199;198m████[38;2;79;69;66m██[38;2;71;48;49m██[38;2;0;0;0m██        
          ██[38;2;82;99;107m████[38;2;0;0;0m██[38;2;82;97;107m██[38;2;65;66;65m██[38;2;82;100;106m████[38;2;65;66;65m██[38;2;54;64;71m██[38;2;0;0;0m██[38;2;57;65;66m██[38;2;206;195;198m██[38;2;214;198;198m████[38;2;222;199;198m██[38;2;8;4;0m████[38;2;79;69;66m██[38;2;107;73;74m██[38;2;0;0;0m██        
          ██[38;2;82;99;107m██[38;2;0;0;0m██  ██[38;2;82;97;107m██[38;2;54;64;71m██[38;2;0;0;0m██[38;2;82;99;107m██[38;2;0;0;0m██  ██[38;2;66;58;57m██[38;2;66;60;60m████[38;2;0;0;0m██    ████          
            ██    ██[38;2;82;97;107m██[38;2;0;0;0m██  ██    ██[38;2;66;58;57m██[38;2;66;60;60m██[38;2;0;0;0m██                    
                    ██        ██[38;2;66;56;57m████[38;2;68;52;52m██[38;2;0;0;0m██                    
                              ██[38;2;140;107;106m██[38;2;66;56;57m██[38;2;137;105;104m██[38;2;0;0;0m██                    
                                ██████                      
[0m