                                    [38;2;0;0;0m████                              
                                    ██[38;2;247;247;247m██[38;2;0;0;0m██                            
                                    ██[38;2;247;247;247m██[38;2;0;0;0m██                            
                                    ██[38;2;231;239;239m██[38;2;0;0;0m██                            
                      ████          ██[38;2;231;239;239m██[38;2;189;190;198m██[38;2;0;0;0m██                          
                      ██[38;2;165;150;148m██[38;2;0;0;0m██    ████[38;2;198;190;198m██[38;2;156;148;154m██[38;2;165;150;148m██[38;2;0;0;0m██                          
                      ██[38;2;165;150;148m██[38;2;0;0;0m██    ██[38;2;231;239;239m██[38;2;74;65;66m██[38;2;156;148;154m██[38;2;165;150;148m██[38;2;0;0;0m██                          
                      ██[38;2;165;150;148m████[38;2;0;0;0m████[38;2;66;65;66m██[38;2;231;239;239m██[38;2;66;65;66m████[38;2;156;146;148m██[38;2;0;0;0m██                          
                      ██[38;2;165;150;148m██[38;2;65;66;65m██[38;2;231;239;239m████[38;2;66;65;66m██[38;2;231;239;239m██[38;2;66;65;66m██[38;2;189;190;198m██[38;2;78;73;74m████[38;2;0;0;0m██                        
                    ██[38;2;115;118;126m██[38;2;66;65;66m██[38;2;239;243;247m██[38;2;230;239;238m████[38;2;66;65;66m██[38;2;231;239;239m██[38;2;189;190;198m██[38;2;66;65;66m██[38;2;165;150;148m██[38;2;65;66;65m██[38;2;189;190;198m██[38;2;0;0;0m██                      
                    ██[38;2;57;59;63m██[38;2;239;243;247m████[38;2;230;239;238m██[38;2;255;255;255m██[38;2;66;65;66m██[38;2;231;239;239m██[38;2;189;190;198m██[38;2;66;65;66m██[38;2;165;150;148m██[38;2;65;66;65m██[38;2;189;190;198m██[38;2;0;0;0m██                      
                    ██[38;2;66;66;66m██[38;2;255;255;255m██████[38;2;192;191;192m██[38;2;66;65;66m██[38;2;231;239;239m██[38;2;189;192;195m████[38;2;66;65;66m██[38;2;198;190;198m██[38;2;165;150;148m██[38;2;0;0;0m██                      
                    ██[38;2;66;66;66m██[38;2;255;255;255m██[38;2;189;191;194m██[38;2;192;191;192m██[38;2;66;65;66m████[38;2;231;239;239m██[38;2;189;192;195m████[38;2;66;65;66m██[38;2;154;148;154m██[38;2;165;150;148m██[38;2;0;0;0m██                      
                    ██[38;2;115;115;123m██[38;2;66;65;66m██[38;2;189;190;198m████[38;2;66;65;66m██[38;2;66;69;66m██[38;2;239;243;247m██[38;2;189;192;195m████[38;2;115;113;123m██[38;2;153;152;159m██[38;2;165;150;148m██[38;2;0;0;0m██                      
                    ██[38;2;115;115;123m██[38;2;66;65;66m██[38;2;189;190;198m████[38;2;66;65;66m██[38;2;66;69;66m██[38;2;181;185;186m██[38;2;189;192;195m████[38;2;192;191;195m██[38;2;115;113;123m██[38;2;165;150;148m██[38;2;0;0;0m██                      
                  ██[38;2;115;116;123m██[38;2;65;66;65m██[38;2;247;251;247m██[38;2;66;65;66m████[38;2;247;251;247m██[38;2;66;65;66m██[38;2;189;190;198m██[38;2;189;192;195m████[38;2;192;191;195m██[38;2;115;113;123m██[38;2;162;150;150m████[38;2;0;0;0m██                    
                  ██[38;2;115;116;123m██[38;2;65;66;65m██[38;2;247;251;247m████████[38;2;66;65;66m██[38;2;189;190;198m██[38;2;189;192;195m████[38;2;192;191;195m██[38;2;115;113;123m██[38;2;162;150;150m████[38;2;0;0;0m██                    
                  ██[38;2;115;116;123m██[38;2;65;66;65m██[38;2;87;232;249m██[38;2;231;243;239m██████[38;2;66;65;66m██[38;2;189;190;198m██[38;2;189;192;195m████[38;2;115;115;123m██[38;2;165;150;148m██[38;2;115;115;123m██[38;2;165;150;148m██[38;2;0;0;0m██                    
                  ██[38;2;115;116;123m██[38;2;65;66;65m██[38;2;231;243;239m██[38;2;16;227;255m██[38;2;87;232;249m██[38;2;16;227;255m██[38;2;66;65;66m██[38;2;189;190;198m██[38;2;189;192;195m████[38;2;115;115;123m██[38;2;165;150;148m████[38;2;115;115;123m██[38;2;0;0;0m██                    
                  ██[38;2;49;69;74m██[38;2;126;193;194m██[38;2;231;243;239m████████[38;2;66;65;66m██[38;2;189;190;198m██[38;2;189;192;195m████[38;2;192;191;195m██[38;2;115;113;123m██[38;2;192;191;195m██[38;2;115;113;123m██[38;2;0;0;0m██                    
                  ██[38;2;49;69;74m██[38;2;165;255;255m██[38;2;87;232;249m██[38;2;16;227;255m██[38;2;87;232;249m██[38;2;16;227;255m██[38;2;66;65;66m██[38;2;189;190;198m██[38;2;189;192;195m████[38;2;192;191;195m██[38;2;115;113;123m██[38;2;192;191;195m██[38;2;115;113;123m██[38;2;165;150;148m██[38;2;0;0;0m██                  
                  ██[38;2;49;69;74m██[38;2;126;193;194m██[38;2;231;243;239m████████[38;2;66;65;66m██[38;2;189;190;198m██[38;2;189;192;195m████████[38;2;115;115;123m██[38;2;165;150;148m████[38;2;0;0;0m██                  
                  ██[38;2;49;69;74m██[38;2;165;255;255m██[38;2;87;232;249m██[38;2;16;227;255m██[38;2;87;232;249m██[38;2;16;227;255m██[38;2;189;190;198m██[38;2;66;65;66m██[38;2;189;192;195m████████[38;2;115;115;123m██[38;2;165;150;148m████[38;2;0;0;0m██                  
                ██[38;2;66;66;66m██[38;2;87;232;249m██[38;2;231;243;239m██████████[38;2;156;243;247m██[38;2;66;65;66m██[38;2;189;192;195m████[38;2;192;191;195m██[38;2;115;113;123m██[38;2;159;151;153m██[38;2;120;112;117m██[38;2;165;158;156m██[38;2;0;0;0m██                  
                ██[38;2;66;66;66m██[38;2;231;243;239m██[38;2;16;227;255m██[38;2;87;232;249m██[38;2;16;227;255m██[38;2;87;232;249m██[38;2;16;227;255m██[38;2;156;243;247m██[38;2;66;65;66m██[38;2;189;192;195m████[38;2;192;191;195m██[38;2;115;113;123m██[38;2;159;151;153m██[38;2;198;190;189m██[38;2;110;105;104m██[38;2;0;0;0m██                  
                ██[38;2;66;66;66m██[38;2;87;232;249m██[38;2;231;243;239m██████████[38;2;156;243;247m██[38;2;66;65;66m██[38;2;189;192;195m████[38;2;192;191;195m██[38;2;115;113;123m██[38;2;192;191;195m████[38;2;115;115;123m██[38;2;165;150;148m██[38;2;0;0;0m██                
    ████████    ██[38;2;66;66;66m██[38;2;231;243;239m██[38;2;16;227;255m██[38;2;87;232;249m██[38;2;16;227;255m██[38;2;87;232;249m██[38;2;16;227;255m██[38;2;156;243;247m██[38;2;66;65;66m██[38;2;189;192;195m████[38;2;192;191;195m████[38;2;115;113;123m██[38;2;192;191;195m██[38;2;115;115;123m██[38;2;165;150;148m██[38;2;0;0;0m██                
  ██[38;2;63;65;66m██[38;2;189;195;198m██[38;2;189;190;198m████[38;2;0;0;0m████[38;2;66;65;66m██[38;2;107;203;222m██[38;2;231;239;239m██████████████[38;2;66;65;66m██[38;2;189;192;195m████[38;2;189;193;195m████[38;2;192;197;200m██[38;2;115;113;123m██[38;2;165;150;148m████[38;2;0;0;0m██                
    ██[38;2;63;65;66m██[38;2;66;65;66m██[38;2;189;190;198m██████[38;2;66;65;66m██[38;2;107;203;222m██[38;2;82;247;255m██[38;2;231;239;239m████████████[38;2;66;65;66m██[38;2;189;192;195m████[38;2;164;151;151m██[38;2;189;193;195m██[38;2;231;239;239m████[38;2;65;66;65m██[38;2;165;150;148m████[38;2;0;0;0m██        ██    
  ██[38;2;65;66;65m████[38;2;189;193;195m██[38;2;164;151;151m██[38;2;165;150;148m████[38;2;66;69;66m██[38;2;247;247;247m██[38;2;231;239;239m██[38;2;24;215;255m██[38;2;87;232;249m██[38;2;16;227;255m██[38;2;95;233;255m██[38;2;16;223;255m██[38;2;164;194;194m██[38;2;49;73;74m██[38;2;198;190;198m████[38;2;154;148;154m██[38;2;66;65;66m██[38;2;231;239;239m██[38;2;121;119;123m██[38;2;231;235;239m██[38;2;66;60;66m██[38;2;165;150;148m██[38;2;65;66;65m██[38;2;0;0;0m██      ██    
██[38;2;66;67;66m██[38;2;65;66;65m██[38;2;165;150;148m██[38;2;164;151;151m████[38;2;165;150;148m██[38;2;65;66;65m██[38;2;186;187;186m██[38;2;247;247;247m██[38;2;231;239;239m████[38;2;231;243;239m████[38;2;255;255;255m████[38;2;222;255;255m██[38;2;164;194;194m██[38;2;66;65;66m██[38;2;154;148;154m██[38;2;198;190;198m████[38;2;66;60;66m██[38;2;231;239;239m██[38;2;121;118;123m████[38;2;65;66;65m████[38;2;16;121;165m██[38;2;0;0;0m██  ██[38;2;189;190;198m██[38;2;0;0;0m██  
  ██[38;2;78;73;74m████[38;2;162;150;150m████[38;2;165;150;148m██[38;2;65;66;65m██[38;2;189;192;195m████[38;2;255;255;255m████████[38;2;192;191;195m████████[38;2;66;65;66m██[38;2;154;148;154m██[38;2;189;190;198m████[38;2;57;60;66m██[38;2;117;122;126m██[38;2;255;255;255m██[38;2;230;239;238m██[38;2;66;65;66m██[38;2;154;148;154m██[38;2;49;73;82m██[38;2;79;101;109m██[38;2;0;0;0m██[38;2;63;65;66m██[38;2;206;203;206m██[38;2;0;4;0m██  
    [38;2;0;0;0m██[38;2;156;146;148m██[38;2;162;150;150m████[38;2;165;150;148m██[38;2;65;66;65m██[38;2;189;192;195m████[38;2;161;149;151m████[38;2;189;191;194m████[38;2;192;191;195m██[38;2;115;113;123m██████[38;2;66;65;66m██[38;2;198;190;198m██[38;2;189;190;198m██[38;2;66;65;66m██[38;2;239;247;247m████[38;2;255;255;255m██[38;2;230;239;238m██[38;2;198;190;198m██[38;2;66;65;66m██[38;2;140;158;165m██[38;2;49;73;82m██[38;2;63;65;66m██[38;2;189;195;198m██[38;2;137;136;137m██[38;2;0;4;0m██  
      [38;2;0;0;0m████[38;2;165;150;148m██[38;2;66;65;66m██[38;2;189;190;198m██[38;2;189;195;198m██[38;2;112;111;115m██[38;2;82;65;66m██[38;2;98;154;160m██[38;2;115;113;123m██[38;2;192;191;195m██[38;2;189;192;195m████[38;2;104;182;200m██[38;2;33;166;198m██[38;2;123;124;126m██[38;2;181;183;186m██[38;2;66;65;66m██[38;2;231;239;239m██[38;2;255;255;255m██████[38;2;74;73;74m██[38;2;189;190;198m████[38;2;65;66;65m██[38;2;165;150;148m██[38;2;162;150;150m████████[38;2;0;0;0m██
          ██[38;2;66;65;66m██[38;2;189;190;198m██[38;2;112;111;115m██[38;2;74;69;74m██[38;2;115;243;255m██[38;2;82;65;66m██[38;2;153;152;159m██[38;2;115;113;123m██[38;2;189;192;195m████[38;2;175;198;203m██[38;2;247;215;206m██[38;2;239;243;247m██[38;2;66;65;66m██[38;2;121;123;123m██[38;2;66;65;66m██[38;2;255;255;255m████[38;2;74;73;74m████[38;2;66;65;66m██[38;2;189;190;198m██[38;2;65;66;65m██[38;2;165;150;148m██[38;2;162;150;150m████████[38;2;0;0;0m██
        ██[38;2;189;190;198m██[38;2;65;66;65m██[38;2;115;116;123m██[38;2;66;65;66m██[38;2;66;243;255m██[38;2;33;182;231m██[38;2;74;247;255m██[38;2;82;65;66m██[38;2;98;154;160m██[38;2;115;113;123m██[38;2;192;191;195m██████[38;2;189;190;198m██[38;2;66;65;66m██[38;2;65;66;65m██[38;2;115;116;123m██[38;2;65;66;65m████[38;2;82;80;82m████[38;2;66;65;66m██[38;2;189;190;198m██[38;2;65;66;65m██[38;2;165;150;148m██[38;2;162;150;150m████[38;2;161;148;150m████[38;2;0;0;0m██
        ██[38;2;189;190;198m██[38;2;65;66;65m██[38;2;115;116;123m██[38;2;66;65;66m██[38;2;66;183;192m██[38;2;74;247;255m██[38;2;46;203;239m██[38;2;115;243;255m██[38;2;82;65;66m██[38;2;153;152;159m██[38;2;115;113;123m████[38;2;192;191;195m██[38;2;189;190;198m██[38;2;66;65;66m██[38;2;65;66;65m████[38;2;115;116;123m██[38;2;65;66;65m██[38;2;65;64;65m████[38;2;66;65;66m████[38;2;165;150;148m████[38;2;162;150;150m████[38;2;161;148;150m██[38;2;115;113;123m██[38;2;0;0;0m██
        [38;2;0;4;0m██[38;2;206;203;206m██[38;2;65;66;65m████[38;2;82;247;255m██[38;2;49;172;222m██[38;2;24;215;255m██[38;2;82;247;255m██[38;2;24;215;255m██[38;2;82;247;255m██[38;2;82;65;66m██[38;2;98;154;160m██[38;2;161;148;150m██[38;2;115;113;123m██[38;2;189;191;195m██[38;2;231;239;239m██[38;2;65;64;65m██[38;2;82;81;82m██[38;2;65;64;65m██[38;2;82;80;82m██[38;2;65;64;65m████[38;2;66;65;66m████[38;2;164;153;156m████[38;2;165;150;148m██[38;2;115;115;123m██████[38;2;0;0;0m██
        [38;2;0;4;0m██[38;2;137;136;137m██[38;2;115;116;123m██[38;2;65;66;65m██[38;2;49;172;222m██[38;2;82;247;255m████[38;2;24;215;255m██████[38;2;115;243;255m██[38;2;82;65;66m██[38;2;161;148;150m████[38;2;231;239;239m████[38;2;65;64;65m██████[38;2;82;80;82m██████[38;2;66;65;66m██[38;2;189;190;198m██[38;2;66;69;74m██[38;2;115;111;115m██[38;2;115;115;123m████[38;2;0;0;0m████  
        ██[38;2;156;150;148m██[38;2;115;115;123m██[38;2;165;150;148m██[38;2;82;65;66m██[38;2;115;243;255m██[38;2;49;182;210m██[38;2;82;243;255m██[38;2;16;121;165m██[38;2;49;174;222m██[38;2;16;121;165m████[38;2;49;73;82m██[38;2;140;158;165m██[38;2;231;239;239m████[38;2;230;239;238m██[38;2;255;255;255m██[38;2;66;65;66m████████[38;2;189;192;195m████[38;2;63;62;63m██[38;2;118;120;126m██[38;2;0;0;0m████      
      ██[38;2;78;75;74m██[38;2;156;150;148m██[38;2;115;115;123m██[38;2;165;150;148m██[38;2;98;154;160m██[38;2;82;65;66m██[38;2;16;121;165m████[38;2;49;174;222m██[38;2;16;121;165m████[38;2;49;174;222m██[38;2;79;101;109m██[38;2;49;73;82m██[38;2;115;114;123m██[38;2;231;239;239m██[38;2;230;239;238m██[38;2;255;255;255m██[38;2;231;239;239m████████[38;2;189;192;195m████[38;2;63;62;63m██[38;2;8;4;0m██          
    [38;2;0;0;0m██[38;2;165;150;148m██[38;2;165;158;156m██[38;2;110;105;104m██[38;2;162;150;150m████[38;2;165;150;148m████[38;2;66;67;66m██[38;2;0;0;0m██[38;2;27;118;154m██[38;2;41;178;231m██[38;2;16;124;164m████[38;2;49;174;222m██[38;2;0;0;0m██[38;2;107;111;115m██[38;2;214;219;222m██[38;2;230;239;238m██[38;2;255;255;255m██[38;2;231;239;239m████[38;2;231;235;239m██[38;2;192;194;200m██████[38;2;0;0;0m██            
      ██████[38;2;162;150;150m████[38;2;165;150;148m██[38;2;0;0;0m████  ██████████  [38;2;0;4;8m██[38;2;214;219;222m██[38;2;230;239;238m████[38;2;189;191;195m██[38;2;231;239;239m██[38;2;115;113;123m██[38;2;192;194;200m██[38;2;115;113;123m██[38;2;231;235;239m██[38;2;0;0;0m██            
            ██████                  ██[38;2;189;190;198m██[38;2;231;239;239m████[38;2;189;191;195m██[38;2;231;239;239m██[38;2;112;111;115m██[38;2;189;195;198m██[38;2;115;119;119m██[38;2;231;239;239m██[38;2;189;190;198m██[38;2;0;0;0m██          
                                      ██[38;2;189;191;195m██████[38;2;231;239;239m██[38;2;112;111;115m██[38;2;74;69;74m██[38;2;0;0;0m████[38;2;189;190;198m████[38;2;0;0;0m██        
                                        ██████[38;2;189;190;198m████[38;2;0;0;0m██    ████          
                                              ██[38;2;189;190;198m████[38;2;0;0;0m██                
                                                ██████                
[0m