              [38;2;0;0;0m██████                
          ████[38;2;197;132;181m██████[38;2;0;0;0m████            
        ██[38;2;197;132;181m██████████████[38;2;0;0;0m██          
      ██[38;2;115;74;107m██[38;2;156;99;132m██[38;2;197;132;181m██████[38;2;156;99;132m████[38;2;197;132;181m████[38;2;0;0;0m██        
    ██[38;2;197;132;181m████[38;2;115;74;107m██████[38;2;156;99;132m██[38;2;197;173;49m██[38;2;247;247;41m██[38;2;156;99;132m██[38;2;197;132;181m██[38;2;0;0;0m██        
    ██[38;2;65;65;65m██[38;2;197;132;181m██████[38;2;156;99;132m██[38;2;247;247;41m██[38;2;165;140;49m██[38;2;247;247;41m██[38;2;115;74;107m██[38;2;156;99;132m████[38;2;0;0;0m██      
  ██  ██[38;2;65;65;65m██████[38;2;197;132;181m████[38;2;115;74;107m████[38;2;156;99;132m██████[38;2;0;0;0m██      
██[38;2;247;247;41m██[38;2;0;0;0m██  ██[38;2;197;99;82m████[38;2;65;65;65m████[38;2;156;99;132m██████████[38;2;0;0;0m██      
██[38;2;197;173;49m██[38;2;0;0;0m██    ██[38;2;197;99;82m██████[38;2;115;74;107m██[38;2;156;99;132m██████[38;2;0;0;0m██        
██[38;2;247;247;41m████[38;2;0;0;0m██    ████[38;2;65;65;65m██[38;2;197;173;49m██[38;2;156;99;132m██████[38;2;0;0;0m██        
  ██[38;2;197;173;49m████[38;2;0;0;0m██    ██[38;2;247;247;41m██[38;2;197;173;49m██████[38;2;0;0;0m██          
  ██[38;2;247;247;41m████[38;2;156;99;132m██[38;2;0;0;0m████[38;2;197;132;181m████[38;2;247;247;41m██[38;2;197;173;49m██[38;2;65;65;65m████[38;2;0;0;0m██        
    ██[38;2;156;99;132m██[38;2;65;65;65m██[38;2;115;74;107m██[38;2;197;132;181m████████[38;2;65;65;65m██[38;2;156;99;132m██████[38;2;0;0;0m████    
      ██[38;2;65;65;65m██[38;2;197;132;181m████████[38;2;65;65;65m██[38;2;156;99;132m████[38;2;115;74;107m██[38;2;156;99;132m████[38;2;65;65;65m██[38;2;0;0;0m██  
    ██[38;2;156;99;132m██[38;2;65;65;65m██[38;2;197;132;181m████████[38;2;115;74;107m██████[38;2;156;99;132m██████[38;2;65;65;65m██[38;2;156;99;132m██[38;2;0;0;0m██
    ██[38;2;156;99;132m████[38;2;65;65;65m██[38;2;197;132;181m████████[38;2;156;99;132m██[38;2;197;132;181m██[38;2;156;99;132m████[38;2;65;65;65m██[38;2;156;99;132m████[38;2;0;0;0m██
    ██[38;2;115;74;107m██[38;2;156;99;132m████[38;2;65;65;65m████[38;2;197;132;181m████[38;2;156;99;132m██[38;2;197;132;181m██[38;2;65;65;65m████[38;2;156;99;132m████[38;2;115;74;107m██[38;2;0;0;0m██
      ██[38;2;156;99;132m██[38;2;115;74;107m██[38;2;156;99;132m██[38;2;197;132;181m██[38;2;65;65;65m████████[38;2;197;132;181m██[38;2;156;99;132m██[38;2;115;74;107m██[38;2;156;99;132m██[38;2;0;0;0m██  
        ██[38;2;115;74;107m██[38;2;197;132;181m████████████████[38;2;115;74;107m██[38;2;0;0;0m██    
          ████[38;2;156;99;132m██[38;2;197;132;181m████████[38;2;156;99;132m██[38;2;0;0;0m████      
              ████████████          
[0m