                  [38;2;0;0;0m████████████████                  
              ████[38;2;255;251;231m██[38;2;255;255;255m██████████████[38;2;0;0;0m████              
          ████[38;2;255;255;255m██[38;2;255;251;231m████[38;2;255;239;181m██[38;2;255;255;255m████████████████[38;2;0;0;0m████          
        ██[38;2;255;255;255m██████[38;2;165;105;57m████[38;2;255;255;255m██████████████████████[38;2;0;0;0m██        
      ██[38;2;255;255;255m████████████████████████████████████[38;2;0;0;0m██      
    ██[38;2;255;255;255m████████████████████████████████████████[38;2;0;0;0m██    
    ██[38;2;255;255;255m██████████████████████[38;2;173;113;57m██[38;2;227;207;189m██[38;2;255;255;255m██████████████[38;2;0;0;0m██    
  ██[38;2;255;255;255m██[38;2;227;207;189m██[38;2;173;113;57m██[38;2;255;255;255m██████████████████[38;2;227;207;189m██[38;2;173;113;57m██[38;2;255;255;255m████████[38;2;165;109;57m██[38;2;255;255;255m██████[38;2;0;0;0m██  
  ██[38;2;255;255;255m██[38;2;173;113;57m██[38;2;227;207;189m██[38;2;255;255;255m██[38;2;66;65;66m██[38;2;255;255;255m██████████████████████████[38;2;165;109;57m██[38;2;225;206;189m██[38;2;255;255;255m████[38;2;0;0;0m██  
██[38;2;255;255;255m██████[38;2;255;255;231m██[38;2;66;69;49m██[38;2;181;174;82m██[38;2;65;66;65m██[38;2;255;255;255m████████████[38;2;65;66;65m████[38;2;255;255;255m██████████[38;2;255;239;181m██[38;2;255;255;255m██████[38;2;0;0;0m██
██[38;2;255;255;255m██████[38;2;66;69;49m██[38;2;160;162;140m██[38;2;181;174;82m██[38;2;65;66;65m██[38;2;255;255;255m██████████[38;2;66;65;66m██[38;2;181;174;82m████[38;2;66;65;66m██[38;2;255;255;255m████████████████[38;2;0;0;0m██
██[38;2;247;251;247m██[38;2;255;255;255m████[38;2;66;65;66m██[38;2;181;173;82m██████[38;2;66;65;66m██[38;2;255;255;255m██[38;2;255;255;231m██[38;2;66;69;49m██[38;2;66;65;66m██[38;2;181;173;82m██████[38;2;66;65;66m██[38;2;255;255;255m████████████████[38;2;0;0;0m██
██[38;2;82;83;82m██[38;2;255;255;255m██[38;2;66;65;66m██[38;2;181;173;82m████████[38;2;66;65;66m██[38;2;255;255;255m██[38;2;66;69;49m██[38;2;160;162;140m██[38;2;181;173;82m████████[38;2;66;65;66m██[38;2;255;255;255m██████[38;2;255;239;181m██[38;2;255;255;255m████████[38;2;0;0;0m██
██[38;2;181;174;82m██[38;2;65;66;65m████[38;2;181;173;82m██████████[38;2;66;65;66m██[38;2;181;173;82m████████████[38;2;66;65;66m██[38;2;255;255;255m██████[38;2;225;206;189m██[38;2;165;109;57m██[38;2;255;255;255m██[38;2;255;239;181m████[38;2;0;0;0m██
██[38;2;181;174;82m██████[38;2;181;173;82m██[38;2;66;65;66m████[38;2;181;173;82m██████████████████[38;2;66;65;66m██[38;2;255;255;255m████████[38;2;165;109;57m██[38;2;255;255;255m██[38;2;255;239;181m████[38;2;0;0;0m██
  ██[38;2;181;173;82m████[38;2;66;65;66m██[38;2;123;140;66m██[38;2;239;239;173m██[38;2;66;65;66m██[38;2;181;173;82m████[38;2;160;158;106m██[38;2;74;69;57m██[38;2;66;69;66m██[38;2;181;179;76m██[38;2;181;173;82m██████[38;2;66;65;66m██[38;2;65;64;62m████[38;2;255;239;181m████████[38;2;0;0;0m██  
  ██[38;2;66;65;66m██[38;2;181;173;82m██[38;2;66;65;66m██[38;2;123;140;66m██[38;2;239;239;173m██[38;2;66;65;66m██[38;2;181;173;82m████[38;2;74;69;57m██[38;2;247;247;156m██[38;2;123;124;71m██[38;2;66;69;66m██[38;2;181;173;82m████████[38;2;181;170;74m██[38;2;123;117;68m██[38;2;66;65;66m██[38;2;255;239;181m██████[38;2;0;0;0m██  
  ██[38;2;123;116;49m██[38;2;65;66;65m██[38;2;227;210;183m██[38;2;173;121;57m██[38;2;165;105;57m██[38;2;239;239;173m██[38;2;66;65;66m████[38;2;239;239;173m████[38;2;123;142;66m██[38;2;239;239;173m██[38;2;65;64;62m██[38;2;181;170;74m██[38;2;181;172;82m██[38;2;123;114;49m██[38;2;129;123;87m██[38;2;66;65;49m██[38;2;255;239;181m██████[38;2;0;0;0m██    
  ██[38;2;123;116;49m██[38;2;65;66;65m██[38;2;200;165;120m██[38;2;255;255;247m██[38;2;165;105;57m██[38;2;239;239;173m██████[38;2;165;105;57m████[38;2;239;239;173m████[38;2;65;64;62m██[38;2;123;117;68m██[38;2;123;114;49m████[38;2;66;65;49m██[38;2;255;239;165m██[38;2;255;239;181m██████[38;2;0;0;0m██    
    ██[38;2;255;215;66m██[38;2;66;69;74m██[38;2;192;174;84m██[38;2;200;189;126m██[38;2;247;239;165m██[38;2;239;239;173m████[38;2;255;255;239m██[38;2;165;109;41m██[38;2;144;121;82m██[38;2;214;186;115m██[38;2;66;65;66m████[38;2;123;116;49m██[38;2;65;66;65m██[38;2;255;239;181m████████[38;2;0;0;0m██      
      ██[38;2;255;227;90m██[38;2;66;69;74m██[38;2;200;189;126m██[38;2;107;89;49m██[38;2;195;189;131m██[38;2;107;89;49m██[38;2;210;182;140m████[38;2;214;186;115m██[38;2;74;56;49m██[38;2;255;215;66m████[38;2;65;66;65m██[38;2;123;116;49m██[38;2;66;65;66m██[38;2;255;239;181m████[38;2;0;0;0m██        
      ██[38;2;255;215;66m████[38;2;66;69;74m██[38;2;192;174;84m██[38;2;112;102;76m██[38;2;206;186;115m██[38;2;192;174;84m██[38;2;66;69;74m██[38;2;66;60;57m██[38;2;255;211;57m██[38;2;255;215;66m██[38;2;66;65;66m██[38;2;115;109;66m██[38;2;76;72;44m██[38;2;255;239;181m██[38;2;0;0;0m████          
        ██[38;2;255;215;66m██[38;2;255;227;90m██[38;2;66;69;74m██[38;2;66;60;57m████[38;2;66;69;74m██[38;2;255;227;90m██[38;2;255;211;57m██[38;2;160;135;57m██[38;2;66;65;66m██[38;2;129;115;66m██[38;2;0;0;0m██████              
      ██[38;2;255;215;66m████[38;2;164;123;41m██[38;2;255;215;66m██████[38;2;164;123;41m██[38;2;255;215;66m██[38;2;255;214;66m████[38;2;255;215;66m██[38;2;0;0;0m██                    
      ██[38;2;255;215;66m██[38;2;66;65;66m██[38;2;255;215;66m████[38;2;66;65;66m██[38;2;255;215;66m████[38;2;164;123;41m██[38;2;255;214;66m████[38;2;255;215;66m████[38;2;0;0;0m██                  
        ██[38;2;123;142;66m██[38;2;66;65;66m████[38;2;123;140;66m██[38;2;66;65;66m██[38;2;66;73;66m██[38;2;255;219;66m████[38;2;66;73;66m██[38;2;63;69;43m██[38;2;0;0;8m██                    
        [38;2;0;0;0m██[38;2;123;142;66m██[38;2;123;140;66m██[38;2;66;65;66m██[38;2;123;140;66m████[38;2;129;121;66m██[38;2;66;73;66m████[38;2;129;121;66m██[38;2;126;138;79m██[38;2;0;0;8m██                    
          [38;2;0;0;0m██[38;2;123;142;66m██[38;2;0;0;0m██[38;2;123;142;66m████[38;2;82;89;41m██[38;2;0;0;0m████[38;2;123;142;66m██████[38;2;0;0;0m██                  
            ██  ██[38;2;123;142;66m██[38;2;0;0;0m██    ██████                    
                  ████                              
[0m