                    [38;2;0;0;0m████                                              
    ████          ██[38;2;246;218;106m████[38;2;0;0;0m██                  ████                      
  [38;2;8;0;0m██[38;2;255;149;123m██[38;2;238;85;49m██[38;2;0;24;24m██      [38;2;0;0;0m██[38;2;246;218;106m██[38;2;255;242;180m██[38;2;246;218;106m████[38;2;0;0;0m██              ██[38;2;246;226;131m██[38;2;246;218;106m██[38;2;0;0;0m██          ████      
  [38;2;8;0;0m██[38;2;172;99;82m██[38;2;238;85;49m██[38;2;79;44;32m██[38;2;0;0;0m██    ██[38;2;246;218;106m████████[38;2;0;0;0m██            ██[38;2;246;226;131m████[38;2;246;218;106m████[38;2;0;0;0m██      ██[38;2;255;161;148m██[38;2;238;80;49m██[38;2;0;0;0m██    
    ██[38;2;82;79;68m██████[38;2;0;0;0m██    ██[38;2;246;218;106m██[38;2;246;214;90m██[38;2;74;68;65m██[38;2;0;0;0m██            ██[38;2;246;218;106m████████[38;2;0;0;0m██      ██[38;2;238;80;49m████[38;2;82;80;65m██[38;2;0;0;0m██  
      ██[38;2;82;79;68m██████[38;2;0;0;0m██    ██[38;2;74;68;65m██[38;2;189;165;82m██[38;2;0;0;0m██  ████████    ██[38;2;246;218;106m████[38;2;0;0;0m██          ██[38;2;82;80;65m████[38;2;0;0;0m██  
        ██[38;2;82;79;68m██████[38;2;0;0;0m██    [38;2;0;0;8m██[38;2;169;148;74m██[38;2;246;226;131m██[38;2;0;0;0m██[38;2;255;242;180m████[38;2;246;218;106m████[38;2;0;0;8m████[38;2;191;160;79m████[38;2;0;0;0m██              ██[38;2;82;79;68m████[38;2;0;0;0m██
          ██[38;2;82;79;68m████[38;2;0;0;0m██  ██[38;2;84;74;41m██[38;2;255;222;106m██[38;2;246;226;131m████[38;2;255;242;180m██████[38;2;246;218;106m██[38;2;246;214;115m██[38;2;82;71;43m██[38;2;255;210;90m██[38;2;65;60;57m██[38;2;0;0;0m██              ██[38;2;82;79;68m████[38;2;0;0;0m██
            ██[38;2;82;78;68m████[38;2;0;0;0m██[38;2;246;218;106m██████████[38;2;255;242;172m████[38;2;246;218;106m██████████[38;2;65;64;65m██[38;2;246;218;106m██[38;2;0;0;0m██            ██[38;2;82;79;68m██[38;2;82;78;69m██[38;2;0;0;0m██
            ██[38;2;82;78;68m██[38;2;65;64;65m██[38;2;246;218;106m██████████[38;2;82;78;68m██[38;2;90;76;49m██[38;2;172;159;111m██[38;2;246;218;106m██████████████[38;2;0;0;0m██          ██[38;2;82;79;68m████[38;2;0;0;0m██  
              ██[38;2;82;79;68m██[38;2;82;78;68m██[38;2;246;218;106m██████[38;2;79;79;71m████[38;2;82;78;68m████[38;2;246;218;106m████████████████[38;2;0;0;0m██      ██[38;2;82;79;68m██████[38;2;0;0;0m██  
              ██[38;2;82;79;68m██[38;2;82;78;68m████[38;2;246;218;106m████[38;2;189;157;65m██[38;2;79;79;71m██[38;2;82;78;68m██[38;2;246;218;106m████████████████[38;2;82;78;68m██[38;2;82;78;69m██[38;2;0;0;0m██████[38;2;82;79;68m██████[38;2;0;0;0m██    
            ██[38;2;246;218;106m██[38;2;82;78;68m██[38;2;82;80;65m██[38;2;255;255;255m██[38;2;8;0;8m██[38;2;90;63;38m██[38;2;246;218;106m████████[38;2;246;230;156m████[38;2;246;218;106m██████[38;2;82;78;68m██[38;2;82;79;68m████[38;2;74;72;65m████[38;2;82;78;68m████[38;2;82;79;68m████[38;2;0;0;0m██      
          ██[38;2;246;218;106m██████[38;2;82;80;65m████[38;2;172;126;68m██[38;2;255;190;98m██[38;2;246;218;106m████[38;2;74;72;65m████[38;2;246;230;156m██[38;2;0;0;0m██[38;2;82;78;68m████████[38;2;82;79;68m████[38;2;74;72;65m██[38;2;246;218;106m██[38;2;65;64;65m████[38;2;0;0;0m████        
        ██[38;2;246;218;106m████████████[38;2;104;102;90m██[38;2;246;218;106m██[38;2;104;102;90m██[38;2;246;218;106m████[38;2;82;78;68m██[38;2;238;80;49m████[38;2;82;79;68m████[38;2;82;78;68m██████[38;2;246;218;106m████████[38;2;0;0;0m██            
        ██[38;2;65;64;65m██[38;2;246;218;106m██[38;2;191;156;63m██[38;2;246;218;106m██████████████[38;2;82;78;68m████[38;2;82;80;65m████[38;2;82;79;68m████[38;2;82;78;68m██[38;2;246;218;106m██████████████[38;2;0;0;0m██          
      [38;2;8;4;0m██[38;2;255;222;106m██[38;2;246;218;106m██[38;2;65;64;65m████[38;2;246;218;106m██[38;2;246;214;98m██[38;2;186;163;84m██[38;2;238;242;255m██[38;2;209;196;160m██[38;2;230;202;115m████████[38;2;227;201;115m████[38;2;246;218;106m████████████[38;2;186;163;84m██[38;2;246;214;98m██[38;2;246;218;106m██[38;2;65;64;65m██[38;2;0;0;0m██          
  ████[38;2;255;222;106m██[38;2;172;149;71m██[38;2;246;218;106m██████[38;2;65;64;65m██[38;2;246;214;98m██[38;2;65;60;57m██[38;2;180;149;65m████[38;2;230;238;255m██[38;2;230;214;161m██[38;2;230;238;255m██[38;2;230;214;161m██[38;2;255;255;246m██[38;2;213;174;49m██[38;2;246;218;106m████████[38;2;191;156;63m██[38;2;246;218;106m██[38;2;246;214;98m██[38;2;65;60;57m██[38;2;65;64;65m██[38;2;246;218;106m████[38;2;0;0;0m██        
██[38;2;189;157;65m██[38;2;63;55;32m██[38;2;65;64;65m██[38;2;191;156;65m██[38;2;246;218;106m████████[38;2;65;64;65m██[38;2;82;78;68m██[38;2;65;64;65m████[38;2;191;156;65m████████[38;2;186;164;87m██[38;2;65;64;65m██[38;2;246;218;106m██████[38;2;65;64;65m████[38;2;246;218;106m██[38;2;65;64;65m██[38;2;246;218;106m██████████[38;2;0;0;0m██      
  [38;2;0;4;16m██[38;2;189;157;65m██[38;2;65;64;65m██████[38;2;246;218;106m████[38;2;0;0;0m██[38;2;82;78;68m████[38;2;246;218;106m████[38;2;65;64;65m██████████[38;2;246;214;98m██[38;2;65;64;65m██[38;2;246;218;106m██[38;2;65;64;65m██[38;2;246;218;106m████[38;2;65;64;65m██[38;2;246;218;106m██████[38;2;191;156;63m██[38;2;246;218;106m██[38;2;0;0;0m██        
    ██[38;2;191;156;60m████[38;2;65;64;65m██[38;2;191;156;65m██[38;2;0;0;0m██  ██[38;2;82;79;68m██[38;2;82;78;68m██[38;2;246;218;106m██[38;2;82;79;68m████[38;2;246;218;106m██████[38;2;82;78;68m████[38;2;65;64;65m██[38;2;74;68;65m██[38;2;246;218;106m████████[38;2;191;156;63m██[38;2;246;214;98m██[38;2;65;64;65m██[38;2;0;0;0m██    ████  
  ██[38;2;82;78;69m██[38;2;82;80;65m██[38;2;191;156;60m██[38;2;191;156;65m██[38;2;65;64;65m██[38;2;0;0;0m██  ██[38;2;82;79;68m██[38;2;246;218;106m████[38;2;82;79;68m████[38;2;246;218;106m████[38;2;82;78;68m████████[38;2;74;68;65m████[38;2;246;218;106m████████[38;2;65;64;65m██[38;2;186;164;87m██[38;2;189;157;65m██[38;2;0;0;0m████[38;2;246;218;106m████[38;2;0;0;0m██
██[38;2;191;156;60m██[38;2;82;80;65m██[38;2;82;79;68m████[38;2;76;74;68m████[38;2;0;0;0m██    ██[38;2;74;68;65m██[38;2;246;214;90m██[38;2;82;79;68m████[38;2;246;218;106m██[38;2;82;78;68m██████[38;2;82;79;68m████[38;2;82;78;68m██[38;2;65;64;65m██[38;2;246;214;98m██[38;2;65;64;65m██[38;2;246;218;106m██[38;2;0;0;0m██[38;2;84;74;41m██[38;2;169;148;74m██[38;2;191;156;63m██[38;2;246;218;106m██████[38;2;0;0;0m██  
██[38;2;191;156;60m████[38;2;82;79;68m████[38;2;76;74;68m██[38;2;0;0;0m██        [38;2;74;68;65m██[38;2;189;165;82m██[38;2;82;79;68m████[38;2;82;78;68m██[38;2;246;218;106m████[38;2;82;78;68m██[38;2;82;79;68m████[38;2;82;78;68m████[38;2;65;64;65m██[38;2;186;164;87m██[38;2;0;0;0m██  [38;2;0;0;8m██[38;2;255;222;106m██[38;2;246;218;106m██████[38;2;93;97;95m██[38;2;0;0;0m██  
██[38;2;94;78;49m██[38;2;189;157;82m██[38;2;191;156;60m████[38;2;189;157;65m██[38;2;0;0;0m██    [38;2;0;0;8m████[38;2;194;156;65m██[38;2;74;72;65m██[38;2;191;156;65m██[38;2;65;64;65m██[38;2;65;59;41m██[38;2;197;161;74m██[38;2;65;64;65m████[38;2;191;156;65m██[38;2;65;64;65m██[38;2;65;60;57m██[38;2;186;163;84m██[38;2;172;152;71m████[38;2;0;0;0m██  ██[38;2;94;97;94m██[38;2;95;97;95m████████[38;2;119;107;65m██[38;2;0;0;8m██
  [38;2;0;0;16m██[38;2;94;78;49m██[38;2;82;80;65m████[38;2;0;0;0m██    ██[38;2;189;157;74m██[38;2;94;78;41m██[38;2;74;72;65m██[38;2;194;156;65m██[38;2;65;64;65m████[38;2;0;8;24m██[38;2;65;59;41m██[38;2;191;156;65m████████[38;2;246;214;98m████[38;2;255;226;106m██[38;2;8;4;0m██      [38;2;0;0;0m██[38;2;95;97;95m████████[38;2;238;214;123m██[38;2;0;0;8m██
    [38;2;0;0;0m██████    ██[38;2;76;76;76m██[38;2;191;156;60m████████[38;2;189;157;65m██[38;2;0;0;0m██  ████████[38;2;246;218;106m████[38;2;82;78;68m██████[38;2;0;0;0m██    ██[38;2;246;218;115m████[38;2;246;218;106m████[38;2;98;115;127m██[38;2;0;0;0m██
            ██[38;2;230;230;230m██[38;2;76;76;76m██[38;2;82;80;65m██████[38;2;191;156;60m██[38;2;0;0;0m██            ██[38;2;82;78;68m██[38;2;246;218;106m██████[38;2;82;78;69m██[38;2;0;0;0m██  ██[38;2;126;121;98m██[38;2;65;72;90m██[38;2;98;116;128m████[38;2;0;0;0m██  
              ████[38;2;230;230;230m██[38;2;76;76;76m██[38;2;230;230;230m██[38;2;76;76;76m██[38;2;0;0;0m██          [38;2;0;4;8m██[38;2;197;161;74m██[38;2;74;72;65m████████[38;2;90;76;49m██[38;2;145;136;112m██[38;2;0;0;0m██  ██[38;2;98;115;127m██[38;2;0;0;0m████    
                  ████████            [38;2;0;4;8m██[38;2;65;56;30m██[38;2;255;255;255m██[38;2;74;72;65m██[38;2;255;255;255m██[38;2;74;72;65m██[38;2;255;255;238m██[38;2;90;76;49m██[38;2;0;0;0m██    ██        
                                        ██████████████                
[0m