                            [38;2;0;0;0m██                                    
                          ██[38;2;255;250;180m██[38;2;0;0;0m██                                  
                          ██[38;2;255;238;65m██[38;2;0;0;0m██                                  
          ████          ██[38;2;65;64;65m██[38;2;255;238;65m██[38;2;0;0;0m██                                  
        ██[38;2;255;238;82m██[38;2;189;161;82m██[38;2;0;0;0m██      ██[38;2;95;84;126m██[38;2;255;238;65m██[38;2;189;161;82m██[38;2;0;4;16m██              [38;2;0;0;0m████                
        ██[38;2;169;159;54m██[38;2;189;161;82m██[38;2;0;0;0m██    ██[38;2;255;250;180m██[38;2;95;84;126m██[38;2;255;238;65m██[38;2;189;161;82m██[38;2;63;56;38m██[38;2;0;0;0m██          ██[38;2;255;250;180m██[38;2;255;238;65m██[38;2;0;0;0m██              
          ████[38;2;189;161;82m██[38;2;0;0;0m██  [38;2;65;64;65m██[38;2;255;238;65m██[38;2;98;85;123m██[38;2;255;238;57m██[38;2;178;161;87m██[38;2;101;84;117m██[38;2;255;238;65m██[38;2;0;0;0m████      ██[38;2;255;238;82m██[38;2;255;238;65m██[38;2;0;0;0m██              
              ██[38;2;189;161;82m██[38;2;0;0;0m██[38;2;65;64;65m██[38;2;255;238;65m██[38;2;176;161;90m██[38;2;98;85;123m██[38;2;178;161;87m██[38;2;255;238;57m██[38;2;255;238;65m██████[38;2;0;0;0m██  ██[38;2;169;159;54m██[38;2;0;0;0m████                
              ██[38;2;189;161;82m████[38;2;65;60;74m██[38;2;191;171;74m██[38;2;178;161;87m██[38;2;101;84;117m██[38;2;255;238;65m██[38;2;254;249;180m████[38;2;255;238;65m██████[38;2;65;60;65m██[38;2;255;234;65m██[38;2;0;0;0m██                    
                [38;2;0;4;16m██[38;2;63;56;38m██[38;2;255;226;74m██[38;2;191;171;74m██[38;2;178;161;87m██[38;2;255;238;57m██[38;2;254;249;180m████[38;2;255;238;65m██████[38;2;65;64;65m██[38;2;255;234;65m██[38;2;191;176;65m██[38;2;0;0;0m██                    
                [38;2;8;4;65m██[38;2;90;82;76m██[38;2;255;242;106m████[38;2;255;246;139m████[38;2;255;250;180m██[38;2;95;86;120m██[38;2;95;84;126m██[38;2;255;238;65m██[38;2;254;238;63m████[38;2;255;238;74m██[38;2;8;0;8m██                      
              [38;2;0;0;0m██[38;2;255;238;98m██[38;2;90;82;76m██[38;2;95;86;123m██[38;2;255;242;106m██[38;2;255;246;139m██[38;2;95;84;123m██[38;2;95;86;120m████[38;2;255;238;65m████[38;2;254;238;63m████[38;2;172;159;52m██[38;2;255;238;74m██[38;2;0;0;0m██                    
            [38;2;0;0;24m██[38;2;115;97;90m██[38;2;255;238;65m██[38;2;106;76;115m██[38;2;95;84;126m██[38;2;255;238;65m██[38;2;95;84;123m████[38;2;95;84;126m██[38;2;255;238;65m██████████[38;2;254;238;63m████[38;2;255;238;65m██[38;2;0;0;0m████                
          ██[38;2;172;145;123m██[38;2;115;97;90m██[38;2;156;130;98m██[38;2;255;238;65m██[38;2;95;84;126m████[38;2;95;84;123m████[38;2;255;238;65m██████[38;2;95;84;126m████[38;2;255;238;65m██[38;2;254;238;63m████[38;2;255;238;65m████[38;2;189;161;82m██[38;2;0;0;0m██              
          ██[38;2;180;157;98m██[38;2;120;105;71m██[38;2;255;255;255m██[38;2;0;0;0m██[38;2;95;84;126m██████[38;2;255;238;65m██████[38;2;95;84;123m████[38;2;254;238;63m████████████[38;2;255;238;65m████[38;2;0;0;0m██            
            [38;2;0;0;16m██[38;2;180;157;98m██[38;2;255;255;255m██[38;2;0;0;0m██[38;2;255;238;65m██[38;2;95;84;126m██[38;2;255;238;65m████[38;2;0;0;16m██[38;2;84;79;32m██[38;2;255;255;255m██[38;2;95;84;123m██[38;2;254;238;63m████████████[38;2;255;238;65m██[38;2;189;161;79m██[38;2;0;0;0m██            
              ██[38;2;255;242;131m████[38;2;95;84;126m██[38;2;255;238;65m████[38;2;65;64;65m██[38;2;0;0;0m██[38;2;255;242;131m████[38;2;95;83;126m██[38;2;255;238;65m████████[38;2;189;161;82m████[38;2;0;0;0m████              
              ████[38;2;255;242;131m██[38;2;255;238;65m████████[38;2;255;242;131m████████[38;2;255;238;65m██[38;2;189;161;79m██████[38;2;63;56;38m██[38;2;0;4;16m██                  
            [38;2;0;0;24m██[38;2;115;97;90m██[38;2;189;161;82m██[38;2;57;60;90m██[38;2;255;238;65m██[38;2;74;72;82m██[38;2;255;238;65m████[38;2;65;64;65m████[38;2;65;64;57m██[38;2;213;198;156m██[38;2;191;191;191m██[38;2;65;64;65m██[38;2;191;161;76m██[38;2;65;64;65m██[38;2;191;163;79m████[38;2;0;0;0m██                
      ██  ██[38;2;172;145;123m██[38;2;115;97;90m██[38;2;101;94;87m██[38;2;189;161;82m██[38;2;74;72;82m████[38;2;95;84;126m████[38;2;191;161;76m████[38;2;164;153;123m██[38;2;65;64;57m██[38;2;255;255;255m██[38;2;65;64;65m████[38;2;191;161;76m██[38;2;191;163;79m██[38;2;98;85;123m██[38;2;94;85;123m██[38;2;0;0;0m██              
    ██[38;2;189;161;82m██[38;2;0;0;16m██[38;2;120;105;71m██[38;2;189;161;82m████[38;2;94;85;123m██[38;2;65;64;65m██[38;2;255;238;65m██[38;2;65;64;65m████████████████[38;2;191;161;76m██[38;2;189;161;79m████[38;2;65;60;82m██[38;2;106;93;84m██[38;2;191;163;79m████[38;2;0;0;0m██  ██        
    ██[38;2;189;161;82m██[38;2;180;157;98m████[38;2;94;85;123m████[38;2;65;64;65m████[38;2;255;238;65m████[38;2;255;230;74m██[38;2;191;175;71m██[38;2;94;85;123m████████[38;2;191;161;76m████[38;2;255;238;65m██[38;2;189;161;79m██[38;2;189;157;90m██[38;2;65;60;82m██[38;2;191;163;79m██[38;2;98;85;123m██[38;2;94;85;123m██[38;2;0;0;0m██[38;2;255;238;65m██[38;2;0;0;0m██      
    [38;2;0;0;16m██[38;2;120;105;71m██[38;2;189;161;82m████[38;2;180;153;115m██[38;2;60;53;54m██[38;2;65;64;65m██[38;2;255;238;65m██[38;2;255;238;57m██[38;2;176;161;90m██[38;2;95;84;123m████[38;2;98;85;123m████[38;2;189;161;79m██[38;2;255;238;65m██[38;2;254;238;63m████[38;2;255;238;57m██[38;2;178;161;87m██[38;2;94;85;123m██[38;2;0;0;0m████[38;2;94;85;123m██[38;2;189;161;79m████[38;2;255;238;98m██[38;2;8;4;65m██      
  [38;2;0;0;0m██[38;2;180;157;98m████[38;2;94;85;123m████[38;2;120;103;84m██[38;2;0;4;24m██[38;2;65;64;65m██[38;2;255;238;65m██[38;2;98;85;123m████[38;2;95;84;123m████[38;2;176;161;90m██[38;2;255;238;57m██[38;2;255;238;65m████[38;2;254;238;63m████[38;2;178;161;87m██[38;2;101;84;117m██[38;2;94;85;123m██[38;2;0;0;0m██  ██[38;2;255;238;65m██[38;2;189;161;79m██[38;2;90;82;76m████[38;2;0;0;0m██    
  ██[38;2;94;85;123m██[38;2;189;161;82m██████[38;2;0;0;0m██  ██[38;2;94;85;123m██[38;2;95;84;123m████████[38;2;95;84;126m████[38;2;255;238;57m████[38;2;189;161;82m██[38;2;94;85;123m██████[38;2;189;165;90m██[38;2;0;4;8m██  [38;2;0;0;0m██[38;2;101;84;117m██[38;2;255;238;57m██[38;2;255;238;65m████[38;2;0;0;0m██    
██[38;2;189;161;82m████[38;2;94;85;123m██████[38;2;0;0;0m██    ██[38;2;95;84;123m████████[38;2;255;238;65m████[38;2;178;161;87m██[38;2;101;84;117m██[38;2;94;85;123m████[38;2;189;161;82m████[38;2;63;58;35m██[38;2;0;4;8m██  [38;2;0;0;0m██[38;2;255;238;57m██[38;2;178;161;87m██[38;2;95;84;126m████[38;2;94;85;123m██[38;2;0;0;0m██  
██[38;2;189;161;82m██[38;2;191;161;76m████████[38;2;0;0;0m██      ██[38;2;94;85;123m██[38;2;191;161;76m████[38;2;189;161;82m████████[38;2;191;163;79m████[38;2;189;161;82m██[38;2;0;0;0m████      [38;2;8;4;41m██[38;2;90;82;57m██[38;2;254;238;63m████[38;2;255;238;65m██[38;2;0;0;0m██  
██[38;2;189;161;82m██[38;2;191;161;76m██[38;2;65;64;65m██[38;2;191;161;76m██[38;2;65;64;65m██          [38;2;0;0;0m██[38;2;65;64;65m██[38;2;191;161;76m██[38;2;189;161;82m██[38;2;0;0;0m████[38;2;189;161;82m██[38;2;191;163;79m██[38;2;98;85;123m██[38;2;0;0;0m██        ██[38;2;172;160;74m██[38;2;255;238;90m██[38;2;254;238;63m████[38;2;255;238;65m████[38;2;0;0;0m██
  ██[38;2;189;161;82m████[38;2;65;64;65m██[38;2;0;0;0m██          ██[38;2;189;161;82m████[38;2;0;0;0m██    ██[38;2;115;97;90m████[38;2;172;149;106m██[38;2;0;0;8m██      [38;2;0;0;0m██[38;2;255;238;65m████[38;2;255;234;65m████[38;2;255;238;65m██[38;2;189;161;79m██[38;2;0;0;0m██
    ██████        ████[38;2;189;161;82m██[38;2;94;85;123m████[38;2;0;0;0m██      [38;2;0;0;24m██[38;2;172;145;123m██[38;2;115;99;74m██[38;2;0;0;8m██      [38;2;0;0;0m██[38;2;65;64;65m██[38;2;255;238;65m██[38;2;65;60;65m██[38;2;191;176;65m██[38;2;189;161;79m████[38;2;0;0;0m██
              ██[38;2;8;0;8m██[38;2;255;238;90m██[38;2;255;238;65m██[38;2;95;84;126m██[38;2;98;85;123m██[38;2;191;163;79m██[38;2;63;58;35m██[38;2;0;4;8m██    [38;2;8;4;41m██[38;2;90;82;52m██[38;2;101;84;117m██[38;2;178;161;87m██[38;2;0;0;0m██      ████[38;2;189;161;82m██████[38;2;0;0;0m██  
            ██[38;2;255;255;255m██[38;2;172;159;63m████[38;2;255;238;65m████[38;2;191;163;79m████[38;2;189;165;90m██[38;2;0;4;8m██  [38;2;0;0;0m██[38;2;255;238;74m████[38;2;255;238;57m████[38;2;255;238;65m██[38;2;0;0;0m██        ██████    
              ████[38;2;255;255;255m██[38;2;189;161;82m██████[38;2;0;0;0m████    ██[38;2;255;246;156m██[38;2;172;164;104m██[38;2;169;159;54m██[38;2;255;238;82m██[38;2;172;167;131m████[38;2;0;0;0m██                
                  ████████          [38;2;8;0;0m██[38;2;255;246;156m██[38;2;0;0;0m████[38;2;8;0;0m██[38;2;255;250;197m██[38;2;0;0;0m██                
                                      ██      ██                  
[0m