              [38;2;0;0;0m██                                        
            ██[38;2;214;107;66m██[38;2;0;0;0m██  ██                                  
            ██[38;2;214;107;66m████[38;2;0;0;0m██[38;2;123;107;107m██[38;2;0;0;0m██        ██            ██        
          ██[38;2;214;107;66m██████[38;2;0;0;0m██[38;2;123;107;107m██[38;2;0;0;0m██████  ██[38;2;123;107;107m██[38;2;0;0;0m██        ██[38;2;214;107;66m██[38;2;0;0;0m██      
        ██[38;2;214;107;66m██████[38;2;0;0;0m██[38;2;123;107;107m████[38;2;65;65;65m██[38;2;206;115;41m████[38;2;0;0;0m██[38;2;65;65;65m██[38;2;123;107;107m██[38;2;0;0;0m██    ████[38;2;214;107;66m████[38;2;0;0;0m██      
        ██[38;2;214;107;66m██████[38;2;65;65;65m██[38;2;123;107;107m████[38;2;206;115;41m██[38;2;247;140;41m██[38;2;65;65;65m██[38;2;123;107;107m██████[38;2;0;0;0m██  ██[38;2;214;107;66m████████[38;2;0;0;0m██      
        ██[38;2;214;107;66m██████[38;2;165;90;49m██[38;2;65;65;65m██[38;2;123;107;107m██[38;2;247;140;41m██[38;2;65;65;65m██[38;2;123;107;107m██████[38;2;65;65;65m██[38;2;206;115;41m██[38;2;0;0;0m████[38;2;214;107;66m██████[38;2;0;0;0m██        
          ██[38;2;214;107;66m██[38;2;165;90;49m██[38;2;65;65;65m██[38;2;255;255;255m██[38;2;123;107;107m████████[38;2;65;65;65m████[38;2;247;140;41m████[38;2;214;107;66m██[38;2;65;65;65m██[38;2;214;107;66m██[38;2;255;197;41m██[38;2;214;107;66m████[38;2;0;0;0m██      
          ██[38;2;255;197;41m██[38;2;165;90;49m██[38;2;255;255;255m██[38;2;247;140;41m██[38;2;214;107;66m████[38;2;123;107;107m██[38;2;0;0;0m██[38;2;255;255;255m██[38;2;214;107;66m██[38;2;247;140;41m██[38;2;206;115;41m██[38;2;65;65;65m██[38;2;214;107;66m██[38;2;255;197;41m████[38;2;214;107;66m████[38;2;0;0;0m██      
      ████[38;2;206;115;41m██[38;2;255;197;41m██[38;2;206;115;41m██[38;2;255;255;255m██[38;2;214;107;66m████[38;2;123;107;107m██[38;2;214;107;66m██[38;2;247;140;41m████[38;2;255;255;255m██[38;2;206;115;41m██[38;2;123;107;107m██[38;2;255;197;41m████████[38;2;214;107;66m██[38;2;0;0;0m██        
    ██[38;2;123;107;107m██[38;2;206;173;41m██[38;2;206;115;41m██[38;2;255;197;41m████[38;2;247;140;41m██[38;2;165;90;49m██[38;2;247;140;41m██████[38;2;206;115;41m██[38;2;165;90;49m██[38;2;255;255;255m██[38;2;123;107;107m████[38;2;255;197;41m████[38;2;123;107;107m██[38;2;65;65;65m██[38;2;214;107;66m██[38;2;0;0;0m██        
  ██[38;2;214;107;66m██████[38;2;123;107;107m██[38;2;206;115;41m██[38;2;255;197;41m████[38;2;247;140;41m██[38;2;165;90;49m████████[38;2;247;140;41m██[38;2;255;197;41m████████[38;2;206;115;41m████[38;2;247;247;41m██[38;2;0;0;0m██          
  ██[38;2;123;107;107m██████[38;2;214;107;66m██[38;2;65;65;65m████[38;2;255;197;41m████[38;2;214;107;66m██[38;2;255;197;41m████████████[38;2;214;107;66m██[38;2;65;65;65m██[38;2;206;115;41m██[38;2;247;247;41m██[38;2;123;107;107m████[38;2;0;0;0m██        
██[38;2;123;107;107m██[38;2;189;189;189m██[38;2;255;255;255m██[38;2;123;107;107m████[38;2;65;65;65m██[38;2;206;173;41m██[38;2;123;107;107m████████[38;2;247;140;41m██[38;2;255;197;41m██████[38;2;123;107;107m██████[38;2;65;65;65m██[38;2;214;107;66m████[38;2;123;107;107m██[38;2;65;65;65m██[38;2;0;0;0m██      
██[38;2;123;107;107m██[38;2;255;255;255m██████[38;2;65;65;65m██[38;2;206;173;41m██[38;2;123;107;107m████[38;2;247;247;41m██[38;2;206;173;41m██[38;2;123;107;107m████████████[38;2;206;173;41m██[38;2;65;65;65m██[38;2;123;107;107m██████[38;2;214;107;66m██[38;2;123;107;107m██[38;2;0;0;0m██      
██[38;2;123;107;107m████████[38;2;65;65;65m██[38;2;206;173;41m██[38;2;123;107;107m██[38;2;247;247;41m██[38;2;206;173;41m██[38;2;247;247;41m██[38;2;123;107;107m██[38;2;247;247;41m████[38;2;123;107;107m████[38;2;206;173;41m██[38;2;65;65;65m██[38;2;123;107;107m██████████[38;2;214;107;66m██[38;2;0;0;0m██████  
  ██[38;2;255;255;255m████[38;2;0;0;0m██[38;2;65;65;65m██[38;2;123;107;107m████[38;2;247;247;41m██[38;2;206;173;41m██████████[38;2;247;247;41m██[38;2;123;107;107m██[38;2;206;173;41m██[38;2;65;65;65m██[38;2;123;107;107m██[38;2;255;255;255m████[38;2;123;107;107m████[38;2;214;107;66m██[38;2;65;65;65m████[38;2;0;0;0m██  
    ████  ██[38;2;214;107;66m████[38;2;123;107;107m██[38;2;247;247;41m████[38;2;123;107;107m██[38;2;247;247;41m██[38;2;206;173;41m██[38;2;247;247;41m██[38;2;123;107;107m████[38;2;65;65;65m██[38;2;255;255;255m████[38;2;189;189;189m██[38;2;123;107;107m████[38;2;214;107;66m██[38;2;65;65;65m██████[38;2;0;0;0m██
          ██[38;2;123;107;107m██[38;2;214;107;66m██████████[38;2;206;173;41m██[38;2;247;247;41m██[38;2;123;107;107m████[38;2;214;107;66m████[38;2;65;65;65m████[38;2;123;107;107m████[38;2;214;107;66m██[38;2;0;0;0m██[38;2;65;65;65m██[38;2;0;0;0m████  
        ██[38;2;123;107;107m████████[38;2;65;65;65m██[38;2;0;0;0m████[38;2;214;107;66m████████████[38;2;65;65;65m██[38;2;189;189;189m████[38;2;65;65;65m██[38;2;0;0;0m██  ████    
        ██[38;2;255;255;255m██[38;2;189;189;189m██[38;2;255;255;255m██[38;2;65;65;65m██[38;2;0;0;0m██    ████████[38;2;214;107;66m██[38;2;123;107;107m██[38;2;214;107;66m██[38;2;65;65;65m████[38;2;123;107;107m██[38;2;0;0;0m██          
          ████████              ██[38;2;65;65;65m██[38;2;123;107;107m████████[38;2;0;0;0m██          
                                  ██[38;2;123;107;107m██████[38;2;0;0;0m██            
                                  ██[38;2;255;255;255m██[38;2;189;189;189m██[38;2;255;255;255m██[38;2;0;0;0m██            
                                    ██████              
[0m