          [38;2;0;0;0m██████                                                            
        ██[38;2;94;97;94m██████[38;2;0;0;0m██          ██████                                          
        ██[38;2;94;97;94m██[38;2;95;97;95m████[38;2;94;97;94m██[38;2;0;0;0m██    ████[38;2;117;118;117m████[38;2;123;121;123m██[38;2;0;4;0m██                                        
      [38;2;0;0;0m██[38;2;94;97;94m████[38;2;95;97;95m████[38;2;94;97;94m██[38;2;0;0;0m██  ██[38;2;119;117;119m████[38;2;117;118;117m████[38;2;61;62;61m████[38;2;0;0;0m██                                      
      ██[38;2;94;97;94m████████████[38;2;0;4;0m██[38;2;120;120;120m██[38;2;117;117;117m████[38;2;65;64;65m████[38;2;213;170;65m██[38;2;65;64;65m██[38;2;0;0;0m██                                      
        ██[38;2;94;97;94m████[38;2;65;64;65m██████[38;2;60;62;60m██[38;2;120;120;120m██[38;2;117;117;117m██[38;2;65;64;65m██[38;2;197;194;189m████[38;2;213;170;65m████[38;2;0;0;0m██                                      
        [38;2;0;4;0m██[38;2;60;62;60m██[38;2;117;118;117m████[38;2;117;117;117m██[38;2;65;64;65m██[38;2;117;117;117m████[38;2;65;64;65m██[38;2;191;191;191m██[38;2;255;255;255m██[38;2;230;190;57m██[38;2;255;230;49m████[38;2;0;0;0m██                                      
      ██[38;2;120;120;120m████[38;2;117;118;117m████[38;2;117;117;117m██████[38;2;65;64;65m██[38;2;255;255;255m████[38;2;230;190;57m████[38;2;255;230;49m██[38;2;0;0;0m██                                        
    ██[38;2;255;255;255m██[38;2;117;117;117m████[38;2;255;255;255m██[38;2;117;117;117m██████[38;2;117;118;117m████[38;2;119;117;119m██[38;2;213;170;65m██[38;2;255;230;49m██[38;2;0;0;0m████                                          
  ██[38;2;255;255;255m██████[38;2;117;117;117m██[38;2;255;255;255m██[38;2;117;117;117m████[38;2;255;255;255m██[38;2;117;118;117m████[38;2;119;117;119m████[38;2;0;0;0m██                                ████████████  
  ██[38;2;255;255;255m██[38;2;57;60;57m██[38;2;255;255;255m██████[38;2;117;117;117m██[38;2;255;255;255m██████[38;2;117;117;117m██[38;2;117;118;117m████[38;2;0;0;0m██                          ██████[38;2;119;117;119m██[38;2;117;118;117m████[38;2;119;117;119m██████[38;2;0;0;0m██
██[38;2;255;255;255m██[38;2;123;125;123m██[38;2;255;255;255m████████████[38;2;0;0;0m██[38;2;255;255;255m████[38;2;117;118;117m████[38;2;119;117;119m██[38;2;0;0;0m██                    ████[38;2;119;117;119m████████[38;2;117;118;117m████[38;2;119;117;119m██[38;2;0;0;0m████  
██[38;2;255;230;49m██[38;2;82;75;43m██[38;2;0;0;32m██[38;2;255;255;255m████████[38;2;90;87;90m██[38;2;255;255;255m██[38;2;0;0;0m██[38;2;255;250;255m██[38;2;117;117;117m████[38;2;123;125;123m██[38;2;0;4;0m██                [38;2;0;0;0m████[38;2;117;118;117m████████[38;2;117;117;117m████[38;2;120;118;120m██[38;2;60;59;60m██[38;2;0;0;0m██      
██[38;2;255;230;49m██[38;2;246;226;65m██[38;2;82;75;43m██[38;2;255;255;255m██[38;2;200;195;189m██[38;2;255;255;255m████[38;2;90;87;90m██[38;2;8;4;8m██[38;2;84;83;84m██[38;2;255;250;255m██[38;2;255;255;255m██[38;2;117;117;117m██[38;2;82;84;82m██[38;2;0;4;0m██              [38;2;0;0;0m██[38;2;119;117;119m████[38;2;117;118;117m████████[38;2;117;117;117m██[38;2;65;64;65m██[38;2;0;0;0m████        
  ██[38;2;255;230;49m██[38;2;255;255;255m██[38;2;159;64;74m████[38;2;156;64;74m████[38;2;255;255;255m██[38;2;65;64;65m██[38;2;255;255;255m██[38;2;255;230;49m████[38;2;95;95;93m██[38;2;98;97;98m██[38;2;0;0;0m██    ██      ██[38;2;119;117;119m██[38;2;117;118;117m████████[38;2;117;117;117m████[38;2;117;118;117m████[38;2;119;117;119m████[38;2;0;0;0m██      
██[38;2;65;64;65m██[38;2;255;230;49m██[38;2;255;255;255m██[38;2;159;64;74m████[38;2;131;40;53m████[38;2;255;255;255m████[38;2;255;230;49m██████[38;2;95;95;93m██[38;2;98;97;98m██[38;2;65;64;65m██[38;2;0;0;0m████[38;2;255;255;255m██[38;2;0;0;0m██    ██[38;2;119;117;119m██[38;2;117;118;117m████████[38;2;117;117;117m██[38;2;95;97;95m██[38;2;117;118;117m████[38;2;0;0;0m████        
██[38;2;197;194;189m██[38;2;65;64;65m██[38;2;255;255;255m████[38;2;98;52;57m██[38;2;255;129;106m████[38;2;255;255;255m████[38;2;255;230;49m████[38;2;74;76;74m████[38;2;65;64;65m██[38;2;255;255;255m██████████[38;2;0;0;0m██    ██[38;2;119;117;119m████[38;2;117;117;117m████[38;2;95;97;95m██[38;2;117;117;117m██[38;2;71;70;71m██[38;2;0;0;0m██            
██[38;2;65;64;63m██[38;2;191;191;191m██[38;2;65;64;65m██[38;2;98;52;57m██[38;2;202;187;189m██[38;2;255;129;106m██[38;2;200;194;189m██[38;2;200;195;189m████[38;2;95;95;93m████[38;2;74;76;74m██[38;2;255;255;255m████████████[38;2;65;64;65m████[38;2;0;0;0m██    ██[38;2;119;117;119m██[38;2;95;97;95m████[38;2;117;117;117m██[38;2;95;97;95m██[38;2;106;105;106m████[38;2;0;0;0m██          
██[38;2;213;170;65m██[38;2;74;68;57m██[38;2;222;202;148m██[38;2;197;194;189m██[38;2;65;64;65m██[38;2;65;60;65m████[38;2;95;97;95m████[38;2;74;76;74m████[38;2;255;255;255m████████[38;2;255;255;189m██[38;2;74;68;49m██[38;2;65;64;65m██[38;2;255;230;49m████[38;2;0;0;0m██      ██[38;2;95;97;95m████[38;2;82;84;82m██[38;2;123;125;123m██[38;2;0;0;0m████            
  ██[38;2;172;157;117m██[38;2;74;68;57m██[38;2;65;64;65m██[38;2;197;194;189m██[38;2;197;190;189m██[38;2;109;103;106m██[38;2;95;97;95m████[38;2;74;76;74m██[38;2;255;255;255m████████[38;2;65;64;65m██[38;2;74;68;49m██[38;2;194;192;142m██[38;2;255;230;49m████████[38;2;0;0;0m██████[38;2;94;97;94m██[38;2;95;97;95m████[38;2;0;4;0m████                
  [38;2;0;0;0m██[38;2;213;170;65m██████[38;2;65;64;65m██[38;2;74;68;57m██[38;2;222;202;148m██[38;2;200;195;189m████[38;2;255;255;255m████████████[38;2;109;110;112m██[38;2;65;68;74m██[38;2;255;230;49m████████[38;2;65;64;65m██[38;2;98;97;98m██[38;2;94;97;94m██[38;2;0;0;0m██████                    
    ██[38;2;213;170;65m██████[38;2;172;157;117m██[38;2;74;68;57m██[38;2;255;255;255m██████████████[38;2;200;195;189m██[38;2;197;194;189m████[38;2;65;64;65m██[38;2;255;230;49m████[38;2;211;171;63m██[38;2;0;0;0m██████                          
      ████[38;2;213;170;65m██[38;2;213;174;74m██[38;2;71;58;30m██[38;2;172;172;172m██[38;2;255;255;255m████████[38;2;200;195;189m██[38;2;200;194;189m████[38;2;197;194;189m████[38;2;74;68;57m██[38;2;172;157;117m██[38;2;213;170;65m██[38;2;0;0;0m██                                
          ██[38;2;0;0;8m████[38;2;8;8;8m██[38;2;172;172;172m██[38;2;200;195;189m████████[38;2;200;194;189m████[38;2;197;194;189m██[38;2;65;64;65m██[38;2;222;202;148m██[38;2;74;68;57m██[38;2;0;0;0m██                                  
                  ████[38;2;197;194;189m██[38;2;65;64;65m██[38;2;0;0;0m██████████[38;2;197;194;189m██[38;2;0;0;0m██                                    
                      ████          ██                                      
[0m