                        [38;2;0;0;0m██                                                    
                ████  ██[38;2;205;105;65m██[38;2;0;0;0m██                                                  
            ████[38;2;255;238;131m██[38;2;65;64;65m██[38;2;0;0;0m██[38;2;205;105;65m████[38;2;0;0;0m██                                                  
          ██[38;2;255;238;106m██[38;2;255;238;65m████[38;2;65;64;65m██[38;2;205;105;65m████████[38;2;0;0;0m████                                              
    ██  ██[38;2;255;238;106m████[38;2;255;238;65m██[38;2;65;64;65m██[38;2;205;105;65m████[38;2;65;64;65m██[38;2;205;105;65m████████[38;2;0;0;0m██                                            
  ██[38;2;213;170;82m██[38;2;8;0;0m██[38;2;172;153;87m██[38;2;255;238;65m████[38;2;213;169;84m████[38;2;65;64;65m████[38;2;255;238;65m██[38;2;65;64;65m██[38;2;208;105;63m████[38;2;0;0;0m██                  ██████                      
  ██[38;2;213;170;82m██[38;2;172;153;87m██[38;2;255;230;131m██[38;2;255;238;65m██[38;2;213;169;84m██[38;2;255;238;65m██████████[38;2;65;64;65m██[38;2;208;105;63m████[38;2;205;105;65m██[38;2;0;0;0m████████        ██[38;2;246;246;222m██████[38;2;0;0;0m██                    
  ██[38;2;213;170;82m██[38;2;167;117;93m██[38;2;255;238;65m██[38;2;254;238;63m████[38;2;255;238;65m████████[38;2;74;60;65m██[38;2;148;72;74m██[38;2;65;64;65m████[38;2;205;105;65m██[38;2;79;78;71m██[38;2;246;246;222m██████[38;2;0;0;0m██    [38;2;0;4;8m██[38;2;172;157;139m██[38;2;246;246;222m████████[38;2;0;0;0m██                  
    ██[38;2;211;178;79m██[38;2;255;238;65m██[38;2;254;238;63m████[38;2;65;64;65m████████[38;2;222;85;82m██████[38;2;65;64;65m██[38;2;205;105;65m████[38;2;82;80;65m██[38;2;246;246;222m██████[38;2;0;0;0m████[38;2;57;55;52m██[38;2;172;157;139m████[38;2;246;246;222m████[38;2;172;157;139m██[38;2;65;64;65m██[38;2;0;0;0m██          ████  
  ██[38;2;65;64;68m██[38;2;191;178;71m██[38;2;255;234;74m██[38;2;65;64;65m████[38;2;255;250;255m██[38;2;128;83;84m██[38;2;230;234;230m████[38;2;222;86;84m████[38;2;65;64;65m██[38;2;205;105;65m████[38;2;156;90;63m██[38;2;106;80;65m██[38;2;246;246;222m██████[38;2;172;157;139m██[38;2;246;246;222m████[38;2;172;157;139m██[38;2;159;153;153m██[38;2;65;64;65m██[38;2;169;156;137m████[38;2;172;157;137m████[38;2;0;0;0m██    ████[38;2;246;246;222m████[38;2;0;0;0m██
  ██[38;2;197;194;205m██[38;2;65;64;65m████[38;2;197;194;205m██[38;2;65;64;65m██[38;2;65;0;0m██[38;2;128;83;84m██[38;2;230;234;230m██[38;2;156;64;74m██[38;2;222;86;84m██[38;2;156;64;74m██[38;2;65;64;65m████[38;2;156;90;63m████[38;2;106;80;65m████[38;2;246;246;222m██[38;2;172;157;139m██[38;2;246;246;222m████████[38;2;65;64;65m██[38;2;205;198;197m██[38;2;65;64;65m██[38;2;169;156;137m██[38;2;172;157;137m████[38;2;172;157;139m██[38;2;0;0;0m████[38;2;246;246;222m████[38;2;0;0;0m████  
██[38;2;200;194;208m████████[38;2;197;194;205m██[38;2;65;64;65m██[38;2;153;62;76m████[38;2;161;62;74m██[38;2;222;80;90m██[38;2;222;86;84m██████[38;2;156;64;74m██[38;2;65;64;65m██[38;2;164;80;71m██[38;2;106;80;65m██[38;2;246;246;222m██[38;2;246;246;219m████[38;2;246;246;222m████[38;2;238;242;222m██[38;2;65;64;65m██[38;2;197;194;205m██[38;2;135;145;148m██[38;2;65;64;65m██[38;2;169;156;137m██[38;2;172;157;137m████████[38;2;169;156;137m████[38;2;0;0;0m██      
██[38;2;200;194;208m████[38;2;139;145;148m██[38;2;200;194;208m██[38;2;197;194;205m████[38;2;65;64;65m██[38;2;197;60;82m██[38;2;191;71;82m██[38;2;161;62;74m██[38;2;156;64;74m██[38;2;222;86;84m██████[38;2;213;89;74m██[38;2;65;64;65m██[38;2;106;80;65m████[38;2;246;246;219m████[38;2;65;64;65m██[38;2;246;246;222m██[38;2;65;64;65m██[38;2;152;153;143m██[38;2;135;145;148m████[38;2;65;64;65m████[38;2;172;157;137m████████[38;2;169;156;137m██[38;2;0;0;0m██        
██[38;2;197;194;205m██[38;2;135;145;148m██████[38;2;200;194;208m████[38;2;197;194;205m██[38;2;65;64;65m██[38;2;191;62;90m████[38;2;191;62;87m████[38;2;197;72;82m██[38;2;65;68;65m██[38;2;65;64;65m██[38;2;160;89;61m██[38;2;84;78;68m██[38;2;169;156;137m████[38;2;65;64;65m██[38;2;197;202;213m██[38;2;65;68;65m██[38;2;65;71;71m██[38;2;197;198;213m██[38;2;135;145;148m██[38;2;65;64;65m██[38;2;137;145;148m████[38;2;0;0;0m██[38;2;172;157;139m████[38;2;0;0;0m████          
██[38;2;197;194;205m██[38;2;135;145;148m██[38;2;205;186;139m██[38;2;135;145;148m██[38;2;139;145;148m██[38;2;200;194;208m██[38;2;197;194;205m██[38;2;65;64;65m██[38;2;191;62;90m████[38;2;191;62;87m██[38;2;65;64;65m██[38;2;65;68;65m██[38;2;153;71;76m██[38;2;160;89;61m████[38;2;84;78;68m██[38;2;169;156;137m██[38;2;65;64;65m████[38;2;131;135;139m██[38;2;65;68;65m██[38;2;197;198;213m██[38;2;131;134;142m██[38;2;135;145;148m████[38;2;137;145;148m██[38;2;0;0;0m██  ████              
██[38;2;197;194;205m██[38;2;0;0;0m██[38;2;68;63;54m██[38;2;205;190;148m██[38;2;65;64;65m██[38;2;197;194;205m██[38;2;205;190;172m██[38;2;65;64;65m██[38;2;191;62;87m████[38;2;197;72;82m██[38;2;65;68;65m██[38;2;156;90;63m████[38;2;164;93;65m██[38;2;82;76;65m██[38;2;169;156;137m████[38;2;65;68;65m██[38;2;197;202;213m██[38;2;135;145;148m████████████[38;2;65;64;65m████[38;2;0;0;0m██                  
  ██  [38;2;0;0;8m██[38;2;68;63;54m██[38;2;65;64;65m██[38;2;197;194;205m██[38;2;65;64;65m██[38;2;205;190;172m██[38;2;65;64;65m██[38;2;191;62;87m██[38;2;65;68;65m██[38;2;153;71;76m██[38;2;205;105;65m██[38;2;156;90;63m██[38;2;205;101;65m██[38;2;82;76;65m██[38;2;169;156;137m██[38;2;65;64;65m██[38;2;131;135;139m██[38;2;65;68;65m██[38;2;65;64;65m██[38;2;135;145;148m████[38;2;65;64;65m██████[38;2;197;194;205m██████[38;2;0;0;0m██                
      ██[38;2;159;89;60m██[38;2;156;89;65m██[38;2;57;68;65m██[38;2;205;188;139m████[38;2;76;55;63m██[38;2;153;110;101m██[38;2;65;64;65m██[38;2;205;105;65m██[38;2;208;105;63m████████[38;2;76;72;68m████[38;2;65;71;71m██[38;2;197;198;213m██[38;2;197;202;213m██[38;2;65;72;71m██[38;2;71;74;71m██[38;2;197;198;213m██[38;2;197;194;205m████[38;2;0;0;0m██████                  
    ██[38;2;159;89;60m████[38;2;156;89;65m██[38;2;90;75;65m██[38;2;205;188;139m████[38;2;230;165;139m██[38;2;76;55;63m██[38;2;205;105;65m████[38;2;208;105;63m████████[38;2;76;72;68m██[38;2;197;194;205m██[38;2;197;198;213m██[38;2;131;134;142m██[38;2;131;137;142m████[38;2;134;136;142m██[38;2;71;74;71m██[38;2;65;64;68m██[38;2;0;0;0m██                        
    ██[38;2;159;90;63m████[38;2;84;78;68m██[38;2;255;234;172m████[38;2;205;188;139m██[38;2;255;234;172m██[38;2;84;78;68m██[38;2;208;105;63m████████████[38;2;205;101;65m██[38;2;82;76;65m██[38;2;135;145;148m████[38;2;65;64;65m██████[38;2;205;105;65m██[38;2;0;0;0m██                          
  ██[38;2;156;89;65m██[38;2;159;90;63m████[38;2;84;78;68m██[38;2;255;234;172m████████[38;2;84;78;68m██[38;2;208;105;63m████████████[38;2;82;76;65m██[38;2;164;93;65m██[38;2;65;64;65m████[38;2;160;89;61m████[38;2;205;105;65m██████[38;2;0;0;0m██                        
  ██[38;2;156;89;65m██[38;2;160;91;61m████[38;2;84;78;68m██[38;2;255;234;172m██[38;2;254;234;169m████[38;2;255;234;172m██[38;2;84;78;68m██[38;2;156;90;63m██[38;2;205;105;65m██[38;2;159;90;63m████[38;2;205;101;65m██[38;2;164;93;65m██[38;2;82;80;65m██[38;2;160;91;61m██[38;2;159;90;63m████[38;2;159;95;68m██[38;2;112;90;71m██[38;2;208;105;63m████[38;2;205;105;65m██[38;2;65;64;65m██[38;2;0;0;0m██                      
    ██[38;2;160;91;61m██[38;2;82;80;65m██[38;2;255;234;172m████[38;2;254;234;169m████[38;2;255;234;172m██[38;2;84;78;68m██[38;2;156;90;63m████[38;2;159;90;63m████[38;2;164;93;65m██[38;2;82;76;65m██[38;2;160;91;61m████[38;2;159;90;63m████[38;2;112;90;71m██[38;2;205;101;65m██[38;2;208;105;63m████[38;2;205;105;65m████[38;2;94;85;123m██[38;2;0;0;0m██                    
    ██[38;2;156;93;65m██[38;2;104;63;46m██[38;2;230;214;189m██[38;2;65;64;65m██[38;2;230;214;189m██[38;2;65;64;65m██[38;2;246;226;172m██[38;2;57;56;74m██[38;2;82;78;69m██[38;2;156;89;65m██[38;2;82;78;69m██[38;2;156;89;65m████[38;2;82;78;69m██[38;2;156;93;65m██[38;2;78;50;41m██[38;2;156;89;65m██[38;2;0;0;0m████[38;2;205;105;65m██[38;2;208;105;63m████[38;2;205;105;65m████[38;2;65;59;76m██[38;2;0;0;0m██                    
      [38;2;0;4;8m██[38;2;156;93;65m██[38;2;65;64;65m██[38;2;230;214;189m██[38;2;65;64;65m██[38;2;230;214;189m██[38;2;57;56;74m██[38;2;120;113;106m██[38;2;82;78;69m██████[38;2;156;89;65m██[38;2;82;78;69m██[38;2;156;89;65m██[38;2;156;93;65m██[38;2;0;8;16m██[38;2;0;0;0m██    ██[38;2;208;105;63m████[38;2;205;105;65m██[38;2;65;64;65m██[38;2;98;89;115m██[38;2;0;0;0m██                    
      [38;2;0;8;16m██[38;2;153;99;82m██[38;2;65;64;65m██[38;2;197;194;205m██████[38;2;93;94;106m██[38;2;139;141;156m██[38;2;0;0;0m██[38;2;156;89;65m██[38;2;160;91;61m██[38;2;82;80;65m██[38;2;159;90;63m████[38;2;0;0;0m██        ██[38;2;65;64;65m████[38;2;94;85;123m████[38;2;65;64;65m██[38;2;160;89;61m██[38;2;0;0;0m██                  
    ██[38;2;76;53;49m████[38;2;65;64;65m████[38;2;197;194;205m██[38;2;93;83;123m██[38;2;139;141;156m██[38;2;0;0;8m██  [38;2;0;0;0m██[38;2;160;91;61m████[38;2;159;90;63m████[38;2;156;89;65m██[38;2;0;0;0m██        ██[38;2;65;64;65m██████[38;2;160;89;61m████[38;2;65;64;65m██[38;2;0;0;0m██                
    ██[38;2;76;53;49m████[38;2;65;64;65m████████[38;2;0;0;0m██    ██[38;2;65;64;65m████████████[38;2;0;0;0m██        ██[38;2;159;90;63m████████[38;2;159;89;60m████[38;2;0;0;0m██              
      [38;2;0;8;16m██[38;2;153;99;82m██[38;2;65;64;65m██████[38;2;0;0;0m██    ██[38;2;65;64;65m██[38;2;94;97;94m████[38;2;65;64;65m████████[38;2;0;0;0m██        ██[38;2;159;90;63m██[38;2;98;85;123m██[38;2;159;90;63m██[38;2;98;85;123m██[38;2;159;89;60m██[38;2;0;0;0m██                
  ████[38;2;159;90;63m████████[38;2;156;89;65m██[38;2;0;0;0m██    ██[38;2;65;64;65m██████████[38;2;78;50;41m██[38;2;0;8;16m██        [38;2;0;0;0m██[38;2;137;145;148m██[38;2;98;85;123m██[38;2;137;147;150m██[38;2;98;85;123m██[38;2;137;147;150m██[38;2;65;64;65m██[38;2;0;0;0m██                
██[38;2;139;141;156m██[38;2;93;94;104m██[38;2;98;85;123m██[38;2;159;90;63m██[38;2;98;85;123m██[38;2;159;90;63m██[38;2;0;0;0m██        ██[38;2;160;89;61m████████[38;2;156;93;65m████[38;2;0;0;0m██      ██[38;2;137;145;148m██[38;2;98;85;123m██[38;2;137;147;150m██[38;2;98;85;123m██[38;2;137;147;150m██[38;2;0;0;0m██                  
██[38;2;139;141;156m██[38;2;93;94;104m██[38;2;139;141;156m██[38;2;93;94;104m██[38;2;94;85;123m██[38;2;0;0;0m████        ██[38;2;115;86;101m████████[38;2;126;86;93m██[38;2;0;0;0m██          ██████████                    
  ██████████          ██[38;2;197;194;205m██[38;2;115;86;101m██[38;2;197;194;205m██[38;2;115;86;101m██[38;2;197;194;205m██[38;2;126;86;93m██[38;2;0;0;0m██                                        
                      ██[38;2;172;174;172m██[38;2;109;107;115m██[38;2;164;161;172m██[38;2;109;107;115m██[38;2;164;161;172m██[38;2;0;0;0m██                                          
                        ██████████                                            
[0m