                                                        [38;2;0;4;0m██                                                          
                                                    ████[38;2;79;90;142m██[38;2;8;12;0m██                                                        
                                                  [38;2;0;4;0m██[38;2;76;88;142m████[38;2;79;90;142m██[38;2;43;51;71m██[38;2;0;4;0m██                                                      
                                              ██[38;2;8;12;0m██[38;2;79;90;142m██[38;2;76;88;142m████[38;2;43;51;71m██[38;2;79;90;142m██[38;2;76;88;142m██[38;2;0;4;0m████                                                  
                                            ██[38;2;74;85;148m██[38;2;79;90;142m██[38;2;43;51;71m██[38;2;76;88;142m██[38;2;0;4;0m██[38;2;8;12;0m██[38;2;79;90;142m██[38;2;76;88;142m████[38;2;0;4;0m██                                                  
                                            [38;2;16;16;0m██[38;2;40;44;63m██[38;2;74;77;107m████[38;2;0;4;0m██    ██████[38;2;76;88;142m██[38;2;0;4;0m██                                  ██            
                          ████        ██████[38;2;90;101;189m██[38;2;65;72;126m██[38;2;255;85;82m██[38;2;74;77;107m██[38;2;90;97;189m██[38;2;0;4;0m██        ████                              ████[38;2;74;85;148m██[38;2;0;4;0m██          
                      ██[38;2;0;12;16m██[38;2;119;56;65m██[38;2;0;4;0m██      [38;2;0;24;49m██[38;2;222;105;140m██[38;2;172;85;135m██[38;2;90;93;189m██[38;2;88;97;186m████[38;2;66;64;66m██[38;2;0;4;0m████                                      ██  ██[38;2;76;88;142m██████[38;2;54;60;88m██[38;2;0;4;0m██████    
                    ██[38;2;66;64;66m██[38;2;239;101;115m██[38;2;0;12;16m██      [38;2;0;4;0m██[38;2;148;78;109m██[38;2;74;51;79m██[38;2;255;77;82m██[38;2;90;93;189m██[38;2;66;65;66m████[38;2;0;4;0m██                                        ██[38;2;90;97;189m██[38;2;0;4;0m██[38;2;76;88;142m██████[38;2;0;4;0m████[38;2;82;89;132m██[38;2;76;88;142m██[38;2;0;4;0m██    
                  ██[38;2;255;85;82m██[38;2;74;81;115m██[38;2;82;53;68m██[38;2;0;32;49m██  [38;2;0;4;0m████[38;2;90;97;189m██[38;2;82;97;189m████[38;2;66;65;66m████[38;2;77;87;145m████[38;2;0;4;0m██    ██[38;2;0;8;16m████[38;2;0;4;0m██                            ██[38;2;88;97;186m██[38;2;66;65;66m██[38;2;66;64;66m██[38;2;0;4;0m████    ██[38;2;43;51;71m██[38;2;79;90;142m██[38;2;0;4;0m██  
                ██[38;2;74;85;148m██[38;2;74;81;115m████[38;2;82;53;68m██[38;2;247;97;107m██[38;2;0;4;0m██[38;2;90;97;189m██████[38;2;74;78;127m██[38;2;66;60;66m██[38;2;66;65;66m██[38;2;78;87;144m██[38;2;77;87;145m████[38;2;66;64;66m██[38;2;0;4;0m████[38;2;66;73;127m██[38;2;222;101;140m██[38;2;148;70;98m██[38;2;90;97;189m██[38;2;0;4;0m██                    ██  ██[38;2;90;97;189m██[38;2;88;97;186m████[38;2;0;4;0m██          [38;2;8;12;0m██[38;2;79;90;142m██[38;2;74;85;148m██[38;2;0;4;0m██
            ██  [38;2;8;8;0m██[38;2;57;56;76m██[38;2;88;97;186m██[38;2;66;65;66m██[38;2;255;85;82m██[38;2;74;77;107m██[38;2;88;97;189m████[38;2;66;73;123m████[38;2;255;85;82m██[38;2;0;4;0m██[38;2;53;56;70m██[38;2;90;97;140m██[38;2;66;65;66m████[38;2;255;81;82m██[38;2;172;85;135m██[38;2;90;97;189m████[38;2;0;4;0m██████                    ██[38;2;123;150;239m██[38;2;8;8;0m██[38;2;90;97;189m████[38;2;66;64;66m██[38;2;0;4;0m██              ████  
          ██[38;2;74;85;148m██[38;2;0;4;0m██[38;2;82;81;115m██[38;2;57;56;76m██[38;2;88;97;186m██[38;2;66;65;66m██[38;2;74;77;107m████[38;2;88;97;189m██[38;2;66;73;123m██[38;2;255;85;82m████[38;2;0;4;0m██  [38;2;16;16;0m██[38;2;53;56;70m██[38;2;88;97;186m████[38;2;90;89;189m██[38;2;255;81;82m██[38;2;0;4;0m████                          ██[38;2;84;102;159m██[38;2;46;55;79m██[38;2;90;97;189m██[38;2;0;4;0m████                ██[38;2;74;85;148m██[38;2;0;4;0m██
          ██[38;2;78;87;144m██[38;2;66;65;66m████[38;2;88;97;186m████[38;2;66;65;66m██[38;2;88;97;189m████[38;2;74;79;126m██[38;2;66;65;66m██[38;2;255;89;82m██[38;2;0;20;16m██  [38;2;0;4;0m██[38;2;66;60;66m██[38;2;82;97;189m██[38;2;90;97;189m████[38;2;0;4;0m████                            ██[38;2;123;146;247m██[38;2;87;97;189m████[38;2;0;4;0m██                    ██[38;2;74;85;148m██[38;2;0;4;0m██
        ██[38;2;74;85;148m██[38;2;78;87;144m████[38;2;66;65;66m██[38;2;88;97;186m████[38;2;66;65;66m██[38;2;88;97;189m██[38;2;66;73;123m██[38;2;66;65;66m██[38;2;82;94;186m██[38;2;85;43;38m██[38;2;255;89;82m██[38;2;0;4;0m██[38;2;90;97;189m██[38;2;82;97;189m██[38;2;74;78;127m██[38;2;60;67;126m██[38;2;0;8;0m██                                [38;2;0;4;0m██[38;2;82;98;164m██[38;2;87;97;189m████[38;2;0;4;0m██                      ██  
        [38;2;16;16;0m██[38;2;90;97;140m██[38;2;66;65;66m██[38;2;76;86;148m██[38;2;66;65;66m██[38;2;88;97;186m██[38;2;74;81;148m████[38;2;66;69;99m██[38;2;255;85;82m██[38;2;66;65;66m██[38;2;88;97;186m██[38;2;66;65;66m████[38;2;74;81;148m████[38;2;66;69;99m██[38;2;255;85;82m██[38;2;0;4;0m██              ████[38;2;0;8;16m████      [38;2;0;4;0m██  ██[38;2;87;97;189m████[38;2;90;97;189m██[38;2;0;4;0m██                            
      ██[38;2;53;56;70m████[38;2;82;97;189m██[38;2;66;65;66m██[38;2;88;97;186m████[38;2;74;81;148m██[38;2;198;93;107m██[38;2;255;85;82m██[38;2;66;69;99m██[38;2;88;97;186m████[38;2;66;65;66m██[38;2;88;97;186m██[38;2;74;81;148m██[38;2;255;85;82m████[38;2;66;69;99m██[38;2;0;4;0m██          ████[38;2;90;101;189m██[38;2;60;68;126m██[38;2;222;101;140m██[38;2;148;70;98m██[38;2;0;4;0m██  ██[38;2;90;97;189m██[38;2;0;4;0m██[38;2;66;64;66m██[38;2;87;97;189m████[38;2;0;4;0m██                              
    ██[38;2;76;88;142m██[38;2;66;65;66m████[38;2;88;97;186m██[38;2;66;65;66m██[38;2;88;97;189m████[38;2;74;79;126m██[38;2;66;65;66m██[38;2;255;85;82m██[38;2;74;77;107m██[38;2;88;97;189m████[38;2;66;77;123m████[38;2;255;85;82m████[38;2;66;64;66m██[38;2;0;4;0m██        ████[38;2;255;81;90m██[38;2;192;78;106m██[38;2;90;97;189m██[38;2;0;4;0m██████    ██[38;2;82;98;164m██[38;2;88;97;186m██[38;2;66;65;66m██[38;2;90;97;189m████[38;2;0;4;0m██                              
    ██[38;2;76;88;142m██[38;2;78;87;144m██[38;2;66;65;66m██[38;2;88;97;186m██[38;2;66;65;66m██[38;2;88;97;189m██[38;2;66;73;123m██[38;2;66;65;66m██[38;2;82;94;186m██[38;2;74;77;107m████[38;2;66;73;123m████[38;2;192;87;95m██[38;2;255;93;82m██[38;2;255;85;82m██[38;2;66;65;66m██[38;2;66;64;66m████[38;2;0;4;0m██    ██[38;2;90;97;189m████[38;2;66;73;140m██[38;2;255;81;90m██[38;2;0;4;0m██          ██[38;2;123;146;247m██[38;2;88;97;186m██[38;2;66;65;66m██[38;2;90;97;189m██[38;2;0;4;0m██                                
    ██[38;2;74;85;148m██[38;2;66;65;66m██[38;2;88;97;186m██[38;2;74;81;148m████[38;2;66;65;85m████[38;2;87;97;189m████[38;2;66;73;107m████[38;2;198;95;104m████[38;2;197;95;107m████[38;2;255;85;82m████████[38;2;222;105;140m██[38;2;0;20;33m██[38;2;0;4;0m██[38;2;90;97;189m██████[38;2;0;4;0m████          ██[38;2;86;97;189m████[38;2;87;97;189m████[38;2;0;4;0m██            ██                    
      ██[38;2;66;65;66m██[38;2;88;97;186m██[38;2;74;81;148m██[38;2;198;93;107m████[38;2;66;65;85m██[38;2;87;97;189m████[38;2;66;73;107m██[38;2;255;255;255m██[38;2;198;95;104m████[38;2;197;95;107m██[38;2;255;85;82m████[38;2;66;65;66m██████[38;2;74;48;68m██[38;2;148;76;104m██[38;2;90;97;189m████[38;2;0;4;0m████              ██[38;2;115;150;231m██[38;2;86;97;189m██[38;2;87;97;189m████[38;2;0;4;0m██    ██    ██[38;2;66;73;127m██[38;2;0;4;0m██                  
      ██[38;2;66;73;123m████[38;2;255;85;82m██[38;2;197;95;107m██[38;2;57;60;66m██[38;2;82;93;189m██[38;2;66;73;123m██[38;2;255;255;255m████[38;2;198;93;107m██████[38;2;165;101;148m██[38;2;57;65;74m██[38;2;66;65;66m██[38;2;88;97;186m████[38;2;66;65;66m██[38;2;90;101;181m████[38;2;90;101;189m██[38;2;0;4;0m██                  ██[38;2;115;150;231m██[38;2;86;97;189m██[38;2;90;97;189m██[38;2;0;4;0m██    ██[38;2;66;74;126m██[38;2;0;4;0m██  [38;2;8;8;0m██[38;2;82;81;115m██[38;2;0;12;16m████[38;2;0;4;0m██████          
    ██[38;2;66;64;66m██[38;2;255;85;82m████[38;2;197;95;107m████[38;2;69;76;127m████[38;2;255;255;255m██████[38;2;198;93;107m████[38;2;66;65;66m██[38;2;57;65;74m██[38;2;129;89;123m██[38;2;88;97;186m████████[38;2;8;8;0m██[38;2;49;54;90m██[38;2;0;4;0m██[38;2;60;68;126m██[38;2;0;4;0m██              ██[38;2;90;97;189m██[38;2;86;97;189m████[38;2;90;97;189m██[38;2;0;4;0m██    ██[38;2;66;74;126m██[38;2;0;4;0m████[38;2;57;56;76m████[38;2;115;54;61m██[38;2;231;97;107m██[38;2;66;74;126m████[38;2;66;73;127m██[38;2;0;4;0m██        
    [38;2;0;8;0m██[38;2;90;97;189m██[38;2;66;77;132m██[38;2;255;89;82m██[38;2;198;95;104m████[38;2;255;255;255m██[38;2;198;93;107m██[38;2;255;255;255m████[38;2;198;93;107m████[38;2;66;65;66m██[38;2;88;97;186m██[38;2;49;54;90m██[38;2;90;101;181m██[38;2;66;65;66m████[38;2;82;51;60m██[38;2;0;28;41m██  [38;2;0;4;0m██[38;2;66;74;126m████[38;2;0;4;0m██  ████        ██[38;2;115;150;231m██[38;2;88;97;186m████[38;2;0;4;0m██[38;2;66;74;126m██[38;2;0;4;0m██  ██[38;2;66;73;127m██[38;2;74;77;123m████[38;2;82;53;79m██[38;2;247;97;107m██[38;2;66;73;127m██[38;2;0;4;0m████████          
  ██[38;2;90;97;189m██[38;2;60;67;126m██[38;2;255;89;82m██[38;2;192;85;98m██[38;2;198;95;104m████[38;2;255;255;255m██[38;2;198;93;107m██████[38;2;71;74;107m████[38;2;88;97;186m████[38;2;90;101;181m██[38;2;8;8;0m██[38;2;66;74;126m████[38;2;82;51;60m██[38;2;247;97;99m██[38;2;0;4;0m██[38;2;66;73;127m██[38;2;66;74;126m██[38;2;0;4;0m██  ██[38;2;66;74;126m██[38;2;0;4;0m██        ██[38;2;115;150;231m██[38;2;88;97;186m██[38;2;66;65;66m██[38;2;0;4;0m██[38;2;66;74;126m██[38;2;0;4;0m██    ██[38;2;74;77;123m██[38;2;255;85;82m██[38;2;82;53;79m██[38;2;0;32;66m██[38;2;0;4;0m██                  
  ██[38;2;85;45;57m██[38;2;255;89;90m██[38;2;255;97;99m██[38;2;192;87;90m██[38;2;255;255;255m██[38;2;217;90;95m██[38;2;192;87;90m████[38;2;255;85;82m██[38;2;66;65;66m██[38;2;88;97;186m████[38;2;74;81;132m██[38;2;52;56;88m██[38;2;0;4;0m██  ██[38;2;66;73;127m██[38;2;66;69;99m██[38;2;255;85;82m██[38;2;69;76;127m██[38;2;57;60;66m██[38;2;66;65;66m████[38;2;0;4;0m██[38;2;66;74;126m██[38;2;66;73;127m██[38;2;0;4;0m██  ████  [38;2;0;8;0m██[38;2;99;101;181m██[38;2;49;54;90m██[38;2;90;101;181m██[38;2;0;4;0m██[38;2;66;73;127m██[38;2;82;81;115m██[38;2;8;8;0m██[38;2;0;16;33m██[38;2;137;64;104m██[38;2;90;101;181m██[38;2;49;54;90m██[38;2;0;4;0m██                      
██[38;2;255;85;82m██[38;2;255;89;90m██[38;2;0;24;41m██[38;2;66;69;74m██[38;2;192;87;90m██[38;2;217;90;95m████[38;2;255;97;99m██[38;2;66;69;74m██[38;2;66;65;66m████████[38;2;8;8;0m██[38;2;74;81;132m██[38;2;0;4;0m██    ██[38;2;255;85;82m██[38;2;66;69;99m██[38;2;82;93;189m██[38;2;69;76;127m██[38;2;255;85;82m██[38;2;66;65;66m██[38;2;66;74;126m████[38;2;0;4;0m██  ██[38;2;66;73;127m██[38;2;0;4;0m██  [38;2;0;8;0m██[38;2;49;54;90m██[38;2;90;101;181m██[38;2;8;8;0m██  [38;2;0;4;0m██[38;2;57;56;76m████[38;2;206;89;140m████[38;2;90;101;181m██[38;2;8;8;0m██      [38;2;0;4;0m██  ██  ██        
██████  ██[38;2;255;85;82m██[38;2;247;93;90m██[38;2;82;39;35m██[38;2;66;65;66m████[38;2;82;89;132m██[38;2;54;60;88m██[38;2;76;88;142m██[38;2;0;4;0m██  ████    ██[38;2;66;65;66m██[38;2;88;97;186m██[38;2;66;73;107m████[38;2;255;85;82m██[38;2;74;81;148m██[38;2;66;69;82m████[38;2;82;81;115m██[38;2;8;8;0m██[38;2;82;81;115m██[38;2;8;8;0m██  [38;2;0;4;0m██[38;2;87;97;189m████[38;2;88;97;186m██[38;2;66;65;66m██[38;2;16;16;0m██[38;2;40;44;63m██[38;2;66;89;165m████[38;2;74;48;68m██[38;2;222;105;140m██[38;2;0;4;0m██      ██[38;2;66;74;126m██[38;2;16;16;0m██[38;2;90;101;189m██[38;2;8;8;0m██[38;2;90;101;181m██[38;2;0;4;0m██      
        ████[38;2;0;12;8m████[38;2;78;87;144m██[38;2;66;65;66m██[38;2;0;4;0m████[38;2;76;88;142m██[38;2;0;4;0m██          ██[38;2;88;97;186m██[38;2;66;65;66m██[38;2;66;73;107m██[38;2;255;85;82m██[38;2;74;81;148m████[38;2;66;69;82m██[38;2;255;85;82m██[38;2;57;56;76m████████[38;2;0;4;0m██[38;2;90;97;189m██[38;2;87;97;189m████[38;2;66;65;66m████[38;2;65;72;126m██[38;2;90;101;189m██[38;2;239;77;57m██[38;2;123;85;129m██[38;2;148;76;104m██[38;2;0;20;33m██        [38;2;0;4;0m██[38;2;66;74;126m██[38;2;40;44;63m██[38;2;65;72;126m██[38;2;49;54;90m██[38;2;90;101;181m██[38;2;0;4;0m██      
                ████    ██              [38;2;16;20;0m██[38;2;71;79;132m██[38;2;88;97;186m██[38;2;66;65;66m██[38;2;82;97;189m████[38;2;66;69;99m██[38;2;255;85;82m██[38;2;66;56;74m██[38;2;93;108;184m██[38;2;87;97;189m████[38;2;88;97;186m████████[38;2;66;69;82m██[38;2;255;85;82m██[38;2;74;78;127m██[38;2;82;97;189m██[38;2;99;101;181m██[38;2;49;54;90m██[38;2;87;97;189m████[38;2;0;4;0m██    ██[38;2;66;65;66m████[38;2;66;74;126m██[38;2;66;65;66m██[38;2;90;97;189m██[38;2;0;4;0m██        
                                  ██████[38;2;43;49;66m██[38;2;99;109;198m██[38;2;88;97;186m██[38;2;66;65;66m██[38;2;66;60;66m██[38;2;74;78;127m██[38;2;255;85;82m██[38;2;66;69;99m██[38;2;107;134;239m██[38;2;93;108;184m██[38;2;87;97;189m████[38;2;66;65;66m████[38;2;88;97;186m██[38;2;66;65;66m██[38;2;66;69;82m████[38;2;82;97;189m██[38;2;66;60;66m██[38;2;0;8;0m████[38;2;87;97;189m████[38;2;66;64;66m██[38;2;0;4;0m████[38;2;66;73;127m██[38;2;66;74;126m██[38;2;66;65;66m██[38;2;66;74;126m██[38;2;66;65;66m██[38;2;90;97;189m██[38;2;0;4;0m██        
                  ████████████  ██[38;2;90;97;189m██[38;2;88;97;186m██[38;2;66;65;66m██[38;2;115;111;139m██[38;2;57;60;82m██[38;2;88;97;186m██[38;2;66;65;66m██[38;2;239;219;255m██[38;2;66;65;66m██[38;2;93;112;181m██[38;2;66;60;66m██[38;2;115;150;231m████[38;2;66;65;66m████[38;2;88;97;186m████[38;2;66;65;66m██[38;2;74;79;126m██[38;2;255;93;123m██[38;2;66;69;99m██[38;2;52;54;82m██[38;2;8;8;0m██    [38;2;0;4;0m██[38;2;90;97;189m██[38;2;88;97;186m██[38;2;66;65;66m██[38;2;66;73;127m██[38;2;0;4;0m██[38;2;52;54;82m██[38;2;74;77;123m██[38;2;52;54;82m██[38;2;74;77;123m██[38;2;0;4;0m██          
          ████████[38;2;90;97;189m██████████[38;2;66;64;66m██[38;2;0;4;0m██[38;2;90;97;189m████[38;2;66;65;66m██[38;2;88;97;186m██[38;2;231;215;255m██[38;2;57;60;82m██[38;2;88;97;186m██[38;2;66;65;66m██[38;2;239;219;255m████[38;2;66;60;66m██[38;2;107;138;239m██[38;2;115;150;231m██[38;2;66;65;66m████[38;2;255;85;82m██[38;2;66;65;66m██[38;2;88;97;186m██[38;2;82;94;186m██[38;2;66;65;66m██[38;2;66;69;99m██[38;2;255;93;123m██[38;2;74;77;123m████[38;2;0;4;0m██    ██[38;2;88;97;186m██[38;2;66;65;66m██[38;2;0;4;0m██  [38;2;8;8;0m██[38;2;74;77;123m██[38;2;8;8;0m██[38;2;74;77;123m██[38;2;0;4;0m██          
        ██[38;2;90;97;189m██████[38;2;90;101;181m████[38;2;0;4;0m██[38;2;66;64;66m██[38;2;66;65;66m████[38;2;88;97;186m████[38;2;90;97;189m██[38;2;0;4;0m████[38;2;239;219;255m████[38;2;181;73;41m██[38;2;148;60;41m██[38;2;255;211;247m██[38;2;239;219;255m██[38;2;181;73;41m██[38;2;57;65;74m██[38;2;156;162;194m██[38;2;66;69;82m████[38;2;66;73;123m██[38;2;255;101;165m██[38;2;255;89;107m██[38;2;66;65;66m██[38;2;88;97;186m████[38;2;66;65;66m██[38;2;74;79;126m██[38;2;247;97;107m██[38;2;82;53;79m██[38;2;0;4;0m██      ████      ██  ██            
          ██████[38;2;49;54;90m██[38;2;8;8;0m██  [38;2;0;4;0m██[38;2;66;65;66m██[38;2;88;97;186m████[38;2;66;65;66m██[38;2;0;4;0m██    ██[38;2;239;219;255m████[38;2;148;60;41m██[38;2;183;110;109m██[38;2;239;219;255m██[38;2;181;73;41m██[38;2;206;211;255m██[38;2;57;65;74m██[38;2;255;85;82m██[38;2;66;69;82m██[38;2;66;73;123m████[38;2;255;89;107m████[38;2;66;65;66m██[38;2;88;97;186m██[38;2;82;94;186m██[38;2;66;65;66m██[38;2;82;53;79m██[38;2;0;32;66m██                                    
                [38;2;8;8;0m██[38;2;49;54;90m██[38;2;8;12;0m██[38;2;52;58;85m██[38;2;88;97;186m████[38;2;66;65;66m██[38;2;88;97;186m██[38;2;90;97;189m██[38;2;0;4;0m██    ██[38;2;239;219;255m██[38;2;255;195;214m██[38;2;117;65;71m██[38;2;255;85;82m██[38;2;239;219;255m██[38;2;168;127;135m██[38;2;255;199;222m██[38;2;66;60;66m██[38;2;82;97;189m██[38;2;66;73;123m████[38;2;255;101;165m██[38;2;66;69;82m██[38;2;66;65;66m████[38;2;90;101;189m██[38;2;65;72;126m██[38;2;0;4;0m██                                      
        ████████[38;2;90;101;181m████[38;2;96;104;170m██[38;2;52;58;85m██[38;2;66;65;66m████████[38;2;0;4;0m██        ██[38;2;49;0;0m██[38;2;186;130;142m██[38;2;255;85;82m████[38;2;82;56;49m████[38;2;82;97;189m██[38;2;74;78;127m██[38;2;66;73;123m██[38;2;255;85;82m██[38;2;66;69;82m████[38;2;88;97;186m████[38;2;40;44;63m██[38;2;16;16;0m██                                        
      [38;2;0;4;0m██[38;2;90;97;189m████[38;2;90;101;181m████[38;2;90;97;189m██[38;2;0;4;0m██[38;2;66;64;66m████[38;2;66;65;66m████[38;2;90;97;189m████[38;2;0;4;0m██            ██████[38;2;90;101;189m██[38;2;60;68;126m██[38;2;66;69;82m██[38;2;255;101;165m██[38;2;66;65;66m██████[38;2;88;97;186m██[38;2;82;97;189m██[38;2;66;65;66m██[38;2;74;85;148m██[38;2;0;4;0m██                                        
        ████[38;2;8;8;0m██[38;2;49;54;90m██[38;2;0;4;0m██  ██[38;2;66;64;66m██[38;2;88;97;186m████[38;2;0;4;0m████                    ████[38;2;66;69;82m████[38;2;66;65;66m██[38;2;88;97;186m████[38;2;66;65;66m████[38;2;76;86;148m██[38;2;0;4;0m██  ████                                    
              ██[38;2;49;54;90m██[38;2;8;8;0m██[38;2;90;97;189m████[38;2;0;4;0m████                            [38;2;8;8;0m██[38;2;49;54;90m██[38;2;90;97;189m████[38;2;52;58;85m██[38;2;96;104;170m██[38;2;69;76;127m██[38;2;57;60;66m██[38;2;49;54;90m██[38;2;8;8;0m██[38;2;96;104;170m██[38;2;8;12;0m██                                    
            [38;2;0;4;0m██[38;2;90;97;189m██[38;2;90;101;181m████[38;2;0;4;0m████                              ██[38;2;90;101;181m████[38;2;90;97;189m██[38;2;0;4;0m██[38;2;8;12;0m██[38;2;52;58;85m██[38;2;82;93;189m██[38;2;69;76;127m██[38;2;90;101;181m████[38;2;52;58;85m████[38;2;0;4;0m██                                  
              ██████                              ████[38;2;115;150;231m████[38;2;0;4;0m████    ██[38;2;66;65;66m██[38;2;88;97;186m██[38;2;82;97;189m██[38;2;66;65;66m██[38;2;43;51;71m██[38;2;79;90;142m██[38;2;0;4;0m██                                  
                                                ██[38;2;115;150;231m████[38;2;0;4;0m████      ██[38;2;90;97;189m██[38;2;88;97;186m████[38;2;66;65;66m██[38;2;76;86;148m██[38;2;79;90;142m██[38;2;8;12;0m██                                    
                                                  [38;2;0;4;0m████      ████[38;2;90;101;181m████[38;2;66;65;66m████[38;2;76;88;142m████[38;2;0;4;0m██                                      
                                                          ██[38;2;90;97;189m████[38;2;8;8;0m██[38;2;49;54;90m██[38;2;66;65;66m██[38;2;78;87;144m██[38;2;76;88;142m██[38;2;0;4;0m██                                        
                                                        ██[38;2;82;98;164m██[38;2;115;150;231m██[38;2;0;4;0m██  ██[38;2;82;89;132m██[38;2;54;60;88m██[38;2;0;4;0m██                                          
                                                      ██[38;2;123;146;247m██[38;2;0;4;0m████  ██[38;2;74;85;148m██[38;2;0;4;0m████                                            
                                                      ████    ██[38;2;74;85;148m██[38;2;0;4;0m██                                                
                                                              ████                                                  
[0m