                      [38;2;0;4;0m██                                                      
                    ██[38;2;198;195;189m██[38;2;0;4;0m██                                                    
                  ██[38;2;198;195;189m████[38;2;0;4;0m██                                                    
                  ██[38;2;198;195;189m██[38;2;198;195;181m██[38;2;0;4;0m██    ████████████                                    
                ██[38;2;198;195;189m████[38;2;198;195;181m██[38;2;132;131;120m██[38;2;0;4;0m████[38;2;132;98;93m████████████[38;2;0;4;0m████                                
            ██  [38;2;99;93;90m██[38;2;200;195;189m████[38;2;198;195;189m██[38;2;132;132;106m██[38;2;198;195;189m██████[38;2;82;78;68m██[38;2;74;69;66m██[38;2;118;109;104m██[38;2;131;100;95m████████[38;2;0;4;0m██                              
          ██[38;2;198;195;189m██[38;2;0;0;0m██[38;2;198;186;181m██[38;2;200;195;189m████[38;2;198;195;189m████[38;2;132;132;106m██[38;2;198;195;189m██████[38;2;206;190;181m██[38;2;74;69;66m██[38;2;131;100;95m████████[38;2;127;99;94m██[38;2;0;4;0m██                            
          ██[38;2;198;195;189m██[38;2;66;65;57m██[38;2;198;195;181m██[38;2;198;195;189m██[38;2;132;132;106m████[38;2;198;195;189m██[38;2;200;195;189m████████████[38;2;66;65;66m██[38;2;110;74;79m██[38;2;90;77;74m██[38;2;139;89;90m██[38;2;132;99;94m████[38;2;0;4;0m██                          
        ██[38;2;198;195;189m████[38;2;132;130;119m██[38;2;198;195;181m██[38;2;132;132;106m██[38;2;198;195;189m██████[38;2;200;195;189m████████████[38;2;66;65;66m██[38;2;198;93;107m██[38;2;189;101;106m██[38;2;90;77;74m██[38;2;99;73;74m██[38;2;132;99;94m██[38;2;0;4;0m██                          
        ██[38;2;201;196;189m████[38;2;200;195;189m████████████[38;2;198;195;189m██████[38;2;66;65;66m██████[38;2;156;158;156m██[38;2;66;65;66m██[38;2;99;73;74m██[38;2;132;99;94m██[38;2;131;100;95m████[38;2;132;98;93m██[38;2;0;4;0m██                        
      ██[38;2;198;195;189m██[38;2;201;196;189m██[38;2;148;150;140m██[38;2;200;195;189m████████████[38;2;66;65;66m████████[38;2;156;158;156m██[38;2;247;251;247m████[38;2;66;65;66m██[38;2;132;99;94m████[38;2;131;100;95m████[38;2;132;98;93m████[38;2;0;4;0m██                      
      [38;2;0;8;0m██[38;2;206;203;198m██[38;2;148;150;140m██[38;2;201;196;189m██[38;2;198;195;189m██████[38;2;76;67;68m██[38;2;66;65;66m████[38;2;99;77;82m████[38;2;66;65;66m██[38;2;255;255;255m██[38;2;164;131;127m████[38;2;150;121;120m██[38;2;79;60;60m██[38;2;131;100;95m████████[38;2;66;65;66m██[38;2;132;99;94m██[38;2;123;97;99m██[38;2;0;4;0m██                    
      [38;2;0;8;0m██[38;2;137;138;132m██[38;2;201;196;189m████[38;2;198;195;189m██[38;2;0;4;0m██[38;2;76;67;68m████[38;2;94;75;74m████[38;2;66;54;57m██[38;2;0;8;8m██[38;2;255;255;255m████[38;2;164;131;127m██[38;2;255;255;255m██[38;2;222;182;181m██[38;2;79;60;60m██[38;2;131;100;95m████████[38;2;132;99;94m██[38;2;66;65;66m██[38;2;82;66;66m██[38;2;0;4;0m██      ██            
    ██[38;2;137;135;126m██[38;2;206;199;189m██[38;2;198;195;189m██[38;2;66;65;66m██[38;2;0;4;0m██  ██[38;2;173;174;173m██[38;2;66;69;66m████[38;2;148;150;140m██[38;2;255;255;255m████[38;2;164;131;127m██[38;2;170;116;115m████[38;2;82;77;68m██[38;2;131;99;95m██[38;2;132;99;94m██[38;2;66;65;66m██[38;2;131;100;95m████████████[38;2;0;4;0m████[38;2;0;0;0m██[38;2;148;146;140m██[38;2;0;4;0m██          
    ██[38;2;206;199;189m██[38;2;0;8;0m██[38;2;66;65;66m██[38;2;198;195;189m██[38;2;0;4;0m██  ██[38;2;173;174;173m██[38;2;160;162;160m██[38;2;255;255;255m████[38;2;148;150;140m██[38;2;164;131;127m████[38;2;109;58;57m██[38;2;231;174;173m██[38;2;82;77;68m██[38;2;131;99;95m██[38;2;132;99;94m██[38;2;66;65;66m██[38;2;131;100;95m████████████[38;2;132;98;93m████[38;2;74;73;70m██[38;2;148;146;140m██[38;2;0;4;0m██          
      ██  ██[38;2;198;195;189m████[38;2;0;4;0m██[38;2;222;151;164m██[38;2;255;255;255m██████████[38;2;66;65;66m████[38;2;222;182;181m██[38;2;90;63;65m██[38;2;132;99;94m████[38;2;131;100;95m████[38;2;66;65;66m██[38;2;132;99;94m██[38;2;131;100;95m████████[38;2;132;99;94m██[38;2;66;65;66m██[38;2;148;149;140m████[38;2;98;98;93m██[38;2;0;4;0m████      
    ██  ██[38;2;198;195;189m████[38;2;66;67;63m████[38;2;222;151;164m████[38;2;255;255;255m████[38;2;66;65;66m████[38;2;94;75;74m████[38;2;90;63;65m██[38;2;156;122;123m██[38;2;99;73;74m██[38;2;132;99;94m██[38;2;131;100;95m████[38;2;66;65;66m██[38;2;132;99;94m██[38;2;131;100;95m████████[38;2;66;65;66m████[38;2;148;149;140m████[38;2;148;146;140m██[38;2;98;98;93m██[38;2;198;195;189m██[38;2;0;4;0m██    
  ██[38;2;198;195;189m██[38;2;0;4;0m██[38;2;198;195;189m██[38;2;198;190;181m██[38;2;74;65;66m██[38;2;94;75;74m██[38;2;66;65;66m██[38;2;247;138;165m████[38;2;66;65;66m████[38;2;66;69;66m██[38;2;96;67;68m██[38;2;139;89;90m██[38;2;90;77;74m██[38;2;198;93;107m████[38;2;99;73;74m██[38;2;132;99;94m████[38;2;66;65;66m██[38;2;198;93;107m██[38;2;93;74;73m██[38;2;132;99;94m████[38;2;66;60;66m████[38;2;198;195;189m██[38;2;93;97;95m██[38;2;148;149;140m████[38;2;148;150;140m██[38;2;94;97;94m██[38;2;198;195;189m██[38;2;0;4;0m██    
  ██[38;2;198;195;189m████[38;2;99;99;94m██[38;2;115;106;104m██[38;2;74;65;66m██[38;2;94;75;74m████[38;2;66;65;66m████[38;2;94;75;74m██[38;2;66;65;66m██[38;2;156;65;74m██[38;2;66;69;66m██[38;2;90;77;74m██[38;2;189;101;106m██[38;2;198;93;107m██[38;2;93;74;73m██[38;2;132;99;94m██[38;2;99;73;74m██[38;2;132;99;94m██[38;2;66;65;66m██[38;2;198;93;107m██[38;2;93;74;73m██[38;2;132;99;94m██[38;2;66;65;66m██[38;2;110;103;107m██[38;2;198;190;189m██[38;2;198;195;189m████[38;2;148;149;140m████[38;2;148;150;140m██[38;2;94;97;94m██[38;2;198;195;189m██[38;2;66;67;63m██[38;2;0;4;0m██  
  ██[38;2;198;195;189m██[38;2;94;97;94m████[38;2;140;150;140m██[38;2;82;73;74m██[38;2;94;73;74m██████[38;2;0;4;0m██[38;2;78;42;45m██[38;2;156;69;82m██[38;2;156;69;74m██[38;2;96;71;68m██[38;2;198;95;104m████[38;2;198;93;107m██[38;2;66;65;66m██[38;2;93;74;73m██[38;2;198;93;107m██[38;2;99;73;74m██[38;2;132;99;94m██[38;2;66;65;66m██[38;2;132;99;94m██[38;2;118;108;107m██[38;2;74;65;66m██[38;2;198;195;189m██[38;2;93;97;95m██[38;2;198;195;189m████[38;2;201;196;189m██[38;2;148;150;140m████[38;2;93;93;90m██[38;2;66;65;66m██[38;2;148;150;140m██[38;2;0;4;0m██  
██[38;2;198;195;189m██[38;2;99;99;94m██[38;2;148;150;140m████[38;2;101;98;96m████[38;2;94;73;74m██[38;2;0;4;0m████  [38;2;0;16;8m██[38;2;156;69;82m██[38;2;66;73;66m██[38;2;96;71;68m██[38;2;198;95;104m████[38;2;66;65;66m██[38;2;110;74;79m██[38;2;198;93;107m████[38;2;99;73;74m██[38;2;132;99;94m████[38;2;66;65;66m██[38;2;74;65;66m██[38;2;206;195;189m██[38;2;198;195;189m████[38;2;93;97;95m██[38;2;198;195;189m██[38;2;201;196;189m████[38;2;148;150;140m██[38;2;66;65;66m██[38;2;148;150;140m████[38;2;0;4;0m██  
██[38;2;94;97;94m██[38;2;148;150;140m████[38;2;94;97;94m██[38;2;148;150;140m████[38;2;0;4;0m██    ██[38;2;94;75;74m██[38;2;66;65;66m██[38;2;96;74;74m██[38;2;159;63;74m██[38;2;156;65;74m██[38;2;66;69;66m██[38;2;96;69;71m██[38;2;206;89;99m██[38;2;198;101;107m██[38;2;66;68;68m██[38;2;131;100;95m████[38;2;132;99;94m████[38;2;74;65;66m██[38;2;206;195;189m██[38;2;198;195;189m██████[38;2;93;97;95m████[38;2;198;195;189m██[38;2;201;196;189m██[38;2;148;150;140m██[38;2;148;149;140m████[38;2;0;4;0m██  
██[38;2;94;97;94m██[38;2;148;150;140m██[38;2;94;97;94m██[38;2;148;150;140m██[38;2;0;4;0m████    ██[38;2;156;65;74m██[38;2;94;75;74m██[38;2;66;65;66m██[38;2;96;74;74m██[38;2;159;63;74m██[38;2;66;69;66m██[38;2;96;67;68m██[38;2;96;69;71m██[38;2;151;79;85m██[38;2;66;68;68m██[38;2;132;84;87m██[38;2;131;100;95m████[38;2;99;73;74m██[38;2;132;99;94m██[38;2;118;108;107m██[38;2;74;65;66m██[38;2;66;65;66m██[38;2;198;195;189m████████[38;2;93;97;95m██[38;2;201;196;189m████[38;2;148;149;140m████[38;2;148;150;140m██[38;2;0;4;0m██
██[38;2;148;150;140m██[38;2;0;4;0m██████        ██[38;2;156;65;74m██[38;2;95;74;74m████[38;2;66;65;66m██[38;2;94;75;74m██[38;2;94;73;74m████[38;2;95;74;74m████[38;2;82;68;66m██[38;2;123;101;99m██[38;2;132;99;94m██[38;2;99;73;74m██[38;2;198;93;107m██[38;2;93;74;73m██[38;2;132;99;94m████[38;2;123;101;99m██[38;2;82;68;66m██[38;2;0;4;0m██[38;2;198;195;189m██████[38;2;93;97;95m██[38;2;198;195;189m██[38;2;201;196;189m██[38;2;148;150;140m████[38;2;0;4;0m██
  ██                ██[38;2;95;74;74m████[38;2;94;75;74m██[38;2;66;65;66m██[38;2;0;4;0m██[38;2;94;73;74m██[38;2;95;74;74m████[38;2;82;68;66m██[38;2;0;4;0m██[38;2;132;99;94m██[38;2;99;73;74m██[38;2;198;93;107m████[38;2;99;73;74m██[38;2;132;99;94m██[38;2;82;68;66m██[38;2;0;4;0m██  ████[38;2;198;195;189m████[38;2;93;97;95m██[38;2;201;196;189m██[38;2;148;150;140m████[38;2;0;4;0m██
                  ██[38;2;94;73;74m██[38;2;99;81;82m██[38;2;66;56;54m██[38;2;0;4;0m████  ████████  ██[38;2;66;64;66m██[38;2;57;65;66m██[38;2;189;93;107m██[38;2;94;75;74m████[38;2;94;73;74m██[38;2;0;4;0m██      ██████[38;2;99;99;94m██[38;2;198;195;189m██[38;2;148;150;140m██[38;2;0;4;0m██
                    ██[38;2;0;8;0m████                  [38;2;0;4;0m██[38;2;101;74;79m████[38;2;66;65;66m████[38;2;0;4;0m██              ████[38;2;148;150;140m██[38;2;0;4;0m██
                                              ████[38;2;94;73;74m██████[38;2;0;4;0m██                ██  
                                                  ██████                      
[0m