                                          [38;2;0;0;0m████                            
                                        ██[38;2;148;222;131m██[38;2;0;0;0m██                            
                                      ██[38;2;148;222;131m████[38;2;0;0;0m██                            
                                      ██[38;2;148;222;131m██[38;2;0;0;0m██                              
          ██████                    ██[38;2;148;222;131m████[38;2;0;0;0m██                              
        ██[38;2;57;91;74m██████[38;2;0;0;0m████                ██[38;2;87;159;120m██[38;2;0;0;0m██          ████████              
          ████[38;2;57;91;74m██████[38;2;0;0;0m██            ██[38;2;90;141;123m██[38;2;87;159;120m██[38;2;0;0;0m██      ████[38;2;148;222;131m████████[38;2;0;0;0m██            
              ██[38;2;57;91;74m██[38;2;57;93;74m████[38;2;0;0;0m██          ██[38;2;87;140;120m██[38;2;90;141;123m██[38;2;0;0;0m██    [38;2;0;8;8m██[38;2;148;230;139m██[38;2;148;222;131m████[38;2;0;0;0m██████              
                ██[38;2;57;93;74m████[38;2;57;91;74m██[38;2;0;0;0m██      ██[38;2;87;140;120m████[38;2;0;0;0m██    ██[38;2;98;156;95m██[38;2;148;230;139m██[38;2;148;222;131m██[38;2;0;0;0m██      ████████████  
  ████████████    ██[38;2;63;74;68m██[38;2;57;93;74m████[38;2;0;0;0m██    ██[38;2;86;141;123m████[38;2;0;0;0m██  ██[38;2;87;140;120m██[38;2;82;140;112m██[38;2;90;178;131m██[38;2;0;0;0m██  ██████[38;2;57;91;74m████████████[38;2;0;0;0m██
██[38;2;148;222;131m████████[38;2;87;159;120m████[38;2;0;0;0m████[38;2;63;74;68m████[38;2;57;93;74m████[38;2;57;91;74m██[38;2;0;0;0m██  ██[38;2;57;93;74m████[38;2;65;64;65m██[38;2;0;0;0m██[38;2;87;140;120m████[38;2;82;140;112m██[38;2;65;64;74m██[38;2;65;64;65m██[38;2;0;0;0m██[38;2;57;91;74m██████████[38;2;0;0;0m████████  
  ██████[38;2;90;141;123m██[38;2;87;140;120m████[38;2;87;141;123m████[38;2;102;143;106m██[38;2;65;64;74m██[38;2;60;74;71m████[38;2;54;91;74m████[38;2;0;0;0m██[38;2;63;74;68m██[38;2;57;93;74m████[38;2;65;64;65m██[38;2;86;141;123m██████[38;2;65;64;65m████[38;2;54;91;74m████████[38;2;57;91;74m██[38;2;0;0;0m████          
        ██████[38;2;87;141;123m████[38;2;65;64;74m██[38;2;139;222;139m██[38;2;148;222;131m██[38;2;60;74;71m██[38;2;65;64;65m██[38;2;54;91;74m██[38;2;63;74;68m████[38;2;57;93;74m████[38;2;65;64;65m██[38;2;86;141;123m████[38;2;65;64;65m████[38;2;54;91;74m████[38;2;65;64;65m██████[38;2;0;0;0m██              
              ████[38;2;90;129;115m██[38;2;60;86;76m██[38;2;65;64;74m██[38;2;139;222;139m██[38;2;139;230;139m██[38;2;57;72;82m██[38;2;54;91;74m██[38;2;65;64;65m██[38;2;54;91;74m██[38;2;65;64;65m██[38;2;86;141;123m████[38;2;54;91;74m██[38;2;65;64;65m██[38;2;60;74;71m████[38;2;65;64;65m██[38;2;148;222;131m████████[38;2;0;0;0m██            
                  ██[38;2;60;86;76m██[38;2;102;143;106m██[38;2;65;64;74m██[38;2;98;151;111m████[38;2;65;64;65m██[38;2;54;91;74m████[38;2;65;64;65m██[38;2;86;141;123m██[38;2;57;93;74m██[38;2;65;64;65m████[38;2;60;74;71m██[38;2;148;222;131m██████[38;2;102;143;102m██[38;2;57;64;74m██[38;2;0;0;0m██              
                    ██[38;2;65;90;79m██[38;2;82;141;123m██[38;2;65;64;65m██[38;2;54;91;74m██[38;2;82;141;123m██[38;2;65;64;65m██[38;2;54;91;74m██████[38;2;65;64;65m██[38;2;57;64;74m██[38;2;148;222;131m██[38;2;139;222;139m██[38;2;102;143;106m██[38;2;65;64;65m████████[38;2;49;76;61m██[38;2;8;0;0m██[38;2;0;0;0m██████      
                ████[38;2;65;64;65m██[38;2;57;64;57m██[38;2;65;90;79m██[38;2;54;91;74m██[38;2;65;64;65m██[38;2;71;90;84m██[38;2;65;64;65m████[38;2;54;91;74m████[38;2;65;64;65m██[38;2;148;222;131m██[38;2;102;143;102m██[38;2;65;64;74m████[38;2;65;64;65m████[38;2;86;141;123m████[38;2;90;153;123m████[38;2;148;222;131m██████[38;2;0;0;0m██    
              ██[38;2;205;186;139m██[38;2;205;188;139m████[38;2;65;64;65m████[38;2;54;91;74m████[38;2;57;93;74m████[38;2;65;64;65m██[38;2;54;91;74m██[38;2;57;64;57m██[38;2;82;141;123m██[38;2;71;90;84m██[38;2;65;64;65m████[38;2;86;141;123m██[38;2;87;140;120m████████[38;2;0;0;0m██████████      
          ████[38;2;205;186;139m████[38;2;205;188;139m████[38;2;205;186;139m██[38;2;65;64;65m████[38;2;54;91;74m██[38;2;57;93;74m████[38;2;54;91;74m██[38;2;65;64;65m██[38;2;82;141;123m██[38;2;65;90;79m██[38;2;65;64;65m██[38;2;82;141;123m██[38;2;86;141;123m████[38;2;87;140;120m██[38;2;0;0;0m██████                
        ██[38;2;131;99;94m██[38;2;205;186;139m██[38;2;205;188;139m████████[38;2;205;186;139m████[38;2;65;64;65m████████[38;2;54;91;74m████[38;2;57;93;74m████[38;2;82;141;123m████[38;2;65;64;65m████[38;2;0;0;0m██                      
        ██[38;2;205;186;139m████[38;2;205;188;139m████████[38;2;205;186;139m██[38;2;65;64;65m████[38;2;255;250;180m██████[38;2;65;64;65m████[38;2;57;93;74m████[38;2;65;90;79m██[38;2;57;64;57m██[38;2;65;64;65m██[38;2;255;250;180m████[38;2;0;0;0m████                  
        ████[38;2;205;186;139m██[38;2;205;188;139m████[38;2;205;186;139m████[38;2;65;64;65m██[38;2;255;250;180m██[38;2;254;249;180m████████████[38;2;65;72;65m████[38;2;65;64;65m██[38;2;255;250;180m██[38;2;254;249;180m████[38;2;255;250;180m████[38;2;255;250;205m██[38;2;0;0;0m██                
            ██[38;2;205;188;139m████[38;2;205;186;139m██[38;2;65;64;65m██[38;2;255;250;180m████[38;2;254;249;180m████████████[38;2;255;250;180m██[38;2;65;72;65m██[38;2;255;250;180m████[38;2;254;249;180m████[38;2;128;99;93m██[38;2;255;250;180m██[38;2;255;250;205m████[38;2;0;0;0m██              
            ██[38;2;205;188;139m████[38;2;65;64;65m██[38;2;160;157;127m██[38;2;254;249;180m████[38;2;169;167;142m██[38;2;255;250;213m██[38;2;255;250;180m██████████[38;2;65;64;65m██[38;2;255;250;205m██[38;2;128;99;95m██[38;2;127;125;123m██[38;2;0;0;0m██[38;2;255;255;238m██[38;2;235;226;197m██[38;2;254;249;180m████[38;2;255;250;180m██[38;2;0;0;0m██            
          ██[38;2;127;99;94m██[38;2;205;188;139m████[38;2;65;64;65m██[38;2;255;250;189m██[38;2;254;249;180m████[38;2;255;250;213m██[38;2;0;0;0m██[38;2;128;99;93m██████[38;2;255;250;180m██[38;2;65;64;65m██[38;2;255;250;180m██[38;2;255;250;205m████[38;2;255;250;246m████[38;2;197;170;115m██[38;2;235;226;197m██[38;2;254;249;180m████[38;2;255;250;180m██[38;2;0;0;0m██            
          ██[38;2;205;186;139m████[38;2;65;64;65m████[38;2;255;250;180m██[38;2;254;249;180m████[38;2;255;255;230m██[38;2;0;0;0m██[38;2;255;255;255m████[38;2;193;165;123m██[38;2;255;250;180m██[38;2;65;64;65m██[38;2;255;250;180m██[38;2;254;249;180m████[38;2;193;165;123m████[38;2;255;250;180m████[38;2;255;242;172m██[38;2;128;99;95m██[38;2;131;99;94m██[38;2;205;186;139m██[38;2;0;0;0m██          
            ██[38;2;205;186;139m██[38;2;65;64;65m██[38;2;255;250;180m████[38;2;254;249;180m████[38;2;255;255;230m████[38;2;255;255;255m██[38;2;194;163;123m██[38;2;255;250;180m████[38;2;65;64;65m██[38;2;255;250;180m██[38;2;254;249;180m████[38;2;255;250;180m████[38;2;128;99;93m████[38;2;128;99;95m██[38;2;255;242;172m██[38;2;205;186;139m████[38;2;0;0;0m██          
              ██[38;2;65;64;65m██[38;2;131;101;90m████[38;2;255;250;180m████████████████[38;2;205;186;139m██[38;2;65;64;65m██[38;2;254;249;180m████████████[38;2;255;250;180m██[38;2;205;188;139m██[38;2;205;186;139m██[38;2;0;0;0m██            
                ██[38;2;193;178;164m██[38;2;255;255;238m██[38;2;128;99;93m████████████[38;2;255;250;180m██[38;2;205;188;139m██[38;2;205;186;139m██[38;2;65;64;65m██[38;2;254;249;180m████████████[38;2;205;188;139m████[38;2;205;186;139m██[38;2;0;0;0m██            
                  [38;2;0;0;8m██[38;2;205;190;148m██[38;2;255;121;139m██████[38;2;193;60;90m██[38;2;255;255;246m██[38;2;161;84;87m██[38;2;205;188;139m████[38;2;213;194;148m██[38;2;65;64;65m██[38;2;65;56;57m██[38;2;255;238;172m██[38;2;255;250;180m████[38;2;205;188;139m████[38;2;205;186;139m████[38;2;0;0;0m██              
                  [38;2;0;0;8m██[38;2;68;63;54m██[38;2;205;188;139m██[38;2;255;121;139m██████[38;2;161;84;87m██[38;2;208;169;167m██[38;2;205;188;139m████[38;2;65;64;65m██[38;2;164;151;120m██[38;2;128;117;95m██[38;2;65;56;57m██[38;2;65;64;65m██[38;2;191;188;142m██[38;2;205;188;139m████[38;2;0;0;0m████                
                    ██[38;2;63;59;57m████[38;2;205;186;139m████████[38;2;65;64;65m████[38;2;112;89;74m████[38;2;137;114;112m████[38;2;65;64;65m██[38;2;0;0;0m██████                    
                      [38;2;8;8;16m██[38;2;172;161;139m██[38;2;65;64;65m████████[38;2;169;156;137m████[38;2;172;153;139m██[38;2;142;121;106m██[38;2;137;114;112m██[38;2;115;93;74m██[38;2;0;0;0m██                          
                    ██[38;2;68;66;63m██[38;2;104;91;84m██[38;2;172;157;134m████████████[38;2;139;113;115m██[38;2;112;91;71m██[38;2;101;95;82m██[38;2;65;64;57m██[38;2;0;0;0m██                          
                  ██[38;2;139;113;115m██[38;2;139;117;106m██[38;2;68;66;63m██[38;2;115;93;71m████████████[38;2;112;91;71m██[38;2;139;113;115m██[38;2;65;64;57m██[38;2;172;157;131m██[38;2;172;157;139m██[38;2;0;0;0m██                        
                  ██[38;2;111;91;74m██[38;2;112;91;71m████[38;2;65;64;65m██[38;2;172;153;139m██████[38;2;139;116;112m████[38;2;139;117;106m██[38;2;68;66;63m██[38;2;172;157;137m████████[38;2;0;0;0m██                      
                    ██[38;2;139;113;115m████[38;2;137;124;115m██[38;2;65;64;65m██[38;2;65;60;65m██[38;2;137;122;115m██[38;2;139;116;112m████[38;2;68;66;63m██[38;2;104;91;84m██[38;2;172;157;137m████████[38;2;111;91;74m██[38;2;0;0;0m██                    
                  [38;2;24;12;8m██[38;2;101;93;90m██[38;2;65;64;65m████[38;2;68;66;57m██[38;2;104;91;82m██[38;2;65;64;65m██[38;2;0;0;0m████████[38;2;172;157;139m██[38;2;115;93;71m████████[38;2;172;157;139m██[38;2;0;0;0m██                    
                ██[38;2;255;255;255m██[38;2;101;93;90m██[38;2;139;115;111m████[38;2;139;117;106m████[38;2;0;0;0m██        ██[38;2;172;157;134m████████[38;2;0;0;0m██                      
                  ████[38;2;255;255;255m██[38;2;90;84;84m██[38;2;139;113;115m██[38;2;0;0;0m██        ██[38;2;169;156;137m██[38;2;65;64;57m████████[38;2;169;156;137m██[38;2;0;0;0m██                    
                      [38;2;8;0;0m████[38;2;0;0;0m██          ██[38;2;169;156;137m██[38;2;101;95;82m██[38;2;172;157;131m████[38;2;101;95;82m██[38;2;169;156;137m██[38;2;0;0;0m██                    
                                        ██[38;2;255;255;255m██[38;2;90;84;84m████[38;2;255;255;255m██[38;2;0;0;0m██                      
                                          [38;2;8;0;0m████████                        
[0m