                                          [38;2;0;0;0m████                            
                                        ██[38;2;148;222;131m██[38;2;0;0;0m██                            
                                      ██[38;2;148;222;131m██[38;2;0;0;0m██                              
          ██████                    [38;2;0;4;8m██[38;2;139;234;148m██[38;2;148;222;131m██[38;2;0;0;0m██                              
        ██[38;2;57;91;74m██████[38;2;0;0;0m████                [38;2;0;4;8m██[38;2;93;157;101m██[38;2;0;0;0m██          ████████              
          ████[38;2;57;91;74m██[38;2;57;93;74m████[38;2;0;0;0m██            ██[38;2;87;141;123m████[38;2;0;0;0m██      ████[38;2;148;222;131m████████[38;2;0;0;0m██            
              ██[38;2;57;93;74m████[38;2;57;91;74m██[38;2;0;0;0m██          ██[38;2;87;141;123m████[38;2;0;0;0m██    ██[38;2;148;222;131m██████[38;2;0;0;0m██████              
                ██[38;2;57;91;74m██[38;2;57;93;74m████[38;2;0;0;0m██      ██[38;2;87;140;120m████[38;2;0;0;0m██    ██[38;2;87;151;120m██[38;2;148;230;139m████[38;2;0;0;0m██      ████████████  
  ████████████    ██[38;2;57;93;74m████[38;2;57;91;74m██[38;2;0;0;0m██    ██[38;2;87;140;120m████[38;2;0;0;0m██  ██[38;2;87;151;120m████[38;2;98;156;95m██[38;2;0;8;8m██  [38;2;0;0;0m██████[38;2;57;91;74m████████████[38;2;0;0;0m██
██[38;2;148;222;131m██████[38;2;139;226;131m██[38;2;101;169;126m██[38;2;87;140;120m██[38;2;0;0;0m██████[38;2;65;64;65m██[38;2;54;91;74m██[38;2;57;93;74m████[38;2;0;0;0m██  ██[38;2;60;83;71m████[38;2;0;0;0m████[38;2;87;140;120m██[38;2;86;141;123m████[38;2;63;74;68m██[38;2;0;0;0m████[38;2;57;91;74m██[38;2;57;93;74m████[38;2;57;91;74m████[38;2;0;0;0m████████  
  ██████[38;2;82;141;123m████[38;2;87;140;120m████████[38;2;65;64;65m████[38;2;57;93;74m████[38;2;57;91;74m██[38;2;0;0;0m██[38;2;60;83;71m████████[38;2;87;140;120m████[38;2;86;141;123m██[38;2;65;64;65m██[38;2;63;74;68m████[38;2;57;91;74m████[38;2;57;93;74m████[38;2;0;0;0m████          
        ██████[38;2;90;141;123m████[38;2;49;70;61m██[38;2;148;222;131m████[38;2;65;64;65m████[38;2;54;91;74m████[38;2;65;64;65m██[38;2;54;91;74m██[38;2;71;90;84m██[38;2;65;64;65m██[38;2;86;141;123m████[38;2;65;64;65m████[38;2;54;91;74m████[38;2;65;64;65m████[38;2;54;74;49m██[38;2;8;0;8m██              
              [38;2;0;0;0m██[38;2;8;0;0m██[38;2;90;141;123m██[38;2;65;64;65m████[38;2;148;222;131m████[38;2;65;64;65m██[38;2;54;91;74m██[38;2;65;64;65m██[38;2;54;91;74m██[38;2;65;64;65m██[38;2;82;141;123m██[38;2;86;141;123m██[38;2;57;93;74m██[38;2;65;64;65m██[38;2;54;91;74m██[38;2;65;64;65m████[38;2;148;222;131m████████[38;2;0;0;0m██            
                  ██[38;2;54;94;76m██[38;2;82;141;115m██[38;2;65;64;65m██[38;2;86;141;123m██[38;2;90;174;131m██[38;2;65;76;74m██[38;2;54;91;74m████[38;2;57;64;57m██[38;2;82;141;123m██[38;2;54;91;74m██[38;2;65;64;65m██████[38;2;148;222;131m████[38;2;139;222;139m██[38;2;102;143;106m██[38;2;65;64;65m██[38;2;0;0;0m██              
                    ██[38;2;54;94;76m██[38;2;86;141;123m██[38;2;65;64;65m██[38;2;65;76;74m██[38;2;82;141;112m██[38;2;65;64;65m██[38;2;54;91;74m██[38;2;65;90;79m████[38;2;65;64;65m████[38;2;148;222;131m████[38;2;102;143;102m██[38;2;57;64;74m██[38;2;65;64;74m████[38;2;65;64;65m████[38;2;0;0;0m████████      
                ████[38;2;65;64;65m████[38;2;54;91;74m████[38;2;65;64;65m██[38;2;54;91;74m██[38;2;65;64;65m████[38;2;54;91;74m████[38;2;57;76;74m██[38;2;139;218;139m██[38;2;86;141;123m██[38;2;65;64;65m████████[38;2;86;141;123m██[38;2;87;140;120m████[38;2;93;157;101m██[38;2;139;234;148m██[38;2;148;222;131m████[38;2;0;0;0m██    
              ██[38;2;205;186;139m██████[38;2;65;64;65m████[38;2;54;91;74m████████[38;2;65;64;65m██[38;2;54;91;74m██[38;2;65;64;65m██[38;2;98;147;106m██[38;2;57;76;74m██[38;2;65;64;65m████[38;2;86;141;123m████████[38;2;87;140;120m██[38;2;0;0;0m██[38;2;0;4;8m████[38;2;0;0;0m████      
          ████[38;2;205;186;139m██[38;2;205;188;139m████████[38;2;65;64;65m████[38;2;54;91;74m████████[38;2;57;64;57m██[38;2;82;141;123m██[38;2;65;90;79m██[38;2;57;64;57m██[38;2;86;141;123m████[38;2;90;141;123m████[38;2;0;0;0m██████                
        ██[38;2;127;99;94m██[38;2;205;186;139m████[38;2;205;188;139m████████[38;2;205;186;139m██[38;2;65;64;65m████████[38;2;54;91;74m██[38;2;65;90;79m██████[38;2;82;141;123m██[38;2;86;141;123m██[38;2;65;64;65m██[38;2;49;70;61m██[38;2;8;0;0m██                      
        [38;2;0;0;0m██[38;2;205;186;139m██[38;2;205;188;139m████████[38;2;205;186;139m████[38;2;65;64;65m████[38;2;205;188;139m████[38;2;205;186;139m██[38;2;65;64;65m██[38;2;65;72;65m████[38;2;54;91;74m████[38;2;65;64;65m████[38;2;205;188;139m████[38;2;0;0;0m████                  
        ████[38;2;205;188;139m████████[38;2;205;186;139m██[38;2;65;64;65m██[38;2;205;186;139m████[38;2;205;188;139m████[38;2;205;186;139m██████[38;2;65;72;65m██[38;2;54;91;74m██[38;2;65;64;65m██[38;2;205;186;139m████[38;2;205;188;139m████[38;2;205;186;139m████[38;2;0;0;0m██                
            ██[38;2;205;186;139m██████[38;2;74;64;74m██[38;2;255;250;180m██████[38;2;172;152;145m██[38;2;131;101;90m████[38;2;193;178;164m██[38;2;205;188;139m████[38;2;65;64;65m██[38;2;205;186;139m██████[38;2;255;246;213m██[38;2;127;123;106m██[38;2;255;250;180m██[38;2;205;188;139m██[38;2;255;250;205m██[38;2;0;0;0m██              
            ██[38;2;205;186;139m████[38;2;65;64;65m██[38;2;164;157;127m██[38;2;255;250;180m████[38;2;172;157;135m██[38;2;255;255;255m████[38;2;255;255;238m██[38;2;131;101;90m██[38;2;205;188;139m████[38;2;65;64;65m██[38;2;205;186;139m██[38;2;131;99;94m████[38;2;0;0;0m██[38;2;255;246;213m██[38;2;255;250;180m████[38;2;255;250;205m████[38;2;0;0;0m██            
          ██[38;2;131;99;94m██[38;2;205;186;139m████[38;2;65;64;65m██[38;2;254;249;180m████[38;2;255;250;180m██[38;2;172;157;135m██[38;2;255;255;255m██[38;2;0;0;0m██[38;2;255;255;255m██[38;2;139;105;82m██[38;2;255;250;180m██[38;2;65;64;65m██[38;2;255;250;180m██[38;2;205;188;139m██[38;2;255;255;255m████[38;2;255;255;238m██[38;2;197;165;123m██[38;2;254;249;180m████[38;2;255;250;180m████[38;2;0;0;0m██            
          ██[38;2;205;186;139m████[38;2;65;64;65m████[38;2;254;249;180m████[38;2;255;250;180m██[38;2;172;157;135m██[38;2;255;255;255m██████[38;2;178;155;139m██[38;2;255;250;180m██[38;2;65;64;65m██[38;2;255;250;180m████[38;2;205;188;139m████[38;2;197;165;123m██[38;2;235;225;200m██[38;2;254;249;180m████[38;2;128;99;93m████[38;2;205;186;139m██[38;2;0;0;0m██          
            ██[38;2;205;186;139m██[38;2;65;56;65m██[38;2;255;242;180m██[38;2;255;250;180m████[38;2;254;249;180m████[38;2;172;157;135m██[38;2;255;250;205m██[38;2;193;165;123m██[38;2;255;250;180m████[38;2;65;64;65m██[38;2;255;250;180m████[38;2;254;249;180m████[38;2;255;250;180m██[38;2;128;99;93m██████[38;2;255;250;180m██[38;2;205;188;139m██[38;2;205;186;139m██[38;2;0;0;0m██          
              ██[38;2;65;56;65m██[38;2;128;118;104m██[38;2;128;99;93m██[38;2;255;250;180m██[38;2;254;249;180m████[38;2;255;250;205m████[38;2;255;250;180m██████[38;2;191;188;142m██[38;2;65;64;65m██[38;2;255;250;180m██[38;2;254;249;180m████[38;2;255;250;180m████████[38;2;205;188;139m████[38;2;0;0;0m██            
                ██[38;2;205;186;139m██[38;2;255;242;238m██[38;2;148;89;74m██[38;2;131;99;94m████[38;2;150;87;95m████[38;2;131;97;90m██[38;2;255;242;172m██[38;2;205;188;139m████[38;2;65;64;65m██[38;2;255;250;180m██[38;2;254;249;180m████[38;2;255;250;180m██████[38;2;205;188;139m██[38;2;205;186;139m████[38;2;0;0;0m██            
                  ██[38;2;201;165;156m████[38;2;255;121;139m████[38;2;150;87;95m██[38;2;255;255;255m██[38;2;131;97;90m██[38;2;213;194;145m██[38;2;205;188;139m████[38;2;65;64;65m████[38;2;254;249;180m████[38;2;255;250;180m██[38;2;205;188;139m██████[38;2;205;186;139m██[38;2;0;0;0m██              
                    ██[38;2;205;186;139m██[38;2;255;109;139m██[38;2;172;72;93m██[38;2;191;62;90m████[38;2;205;186;139m████[38;2;205;182;148m██[38;2;65;64;65m██[38;2;137;117;115m██[38;2;68;60;57m██[38;2;0;0;0m████[38;2;205;186;139m██████[38;2;0;0;0m████                
                      ██[38;2;8;0;0m██[38;2;172;72;93m██[38;2;191;62;90m████[38;2;205;186;139m██[38;2;65;64;65m████[38;2;135;123;106m██[38;2;137;117;115m██[38;2;0;4;0m██    [38;2;0;0;0m██████                    
                          ██████[38;2;54;49;43m██[38;2;148;125;115m██[38;2;139;113;115m████[38;2;0;0;0m██                                
                                [38;2;8;12;8m██[38;2;101;87;79m██[38;2;112;91;71m████[38;2;0;0;0m██                                
                                ██[38;2;169;156;137m██[38;2;172;156;134m██[38;2;139;114;112m██[38;2;0;0;0m██                                
                                ██[38;2;169;156;137m██[38;2;172;156;134m████[38;2;0;0;0m██                                
                                ██[38;2;115;99;87m██[38;2;115;93;71m████[38;2;0;0;0m██                                
                                ██[38;2;172;149;131m██[38;2;172;157;134m████[38;2;0;0;0m██                                
                                ██[38;2;172;153;131m██[38;2;172;157;134m████[38;2;0;0;0m██          ████      ██████      
                              ██[38;2;172;153;131m██[38;2;115;102;87m██[38;2;115;93;71m████[38;2;172;157;139m██[38;2;0;0;0m██      ██[38;2;57;91;74m████[38;2;0;0;0m██  ██[38;2;90;174;123m██████[38;2;0;0;0m██    
                            ██[38;2;180;165;139m██[38;2;202;180;148m████[38;2;172;155;135m████[38;2;172;157;137m████[38;2;0;0;0m██      ██[38;2;57;91;74m██[38;2;68;68;63m██[38;2;0;12;8m██[38;2;90;178;131m██[38;2;82;140;109m██[38;2;57;91;74m██[38;2;0;0;0m██      
                          ██[38;2;180;165;139m████[38;2;202;180;148m████[38;2;205;178;148m██[38;2;172;155;135m██[38;2;172;157;137m████[38;2;0;0;0m██        ██[38;2;68;68;63m██[38;2;137;125;117m██[38;2;65;64;65m████[38;2;0;0;0m██        
                          ██[38;2;115;93;71m██[38;2;172;157;134m██[38;2;205;178;148m████[38;2;172;157;134m████[38;2;115;93;71m████[38;2;169;156;137m██[38;2;0;0;0m██        [38;2;8;4;8m██[38;2;123;106;95m██[38;2;65;68;65m██[38;2;205;255;172m████[38;2;0;0;0m██      
                        ██[38;2;172;157;139m██[38;2;172;157;134m██[38;2;115;93;71m██[38;2;112;91;71m████[38;2;115;93;71m████[38;2;172;157;134m████[38;2;169;156;137m██[38;2;0;0;0m██      ██[38;2;180;157;139m████[38;2;65;68;65m██[38;2;159;192;137m██[38;2;205;255;172m████[38;2;0;0;0m██    
                        [38;2;8;12;8m██[38;2;148;125;115m██[38;2;172;157;135m████[38;2;172;157;137m████████[38;2;172;157;134m████[38;2;104;91;84m██[38;2;139;117;106m██[38;2;0;0;0m████[38;2;8;4;8m██[38;2;189;161;148m██[38;2;169;156;137m████[38;2;65;64;65m██[38;2;164;206;148m██[38;2;164;208;143m██[38;2;205;255;172m██[38;2;0;0;0m██    
                      ██[38;2;54;49;43m██[38;2;101;87;79m██[38;2;115;93;74m██[38;2;172;157;135m██[38;2;172;157;137m████████[38;2;115;93;71m████[38;2;68;66;63m████[38;2;148;121;115m██[38;2;98;80;76m██[38;2;128;109;101m████[38;2;169;156;137m██[38;2;65;64;65m██[38;2;164;206;148m████[38;2;164;208;143m██[38;2;205;255;172m██[38;2;0;0;0m██    
                    ██[38;2;148;121;115m██[38;2;145;116;106m██[38;2;74;64;57m██[38;2;139;117;106m██[38;2;104;91;82m██[38;2;112;91;71m████████[38;2;137;124;115m██[38;2;65;64;65m██[38;2;139;114;112m████[38;2;65;64;65m██[38;2;139;115;111m██[38;2;98;80;76m██[38;2;148;121;115m██[38;2;0;0;0m████[38;2;164;206;148m██████[38;2;0;0;0m██      
                    ██[38;2;98;80;76m██[38;2;109;90;82m████[38;2;68;66;57m██[38;2;139;117;106m██[38;2;139;113;115m████████[38;2;65;64;65m██[38;2;172;153;139m██[38;2;172;156;134m██[38;2;139;114;112m██[38;2;65;64;65m██[38;2;139;115;111m██[38;2;0;0;0m████    ██████        
                      ██[38;2;139;115;111m████[38;2;139;117;106m██[38;2;68;66;63m██[38;2;68;62;63m██[38;2;137;120;117m██[38;2;137;116;115m██[38;2;68;58;57m██[38;2;172;157;135m████[38;2;172;157;134m████[38;2;115;99;87m██[38;2;0;0;0m██                      
                    ██[38;2;139;113;115m██[38;2;65;64;65m████[38;2;68;66;63m██[38;2;104;91;84m██[38;2;68;62;63m██[38;2;0;4;8m██[38;2;0;0;0m████[38;2;172;157;135m██[38;2;115;93;74m██[38;2;115;93;71m████[38;2;172;149;131m██[38;2;0;0;0m██                      
                  ██[38;2;205;194;180m██[38;2;102;97;90m██[38;2;142;120;112m████[38;2;139;113;115m████[38;2;0;0;0m██      [38;2;0;4;8m██[38;2;172;157;139m██[38;2;169;156;137m████[38;2;172;157;139m██[38;2;0;4;8m██                      
                    [38;2;0;0;0m████[38;2;197;190;189m██[38;2;115;85;74m██[38;2;139;113;115m██[38;2;0;0;0m██      ██[38;2;172;157;139m██[38;2;57;55;52m██[38;2;65;64;65m████[38;2;57;55;52m██[38;2;172;157;139m██[38;2;0;0;0m██                    
                        ██████        ██[38;2;172;167;159m██[38;2;90;83;79m██[38;2;172;157;134m████[38;2;90;83;79m██[38;2;172;167;159m██[38;2;0;0;0m██                    
                                        [38;2;8;0;0m██[38;2;255;250;238m██[38;2;115;93;71m████[38;2;255;250;238m██[38;2;8;0;0m██                      
                                          [38;2;0;0;0m████████                        
[0m