                                    [38;2;0;0;0m████                                                        
                                ████[38;2;66;65;66m██[38;2;132;109;107m██[38;2;0;0;0m██                                                      
                              ██[38;2;132;109;107m██[38;2;132;111;111m██[38;2;66;65;66m██[38;2;132;113;115m██[38;2;0;4;0m██                                                      
                                [38;2;0;0;0m██[38;2;132;111;111m████[38;2;132;113;115m██[38;2;66;58;57m██[38;2;0;0;0m████                                                  
                              ██  [38;2;0;4;0m██[38;2;132;113;115m██[38;2;140;113;115m██[38;2;8;4;0m██[38;2;132;111;112m████[38;2;0;0;0m██                                                
    ██████                  ██[38;2;132;109;107m██[38;2;0;0;0m██[38;2;66;58;57m██[38;2;132;113;115m██[38;2;96;76;76m██[38;2;140;113;115m██[38;2;132;111;112m████[38;2;0;0;0m██                                                
  ██[38;2;206;170;140m██[38;2;206;168;137m████[38;2;0;0;0m██              ██[38;2;132;113;115m██[38;2;132;111;111m████[38;2;74;65;66m██[38;2;107;88;88m██[38;2;132;111;111m████[38;2;107;93;90m██[38;2;71;62;60m██[38;2;0;0;0m██                                                
  ██[38;2;206;170;140m██[38;2;206;168;137m████[38;2;214;207;189m██[38;2;0;0;0m██  ██████    ██[38;2;66;56;57m██[38;2;66;65;66m██[38;2;132;111;111m██[38;2;140;111;110m██[38;2;107;88;88m██[38;2;132;111;111m██[38;2;66;65;66m██[38;2;71;62;60m██[38;2;0;0;0m██                                                  
██[38;2;206;168;137m████[38;2;200;165;137m██[38;2;219;206;192m██[38;2;247;251;247m██[38;2;0;0;0m██[38;2;0;4;0m██[38;2;132;113;115m██[38;2;132;111;111m██[38;2;66;65;66m██[38;2;0;0;0m████[38;2;66;65;66m██[38;2;110;88;88m██[38;2;134;111;110m██[38;2;112;88;88m██[38;2;132;111;112m████[38;2;132;111;111m████[38;2;132;111;112m████[38;2;0;0;0m██                                                
██[38;2;206;168;137m████[38;2;219;206;192m██[38;2;239;247;247m██[38;2;247;251;247m████[38;2;66;58;57m██[38;2;132;113;115m██[38;2;66;65;66m██[38;2;132;111;111m██[38;2;107;89;90m██[38;2;71;59;60m██[38;2;66;65;66m████[38;2;134;111;110m████[38;2;132;111;112m████[38;2;132;111;111m██[38;2;66;65;66m██[38;2;132;111;112m████[38;2;132;109;107m██[38;2;0;0;0m██                                              
  ██[38;2;181;186;181m██[38;2;172;172;172m██[38;2;255;255;255m██[38;2;247;251;247m██████[38;2;66;65;66m██[38;2;132;109;107m██[38;2;110;94;93m██[38;2;66;65;66m████[38;2;96;94;90m██[38;2;66;65;66m██[38;2;110;94;93m██[38;2;132;109;107m██████[38;2;66;65;66m██████[38;2;132;111;111m██[38;2;132;110;110m██[38;2;0;0;0m██                                              
    ██[38;2;8;8;8m██[38;2;172;172;172m██[38;2;181;188;185m██[38;2;247;251;247m██████[38;2;66;65;66m████[38;2;110;88;88m██[38;2;66;65;66m██[38;2;156;154;140m██[38;2;66;65;66m████[38;2;132;109;107m██[38;2;110;94;93m██[38;2;66;65;66m████[38;2;110;88;88m██[38;2;132;111;111m████[38;2;132;110;110m████[38;2;0;0;0m██                                            
        ██[38;2;181;186;181m████[38;2;181;188;185m██[38;2;247;251;247m████[38;2;181;188;185m██[38;2;66;65;66m████[38;2;123;103;101m██[38;2;255;255;255m██[38;2;0;0;24m██[38;2;82;67;45m██[38;2;66;65;66m████[38;2;115;97;99m████[38;2;82;73;74m████[38;2;132;111;112m████[38;2;0;0;0m██                                            
          ████[38;2;181;188;185m████████[38;2;181;186;186m██[38;2;66;65;66m██[38;2;123;103;101m████[38;2;165;134;66m██[38;2;82;67;45m██[38;2;66;65;66m██[38;2;132;111;111m██[38;2;76;64;66m██[38;2;0;0;0m██[38;2;255;255;255m██[38;2;82;73;74m██[38;2;132;111;112m████[38;2;0;0;0m██                                            
              ██[38;2;66;65;66m██[38;2;181;186;186m████████[38;2;66;65;66m████[38;2;255;210;65m████[38;2;164;138;57m██[38;2;74;65;57m██[38;2;255;255;247m██[38;2;172;166;160m██[38;2;156;154;140m██[38;2;115;89;90m██[38;2;132;110;110m████[38;2;0;0;0m██                                            
                ██[38;2;66;65;66m████[38;2;181;186;186m██[38;2;66;65;66m██[38;2;255;211;66m████[38;2;255;210;65m████[38;2;255;211;57m████[38;2;90;77;74m████[38;2;115;89;90m██[38;2;128;110;106m██[38;2;132;110;110m██[38;2;0;0;0m██                                              
                ██[38;2;153;154;140m████[38;2;66;65;66m██[38;2;255;211;66m██[38;2;255;211;57m████[38;2;176;135;44m████[38;2;160;138;61m██[38;2;255;211;57m██[38;2;247;203;74m██[38;2;57;56;74m██[38;2;132;111;112m████[38;2;107;88;88m████[38;2;0;0;0m██    ██                                      
                ██[38;2;153;154;140m████[38;2;66;65;66m██[38;2;255;211;66m██[38;2;164;138;57m██[38;2;74;65;57m██[38;2;66;65;66m████████[38;2;57;56;74m██[38;2;120;105;74m██[38;2;132;111;112m████[38;2;140;111;110m██[38;2;74;65;66m██[38;2;66;65;66m██[38;2;0;0;0m████[38;2;132;109;107m██[38;2;0;0;0m██              ██████                
                  ██[38;2;148;154;140m████[38;2;74;77;70m██[38;2;66;65;66m██[38;2;152;154;140m██[38;2;123;121;107m██[38;2;214;207;189m██[38;2;152;154;139m████[38;2;211;205;192m████[38;2;120;105;101m████[38;2;66;65;66m██[38;2;132;111;111m██[38;2;132;111;112m████[38;2;110;94;93m██[38;2;132;109;107m██[38;2;71;59;60m██[38;2;0;0;0m██          ██[38;2;148;190;99m████[38;2;99;166;82m██[38;2;0;8;8m██              
                    [38;2;0;0;0m████[38;2;148;154;140m██[38;2;66;65;66m██[38;2;152;154;140m██[38;2;153;149;134m██[38;2;123;121;107m██[38;2;214;207;189m████[38;2;211;205;192m████[38;2;214;203;189m██[38;2;74;56;57m██[38;2;132;111;111m████[38;2;132;111;112m████[38;2;132;109;107m██[38;2;66;65;66m██[38;2;107;89;90m██[38;2;0;0;0m██            [38;2;0;8;0m██[38;2;98;129;66m██[38;2;99;166;82m██[38;2;66;113;57m██[38;2;0;0;0m██            
                        ████[38;2;214;207;189m████[38;2;119;121;106m██[38;2;152;154;139m████[38;2;211;205;192m████[38;2;214;207;189m██[38;2;66;65;66m██[38;2;112;88;88m██[38;2;134;111;110m████████[38;2;112;88;88m██[38;2;104;100;98m██[38;2;66;60;57m██[38;2;0;0;0m██          [38;2;16;0;0m██[38;2;27;83;60m██[38;2;111;158;69m██[38;2;16;134;90m██[38;2;0;0;0m██    ██████  
                            ██[38;2;214;207;189m████████[38;2;211;205;192m████[38;2;214;207;189m██[38;2;66;65;66m██[38;2;112;88;88m██████[38;2;134;111;110m██[38;2;112;88;88m████[38;2;66;60;57m██[38;2;181;182;181m██[38;2;148;182;99m██[38;2;0;0;0m██████████[38;2;33;125;90m████[38;2;16;134;90m████[38;2;66;65;66m██[38;2;0;0;0m████[38;2;4;103;66m██[38;2;16;132;88m██[38;2;0;0;0m██  
                              ██[38;2;148;154;140m██[38;2;214;207;189m████████[38;2;153;154;140m████[38;2;57;52;52m██[38;2;106;101;96m██[38;2;110;89;88m████[38;2;107;89;90m██[38;2;71;59;60m██[38;2;181;188;186m████[38;2;112;157;66m██[38;2;148;182;99m██[38;2;148;182;90m████[38;2;19;132;90m████[38;2;16;134;90m████[38;2;8;117;74m██[38;2;65;64;65m██[38;2;66;65;66m████[38;2;8;117;74m████[38;2;0;0;0m██    
                                ██[38;2;123;121;115m██[38;2;153;149;139m██[38;2;152;154;139m████[38;2;153;154;140m████[38;2;156;150;140m██[38;2;8;4;8m██[38;2;0;0;0m████████[38;2;115;158;66m████[38;2;112;157;66m████[38;2;106;164;87m██[38;2;24;130;82m██[38;2;19;132;90m████[38;2;16;134;90m██[38;2;5;104;62m██[38;2;65;64;65m██[38;2;8;117;74m██[38;2;0;101;66m████[38;2;65;64;65m████[38;2;0;0;0m██    
                                ██[38;2;60;58;54m██[38;2;165;158;148m██[38;2;154;154;142m████[38;2;148;154;140m████[38;2;0;0;0m██          ██████[38;2;115;158;66m██[38;2;4;103;66m████[38;2;0;101;66m████[38;2;66;65;66m████[38;2;16;101;74m████[38;2;4;103;66m██████████[38;2;0;0;0m██  
                              ██[38;2;66;65;66m██[38;2;112;108;101m██[38;2;8;8;8m██[38;2;0;0;0m████[38;2;74;77;70m██[38;2;0;0;0m██                  ██████[38;2;66;65;66m████[38;2;0;101;66m████[38;2;16;67;52m██[38;2;16;0;8m██[38;2;0;0;0m████████[38;2;4;103;66m████[38;2;0;0;0m██
                            ██[38;2;173;134;49m██████[38;2;0;0;0m██  ██[38;2;164;138;57m██[38;2;74;65;57m██[38;2;0;0;0m██                      ██████████          ██████
                              ██████  ██[38;2;173;134;49m██[38;2;255;211;57m████[38;2;173;134;49m██[38;2;0;0;0m██                                              
                                      ██████[38;2;255;211;66m██[38;2;0;0;0m████                                              
                                            ██                                                  
[0m