                                                  [38;2;0;0;0m████      
                                            ██████[38;2;197;140;49m████[38;2;0;0;0m██    
                                            ██[38;2;197;140;49m██[38;2;123;82;49m██[38;2;197;140;49m████[38;2;0;0;0m██████
                                  ████      ██[38;2;197;140;49m██[38;2;123;82;49m██[38;2;197;140;49m██[38;2;123;82;49m██[38;2;197;140;49m████[38;2;0;0;0m██
                      ████    ████[38;2;197;181;107m██[38;2;0;0;0m██    ██[38;2;165;107;49m██[38;2;197;140;49m██[38;2;123;82;49m██[38;2;197;140;49m██[38;2;123;82;49m██[38;2;197;140;49m████[38;2;0;0;0m██
              ████    ██[38;2;197;181;107m██[38;2;0;0;0m████[38;2;197;181;107m██[38;2;65;65;65m██[38;2;197;181;107m██[38;2;65;65;65m██[38;2;0;0;0m██  ██[38;2;165;107;49m██[38;2;123;82;49m██[38;2;165;107;49m██[38;2;123;82;49m██[38;2;197;140;49m████[38;2;0;0;0m██  
          ████[38;2;247;107;66m██[38;2;0;0;0m██    ██[38;2;197;181;107m██████████[38;2;156;140;66m██[38;2;255;239;156m██[38;2;65;65;65m██[38;2;0;0;0m██[38;2;65;65;65m██[38;2;165;107;49m██[38;2;123;82;49m██[38;2;165;107;49m██[38;2;123;82;49m██[38;2;165;107;49m██[38;2;123;82;49m██[38;2;0;0;0m██  
        ██[38;2;247;107;66m██[38;2;0;0;0m██[38;2;247;107;66m██[38;2;189;82;66m██[38;2;0;0;0m████[38;2;197;181;107m██[38;2;123;82;49m████[38;2;197;181;107m██[38;2;156;140;66m██[38;2;197;181;107m██[38;2;156;140;66m██[38;2;255;239;156m████████[38;2;65;65;65m██[38;2;165;107;49m██[38;2;123;82;49m██[38;2;165;107;49m████[38;2;0;0;0m██    
        ██[38;2;247;107;66m██[38;2;189;82;66m██[38;2;140;49;49m██[38;2;189;82;66m██[38;2;65;65;65m██[38;2;165;107;49m████████[38;2;156;140;66m██[38;2;255;239;156m██[38;2;156;140;66m██[38;2;255;239;156m██████[38;2;197;181;107m██[38;2;0;0;0m██[38;2;65;65;65m████[38;2;123;82;49m██[38;2;165;107;49m██[38;2;0;0;0m██      
        ██[38;2;140;49;49m██[38;2;189;82;66m██[38;2;140;49;49m██[38;2;189;82;66m████[38;2;65;65;65m████[38;2;165;107;49m████[38;2;65;65;65m██[38;2;255;239;156m██████████████[38;2;165;107;49m████[38;2;65;65;65m██[38;2;0;0;0m██        
      ██[38;2;247;107;66m██[38;2;140;49;49m██[38;2;189;82;66m██████[38;2;65;65;65m██[38;2;197;140;49m████[38;2;65;65;65m████[38;2;197;140;49m████[38;2;123;82;49m██[38;2;197;181;107m██[38;2;255;239;156m██████[38;2;165;107;49m██[38;2;197;140;49m████[38;2;165;107;49m████[38;2;0;0;0m██      
      ██[38;2;247;107;66m██[38;2;189;82;66m██[38;2;140;49;49m██[38;2;189;82;66m██[38;2;65;65;65m██[38;2;197;140;49m████████████████[38;2;123;82;49m████[38;2;65;65;65m██[38;2;255;239;156m████[38;2;165;107;49m██[38;2;197;140;49m████[38;2;165;107;49m████[38;2;0;0;0m██    
        ██[38;2;189;82;66m██████[38;2;197;197;197m██[38;2;197;140;49m██[38;2;165;107;49m██[38;2;0;0;0m██████[38;2;165;107;49m██[38;2;197;140;49m██████████[38;2;65;65;65m██[38;2;197;140;49m██████[38;2;123;82;49m██[38;2;197;140;49m██[38;2;165;107;49m██[38;2;0;0;0m██    
        ██[38;2;65;65;65m██[38;2;189;82;66m██[38;2;0;0;0m██[38;2;255;255;255m██[38;2;165;107;49m██[38;2;0;0;0m██      ██[38;2;197;140;49m████████[38;2;165;107;49m████[38;2;65;65;65m██[38;2;197;140;49m████[38;2;123;82;49m██[38;2;197;140;49m██[38;2;123;82;49m██[38;2;165;107;49m██[38;2;0;0;0m██  
      ██[38;2;239;173;165m██[38;2;214;132;132m██[38;2;65;65;65m██[38;2;255;255;255m██[38;2;165;107;49m████[38;2;0;0;0m██    ██[38;2;165;107;49m██[38;2;197;140;49m██[38;2;123;82;49m██[38;2;197;140;49m██[38;2;123;82;49m██[38;2;165;107;49m████[38;2;65;65;65m██[38;2;197;140;49m████[38;2;123;82;49m██[38;2;197;140;49m██[38;2;123;82;49m██[38;2;165;107;49m██[38;2;0;0;0m██  
      ██[38;2;239;173;165m████[38;2;65;65;65m██[38;2;214;132;132m██[38;2;165;107;49m██[38;2;0;0;0m██      ████[38;2;123;82;49m████[38;2;197;140;49m██[38;2;123;82;49m████[38;2;65;65;65m██[38;2;197;140;49m████[38;2;123;82;49m██[38;2;197;140;49m████[38;2;123;82;49m██[38;2;165;107;49m██[38;2;0;0;0m██  
    ██[38;2;239;173;165m████[38;2;65;65;65m██[38;2;214;132;132m██[38;2;0;0;0m████            ██[38;2;165;107;49m██[38;2;123;82;49m████[38;2;165;107;49m██[38;2;65;65;65m██[38;2;197;140;49m████[38;2;123;82;49m██[38;2;197;140;49m██[38;2;123;82;49m██[38;2;197;181;107m██[38;2;0;0;0m██    
  ██[38;2;239;173;165m████[38;2;65;65;65m██[38;2;214;132;132m██[38;2;0;0;0m██                ██[38;2;65;65;65m████[38;2;165;107;49m████[38;2;65;65;65m██[38;2;255;239;156m██[38;2;197;181;107m██[38;2;65;65;65m██[38;2;255;239;156m██[38;2;65;65;65m██[38;2;197;181;107m██[38;2;0;0;0m██    
  ██[38;2;239;173;165m████[38;2;0;0;0m████                ██[38;2;239;173;165m██[38;2;214;132;132m██[38;2;0;0;0m████[38;2;65;65;65m██[38;2;255;239;156m████[38;2;65;65;65m██[38;2;255;239;156m██[38;2;65;65;65m██[38;2;197;181;107m██[38;2;0;0;0m██      
██[38;2;239;173;165m██[38;2;0;0;0m████                    ██[38;2;214;132;132m██[38;2;0;0;0m██    ██[38;2;255;239;156m██[38;2;197;181;107m██[38;2;65;65;65m██[38;2;255;239;156m██[38;2;0;0;0m████        
████                          ████    ██[38;2;197;181;107m██[38;2;65;65;65m██[38;2;0;0;0m████            
                                        ████                
[0m