                  [38;2;0;0;0m████                                                
                ██[38;2;137;40;38m████[38;2;0;0;0m██                                              
              ██[38;2;137;40;38m██[38;2;134;41;38m████[38;2;137;40;38m██[38;2;0;0;0m██                                            
              ██[38;2;137;40;38m██[38;2;134;41;38m████[38;2;137;40;38m██[38;2;0;0;0m██                                            
            ██[38;2;134;41;38m████████████[38;2;0;0;0m████                                        
      ██    ██[38;2;134;41;38m████████████[38;2;137;40;38m████[38;2;0;0;0m██                    ██████            
    ██[38;2;132;174;74m██[38;2;0;0;8m██  [38;2;0;0;0m██[38;2;134;41;38m████████[38;2;136;40;37m████████[38;2;137;40;38m██[38;2;0;0;0m██              ████[38;2;255;215;148m██████[38;2;0;0;0m██          
    ██[38;2;132;174;74m██[38;2;66;87;41m██[38;2;0;0;0m██[38;2;132;40;41m██[38;2;134;41;38m████████[38;2;66;65;66m██████[38;2;136;40;37m██[38;2;137;40;38m██[38;2;0;0;0m██          ████[38;2;255;215;148m██████[38;2;156;123;60m████[38;2;156;121;66m██[38;2;0;0;0m██        
      [38;2;0;0;8m██[38;2;132;174;74m██[38;2;66;65;66m██[38;2;136;40;37m██[38;2;132;52;52m██[38;2;66;60;63m██[38;2;66;65;66m████[38;2;197;53;49m████[38;2;189;69;49m██[38;2;66;73;66m██[38;2;132;40;41m██[38;2;0;0;0m██        ██[38;2;255;215;148m██████[38;2;156;121;61m████[38;2;211;171;99m████[38;2;156;124;60m██[38;2;255;219;148m██[38;2;8;4;0m████[38;2;0;0;0m██  
    ██[38;2;66;87;41m██[38;2;132;174;74m██[38;2;66;65;66m██[38;2;136;40;37m██[38;2;66;60;63m██[38;2;198;44;41m██[38;2;198;52;49m████[38;2;197;53;49m████[38;2;148;70;54m████[38;2;0;0;0m██        ██[38;2;255;215;148m████[38;2;156;123;60m████[38;2;214;170;99m████[38;2;211;171;99m████[38;2;205;171;104m██[38;2;156;124;60m██[38;2;131;113;70m██[38;2;255;223;140m██[38;2;255;215;148m██[38;2;0;0;0m██
  ██[38;2;88;132;38m██[38;2;66;65;57m██[38;2;126;183;57m██[38;2;132;182;66m██[38;2;66;68;54m██[38;2;198;52;49m██[38;2;134;40;38m██[38;2;139;95;73m██[38;2;82;48;57m████[38;2;139;95;73m██[38;2;109;68;57m██[38;2;165;117;57m██[38;2;0;0;0m██      ██[38;2;255;215;148m██[38;2;255;219;140m██[38;2;139;119;79m██[38;2;211;171;99m████████[38;2;214;170;99m████[38;2;211;171;99m████[38;2;214;170;99m██[38;2;156;121;61m██[38;2;156;121;66m██[38;2;0;0;0m██
  ██[38;2;88;132;38m██[38;2;96;124;57m██[38;2;66;65;57m██[38;2;132;182;66m██[38;2;99;125;60m██[38;2;134;40;38m██[38;2;198;52;49m██[38;2;82;48;57m██[38;2;255;190;107m████[38;2;82;48;57m██[38;2;165;117;57m██[38;2;82;44;57m██[38;2;90;130;41m██[38;2;0;0;0m██  ██[38;2;255;215;148m████[38;2;139;119;79m██[38;2;82;69;49m██[38;2;211;171;99m████████[38;2;156;121;61m██[38;2;214;170;99m██[38;2;211;171;99m████[38;2;214;170;99m████[38;2;0;0;0m██  
  ██[38;2;90;130;41m██[38;2;66;65;66m██[38;2;206;85;66m██[38;2;90;130;41m████[38;2;132;53;54m██[38;2;198;48;49m██[38;2;66;65;66m██[38;2;239;203;107m██[38;2;239;203;112m████[38;2;60;78;49m██[38;2;90;117;66m██[38;2;0;0;0m██    ██[38;2;247;231;132m██[38;2;57;73;57m██[38;2;66;65;57m██[38;2;126;183;57m██[38;2;66;65;66m██[38;2;214;170;99m██[38;2;211;171;99m████[38;2;214;170;99m██[38;2;156;121;61m██[38;2;148;116;66m██[38;2;222;174;99m██[38;2;214;170;99m██[38;2;0;0;0m██    
    ██[38;2;206;85;66m████[38;2;134;43;41m████[38;2;198;48;49m██[38;2;66;59;60m██[38;2;239;203;107m████[38;2;255;255;255m██[38;2;239;203;112m██[38;2;60;78;49m██[38;2;0;0;16m██    [38;2;0;0;0m██[38;2;255;215;148m██[38;2;57;73;57m██[38;2;152;152;94m██[38;2;66;65;57m██[38;2;96;124;57m██[38;2;66;65;66m████[38;2;211;171;99m████[38;2;214;170;99m████[38;2;0;0;0m██████      
  ██[38;2;206;105;74m██[38;2;211;103;77m████[38;2;214;101;74m██[38;2;178;67;54m██[38;2;90;56;57m████[38;2;239;203;115m██[38;2;0;0;16m██[38;2;239;203;107m████[38;2;66;65;57m██[38;2;170;173;107m██[38;2;0;0;0m██  ██[38;2;255;215;148m██[38;2;60;72;60m██[38;2;104;105;54m██[38;2;88;132;38m██[38;2;66;65;66m██[38;2;96;124;57m██[38;2;126;183;57m██[38;2;66;65;66m██[38;2;214;170;99m████[38;2;0;0;0m██            
  ██[38;2;206;105;74m██[38;2;211;103;77m██[38;2;255;223;231m██[38;2;214;101;74m██[38;2;142;33;35m██[38;2;214;170;99m██[38;2;90;56;57m██[38;2;239;203;115m██[38;2;79;67;49m██[38;2;239;203;107m██[38;2;66;65;66m██[38;2;222;227;132m████[38;2;173;170;82m██[38;2;0;0;0m████[38;2;255;215;148m██[38;2;148;138;49m██[38;2;60;72;60m██[38;2;88;132;38m████[38;2;66;65;57m████[38;2;214;170;99m████████[38;2;0;0;0m██          
██[38;2;197;53;49m████[38;2;214;101;74m████[38;2;172;75;55m██[38;2;148;32;33m██[38;2;214;170;99m██[38;2;66;65;66m██[38;2;236;202;109m████[38;2;192;170;93m██[38;2;66;65;66m██[38;2;214;227;140m████[38;2;165;178;82m██[38;2;0;4;16m██  [38;2;0;0;0m██[38;2;206;178;90m██[38;2;57;73;57m██[38;2;106;108;68m██[38;2;57;73;57m██[38;2;211;171;99m████[38;2;156;121;61m██[38;2;214;170;99m██████[38;2;0;0;0m██          
██[38;2;197;53;49m████[38;2;178;67;54m██[38;2;142;33;35m██[38;2;148;32;33m██[38;2;222;162;99m██[38;2;66;65;66m████[38;2;236;202;109m██[38;2;214;170;99m██[38;2;66;65;66m██[38;2;192;170;93m██[38;2;177;170;82m████[38;2;55;62;38m██[38;2;110;120;60m██[38;2;0;0;0m████[38;2;57;73;57m██[38;2;106;108;68m██[38;2;57;73;57m██[38;2;206;178;90m██[38;2;211;171;99m████[38;2;214;170;99m██[38;2;156;121;61m██[38;2;0;0;0m████            
██[38;2;172;75;55m██[38;2;148;32;33m██[38;2;99;52;49m██[38;2;214;170;99m██[38;2;206;178;90m██[38;2;57;73;57m██[38;2;88;132;38m██[38;2;66;65;66m██[38;2;214;174;107m██[38;2;71;58;41m██[38;2;0;0;0m████[38;2;173;170;82m████[38;2;90;132;38m████[38;2;88;132;38m████████[38;2;0;0;0m██[38;2;214;170;99m██[38;2;211;171;99m████[38;2;0;0;0m██                  
██[38;2;148;32;33m██[38;2;222;162;99m██[38;2;214;170;99m██[38;2;99;52;49m██[38;2;57;73;57m██[38;2;106;108;68m██[38;2;88;132;38m████[38;2;0;0;8m████    [38;2;0;0;0m████[38;2;173;170;82m██[38;2;90;132;38m██[38;2;88;132;38m██[38;2;66;65;66m██[38;2;0;0;0m████  ██[38;2;211;171;99m████[38;2;0;0;0m██                  
  ████[38;2;49;64;35m██[38;2;90;125;54m██[38;2;132;181;71m████[38;2;88;132;38m██[38;2;0;0;0m██            [38;2;0;4;16m██[38;2;198;170;99m██[38;2;178;170;85m██[38;2;90;130;41m██[38;2;0;0;0m██      ████                    
      [38;2;8;4;16m██[38;2;132;186;74m██[38;2;66;65;66m██[38;2;132;181;71m██[38;2;88;132;38m██[38;2;0;0;0m██          ██[38;2;198;170;99m██[38;2;66;59;43m██[38;2;178;170;85m████[38;2;90;130;41m██[38;2;0;0;0m████                          
        ████████    ████  ██[38;2;214;170;99m██████[38;2;66;65;66m████[38;2;255;203;140m██[38;2;115;40;41m██[38;2;142;117;71m██[38;2;0;4;16m██                        
                  [38;2;0;0;0m██[38;2;214;170;99m████[38;2;0;0;0m██[38;2;214;170;99m██████[38;2;66;65;66m██[38;2;192;167;115m██[38;2;255;219;140m██[38;2;161;94;74m██[38;2;115;40;41m██[38;2;71;60;43m██[38;2;214;174;99m██[38;2;0;0;0m██                      
                  [38;2;16;0;0m██[38;2;255;195;140m██[38;2;66;65;66m██[38;2;192;167;115m██[38;2;66;65;66m██[38;2;192;170;93m██[38;2;214;170;99m██[38;2;66;65;66m██[38;2;255;215;148m██[38;2;198;52;49m████[38;2;134;40;38m██[38;2;136;40;37m██[38;2;66;65;66m██[38;2;0;0;0m██                      
                  [38;2;16;0;0m██[38;2;135;97;70m██[38;2;255;219;140m██[38;2;66;65;66m██[38;2;192;170;93m██[38;2;66;65;66m████[38;2;214;170;99m██[38;2;255;215;148m██[38;2;198;52;49m██[38;2;134;40;38m████[38;2;136;40;37m████[38;2;0;0;0m██                      
                  ██[38;2;198;52;49m██[38;2;255;215;148m████[38;2;66;65;66m████[38;2;255;215;148m████[38;2;198;52;49m██[38;2;134;40;38m██[38;2;178;83;60m██[38;2;134;41;38m██[38;2;137;40;38m██[38;2;0;0;0m██                        
                    ██[38;2;198;52;49m████[38;2;214;170;99m████[38;2;165;48;41m████[38;2;134;40;38m████[38;2;178;83;60m██[38;2;134;41;38m██[38;2;137;40;38m██[38;2;0;0;0m██                        
                      ██[38;2;198;52;49m██[38;2;137;40;38m████[38;2;134;41;38m████[38;2;178;83;60m██[38;2;134;41;38m██[38;2;181;85;57m████[38;2;0;0;0m██                          
                        ████[38;2;137;40;38m██[38;2;134;41;38m████[38;2;178;83;60m████[38;2;0;0;0m████                            
                            ██████████                                
[0m