                        [38;2;0;0;0m██████  ████          
                    ████[38;2;247;74;49m████[38;2;197;33;33m██[38;2;0;0;0m██[38;2;65;65;65m██[38;2;0;0;0m██          
                  ██[38;2;197;33;33m██[38;2;247;74;49m██[38;2;65;65;65m██[38;2;247;74;49m██████[38;2;197;33;33m██[38;2;0;0;0m██          
    ████    ████████[38;2;247;74;49m██[38;2;65;65;65m██[38;2;115;115;115m██[38;2;65;65;65m██[38;2;247;74;49m██[38;2;197;33;33m██[38;2;0;0;0m██            
    ██[38;2;65;65;65m██[38;2;0;0;0m████[38;2;247;74;49m██████[38;2;65;65;65m██████[38;2;115;115;115m██[38;2;65;65;65m██[38;2;197;33;33m██[38;2;247;74;49m████[38;2;0;0;0m████        
      ██[38;2;65;65;65m██[38;2;247;74;49m██████[38;2;65;65;65m██████[38;2;247;74;49m██[38;2;65;65;65m██[38;2;197;33;33m██[38;2;65;65;65m████[38;2;247;74;49m████[38;2;197;33;33m██[38;2;0;0;0m██  ████
        ██[38;2;197;33;33m██[38;2;247;74;49m██████████[38;2;65;65;65m██[38;2;197;33;33m██[38;2;247;74;49m██[38;2;65;65;65m██████[38;2;247;74;49m██████[38;2;0;0;0m██[38;2;65;65;65m██[38;2;0;0;0m██
        ██[38;2;25;82;173m██[38;2;41;115;239m██[38;2;25;82;173m██[38;2;197;33;33m████[38;2;65;65;65m██████[38;2;197;33;33m██[38;2;247;74;49m████████[38;2;197;33;33m██[38;2;65;65;65m████[38;2;0;0;0m██  
    ████[38;2;197;33;33m██[38;2;41;115;239m██[38;2;25;82;173m██[38;2;255;255;255m██[38;2;65;65;65m██[38;2;25;82;173m████[38;2;197;33;33m████[38;2;65;65;65m████[38;2;197;33;33m██████[38;2;0;0;0m██████    
  ██[38;2;255;255;255m██[38;2;197;33;33m██[38;2;255;255;255m██[38;2;25;82;173m██[38;2;255;255;255m██████[38;2;41;115;239m██[38;2;25;82;173m██[38;2;255;255;255m██[38;2;65;65;65m██[38;2;197;33;33m████[38;2;0;0;0m██████          
██[38;2;255;255;255m████[38;2;197;33;33m██[38;2;255;255;255m██[38;2;197;197;197m██[38;2;255;255;255m████[38;2;41;115;239m██[38;2;25;82;173m██[38;2;255;255;255m████[38;2;165;165;165m██[38;2;65;65;65m██[38;2;0;0;0m██                
████[38;2;255;255;255m██[38;2;65;65;65m██[38;2;255;255;255m██[38;2;0;0;0m██[38;2;255;255;255m████[38;2;25;82;173m██[38;2;255;255;255m██████[38;2;197;197;197m██[38;2;0;0;0m██                  
    ████[38;2;165;165;165m██[38;2;255;255;255m██████[38;2;197;197;197m██[38;2;255;255;255m████[38;2;197;33;33m████[38;2;0;0;0m██                  
        ██[38;2;197;197;197m████[38;2;255;255;255m██[38;2;0;0;0m██[38;2;255;255;255m██[38;2;197;33;33m██[38;2;247;74;49m████[38;2;65;65;65m██[38;2;0;0;0m██                
          ██[38;2;222;115;189m██[38;2;255;255;255m██████[38;2;197;33;33m██[38;2;247;74;49m██[38;2;197;33;33m██[38;2;255;255;255m██[38;2;0;0;0m██                
        ██[38;2;255;255;255m██[38;2;25;82;173m██[38;2;41;115;239m██[38;2;197;197;197m██[38;2;65;65;65m████[38;2;0;0;0m██[38;2;115;115;115m██[38;2;255;255;255m████[38;2;0;0;0m██              
        ██[38;2;25;82;173m██[38;2;255;255;255m██[38;2;197;197;197m██[38;2;25;82;173m██[38;2;197;197;197m██[38;2;0;0;0m██  ██[38;2;255;255;255m████[38;2;0;0;0m██              
        ██[38;2;247;74;49m██[38;2;65;65;65m██[38;2;25;82;173m██[38;2;41;115;239m██[38;2;0;0;0m██    ██[38;2;255;255;255m██████[38;2;0;0;0m██            
      ██[38;2;247;74;49m██[38;2;65;65;65m██[38;2;25;82;173m██[38;2;0;0;0m████      ██[38;2;255;255;255m██[38;2;0;0;0m██[38;2;255;255;255m██[38;2;0;0;0m██            
      ████[38;2;25;82;173m██[38;2;41;115;239m██[38;2;0;0;0m██          ██  ██              
        ██████                                
[0m