          [38;2;0;0;0m████                                      
        ██[38;2;140;214;239m████[38;2;0;0;0m██    ██████    ████                  
    ████[38;2;230;255;255m██[38;2;140;214;239m██[38;2;25;99;189m████[38;2;0;0;0m████[38;2;58;123;255m██████[38;2;0;0;0m████[38;2;140;214;239m████[38;2;0;0;0m████              
  ██[38;2;140;214;239m██████[38;2;25;99;189m██[38;2;58;123;255m██[38;2;65;65;65m██[38;2;58;123;255m██████[38;2;230;255;255m██[38;2;58;123;255m████[38;2;65;65;65m██[38;2;140;214;239m████[38;2;230;255;255m██[38;2;140;214;239m██[38;2;0;0;0m██            
  ██[38;2;140;214;239m██[38;2;230;255;255m██[38;2;65;65;65m██[38;2;58;123;255m██[38;2;65;65;65m██[38;2;66;189;148m██[38;2;65;65;65m██[38;2;239;165;115m██[38;2;58;123;255m██[38;2;230;255;255m████[38;2;65;65;65m██[38;2;58;123;255m██[38;2;25;99;189m██[38;2;140;214;239m██████[38;2;0;0;0m██            
██[38;2;140;214;239m██[38;2;65;65;65m████[38;2;58;123;255m██[38;2;65;65;65m██[38;2;66;189;148m██[38;2;49;140;107m██[38;2;65;65;65m██████[38;2;58;123;255m██[38;2;65;65;65m██[38;2;66;189;148m██[38;2;65;65;65m██[38;2;58;123;255m██[38;2;25;99;189m████[38;2;140;214;239m██[38;2;230;255;255m██[38;2;0;0;0m██          
██[38;2;65;65;65m██[38;2;49;90;206m██[38;2;230;255;255m██[38;2;58;123;255m██[38;2;65;65;65m██[38;2;66;189;148m██[38;2;65;65;65m██[38;2;255;255;255m██████[38;2;65;65;65m████[38;2;66;189;148m██[38;2;65;65;65m██[38;2;58;123;255m██████[38;2;25;99;189m██[38;2;140;214;239m████[38;2;0;0;0m██        
  ██[38;2;58;123;255m████[38;2;65;65;65m██[38;2;66;189;148m██[38;2;49;140;107m██[38;2;255;255;255m████[38;2;206;206;206m██████[38;2;49;140;107m██[38;2;66;189;148m██[38;2;65;65;65m██[38;2;58;123;255m██████[38;2;25;99;189m██[38;2;140;214;239m████[38;2;0;0;0m██        
  ██[38;2;58;123;255m██[38;2;65;65;65m████[38;2;66;189;148m██[38;2;255;255;255m████[38;2;206;206;206m██[38;2;255;255;255m████[38;2;49;140;107m██[38;2;66;189;148m██[38;2;65;65;65m██[38;2;58;123;255m██████[38;2;49;90;206m██[38;2;65;65;65m██[38;2;140;214;239m██[38;2;230;255;255m██[38;2;0;0;0m██        
██[38;2;49;90;206m██[38;2;65;65;65m██[38;2;206;206;206m██[38;2;255;255;255m██[38;2;49;140;107m██[38;2;255;255;255m██[38;2;206;206;206m██[38;2;255;255;255m██[38;2;49;140;107m████[38;2;66;189;148m██[38;2;165;165;165m██[38;2;65;65;65m██[38;2;49;90;206m██[38;2;239;165;115m██[38;2;58;123;255m██████[38;2;65;65;65m██[38;2;140;214;239m████[38;2;0;0;0m██      
██[38;2;65;65;65m██[38;2;255;255;255m████[38;2;65;65;65m████[38;2;255;255;255m████[38;2;49;140;107m██[38;2;66;189;148m████[38;2;255;255;255m██[38;2;206;206;206m██[38;2;255;255;255m██[38;2;65;65;65m██[38;2;58;123;255m████████[38;2;65;65;65m██[38;2;0;0;0m██[38;2;140;214;239m██[38;2;0;0;0m██      
██[38;2;25;99;189m██[38;2;65;65;65m██████[38;2;255;255;255m██████[38;2;65;65;65m██[38;2;0;0;0m██[38;2;255;255;255m██[38;2;165;165;165m██[38;2;65;65;65m██[38;2;255;255;255m████[38;2;65;65;65m██[38;2;49;90;206m██[38;2;25;99;189m██[38;2;65;65;65m██[38;2;0;0;0m██  ██        
  ██[38;2;25;99;189m██[38;2;58;123;255m████[38;2;65;65;65m██[38;2;165;165;165m██[38;2;255;255;255m████[38;2;206;206;206m██[38;2;49;90;206m████[38;2;58;123;255m██[38;2;65;65;65m██[38;2;255;255;255m████[38;2;65;65;65m██[38;2;140;214;239m████[38;2;0;0;0m██        ████
  ██[38;2;140;214;239m██[38;2;49;90;206m██[38;2;58;123;255m████[38;2;65;65;65m██████[38;2;49;90;206m██[38;2;58;123;255m██[38;2;239;165;115m██[38;2;58;123;255m██[38;2;65;65;65m██[38;2;255;255;255m████[38;2;65;65;65m██[38;2;230;255;255m██[38;2;140;214;239m████[38;2;0;0;0m██    ██[38;2;66;189;148m██[38;2;0;0;0m██
██[38;2;230;255;255m██[38;2;140;214;239m██[38;2;65;65;65m██[38;2;49;90;206m██[38;2;58;123;255m██████████████████[38;2;0;0;0m██[38;2;65;65;65m██[38;2;140;214;239m██████[38;2;66;189;148m██[38;2;0;0;0m██    ██[38;2;66;189;148m██[38;2;0;0;0m██
██[38;2;140;214;239m██[38;2;0;0;0m████[38;2;65;65;65m████[38;2;206;206;206m██[38;2;41;90;66m██[38;2;65;65;65m████[38;2;49;90;206m████[38;2;65;65;65m██[38;2;0;0;0m██  ██[38;2;66;189;148m██[38;2;140;214;239m████[38;2;230;255;255m██[38;2;65;65;65m██[38;2;0;0;0m████[38;2;66;189;148m██[38;2;0;0;0m██  
  ██  ██[38;2;255;255;255m██[38;2;206;206;206m██[38;2;41;90;66m████[38;2;65;65;65m██[38;2;66;189;148m██[38;2;65;65;65m██[38;2;206;206;206m██[38;2;0;0;0m██      ██[38;2;140;214;239m██[38;2;66;189;148m██[38;2;41;90;66m██[38;2;66;189;148m████[38;2;49;140;107m██[38;2;0;0;0m██    
        ██[38;2;65;65;65m██[38;2;49;140;107m██[38;2;41;90;66m██[38;2;66;189;148m████[38;2;65;65;65m██[38;2;255;255;255m████[38;2;0;0;0m██    ██[38;2;140;214;239m██[38;2;41;90;66m██[38;2;66;189;148m████[38;2;49;140;107m██[38;2;66;189;148m██[38;2;0;0;0m██    
          ██[38;2;49;140;107m████[38;2;41;90;66m██[38;2;66;189;148m████[38;2;65;65;65m██[38;2;255;255;255m████[38;2;0;0;0m████[38;2;41;90;66m██[38;2;230;255;255m██[38;2;41;90;66m██[38;2;49;140;107m████[38;2;66;189;148m██[38;2;0;0;0m██      
          ██[38;2;49;140;107m██████[38;2;41;90;66m████[38;2;49;140;107m██[38;2;65;65;65m████[38;2;41;90;66m██[38;2;49;140;107m██[38;2;41;90;66m████[38;2;49;140;107m██[38;2;66;189;148m████[38;2;0;0;0m██        
            ████[38;2;49;140;107m████[38;2;41;90;66m██[38;2;49;140;107m██[38;2;41;90;66m██[38;2;66;189;148m████[38;2;49;140;107m██[38;2;66;189;148m██████[38;2;0;0;0m████          
                ██[38;2;49;140;107m██[38;2;41;90;66m██████[38;2;49;140;107m████[38;2;0;0;0m████████              
                  ██[38;2;49;140;107m██[38;2;41;90;66m██[38;2;49;140;107m██[38;2;0;0;0m████                      
                ██[38;2;49;140;107m██[38;2;0;0;0m████[38;2;66;189;148m██[38;2;0;0;0m██                        
                ████  ██[38;2;66;189;148m████[38;2;0;0;0m██                      
                        ██[38;2;66;189;148m██[38;2;0;0;0m██                      
                          ████                      
[0m