                  [38;2;0;0;0m██                  
              ████[38;2;173;197;197m██[38;2;0;0;0m████              
              ██[38;2;255;255;255m██[38;2;132;132;181m██[38;2;255;255;255m██[38;2;0;0;0m██              
            ██[38;2;65;65;65m██[38;2;173;197;197m██[38;2;255;255;255m██[38;2;132;132;181m██[38;2;0;0;0m██              
          ██[38;2;156;214;255m██[38;2;255;255;255m████████[38;2;156;214;255m██[38;2;0;0;0m██            
        ██[38;2;156;214;255m████[38;2;255;255;255m██[38;2;156;214;255m██████[38;2;255;255;255m██[38;2;156;214;255m██[38;2;0;0;0m██          
        ██[38;2;90;99;173m██[38;2;156;214;255m██████[38;2;123;165;255m██[38;2;156;214;255m██████[38;2;0;0;0m██          
  ████  ██[38;2;214;82;90m██[38;2;156;214;255m████[38;2;90;99;173m██[38;2;156;214;255m████████[38;2;0;0;0m██          
██[38;2;255;255;255m██[38;2;156;214;255m██[38;2;0;0;0m████[38;2;156;214;255m██████[38;2;214;82;90m██[38;2;156;214;255m██████[38;2;123;165;255m██[38;2;0;0;0m██          
██[38;2;255;255;255m██[38;2;156;214;255m██████[38;2;65;65;65m██[38;2;132;132;181m██[38;2;156;214;255m████████[38;2;132;132;181m██[38;2;0;0;0m██            
  ██[38;2;255;255;255m████[38;2;0;0;0m██[38;2;255;255;255m██[38;2;156;214;255m██[38;2;132;132;181m████████[38;2;255;255;255m██[38;2;65;65;65m██[38;2;0;0;0m████        
    ██████[38;2;255;255;255m██[38;2;123;165;255m██[38;2;255;255;255m██[38;2;156;214;255m██[38;2;255;255;255m██[38;2;156;214;255m██[38;2;255;255;255m██[38;2;0;0;0m██[38;2;156;214;255m████[38;2;0;0;0m██████  
          ██[38;2;65;65;65m██[38;2;255;255;255m██[38;2;123;165;255m██[38;2;255;255;255m██[38;2;123;165;255m██[38;2;0;0;0m██  ██[38;2;255;255;255m██[38;2;156;214;255m████[38;2;255;255;255m██[38;2;0;0;0m██
        ██[38;2;255;255;255m██[38;2;156;214;255m██[38;2;65;65;65m██████[38;2;90;99;173m██[38;2;0;0;0m██    ██[38;2;255;255;255m██████[38;2;0;0;0m██
      ██[38;2;255;255;255m████[38;2;156;214;255m██[38;2;123;165;255m██[38;2;0;0;0m██[38;2;123;165;255m██[38;2;156;214;255m██[38;2;123;165;255m██[38;2;0;0;0m██    ██████  
      ██[38;2;255;255;255m██[38;2;156;214;255m██[38;2;123;165;255m██[38;2;0;0;0m██  ██[38;2;156;214;255m████[38;2;255;255;255m██[38;2;0;0;0m██          
      ██[38;2;156;214;255m██[38;2;0;0;0m████    ██[38;2;156;214;255m████[38;2;255;255;255m████[38;2;0;0;0m██        
        ██          ██[38;2;156;214;255m████[38;2;255;255;255m██[38;2;0;0;0m██        
                      ████[38;2;156;214;255m██[38;2;0;0;0m██        
                          ██          
[0m