        [38;2;0;0;0m██████                      
      ██[38;2;74;140;156m██[38;2;247;247;82m██[38;2;49;107;123m██[38;2;0;0;0m██    ██████          
      ██[38;2;247;247;82m████[38;2;82;181;206m██[38;2;74;140;156m██[38;2;0;0;0m████[38;2;247;247;82m██[38;2;82;181;206m██[38;2;49;107;123m██[38;2;0;0;0m██        
      ██[38;2;247;247;82m██[38;2;0;0;0m██[38;2;82;181;206m██[38;2;74;140;156m██[38;2;65;65;65m██[38;2;247;247;82m██████[38;2;82;181;206m██[38;2;0;0;0m██        
    ██[38;2;65;65;65m██[38;2;247;247;82m██[38;2;0;0;0m██[38;2;82;181;206m██[38;2;74;140;156m██[38;2;65;65;65m██[38;2;247;247;82m██[38;2;0;0;0m██[38;2;247;247;82m██[38;2;82;181;206m██[38;2;65;65;65m██[38;2;0;0;0m████    
  ██[38;2;82;181;206m██[38;2;74;140;156m██[38;2;82;181;206m██[38;2;247;247;82m██[38;2;58;90;173m████[38;2;65;65;65m██[38;2;247;247;82m██[38;2;0;0;0m██[38;2;247;247;82m██[38;2;82;181;206m██[38;2;65;65;65m██[38;2;255;255;255m████[38;2;0;0;0m██  
  ██[38;2;82;181;206m██[38;2;255;255;255m████[38;2;74;140;156m██[38;2;58;90;173m██[38;2;74;140;156m██[38;2;82;181;206m██[38;2;247;247;82m██████[38;2;82;181;206m██[38;2;65;65;65m██[38;2;255;255;255m██████[38;2;0;0;0m██
    ██[38;2;255;255;255m████[38;2;189;189;173m██[38;2;255;255;255m████[38;2;82;181;206m██[38;2;165;214;148m██[38;2;247;247;82m██[38;2;165;214;148m██[38;2;82;181;206m████[38;2;65;65;65m██[38;2;255;255;255m████[38;2;0;0;0m██
    ██[38;2;65;65;65m██[38;2;82;181;206m████[38;2;255;255;255m████[38;2;82;181;206m██████████[38;2;74;140;156m██[38;2;65;65;65m██[38;2;255;255;255m██[38;2;132;132;115m██[38;2;0;0;0m██
      ██[38;2;65;65;65m████[38;2;82;181;206m██████████[38;2;65;65;65m██████[38;2;189;189;173m██[38;2;132;132;115m██[38;2;0;0;0m██  
        ████[38;2;65;65;65m██████████[38;2;189;189;173m██[38;2;65;65;65m██[38;2;189;189;173m██████[38;2;0;0;0m██  
        ██[38;2;82;181;206m██[38;2;65;65;65m██[38;2;189;189;173m████████[38;2;65;65;65m██[38;2;74;140;156m██[38;2;65;65;65m██[38;2;189;189;173m██[38;2;0;0;0m██    
      ██[38;2;82;181;206m██[38;2;65;65;65m██[38;2;74;140;156m██[38;2;65;65;65m██[38;2;189;189;173m████[38;2;65;65;65m████[38;2;82;181;206m██[38;2;65;65;65m██[38;2;0;0;0m██      
  ████[38;2;189;189;173m██[38;2;132;132;115m██[38;2;65;65;65m████[38;2;74;140;156m██[38;2;255;255;255m████[38;2;74;140;156m██[38;2;65;65;65m██[38;2;74;140;156m██[38;2;82;181;206m██[38;2;65;65;65m██[38;2;0;0;0m██    
██[38;2;255;255;255m██[38;2;189;189;173m████[38;2;65;65;65m██[38;2;49;107;123m████[38;2;0;0;0m██[38;2;74;140;156m██████[38;2;49;107;123m██[38;2;65;65;65m██[38;2;82;181;206m██[38;2;65;65;65m██[38;2;74;140;156m██[38;2;0;0;0m██  
  ████[38;2;255;255;255m██[38;2;0;0;0m██████  ██████[38;2;74;140;156m██[38;2;65;65;65m██[38;2;255;255;255m██[38;2;65;65;65m██[38;2;74;140;156m██[38;2;0;0;0m██  
      ████            ██[38;2;65;65;65m██[38;2;255;255;255m██[38;2;189;189;173m██[38;2;0;0;0m██    
                      ██[38;2;255;255;255m██[38;2;132;132;115m██[38;2;255;255;255m████[38;2;0;0;0m██  
                        ████████    
[0m