            [38;2;0;0;0m██████                            
        ████[38;2;107;107;197m████[38;2;65;65;65m██[38;2;0;0;0m██████                      
      ██[38;2;107;107;197m████[38;2;65;65;65m████[38;2;123;140;214m████████[38;2;0;0;0m██████                
    ██[38;2;107;107;197m████[38;2;65;65;65m██[38;2;123;140;214m██████████[38;2;0;0;0m██[38;2;181;189;255m████[38;2;123;140;214m██[38;2;0;0;0m██              
    ██[38;2;107;107;197m██[38;2;65;65;65m██[38;2;123;140;214m██████████[38;2;65;65;65m██[38;2;181;189;255m████████[38;2;0;0;0m██  ██████      
      ██[38;2;123;140;214m██████████[38;2;65;65;65m██[38;2;123;140;214m████[38;2;148;156;222m██[38;2;181;189;255m████[38;2;0;0;0m████[38;2;123;140;214m████[38;2;0;0;0m██      
    ██[38;2;123;140;214m██████████[38;2;0;0;0m██[38;2;65;65;65m██[38;2;123;140;214m██████[38;2;181;189;255m██[38;2;65;65;65m██[38;2;107;107;197m████[38;2;123;140;214m██[38;2;0;0;0m██        
    ██[38;2;123;140;214m████████[38;2;0;0;0m██[38;2;247;247;41m██[38;2;65;65;65m████[38;2;123;140;214m████[38;2;65;65;65m██[38;2;107;107;197m██████[38;2;0;0;0m██          
  ██[38;2;123;140;214m████████[38;2;0;0;0m██[38;2;65;65;65m██[38;2;0;0;0m██[38;2;65;65;65m██[38;2;107;107;197m██[38;2;65;65;65m████[38;2;107;107;197m████████[38;2;0;0;0m██          
  ██[38;2;123;140;214m██████[38;2;0;0;0m██[38;2;123;140;214m██[38;2;65;65;65m████[38;2;107;107;197m██████[38;2;65;65;65m████[38;2;107;107;197m████[38;2;0;0;0m██        ████
  ██[38;2;123;140;214m██████████████[38;2;255;255;255m██[38;2;189;99;99m██[38;2;123;140;214m████[38;2;65;65;65m████[38;2;107;107;197m██[38;2;0;0;0m██    ████[38;2;107;107;197m██[38;2;0;0;0m██
    ██[38;2;65;65;65m██[38;2;189;99;99m██████████████[38;2;247;107;74m██[38;2;123;140;214m██████[38;2;65;65;65m████[38;2;0;0;0m████[38;2;65;65;65m██[38;2;107;107;197m████[38;2;0;0;0m██
      ██[38;2;65;65;65m████[38;2;189;99;99m██████[38;2;65;65;65m██[38;2;247;107;74m██████[38;2;65;65;65m██[38;2;107;107;197m██[38;2;123;140;214m████[38;2;65;65;65m██[38;2;107;107;197m██████[38;2;0;0;0m██  
  ████[38;2;107;107;197m██[38;2;255;255;255m██[38;2;181;189;255m██[38;2;0;0;0m████[38;2;65;65;65m██[38;2;247;107;74m████████[38;2;123;140;214m██[38;2;65;65;65m██[38;2;123;140;214m██████[38;2;65;65;65m████[38;2;107;107;197m██[38;2;0;0;0m██  
██[38;2;107;107;197m████[38;2;0;0;0m██[38;2;255;255;255m██[38;2;65;65;65m██[38;2;0;0;0m██  ██[38;2;247;107;74m██[38;2;189;99;99m██[38;2;247;107;74m██████[38;2;65;65;65m██[38;2;255;255;255m██[38;2;123;140;214m████████[38;2;0;0;0m██    
██████  ████  ██[38;2;65;65;65m██[38;2;247;107;74m██[38;2;148;156;222m██[38;2;189;99;99m████[38;2;65;65;65m██[38;2;255;255;255m████[38;2;107;107;197m██[38;2;123;140;214m████████[38;2;0;0;0m██  
            ██[38;2;107;107;197m████[38;2;65;65;65m██[38;2;148;156;222m██████[38;2;65;65;65m██[38;2;255;255;255m██[38;2;65;65;65m████████[38;2;0;0;0m████    
          ██[38;2;181;189;255m██[38;2;255;255;255m██[38;2;181;189;255m██[38;2;107;107;197m██[38;2;0;0;0m████[38;2;148;156;222m██[38;2;65;65;65m████[38;2;107;107;197m██████[38;2;148;156;222m██[38;2;0;0;0m██      
            ████████    ████[38;2;107;107;197m██████[38;2;65;65;65m██[38;2;0;0;0m██        
                          ██[38;2;255;255;255m██[38;2;65;65;65m██[38;2;255;255;255m██[38;2;0;0;0m██          
                            ██████            
[0m