                                    [38;2;0;0;0m██                                    
                                  ██[38;2;74;85;148m██[38;2;0;0;0m██                                  
                                  ██[38;2;76;86;142m██[38;2;0;0;0m██  ██                              
                                ██[38;2;66;65;66m██[38;2;76;86;142m████[38;2;0;0;0m██[38;2;74;85;148m██[38;2;0;0;0m██                  ██        
                                ██[38;2;76;86;142m██[38;2;77;87;145m████████[38;2;0;0;0m██            ██  ██[38;2;115;150;231m██[38;2;16;8;0m██      
                                [38;2;0;0;0m██[38;2;76;86;142m██[38;2;77;87;145m████████[38;2;0;0;0m██          ██[38;2;115;146;231m██[38;2;0;0;0m██[38;2;115;146;231m██[38;2;115;150;231m██[38;2;49;55;77m██[38;2;0;0;0m████  
                                  ██[38;2;95;92;112m██[38;2;57;60;74m██[38;2;66;65;74m████[38;2;82;73;49m██[38;2;0;0;16m██[38;2;0;0;0m██      ██[38;2;115;146;231m██[38;2;112;146;231m████████[38;2;115;146;231m██[38;2;0;0;0m██  
                                  ██[38;2;57;60;74m██[38;2;173;158;189m██[38;2;156;140;98m██[38;2;247;215;123m██[38;2;247;219;115m████[38;2;247;219;107m██[38;2;0;0;0m████  ██[38;2;115;146;231m██[38;2;112;146;231m████████[38;2;0;0;0m██    
                              ██[38;2;8;8;0m██[38;2;206;178;181m██[38;2;156;135;127m██[38;2;247;219;107m██[38;2;247;218;107m████[38;2;247;219;123m██[38;2;156;138;140m██[38;2;156;134;128m██[38;2;181;160;175m██[38;2;222;195;148m██[38;2;0;4;8m██[38;2;115;146;231m████████████[38;2;0;0;0m██    
                        ██  ██[38;2;247;219;107m██[38;2;140;121;120m████[38;2;247;219;107m████[38;2;247;218;107m████[38;2;156;138;140m██[38;2;186;165;134m██[38;2;181;160;175m██[38;2;156;134;128m██[38;2;148;131;101m██[38;2;222;195;148m██[38;2;66;65;66m██[38;2;115;146;231m██[38;2;66;65;66m██[38;2;115;146;231m████[38;2;0;0;0m██      
                ██    ██[38;2;189;158;66m██[38;2;0;4;16m██[38;2;189;167;118m██[38;2;74;73;74m██[38;2;189;162;173m██[38;2;148;129;137m██[38;2;247;219;107m████[38;2;150;133;132m████[38;2;181;160;175m████[38;2;156;135;127m██[38;2;247;219;107m██████[38;2;247;215;123m██[38;2;66;65;74m██[38;2;115;146;231m██[38;2;66;65;66m██[38;2;76;86;142m██[38;2;0;0;0m██      
              ██[38;2;189;158;66m██[38;2;0;0;0m██  ██[38;2;189;158;66m██[38;2;63;55;32m██[38;2;74;73;74m██[38;2;247;215;140m██[38;2;66;65;66m██[38;2;189;162;173m██[38;2;156;135;127m████[38;2;189;166;165m██[38;2;74;69;66m██[38;2;181;160;175m██[38;2;156;134;128m██[38;2;247;219;107m████[38;2;156;135;127m████[38;2;156;140;98m██[38;2;66;65;74m██[38;2;115;146;231m████[38;2;76;86;142m████[38;2;0;0;0m██    
            ██[38;2;189;158;66m██[38;2;192;157;66m████[38;2;0;8;24m██[38;2;198;162;74m██[38;2;66;65;66m██[38;2;247;219;107m██[38;2;247;218;107m████[38;2;66;65;74m██[38;2;186;165;123m██[38;2;181;162;176m██[38;2;66;65;66m████[38;2;247;219;107m██[38;2;66;65;66m██[38;2;181;162;176m██[38;2;150;133;132m████[38;2;181;162;175m████[38;2;66;65;66m██[38;2;148;154;206m██[38;2;66;73;90m████[38;2;74;85;148m██[38;2;0;0;0m██      
            ██[38;2;189;158;66m██[38;2;192;157;66m██[38;2;66;65;66m██[38;2;66;59;40m████[38;2;247;219;107m████[38;2;247;218;107m████[38;2;247;215;148m██[38;2;66;65;74m██[38;2;66;65;66m████[38;2;247;219;107m████[38;2;66;65;66m██[38;2;181;162;176m██[38;2;189;166;165m██[38;2;74;69;66m██[38;2;181;162;175m████[38;2;148;154;206m██[38;2;66;65;66m██[38;2;247;219;107m██[38;2;66;73;90m██[38;2;0;0;0m██        
          ██[38;2;192;157;63m████[38;2;66;65;66m██[38;2;78;87;144m██[38;2;82;73;41m██[38;2;197;194;151m██[38;2;247;219;107m████[38;2;247;218;107m████████████████[38;2;66;65;66m██[38;2;247;219;107m██[38;2;66;65;66m██[38;2;247;219;107m██[38;2;66;65;66m██[38;2;181;162;176m██[38;2;74;77;107m██[38;2;247;219;107m██[38;2;247;218;107m████[38;2;0;0;0m██        
      ████[38;2;189;158;66m██[38;2;192;157;63m████[38;2;66;65;66m██[38;2;78;87;144m██[38;2;255;255;206m██[38;2;197;194;151m██[38;2;74;113;189m██[38;2;247;219;107m██[38;2;247;218;107m████████████████[38;2;247;219;107m██[38;2;66;65;66m██[38;2;247;219;107m████[38;2;66;65;66m████[38;2;74;77;107m██[38;2;247;219;107m██[38;2;247;218;107m████[38;2;0;0;0m██        
    ██[38;2;189;158;66m██[38;2;192;157;63m████[38;2;189;158;66m████[38;2;0;0;0m██[38;2;66;65;66m██[38;2;74;113;189m██[38;2;247;219;107m████████[38;2;74;113;189m██[38;2;247;219;107m██[38;2;66;73;90m██[38;2;57;60;82m████[38;2;231;203;123m██[38;2;115;102;85m██[38;2;231;219;140m██[38;2;49;65;90m██[38;2;247;219;107m██████[38;2;66;65;66m██[38;2;78;87;144m██[38;2;66;65;66m██[38;2;247;218;107m████[38;2;247;219;115m██[38;2;0;0;16m██      
  [38;2;0;0;0m██[38;2;189;158;66m████[38;2;192;157;63m████[38;2;189;158;66m██[38;2;0;0;0m██  ██[38;2;74;113;189m██[38;2;247;219;107m██[38;2;74;113;189m██[38;2;247;219;107m██████[38;2;66;73;90m████[38;2;239;251;255m██[38;2;148;155;168m██[38;2;57;52;66m██[38;2;173;152;104m██[38;2;49;65;90m██[38;2;109;116;106m██[38;2;66;65;66m██[38;2;247;219;107m████[38;2;66;65;66m██████[38;2;247;218;107m████[38;2;247;219;115m██[38;2;82;73;49m██[38;2;0;0;0m██    
  ██[38;2;192;157;63m████████[38;2;189;158;66m██[38;2;0;0;0m██  ██[38;2;87;75;54m██[38;2;247;219;115m██[38;2;247;218;107m████[38;2;66;89;148m██[38;2;247;211;99m██[38;2;49;60;82m██[38;2;239;251;255m██[38;2;0;0;0m██[38;2;74;113;189m██[38;2;74;65;66m██[38;2;165;138;123m██[38;2;40;48;66m██[38;2;90;121;198m██[38;2;66;65;66m██[38;2;247;219;107m██[38;2;247;218;107m████[38;2;66;65;66m████[38;2;247;215;99m████[38;2;192;157;63m████[38;2;189;158;66m██[38;2;0;0;0m██  
██[38;2;189;158;66m██[38;2;192;157;63m████████[38;2;189;158;66m██[38;2;0;0;0m██    [38;2;8;4;24m██[38;2;87;75;54m██[38;2;247;218;107m████[38;2;247;211;99m██[38;2;126;129;131m██[38;2;49;60;82m██[38;2;112;123;139m██[38;2;0;0;0m██[38;2;74;113;189m██[38;2;104;89;85m██[38;2;74;65;66m██[38;2;65;84;132m██[38;2;16;12;0m██[38;2;66;65;66m██[38;2;247;219;107m██[38;2;247;218;107m████[38;2;247;219;107m██[38;2;66;65;66m██[38;2;66;60;57m██[38;2;186;163;85m██[38;2;192;157;63m████[38;2;189;158;66m████[38;2;0;0;0m██
  ██[38;2;57;52;51m██[38;2;173;150;107m██[38;2;57;52;51m██[38;2;173;150;107m██[38;2;0;0;0m██    ██[38;2;66;73;90m████[38;2;115;92;71m████[38;2;115;93;74m██[38;2;156;135;127m██[38;2;156;136;127m██[38;2;66;65;66m██[38;2;110;92;82m████[38;2;156;138;132m██[38;2;0;0;0m████  ██[38;2;189;158;66m██[38;2;247;219;107m██████[38;2;192;156;63m██[38;2;66;65;66m██[38;2;192;157;66m██████[38;2;189;158;66m████[38;2;0;0;0m██
    [38;2;0;4;24m██[38;2;115;101;79m████[38;2;0;4;24m██  [38;2;0;0;0m████[38;2;247;219;107m████[38;2;66;73;90m██[38;2;0;0;0m████[38;2;156;135;127m████[38;2;156;136;127m████[38;2;165;138;123m██[38;2;0;0;0m████      ██[38;2;189;158;66m██[38;2;192;156;63m████████[38;2;66;65;66m██[38;2;192;157;66m████[38;2;66;65;66m██[38;2;189;158;66m██[38;2;0;0;0m██  
      ████  ██[38;2;247;219;107m██[38;2;247;218;107m████[38;2;66;65;66m██[38;2;0;0;0m██    [38;2;0;0;8m██[38;2;82;71;43m██[38;2;79;71;49m████[38;2;0;0;0m██        ██[38;2;189;158;66m████[38;2;192;157;66m████[38;2;189;158;66m██████[38;2;0;0;0m████[38;2;74;85;148m████[38;2;0;0;0m██  
          ██[38;2;247;219;107m████[38;2;247;218;107m████[38;2;0;0;0m██      [38;2;0;0;8m██[38;2;247;215;115m██[38;2;239;215;115m██[38;2;0;0;16m██            [38;2;0;4;16m██[38;2;63;55;32m██[38;2;192;157;66m██[38;2;66;65;66m██[38;2;189;158;66m██[38;2;0;0;0m████    ████    
          ██[38;2;247;219;107m██[38;2;0;0;0m██[38;2;247;219;107m██[38;2;0;0;0m██      ██[38;2;247;218;107m████[38;2;247;219;107m██[38;2;0;0;0m██              ██[38;2;76;86;142m████[38;2;0;0;0m██                
            ██  ██        ██[38;2;247;218;107m████[38;2;247;219;107m██[38;2;0;0;0m██                ████                  
                          ██[38;2;247;219;107m██[38;2;0;0;0m██[38;2;247;219;107m██[38;2;0;0;0m██                                      
                            ██  ██                                        
[0m