          [38;2;0;4;0m██████                                      
    ██████[38;2;66;115;66m████[38;2;0;4;0m██                                      
  ██[38;2;66;115;66m██[38;2;66;114;66m████[38;2;66;115;66m██[38;2;66;65;66m██[38;2;66;64;66m██[38;2;0;4;0m████                                  
██[38;2;66;115;66m████[38;2;66;81;66m████[38;2;66;65;66m██[38;2;82;148;90m██████[38;2;82;150;90m██[38;2;0;4;0m████                              
██[38;2;66;115;66m████[38;2;66;81;66m██[38;2;239;243;66m██[38;2;82;148;90m████████[38;2;82;150;90m██████[38;2;0;4;0m██  ████                      
██[38;2;79;87;40m████[38;2;231;251;74m██[38;2;104;137;79m██[38;2;66;65;66m████[38;2;82;148;90m████[38;2;82;150;90m██[38;2;239;243;66m██[38;2;239;247;66m████[38;2;0;4;0m██[38;2;82;150;90m████[38;2;0;4;0m████  ████            
  [38;2;0;8;24m██[38;2;239;247;74m██[38;2;104;137;79m██[38;2;41;81;82m██[38;2;255;255;255m██[38;2;66;65;66m████[38;2;82;148;90m██[38;2;239;243;66m████[38;2;112;133;71m██[38;2;49;77;74m██[38;2;82;150;90m██████████[38;2;0;4;0m██[38;2;82;150;90m████[38;2;0;4;0m██          
  [38;2;8;12;0m██[38;2;172;174;137m██[38;2;66;65;66m████[38;2;165;186;173m██[38;2;57;77;66m██[38;2;82;150;90m██[38;2;239;243;66m████[38;2;82;150;90m██[38;2;82;148;90m████████████████[38;2;82;150;90m██[38;2;0;4;0m████          
██[38;2;255;255;206m██[38;2;8;12;0m██[38;2;82;148;90m██[38;2;66;65;66m██[38;2;57;77;66m██[38;2;93;113;101m██[38;2;82;150;90m██[38;2;239;243;66m████[38;2;82;150;90m██[38;2;82;148;90m████████████████[38;2;0;4;0m██              
██[38;2;206;211;115m██[38;2;0;4;0m██[38;2;82;148;90m████████[38;2;172;174;137m██[38;2;8;12;0m██[38;2;222;255;90m██[38;2;111;135;61m██[38;2;82;148;90m██[38;2;66;65;66m██[38;2;82;148;90m████[38;2;82;150;90m██████[38;2;0;4;0m██                
  ██[38;2;206;211;115m██[38;2;66;65;66m████[38;2;82;148;90m████[38;2;8;12;0m██[38;2;255;255;206m██[38;2;0;16;33m██[38;2;111;135;61m██[38;2;82;148;90m████[38;2;66;65;66m██[38;2;82;148;90m██[38;2;82;150;90m██[38;2;0;4;0m████                  
  ██[38;2;239;243;66m██[38;2;66;199;255m████[38;2;74;73;57m██[38;2;74;117;120m██[38;2;0;4;0m██[38;2;206;211;115m██[38;2;0;16;33m██[38;2;111;135;61m██[38;2;82;148;90m██[38;2;65;114;65m██[38;2;66;115;66m██[38;2;0;4;0m████                      
    ██[38;2;239;243;66m██[38;2;66;199;255m██[38;2;74;207;247m██[38;2;74;73;57m██[38;2;206;211;115m██[38;2;0;4;0m██[38;2;222;255;90m██[38;2;111;135;61m██[38;2;65;114;65m████[38;2;0;4;0m██                          
      ██[38;2;66;199;255m██████[38;2;66;93;107m██[38;2;239;243;66m██[38;2;192;156;66m██[38;2;66;113;66m██[38;2;66;114;66m██[38;2;0;4;0m██                            
        ██[38;2;57;148;197m████[38;2;66;93;107m████[38;2;192;156;66m████[38;2;66;114;66m██[38;2;0;4;0m██        ██████              
          ██[38;2;57;150;198m██[38;2;57;148;198m████[38;2;66;65;66m██[38;2;192;157;66m██[38;2;60;108;60m██[38;2;0;8;0m██      [38;2;0;4;0m██[38;2;239;243;66m████[38;2;247;243;66m██[38;2;8;4;8m██            
          [38;2;0;4;0m██[38;2;57;150;198m██[38;2;57;148;198m████[38;2;66;65;66m██[38;2;192;157;66m██[38;2;60;108;60m██[38;2;90;158;90m██[38;2;0;4;0m██  ██[38;2;239;243;66m██[38;2;193;156;66m████[38;2;167;163;46m██[38;2;247;243;66m██[38;2;0;4;0m████        
          [38;2;0;16;82m██[38;2;107;135;115m██[38;2;57;150;198m████[38;2;66;89;66m██[38;2;239;243;66m██[38;2;65;114;65m██[38;2;82;148;90m██[38;2;110;126;65m██[38;2;0;16;16m██[38;2;66;113;66m████[38;2;65;114;65m████[38;2;57;121;74m██[38;2;189;162;74m██[38;2;192;156;66m████[38;2;0;4;0m██      
        ██[38;2;214;255;148m██[38;2;107;135;115m██[38;2;57;150;198m██[38;2;66;65;66m██[38;2;239;243;66m██[38;2;66;89;66m██[38;2;82;148;90m████[38;2;165;182;90m██[38;2;110;126;65m██[38;2;66;199;255m████[38;2;82;148;90m████[38;2;101;134;74m██[38;2;57;121;74m██[38;2;66;113;66m██[38;2;192;156;66m██[38;2;0;4;0m██      
        ██[38;2;239;243;66m██[38;2;66;199;255m██[38;2;66;151;192m██[38;2;66;65;66m██[38;2;239;243;66m██[38;2;66;113;66m██[38;2;82;148;90m████[38;2;82;150;90m██[38;2;239;243;66m██[38;2;82;150;90m████[38;2;239;243;66m████[38;2;247;223;66m██[38;2;66;109;66m██[38;2;66;113;66m████[38;2;94;89;45m██[38;2;0;16;16m██    
      [38;2;0;4;0m██[38;2;239;243;66m██[38;2;66;199;255m████[38;2;66;195;255m██[38;2;66;65;66m██[38;2;239;243;66m██[38;2;66;113;66m██[38;2;82;148;90m████[38;2;82;150;90m████[38;2;239;243;66m████[38;2;82;150;90m████[38;2;66;109;66m██[38;2;186;185;66m██[38;2;192;156;66m██[38;2;66;113;66m██[38;2;189;162;74m████[38;2;0;4;0m██  
      ██[38;2;66;199;255m██[38;2;66;198;255m████████[38;2;49;73;99m██[38;2;214;255;132m██[38;2;66;113;66m████[38;2;82;148;90m████[38;2;74;125;74m████[38;2;239;243;66m████[38;2;192;156;66m██[38;2;66;89;66m████[38;2;192;156;66m██[38;2;38;58;66m██[38;2;24;12;0m██    
      [38;2;0;4;0m██[38;2;66;199;255m██[38;2;66;198;255m████████[38;2;131;164;115m██[38;2;49;73;99m██[38;2;239;243;66m████[38;2;65;114;65m████[38;2;74;125;74m██[38;2;239;243;66m██[38;2;66;65;66m████[38;2;66;89;66m██[38;2;192;156;66m████[38;2;66;89;66m██[38;2;66;150;198m████[38;2;0;4;0m██  
    ██[38;2;57;150;198m██[38;2;66;65;66m██[38;2;66;199;255m████[38;2;66;198;255m████[38;2;66;199;255m████[38;2;66;65;66m████[38;2;239;243;66m██████[38;2;66;93;107m██[38;2;57;148;198m████[38;2;57;150;198m██[38;2;66;65;66m████[38;2;57;150;198m████████[38;2;0;4;0m██
  ██[38;2;57;150;198m██████[38;2;57;148;197m████[38;2;66;198;255m████[38;2;57;148;197m████[38;2;66;199;255m████[38;2;66;65;66m████[38;2;66;93;107m████[38;2;57;148;198m████[38;2;57;150;198m████████[38;2;66;65;66m██[38;2;57;150;198m████[38;2;0;4;0m██
  ██[38;2;57;150;198m██████[38;2;0;4;0m████████[38;2;57;150;198m████[38;2;66;199;255m██████[38;2;57;148;197m██[38;2;57;150;198m████████[38;2;66;199;255m████[38;2;54;136;170m██[38;2;35;70;85m██[38;2;0;4;0m██████  
    ██████        ████[38;2;57;148;197m██[38;2;66;199;255m██████[38;2;57;150;198m██[38;2;0;4;0m████[38;2;57;150;198m██[38;2;57;148;197m██[38;2;66;199;255m██[38;2;74;203;255m██[38;2;16;4;0m██        
                      [38;2;0;4;0m██[38;2;66;199;255m██████[38;2;0;4;0m██    ████████          
                        ██████                        
[0m