      [38;2;0;0;0m████                                      
  ████[38;2;65;65;65m██[38;2;189;181;140m██[38;2;0;0;0m██                      ████████      
████[38;2;189;181;140m████[38;2;65;65;65m██[38;2;189;181;140m██[38;2;0;0;0m██                  ██[38;2;189;181;140m██[38;2;65;65;65m██[38;2;189;181;140m██[38;2;65;65;65m██[38;2;0;0;0m██    
██[38;2;189;181;140m██[38;2;65;65;65m██[38;2;189;181;140m██[38;2;65;65;65m██[38;2;189;181;140m██[38;2;0;0;0m██                  ██[38;2;189;181;140m██[38;2;65;65;65m██[38;2;189;181;140m██[38;2;65;65;65m██[38;2;189;181;140m██[38;2;0;0;0m██  
██[38;2;189;181;140m██[38;2;65;65;65m██[38;2;189;181;140m██[38;2;65;65;65m██[38;2;0;0;0m██        ████  ████  ██[38;2;65;65;65m████[38;2;189;181;140m██[38;2;65;65;65m██[38;2;189;181;140m██[38;2;0;0;0m██  
  ██[38;2;65;65;65m████[38;2;148;140;107m████[38;2;0;0;0m██  ████[38;2;148;140;107m████[38;2;115;107;74m██[38;2;189;181;140m████[38;2;0;0;0m██  ██[38;2;189;181;140m██[38;2;65;65;65m██████[38;2;189;181;140m██[38;2;0;0;0m██
    ██[38;2;148;140;107m██████[38;2;0;0;0m████[38;2;189;181;140m██[38;2;148;140;107m██[38;2;115;107;74m████[38;2;189;181;140m████████[38;2;0;0;0m██  ██[38;2;189;181;140m████████[38;2;0;0;0m██
    ██[38;2;115;107;74m██[38;2;148;140;107m██████[38;2;65;65;65m██[38;2;189;181;140m████████████[38;2;148;140;107m██[38;2;189;181;140m██[38;2;0;0;0m██  ██[38;2;189;181;140m████[38;2;148;140;107m██[38;2;189;181;140m██[38;2;0;0;0m██
    ██[38;2;148;140;107m██[38;2;115;107;74m██[38;2;148;140;107m██[38;2;65;65;65m██[38;2;255;255;255m██[38;2;115;107;74m██[38;2;189;181;140m████[38;2;148;140;107m██[38;2;189;181;140m██████[38;2;148;140;107m██[38;2;189;181;140m██[38;2;0;0;0m████[38;2;115;107;74m██[38;2;189;181;140m██[38;2;148;140;107m██[38;2;0;0;0m██  
      ██[38;2;115;107;74m██[38;2;148;140;107m██[38;2;65;65;65m██[38;2;255;255;255m██[38;2;0;0;0m██[38;2;189;181;140m██[38;2;115;107;74m██[38;2;189;181;140m████[38;2;148;140;107m██[38;2;65;65;65m██[38;2;148;140;107m██[38;2;115;107;74m██[38;2;65;65;65m██[38;2;148;140;107m██[38;2;115;107;74m██[38;2;189;181;140m████[38;2;0;0;0m██  
      ██[38;2;65;65;65m██[38;2;148;140;107m██[38;2;0;0;0m██[38;2;65;65;65m██[38;2;148;140;107m████[38;2;115;107;74m██[38;2;189;181;140m██[38;2;148;140;107m██[38;2;0;0;0m██[38;2;255;255;255m██[38;2;189;181;140m██[38;2;115;107;74m██[38;2;148;140;107m██████[38;2;115;107;74m██[38;2;0;0;0m██    
        ████  ██[38;2;148;140;107m████████[38;2;0;0;0m██[38;2;65;65;65m██[38;2;255;255;255m██[38;2;148;140;107m████[38;2;0;0;0m████[38;2;148;140;107m████[38;2;0;0;0m██    
                ██[38;2;148;140;107m██████████████[38;2;0;0;0m██    ████      
                  ████[38;2;115;107;74m██[38;2;148;140;107m████[38;2;0;0;0m████                
                      ██████                    
[0m