                    [38;2;0;0;0m████████          
                ████[38;2;107;156;181m██████[38;2;0;0;0m██          
              ██[38;2;107;156;181m██████████[38;2;0;0;0m██          
        ██████[38;2;107;156;181m██████████[38;2;0;0;0m██            
      ██[38;2;82;123;148m██[38;2;65;65;65m██[38;2;107;156;181m████████████[38;2;0;0;0m████████      
    ██[38;2;82;123;148m██[38;2;65;65;65m██[38;2;107;156;181m██████████[38;2;65;65;65m████[38;2;107;206;255m██[38;2;107;156;181m████[38;2;0;0;0m██      
    ██[38;2;82;123;148m██[38;2;65;65;65m██[38;2;107;156;181m████████[38;2;65;65;65m████[38;2;107;206;255m██████[38;2;107;156;181m██[38;2;0;0;0m██      
      ██[38;2;107;156;181m██████████[38;2;65;65;65m██[38;2;107;156;181m████[38;2;107;206;255m████[38;2;0;0;0m██        
      ██[38;2;107;156;181m████████[38;2;0;0;0m██[38;2;65;65;65m██[38;2;107;156;181m████[38;2;107;206;255m██[38;2;65;65;65m██[38;2;0;0;0m██        
    ██[38;2;107;156;181m████████[38;2;0;0;0m██[38;2;255;255;255m██[38;2;65;65;65m████████[38;2;107;156;181m████[38;2;0;0;0m██      
  ██[38;2;65;65;65m██[38;2;107;156;181m██████[38;2;65;65;65m██[38;2;0;0;0m████[38;2;255;255;255m██[38;2;107;156;181m██████████[38;2;0;0;0m██      
██[38;2;82;123;148m██[38;2;65;65;65m██████[38;2;107;156;181m████[38;2;255;255;255m████[38;2;107;156;181m████████████[38;2;107;206;255m██[38;2;0;0;0m██████
██[38;2;82;123;148m██[38;2;65;65;65m██[38;2;247;107;74m████[38;2;65;65;65m████████[38;2;107;156;181m██[38;2;82;123;148m████[38;2;107;156;181m██████[38;2;107;206;255m██[38;2;0;0;0m██[38;2;82;123;148m██[38;2;0;0;0m██
  ████[38;2;65;65;65m██[38;2;247;107;74m████████[38;2;255;255;255m██[38;2;65;65;65m██[38;2;107;156;181m████████████[38;2;65;65;65m██[38;2;82;123;148m██[38;2;0;0;0m██
      ██[38;2;65;65;65m██[38;2;247;107;74m██████[38;2;189;99;99m██[38;2;65;65;65m██[38;2;107;156;181m████[38;2;65;65;65m██[38;2;107;156;181m██[38;2;82;123;148m██[38;2;107;156;181m██[38;2;65;65;65m██[38;2;0;0;0m██  
      ██[38;2;82;123;148m██[38;2;65;65;65m████[38;2;189;99;99m██████[38;2;65;65;65m████[38;2;107;156;181m██████[38;2;0;0;0m████    
        ██[38;2;82;123;148m████[38;2;0;0;0m██████[38;2;82;123;148m██[38;2;107;156;181m████████[38;2;0;0;0m██      
          ██████    ██[38;2;107;156;181m██[38;2;82;123;148m██[38;2;107;156;181m██[38;2;0;0;0m██        
                      ██████          
[0m