                      [38;2;0;0;8m████  [38;2;0;0;0m██[38;2;0;4;0m████[38;2;0;0;0m██                                                
                    ██[38;2;246;214;115m██[38;2;82;71;43m██[38;2;0;0;0m██[38;2;197;194;189m██[38;2;205;198;189m██[38;2;68;68;63m██[38;2;246;218;106m██[38;2;0;0;0m██████                [38;2;65;64;65m████                      
              [38;2;0;0;8m████[38;2;0;0;0m██[38;2;246;218;106m██[38;2;65;64;65m████[38;2;200;194;189m████[38;2;197;194;189m██[38;2;82;78;68m██[38;2;246;218;106m████[38;2;65;64;65m██[38;2;246;218;106m██[38;2;0;0;0m████            [38;2;65;64;65m██[38;2;94;97;94m██[38;2;65;64;65m████                  
          [38;2;0;0;0m████[38;2;246;214;115m██[38;2;82;71;43m██[38;2;246;218;106m████[38;2;65;64;65m██[38;2;197;194;189m██[38;2;200;194;189m████[38;2;197;194;189m██[38;2;82;78;68m██[38;2;246;218;106m████[38;2;65;64;65m██[38;2;246;218;106m██████[38;2;0;0;0m████          [38;2;65;64;65m██[38;2;94;97;94m████[38;2;65;64;65m████              
        [38;2;0;0;0m██[38;2;246;218;106m████[38;2;65;64;65m██[38;2;246;218;106m████[38;2;65;64;65m██[38;2;200;194;189m████[38;2;197;194;189m████[38;2;65;64;65m██[38;2;246;218;106m████████[38;2;65;64;65m██[38;2;246;218;106m████████[38;2;0;0;8m████        [38;2;65;64;65m██[38;2;94;97;94m████[38;2;65;64;65m██              
      [38;2;0;0;0m██[38;2;164;121;90m██[38;2;168;121;90m██[38;2;246;218;106m██[38;2;65;64;65m██[38;2;246;218;106m████[38;2;65;64;65m██[38;2;200;194;189m████[38;2;65;64;65m████[38;2;246;218;106m██████████[38;2;65;64;65m██[38;2;246;218;106m████████[38;2;246;214;115m██[38;2;82;71;43m██[38;2;0;0;0m██      [38;2;65;64;65m██[38;2;94;97;94m██████[38;2;65;64;65m████          
        [38;2;8;4;8m██[38;2;180;145;74m████[38;2;65;64;65m██[38;2;246;214;98m██[38;2;246;218;106m████[38;2;65;64;65m████[38;2;246;218;106m████████████[38;2;65;64;65m██[38;2;246;218;106m██████[38;2;246;218;98m██[38;2;164;121;65m██[38;2;172;133;82m████[38;2;0;0;0m██      [38;2;65;64;65m██[38;2;94;97;94m██[38;2;95;97;95m████[38;2;94;97;94m██[38;2;65;64;65m████        
      [38;2;53;52;53m██[38;2;98;101;98m██[38;2;0;0;0m██[38;2;180;145;74m██[38;2;186;164;87m██[38;2;65;64;65m██[38;2;246;218;106m████████████████[38;2;65;64;65m████[38;2;246;218;106m████[38;2;168;121;90m████[38;2;191;153;76m████[38;2;172;133;82m██[38;2;0;0;0m██        [38;2;65;64;65m██[38;2;94;97;94m██[38;2;95;97;95m████[38;2;94;97;94m██████[38;2;65;64;65m██      
    ██[38;2;95;97;95m████[38;2;94;97;94m██[38;2;0;0;0m██[38;2;65;59;41m████[38;2;191;160;79m██[38;2;255;210;90m██[38;2;246;218;106m████[38;2;255;210;90m██[38;2;200;155;76m██[38;2;74;48;49m████[38;2;65;64;65m██[38;2;246;218;106m████[38;2;168;121;90m██[38;2;191;157;63m████[38;2;189;157;65m████[38;2;0;0;0m██      [38;2;65;64;65m████[38;2;95;97;95m████████████[38;2;94;97;94m██[38;2;65;64;65m██      
    ██[38;2;95;97;95m████[38;2;94;97;94m████[38;2;0;8;24m██[38;2;197;161;74m██[38;2;65;60;57m██[38;2;191;160;79m██[38;2;191;156;63m████[38;2;90;44;49m██[38;2;145;99;63m██[38;2;0;24;24m██[38;2;222;97;98m██[38;2;65;64;65m██[38;2;246;218;106m████[38;2;168;121;90m██[38;2;191;157;63m████[38;2;63;55;32m██[38;2;0;4;16m██      [38;2;65;64;65m██[38;2;94;97;94m████[38;2;95;97;95m████████████[38;2;94;97;94m████[38;2;65;64;65m██    
    ██[38;2;94;97;94m██[38;2;65;64;65m████[38;2;98;97;98m██[38;2;94;97;94m██[38;2;0;0;0m██[38;2;191;156;65m██[38;2;65;64;65m██[38;2;189;157;74m██[38;2;74;76;82m██[38;2;106;101;90m██[38;2;65;64;65m██[38;2;205;121;74m██[38;2;65;64;65m██[38;2;186;163;84m██[38;2;246;214;98m██[38;2;246;218;106m██[38;2;191;156;63m██[38;2;65;64;65m██[38;2;0;0;0m██          [38;2;65;64;65m██[38;2;95;97;95m████[38;2;94;97;94m████[38;2;0;0;0m████[38;2;98;101;98m██[38;2;53;52;53m██[38;2;94;97;94m████[38;2;65;64;65m██    
  ██[38;2;94;97;94m██[38;2;65;64;65m██  [38;2;0;0;0m████[38;2;94;97;94m██[38;2;0;0;0m██[38;2;191;156;65m██[38;2;65;64;65m██[38;2;112;103;79m████[38;2;79;76;74m██[38;2;106;101;90m██[38;2;65;64;65m██[38;2;205;121;74m██[38;2;65;60;57m██[38;2;246;214;98m██[38;2;191;156;63m████[38;2;0;0;0m██      [38;2;65;64;65m██████[38;2;94;97;94m██[38;2;95;97;95m████[38;2;94;97;94m██[38;2;0;0;0m██[38;2;222;85;82m████[38;2;8;4;8m██  [38;2;65;64;65m██[38;2;94;97;94m██[38;2;65;64;65m██    
██[38;2;94;97;94m██[38;2;65;64;65m██  [38;2;0;0;0m██[38;2;180;72;43m████[38;2;0;0;0m██[38;2;98;97;98m██[38;2;0;4;8m██[38;2;197;161;74m██[38;2;74;68;65m████[38;2;106;98;71m██[38;2;65;68;74m██[38;2;191;156;65m████[38;2;65;60;57m██[38;2;246;214;98m██[38;2;189;161;90m██[38;2;65;64;74m██[38;2;79;71;49m██[38;2;0;0;16m██  [38;2;53;52;53m██[38;2;95;97;95m████[38;2;94;97;94m████[38;2;131;68;68m██[38;2;0;4;8m██[38;2;0;24;24m██[38;2;74;48;49m██[38;2;222;85;82m████[38;2;0;0;0m██    [38;2;65;64;65m██[38;2;94;97;94m██[38;2;65;64;65m██  
██[38;2;94;97;94m██[38;2;65;64;65m██  [38;2;0;0;0m██[38;2;180;72;43m████[38;2;0;0;0m██[38;2;65;64;65m██[38;2;0;4;8m██[38;2;65;56;30m██[38;2;194;157;65m██[38;2;74;68;65m██[38;2;189;157;65m████[38;2;191;156;65m██[38;2;65;64;65m██[38;2;246;214;98m██[38;2;186;163;84m██[38;2;65;64;74m██[38;2;148;129;84m██[38;2;79;71;49m██[38;2;238;214;115m██[38;2;8;4;8m██[38;2;98;101;98m██[38;2;95;97;95m████[38;2;0;0;0m████[38;2;0;4;8m██[38;2;197;101;98m██[38;2;222;97;98m██[38;2;74;48;49m██[38;2;0;0;0m██[38;2;222;85;82m██[38;2;0;0;0m██    [38;2;65;64;65m██[38;2;94;97;94m██[38;2;65;64;65m██  
████    [38;2;0;0;0m██[38;2;180;72;41m██[38;2;0;0;0m██  ██[38;2;191;156;65m████[38;2;65;64;65m██[38;2;139;139;127m██[38;2;65;64;65m██████[38;2;180;72;43m██[38;2;65;64;65m████[38;2;139;139;127m████[38;2;65;64;65m██[38;2;246;218;106m██[38;2;255;222;106m██[38;2;0;0;0m██[38;2;98;97;98m██[38;2;0;0;0m██[38;2;222;84;84m████[38;2;74;48;49m██[38;2;222;97;98m██[38;2;222;85;82m██[38;2;0;0;0m██  ██[38;2;94;97;94m██[38;2;65;64;65m██    ████  
          [38;2;0;0;0m██  ██[38;2;246;218;106m██[38;2;191;156;65m██[38;2;65;64;65m████[38;2;139;139;127m██[38;2;180;72;43m████████[38;2;160;105;86m████[38;2;139;139;127m██[38;2;65;64;65m██[38;2;246;218;106m████[38;2;169;148;71m██[38;2;0;0;0m██[38;2;65;64;65m██[38;2;0;0;0m██[38;2;222;84;84m████[38;2;74;48;49m██[38;2;0;24;24m██[38;2;222;85;82m██[38;2;0;0;0m██    [38;2;65;64;65m████          
                [38;2;0;0;0m██[38;2;246;218;106m████[38;2;65;64;65m██[38;2;222;206;148m██[38;2;104;103;93m████████[38;2;117;111;79m██[38;2;57;60;65m██[38;2;65;60;57m██[38;2;246;214;98m██[38;2;255;210;90m██[38;2;191;160;79m██[38;2;65;59;41m██[38;2;0;8;24m██    [38;2;0;0;0m██[38;2;222;85;82m██[38;2;0;0;0m██  ██[38;2;65;64;65m██                  
                [38;2;0;0;0m██[38;2;65;64;65m██[38;2;246;218;106m██[38;2;222;206;148m██[38;2;65;64;65m██[38;2;104;103;93m████████[38;2;57;60;65m██[38;2;238;214;106m██[38;2;246;214;98m██[38;2;186;163;84m██[38;2;191;160;79m██[38;2;65;60;57m██[38;2;197;161;74m██[38;2;65;59;41m██[38;2;0;0;0m████████                          
              ██[38;2;189;157;65m██[38;2;191;160;79m██[38;2;65;60;57m██[38;2;82;56;57m██[38;2;230;178;172m██[38;2;222;84;84m████████[38;2;191;140;93m██[38;2;65;56;65m██[38;2;65;64;65m██████[38;2;191;156;65m██[38;2;65;64;65m████[38;2;197;194;189m██[38;2;139;139;127m██[38;2;197;198;189m██[38;2;65;68;65m██[38;2;0;0;0m██                        
                ██[38;2;191;160;79m██[38;2;255;210;90m██[38;2;82;56;57m██[38;2;156;117;115m██[38;2;222;84;84m████████[38;2;65;56;65m██[38;2;255;182;106m██[38;2;246;218;106m████[38;2;191;156;65m██[38;2;65;64;65m██[38;2;191;156;65m██[38;2;65;64;65m██[38;2;197;194;189m████[38;2;131;133;127m██[38;2;197;198;189m██[38;2;197;194;189m██[38;2;0;0;0m████                    
              ██[38;2;189;157;65m██[38;2;65;64;65m████[38;2;197;194;180m██[38;2;104;105;98m██[38;2;104;103;93m████████[38;2;106;98;74m██[38;2;65;68;74m██[38;2;65;64;65m██████[38;2;191;156;65m██[38;2;65;68;65m██[38;2;197;198;189m██[38;2;197;194;189m████[38;2;139;139;127m████[38;2;197;194;189m████[38;2;137;133;126m██[38;2;0;4;0m██                  
                [38;2;0;0;0m██[38;2;191;156;65m████[38;2;57;60;57m██[38;2;104;105;98m██[38;2;104;103;93m████████[38;2;65;68;74m██[38;2;189;157;74m██[38;2;191;156;65m██████[38;2;65;64;65m██[38;2;131;133;127m██[38;2;197;198;189m██[38;2;197;194;189m██[38;2;139;139;127m██[38;2;197;194;189m████[38;2;139;139;127m████[38;2;205;198;189m████[38;2;0;0;0m██                
                  [38;2;8;4;0m██[38;2;74;68;63m██[38;2;180;186;180m██[38;2;186;102;87m██[38;2;219;86;84m████████[38;2;213;101;90m██[38;2;65;72;65m██[38;2;71;70;68m████[38;2;65;64;65m██[38;2;197;194;189m████[38;2;139;136;128m██[38;2;139;139;127m██[38;2;197;194;189m██[38;2;200;194;189m████[38;2;197;198;189m██[38;2;131;133;127m██[38;2;200;194;189m████[38;2;205;198;189m██[38;2;0;4;0m██              
                [38;2;0;0;0m██[38;2;205;198;189m██[38;2;74;68;63m██[38;2;183;144;134m██[38;2;189;60;41m██[38;2;180;72;41m████████[38;2;164;91;82m████[38;2;71;70;68m██[38;2;197;194;189m████████[38;2;82;78;68m██[38;2;197;194;189m████[38;2;200;194;189m████[38;2;197;198;189m██[38;2;65;68;65m██[38;2;200;194;189m████[38;2;205;198;189m██[38;2;137;133;126m██[38;2;0;0;0m██            
              ██[38;2;197;194;189m██████[38;2;82;79;68m██[38;2;139;138;128m██[38;2;104;103;93m████████[38;2;139;138;128m██[38;2;82;79;68m██[38;2;200;194;189m████████[38;2;197;194;189m████[38;2;65;64;65m██[38;2;197;194;189m██[38;2;200;195;189m████[38;2;120;113;84m██[38;2;57;60;74m██[38;2;139;139;127m████[38;2;98;101;98m██[38;2;246;218;115m██[38;2;246;222;123m██[38;2;0;8;24m██          
            [38;2;0;0;0m██[38;2;98;97;94m██[38;2;197;194;189m████[38;2;139;139;127m██[38;2;82;79;68m██[38;2;139;138;128m██[38;2;104;103;93m████████[38;2;139;138;128m██[38;2;82;79;68m██[38;2;200;194;189m████████[38;2;104;102;90m████[38;2;65;64;65m██[38;2;197;194;189m██[38;2;200;195;189m██[38;2;106;101;90m██[38;2;246;218;106m████[38;2;65;64;65m██[38;2;139;139;127m██[38;2;148;140;104m██[38;2;98;101;98m██[38;2;82;79;57m████[38;2;0;0;0m██        
          ██[38;2;189;157;65m██[38;2;197;161;74m██[38;2;106;109;106m██[38;2;142;138;128m████[38;2;112;103;76m██[38;2;74;76;82m██[38;2;142;140;126m██[38;2;104;102;95m████[38;2;142;140;126m██[38;2;87;86;74m████[38;2;101;103;93m██[38;2;222;206;148m██[38;2;205;198;189m██[38;2;106;105;90m██[38;2;246;218;106m████[38;2;238;218;123m██[38;2;65;64;74m██[38;2;142;138;128m████[38;2;104;103;93m████[38;2;65;64;65m██[38;2;142;140;126m██[38;2;139;138;128m████[38;2;65;64;65m██[38;2;102;103;90m████[38;2;0;0;0m██████  
            ██[38;2;106;109;106m██[38;2;137;126;95m██[38;2;142;138;128m██[38;2;104;103;93m██[38;2;189;157;65m████[38;2;65;64;65m████████[38;2;87;86;74m██[38;2;246;218;106m██[38;2;222;206;148m██[38;2;101;103;93m██[38;2;139;136;123m████[38;2;104;102;90m████[38;2;65;64;74m██[38;2;152;141;98m██[38;2;104;103;93m██[38;2;142;138;128m██████[38;2;65;64;65m██[38;2;104;102;95m██[38;2;139;138;128m████[38;2;65;64;65m██[38;2;102;103;90m██████████[38;2;0;0;0m██
            ██[38;2;189;157;65m██[38;2;101;103;93m██[38;2;137;126;95m██[38;2;106;109;106m██[38;2;102;103;90m██[38;2;65;64;65m██[38;2;104;103;93m████[38;2;102;103;90m████[38;2;0;0;0m██[38;2;102;103;90m██[38;2;104;103;93m██[38;2;142;138;128m██[38;2;106;109;106m██[38;2;137;126;95m██[38;2;139;138;128m████[38;2;65;64;65m██[38;2;102;103;90m██[38;2;189;157;65m██[38;2;101;103;93m██[38;2;142;138;128m████[38;2;65;64;65m██[38;2;191;156;65m██[38;2;101;103;93m████[38;2;65;67;60m██[38;2;98;101;90m██[38;2;102;103;90m████[38;2;0;0;0m████  
            ██[38;2;189;157;65m██[38;2;101;103;93m██[38;2;106;109;106m██[38;2;197;161;74m██[38;2;102;103;90m██[38;2;65;64;65m██[38;2;104;103;93m████[38;2;102;103;90m██[38;2;0;0;0m██  ██[38;2;142;138;128m██[38;2;104;103;93m██[38;2;197;161;74m██[38;2;106;109;106m██[38;2;139;138;128m████[38;2;65;64;65m██[38;2;102;103;90m██[38;2;189;157;65m██[38;2;101;103;93m██[38;2;104;103;93m████[38;2;65;64;65m██[38;2;191;156;65m██[38;2;101;103;93m██[38;2;189;157;65m██[38;2;0;0;0m████████      
          ██[38;2;246;218;106m██[38;2;189;157;65m████[38;2;0;0;0m██[38;2;189;157;65m██[38;2;82;78;69m██[38;2;0;0;0m████████  [38;2;0;0;8m██[38;2;120;105;57m██[38;2;164;149;106m██[38;2;109;99;74m██[38;2;183;157;82m██[38;2;112;101;74m██[38;2;164;149;106m██[38;2;109;99;74m██[38;2;65;56;30m██[38;2;197;161;74m██[38;2;255;222;106m██[38;2;172;149;71m██[38;2;120;105;57m██[38;2;180;157;82m██[38;2;0;0;0m██[38;2;189;157;65m██[38;2;0;0;0m████              
            ██████  ████          [38;2;0;0;8m██[38;2;180;157;82m██[38;2;0;0;8m██[38;2;164;149;106m██[38;2;255;214;90m██[38;2;183;157;82m██[38;2;0;0;8m██[38;2;164;149;106m██[38;2;0;4;8m████[38;2;255;222;106m██[38;2;8;4;0m██[38;2;0;0;8m████  [38;2;0;0;0m██                  
                                    ██  ██[38;2;246;218;106m██[38;2;0;0;0m██  ██    ██                            
                                          ██                                        
[0m