                  [38;2;0;0;0m██                            
                ██[38;2;222;165;214m██[38;2;0;0;0m██        ████              
    ████████    ██[38;2;222;165;214m██[38;2;0;0;0m██      ██[38;2;222;165;214m██[38;2;0;0;0m██              
  ██[38;2;132;82;123m██[38;2;189;107;173m████[38;2;132;82;123m██[38;2;0;0;0m██  ██[38;2;222;165;214m████[38;2;0;0;0m██  ██[38;2;222;165;214m████[38;2;0;0;0m██              
██[38;2;189;107;173m████████████[38;2;0;0;0m██[38;2;132;82;123m██[38;2;222;165;214m████[38;2;0;0;0m██  ██[38;2;222;165;214m████[38;2;0;0;0m██              
  ████[38;2;189;107;173m████████[38;2;65;65;65m████[38;2;222;165;214m██[38;2;65;65;65m████[38;2;0;0;0m██[38;2;222;165;214m████[38;2;189;107;173m██[38;2;0;0;0m██    ██████    
      ██[38;2;189;107;173m████[38;2;65;65;65m██[38;2;189;107;173m██[38;2;222;165;214m██████████████[38;2;0;0;0m██    ██[38;2;222;165;214m██████[38;2;0;0;0m██  
      ██[38;2;189;107;173m████[38;2;65;65;65m██[38;2;222;165;214m████████[38;2;189;107;173m██[38;2;255;255;255m██[38;2;189;107;173m██[38;2;222;165;214m██[38;2;0;0;0m██  ██[38;2;222;165;214m██████████[38;2;0;0;0m██
    ██[38;2;189;107;173m████[38;2;65;65;65m██[38;2;189;107;173m██[38;2;222;165;214m██████[38;2;255;255;255m██[38;2;0;0;0m██[38;2;255;255;255m████[38;2;222;165;214m████[38;2;65;65;65m████[38;2;222;165;214m██████████[38;2;0;0;0m██
      ██[38;2;65;65;65m████[38;2;255;255;255m██[38;2;132;82;123m████[38;2;222;165;214m████████[38;2;132;82;123m██[38;2;222;165;214m██[38;2;189;107;173m██[38;2;65;65;65m████[38;2;222;165;214m██[38;2;189;107;173m██[38;2;222;165;214m██████[38;2;0;0;0m██
      ██[38;2;58;99;189m████[38;2;65;65;65m██[38;2;247;123;99m██[38;2;173;82;66m██[38;2;132;82;123m████████[38;2;189;107;173m████[38;2;65;65;65m██████[38;2;189;107;173m████[38;2;132;82;123m██[38;2;222;165;214m██[38;2;189;107;173m██[38;2;0;0;0m██
    ██[38;2;189;107;173m██[38;2;58;99;189m████[38;2;65;65;65m██[38;2;247;123;99m██[38;2;173;82;66m██[38;2;247;123;99m████[38;2;255;255;255m██[38;2;132;82;123m██[38;2;189;107;173m██[38;2;65;65;65m████[38;2;206;140;197m██[38;2;189;107;173m██[38;2;65;65;65m██[38;2;189;107;173m██[38;2;65;65;65m██[38;2;222;165;214m██[38;2;0;0;0m██  
      ████[38;2;58;99;189m██[38;2;65;65;65m██[38;2;247;123;99m██[38;2;214;107;82m██[38;2;247;123;99m████[38;2;65;65;65m██████[38;2;189;107;173m██[38;2;206;140;197m██████[38;2;65;65;65m████[38;2;0;0;0m████    
          ██[38;2;58;99;189m██[38;2;65;65;65m██[38;2;247;123;99m████[38;2;65;65;65m██[38;2;206;140;197m████████[38;2;65;65;65m██████[38;2;90;132;247m████[38;2;0;0;0m██      
            ██[38;2;58;99;189m██[38;2;65;65;65m████[38;2;206;140;197m████████[38;2;65;65;65m██[38;2;90;132;247m██████[38;2;58;99;189m██[38;2;222;165;214m████[38;2;0;0;0m██    
            ██[38;2;65;65;65m██[38;2;189;107;173m████[38;2;132;82;123m██[38;2;206;140;197m████[38;2;132;82;123m██[38;2;65;65;65m██████[38;2;90;132;247m████[38;2;0;0;0m██████    
          ██[38;2;189;107;173m██[38;2;132;82;123m██[38;2;189;107;173m██[38;2;132;82;123m██[38;2;0;0;0m████[38;2;65;65;65m██[38;2;189;107;173m██[38;2;132;82;123m██[38;2;206;140;197m██[38;2;65;65;65m██[38;2;0;0;0m████          
            ████████  ██[38;2;132;82;123m██[38;2;65;65;65m██[38;2;206;140;197m██████[38;2;0;0;0m██            
                    ██[38;2;132;82;123m██[38;2;65;65;65m██[38;2;206;140;197m██[38;2;132;82;123m██[38;2;206;140;197m██[38;2;0;0;0m████            
                ████[38;2;132;82;123m██████[38;2;0;0;0m████████              
            ████[38;2;132;82;123m████[38;2;65;65;65m██[38;2;132;82;123m██[38;2;0;0;0m██                      
          ██[38;2;189;107;173m████[38;2;132;82;123m██████[38;2;65;65;65m██[38;2;0;0;0m██                      
            ████[38;2;132;82;123m████[38;2;0;0;0m████                        
                ████                            
[0m