          [38;2;0;0;0m██[38;2;8;4;0m████[38;2;0;0;0m██                                            
  ██    ██[38;2;189;166;214m██[38;2;71;60;71m██[38;2;198;174;214m██[38;2;189;166;214m██[38;2;0;0;0m██  ██████                                  
██[38;2;239;227;255m██[38;2;0;4;0m████[38;2;189;166;214m██[38;2;66;65;66m██[38;2;239;227;255m██[38;2;66;65;66m██[38;2;189;177;192m██[38;2;74;69;66m██[38;2;0;0;0m██[38;2;239;235;255m██[38;2;241;235;255m████[38;2;0;0;0m████                              
██[38;2;239;227;255m██[38;2;63;59;71m██[38;2;189;170;214m██[38;2;189;166;214m██[38;2;66;65;66m██[38;2;239;227;255m██[38;2;66;65;66m██[38;2;74;69;66m██[38;2;247;231;255m██[38;2;239;235;255m████[38;2;241;235;255m████[38;2;239;227;255m████[38;2;0;0;0m██                            
██[38;2;189;166;214m██[38;2;247;219;255m██[38;2;66;65;74m██[38;2;189;166;214m██[38;2;74;73;66m██[38;2;239;219;255m██[38;2;66;65;66m██[38;2;236;219;255m██[38;2;241;235;255m████[38;2;236;219;255m██[38;2;236;218;255m████[38;2;241;235;255m████[38;2;239;227;255m██[38;2;0;0;0m██                          
  ██[38;2;186;167;194m████[38;2;74;73;66m████[38;2;181;167;192m██[38;2;66;65;66m██[38;2;236;219;255m████████[38;2;236;218;255m████[38;2;236;219;255m████[38;2;239;227;255m██[38;2;0;0;0m██                          
    [38;2;0;4;0m██[38;2;82;82;85m██[38;2;236;219;255m████[38;2;189;167;211m██[38;2;239;219;255m██[38;2;236;218;255m████[38;2;239;219;255m██[38;2;0;0;0m████[38;2;239;219;255m██[38;2;236;218;255m████████[38;2;0;0;0m██                        
    [38;2;0;4;0m██[38;2;247;239;255m██[38;2;241;235;255m██[38;2;236;219;255m██[38;2;239;219;255m████[38;2;236;218;255m████[38;2;0;0;0m██    ██[38;2;236;218;255m████████[38;2;0;0;0m██      ██████            
  ██[38;2;241;235;255m████████[38;2;231;235;247m██[38;2;66;81;57m██[38;2;93;97;95m██[38;2;247;235;255m██[38;2;239;219;255m██[38;2;0;0;0m██    ██[38;2;239;219;255m██[38;2;236;218;255m████[38;2;255;231;255m██[38;2;8;8;16m██  [38;2;0;0;0m██[38;2;107;105;140m██[38;2;189;167;211m██[38;2;189;166;214m██[38;2;0;0;0m██          
  ██[38;2;236;219;255m██[38;2;241;235;255m████[38;2;236;219;255m██[38;2;66;81;57m██[38;2;121;132;120m██[38;2;247;235;255m██[38;2;93;97;95m██[38;2;239;219;255m██[38;2;0;0;0m██      ██[38;2;236;218;255m████[38;2;172;156;175m████[38;2;0;0;0m██[38;2;107;105;140m██[38;2;189;167;211m██[38;2;107;105;140m██[38;2;189;166;214m██[38;2;0;0;0m██          
  ██[38;2;236;218;255m████████[38;2;94;97;94m██[38;2;115;186;90m██[38;2;247;243;255m████[38;2;239;219;255m████[38;2;0;0;0m██      ██[38;2;189;166;214m██████[38;2;189;167;211m██[38;2;107;105;140m████[38;2;189;167;211m██[38;2;189;166;214m██[38;2;0;0;0m██          
  ██[38;2;236;218;255m████████[38;2;94;97;94m██[38;2;115;186;90m██[38;2;247;243;255m██[38;2;104;105;139m██[38;2;90;175;123m██[38;2;239;219;255m██[38;2;0;0;0m██        ████[38;2;189;166;214m██[38;2;189;167;211m████████[38;2;0;0;0m██            
    [38;2;71;67;79m██[38;2;214;203;239m██[38;2;231;211;255m██[38;2;104;102;145m██[38;2;173;167;194m██[38;2;231;227;255m██[38;2;173;174;173m██[38;2;136;121;189m██[38;2;90;130;140m██[38;2;231;207;255m██[38;2;239;219;255m██[38;2;0;0;0m██          ██████████              
    ██[38;2;142;135;159m██[38;2;104;102;145m██[38;2;167;156;200m██[38;2;173;167;194m██[38;2;57;48;74m██[38;2;136;121;189m████[38;2;137;155;178m██[38;2;90;130;140m██[38;2;239;219;255m██[38;2;0;0;0m██                        ████      
      ██[38;2;87;100;79m██[38;2;74;60;74m██[38;2;57;93;49m██[38;2;132;158;165m██[38;2;126;151;137m██[38;2;63;75;68m██[38;2;137;121;186m████[38;2;107;105;140m██[38;2;239;219;255m██[38;2;0;0;0m██                    ██[38;2;239;227;255m████[38;2;0;0;0m██    
      ██[38;2;115;182;90m████[38;2;107;136;126m██[38;2;82;114;87m██[38;2;126;151;137m██[38;2;0;0;0m██[38;2;66;65;66m██[38;2;137;121;186m██[38;2;107;105;140m██[38;2;239;219;255m██[38;2;239;235;255m██[38;2;0;0;0m██                ██[38;2;239;219;255m██[38;2;140;142;181m████[38;2;239;219;255m██[38;2;0;0;0m██  
      ██[38;2;173;227;132m██[38;2;115;151;90m██[38;2;126;178;96m██[38;2;63;101;52m██[38;2;0;0;0m██  ██[38;2;156;146;222m██[38;2;136;123;185m██[38;2;107;105;140m██[38;2;241;235;255m████[38;2;0;0;0m████            ██[38;2;107;105;140m██[38;2;231;219;255m██[38;2;154;146;170m██[38;2;231;219;255m██[38;2;0;0;8m██  
        ██[38;2;57;75;49m██[38;2;189;255;140m██[38;2;0;24;8m██    [38;2;0;0;0m██[38;2;156;146;222m██[38;2;165;142;231m██[38;2;107;105;140m██[38;2;236;219;255m██[38;2;241;235;255m██[38;2;239;227;255m████[38;2;0;0;0m██████        ████[38;2;231;219;255m████[38;2;115;109;131m██[38;2;0;0;0m██
          ██[38;2;198;231;140m██[38;2;0;0;16m██  [38;2;0;0;0m██[38;2;189;166;214m██[38;2;74;69;66m██[38;2;175;163;194m██[38;2;82;77;74m██[38;2;236;218;255m████[38;2;236;219;255m██[38;2;241;235;255m██[38;2;239;219;255m██[38;2;82;81;66m██[38;2;239;219;255m██[38;2;0;4;0m██[38;2;0;0;0m██████[38;2;239;231;255m██[38;2;236;218;255m████[38;2;239;219;255m██[38;2;119;109;135m██[38;2;0;0;0m██
          ██[38;2;66;77;57m████[38;2;0;0;0m██[38;2;189;166;214m██[38;2;74;69;66m████[38;2;82;77;74m██[38;2;222;207;255m██[38;2;236;218;255m████[38;2;236;219;255m████[38;2;239;219;255m████[38;2;79;75;85m██[38;2;239;219;255m██████[38;2;239;231;255m████[38;2;236;218;255m████[38;2;119;109;135m██[38;2;0;0;16m██  
        [38;2;8;4;0m██[38;2;71;60;71m██[38;2;189;167;211m████[38;2;181;170;189m██[38;2;66;65;74m██[38;2;241;235;255m████[38;2;236;218;255m████[38;2;231;211;255m██[38;2;74;69;74m██[38;2;239;219;255m████[38;2;236;219;255m████[38;2;239;219;255m██[38;2;82;81;66m██[38;2;241;235;255m████[38;2;239;223;255m████[38;2;239;219;255m██[38;2;95;151;129m██[38;2;140;121;189m██[38;2;0;0;0m██  
        [38;2;8;4;0m██[38;2;198;174;214m██[38;2;189;167;211m████[38;2;66;65;74m██[38;2;239;223;247m██[38;2;236;219;255m████[38;2;236;218;255m████[38;2;74;69;74m██[38;2;152;140;164m██[38;2;136;121;189m██[38;2;239;219;255m██[38;2;241;235;255m████[38;2;239;219;255m██[38;2;82;81;66m██[38;2;236;219;255m████[38;2;239;223;255m██[38;2;85;174;123m██[38;2;95;151;129m████[38;2;0;0;0m██    
          ██[38;2;107;187;88m██[38;2;82;128;77m██[38;2;66;60;74m██[38;2;231;223;231m██[38;2;112;178;93m████[38;2;131;183;101m██[38;2;49;73;57m██[38;2;152;140;164m██[38;2;74;69;74m██[38;2;236;219;255m██[38;2;241;235;255m██████[38;2;239;219;255m████[38;2;82;81;66m██[38;2;87;175;120m██[38;2;115;130;159m██[38;2;82;166;115m██[38;2;140;121;189m████[38;2;0;0;0m██    
          ██[38;2;107;187;88m██[38;2;57;69;66m██[38;2;121;114;126m██[38;2;66;60;74m██[38;2;189;243;132m██[38;2;74;146;74m██[38;2;173;239;123m██[38;2;90;128;79m██[38;2;74;69;74m██[38;2;231;211;255m██[38;2;236;219;255m██[38;2;241;235;255m████[38;2;236;219;255m██[38;2;239;219;255m██[38;2;189;167;211m██[38;2;82;81;66m██[38;2;87;175;120m██[38;2;132;113;181m████[38;2;140;121;189m██[38;2;0;0;0m██      
            ██[38;2;66;65;66m██[38;2;104;105;142m██[38;2;66;65;66m██[38;2;74;113;74m████[38;2;194;211;162m██[38;2;74;125;90m██[38;2;66;65;66m██[38;2;189;166;214m██[38;2;239;219;255m████████[38;2;189;167;211m████[38;2;82;81;66m██[38;2;137;121;186m██[38;2;140;121;189m████[38;2;0;0;0m██        
              ██[38;2;104;105;142m████[38;2;74;113;74m██[38;2;134;121;189m██[38;2;74;125;90m██[38;2;134;168;126m██[38;2;66;65;66m██[38;2;189;166;214m██[38;2;189;167;211m████████████[38;2;82;81;66m██[38;2;137;121;186m██[38;2;0;0;0m████          
                ██[38;2;107;105;140m████[38;2;73;72;68m██[38;2;70;64;86m██[38;2;140;125;173m██[38;2;140;130;181m██[38;2;70;67;90m██[38;2;189;166;214m████[38;2;189;168;210m████[38;2;189;166;214m██[38;2;0;0;0m██████              
                  ██[38;2;73;72;68m██[38;2;107;105;140m██[38;2;70;64;86m██[38;2;0;4;0m██████[38;2;0;0;0m██[38;2;189;166;214m██[38;2;189;168;210m██[38;2;140;142;181m██[38;2;0;0;0m██                    
                    ██████        ██[38;2;132;122;156m██[38;2;198;182;231m██[38;2;0;0;0m██                    
                                    [38;2;0;4;8m████                      
[0m