      [38;2;0;0;0m████                                  
  ████[38;2;255;255;255m████[38;2;0;0;0m██  ████                          
██[38;2;255;255;255m████[38;2;107;107;107m██████[38;2;0;0;0m██[38;2;255;255;255m████[38;2;0;0;0m██          ████          
██[38;2;255;255;255m██[38;2;189;189;197m██[38;2;107;107;107m██[38;2;255;255;255m████[38;2;107;107;107m██[38;2;255;255;255m████[38;2;0;0;0m██████  ████[38;2;255;255;255m████[38;2;0;0;0m██  ████  
██[38;2;255;255;255m██[38;2;107;107;107m██[38;2;65;65;65m██[38;2;255;255;255m████[38;2;189;189;197m██[38;2;65;65;65m████[38;2;107;107;107m██████[38;2;0;0;0m██[38;2;255;255;255m██[38;2;189;189;197m██[38;2;255;255;255m████[38;2;0;0;0m████[38;2;255;255;255m████[38;2;0;0;0m██
  ██[38;2;107;107;107m██[38;2;65;65;65m██[38;2;255;255;255m████[38;2;65;65;65m██[38;2;107;107;107m██████████[38;2;65;65;65m██[38;2;255;255;255m████[38;2;189;189;197m██[38;2;107;107;107m██[38;2;65;65;65m██[38;2;107;107;107m██[38;2;255;255;255m████[38;2;0;0;0m██
  ██[38;2;107;107;107m████[38;2;65;65;65m████[38;2;107;107;107m████████████[38;2;65;65;65m██[38;2;255;255;255m████[38;2;107;107;107m██[38;2;65;65;65m██[38;2;255;255;255m████████[38;2;0;0;0m██
  ██[38;2;65;65;65m██[38;2;107;107;107m██[38;2;65;65;65m██[38;2;107;107;107m██[38;2;255;255;255m██[38;2;107;107;107m████████████[38;2;65;65;65m██[38;2;189;189;197m██[38;2;107;107;107m██[38;2;65;65;65m██[38;2;255;255;255m████[38;2;189;189;197m██[38;2;0;0;0m██  
    ██[38;2;65;65;65m████[38;2;107;107;107m██[38;2;255;255;255m██[38;2;99;197;247m██[38;2;107;107;107m██[38;2;197;165;206m██[38;2;107;107;107m██[38;2;197;165;206m██[38;2;107;107;107m████[38;2;65;65;65m██[38;2;107;107;107m██[38;2;65;65;65m██[38;2;189;189;197m██[38;2;255;255;255m██[38;2;65;65;65m██[38;2;0;0;0m██  
    ██[38;2;107;107;107m██[38;2;0;0;0m████[38;2;197;165;206m██[38;2;58;99;148m██[38;2;197;165;206m████[38;2;255;255;255m██[38;2;99;197;247m██[38;2;255;255;255m██[38;2;107;107;107m██[38;2;65;65;65m██[38;2;107;107;107m████[38;2;65;65;65m████[38;2;107;107;107m██[38;2;0;0;0m██  
    ████    ██[38;2;197;165;206m██[38;2;206;82;107m██[38;2;197;165;206m██[38;2;189;189;197m██[38;2;58;99;148m██[38;2;255;255;255m██[38;2;107;107;107m██[38;2;0;0;0m████[38;2;107;107;107m██████[38;2;0;0;0m██    
          ██[38;2;255;255;255m████[38;2;247;123;148m██[38;2;206;82;107m██[38;2;197;165;206m████[38;2;107;107;107m██[38;2;0;0;0m██    ██[38;2;65;65;65m██[38;2;0;0;0m██      
          ██[38;2;255;255;255m██[38;2;189;189;197m██[38;2;255;255;255m████[38;2;65;65;65m████[38;2;0;0;0m██      ██[38;2;107;107;107m██[38;2;0;0;0m██      
            ██[38;2;107;107;107m██[38;2;255;255;255m████[38;2;65;65;65m██[38;2;107;107;107m████[38;2;0;0;0m████    ████      
          ██[38;2;255;255;255m████[38;2;107;107;107m██[38;2;65;65;65m██[38;2;107;107;107m██[38;2;65;65;65m██[38;2;107;107;107m████[38;2;0;0;0m██              
          ██[38;2;255;255;255m██[38;2;189;189;197m██[38;2;255;255;255m████[38;2;65;65;65m██[38;2;107;107;107m██[38;2;0;0;0m████                
            ████[38;2;255;255;255m████[38;2;65;65;65m██[38;2;107;107;107m██[38;2;0;0;0m██                  
                ██[38;2;65;65;65m██[38;2;107;107;107m██[38;2;0;0;0m██                    
                  ██[38;2;107;107;107m██[38;2;0;0;0m██                    
                  ████                      
[0m