                                    [38;2;0;0;0m██                      
                                  ██[38;2;206;150;140m██[38;2;0;0;0m██                    
                ████      ██    ██[38;2;206;150;140m████[38;2;0;8;8m██                    
            [38;2;0;0;0m████[38;2;148;81;66m██[38;2;0;0;0m██    ██[38;2;148;81;66m██[38;2;0;0;0m██  ██[38;2;206;150;140m████[38;2;68;55;52m██[38;2;0;0;0m████████            
            ██[38;2;107;56;57m██[38;2;142;96;90m██[38;2;0;4;8m██    [38;2;0;0;0m██[38;2;142;92;82m██[38;2;82;60;57m██[38;2;0;4;8m██  [38;2;0;0;0m██[38;2;206;148;140m████████████[38;2;0;0;0m████  ██████
            ██[38;2;107;56;57m██[38;2;214;142;132m██[38;2;71;50;49m██[38;2;0;0;0m████[38;2;214;138;123m██[38;2;142;92;82m██[38;2;82;60;57m██[38;2;123;89;82m██[38;2;0;0;0m██[38;2;206;150;140m██[38;2;206;148;140m████████████[38;2;206;150;140m████[38;2;0;0;0m██[38;2;206;150;140m████[38;2;0;0;0m██
            [38;2;8;4;0m██[38;2;145;104;93m██[38;2;206;148;140m████[38;2;205;148;139m██[38;2;156;114;98m██[38;2;206;147;139m████[38;2;135;97;90m██[38;2;57;52;49m██[38;2;206;148;140m████████████████████[38;2;206;150;140m████[38;2;0;0;0m██  
          ██[38;2;214;154;140m████[38;2;206;148;140m████[38;2;205;148;139m████[38;2;247;174;90m████[38;2;57;52;49m██[38;2;214;142;132m██[38;2;206;148;140m████████████████████[38;2;206;150;140m██[38;2;66;65;66m██[38;2;66;67;66m██[38;2;0;0;0m██
    ██  [38;2;16;0;0m██[38;2;239;186;181m██[38;2;205;148;139m████[38;2;172;171;170m██[38;2;8;4;0m██[38;2;222;174;165m████[38;2;206;148;140m████[38;2;66;65;66m██[38;2;206;150;140m██[38;2;206;148;140m████████████[38;2;205;148;139m████[38;2;206;146;132m██[38;2;107;56;49m██[38;2;206;150;140m██████[38;2;0;0;0m██
  ██[38;2;148;81;66m██[38;2;0;0;0m██[38;2;90;62;60m████[38;2;107;56;57m██[38;2;205;148;139m██[38;2;8;4;0m██[38;2;255;255;255m██[38;2;0;0;0m██[38;2;222;174;165m██[38;2;206;148;140m████[38;2;206;150;140m██[38;2;66;65;66m██[38;2;206;148;140m████████████[38;2;205;148;139m██[38;2;107;56;57m██[38;2;107;56;49m██[38;2;140;86;76m██[38;2;84;63;62m████[38;2;0;0;0m██  
  ██[38;2;148;79;66m██[38;2;107;69;66m██[38;2;153;88;68m██[38;2;247;170;90m████[38;2;107;48;57m██[38;2;82;65;66m██[38;2;255;255;255m██[38;2;93;63;60m██[38;2;231;190;181m██[38;2;205;148;139m████[38;2;206;146;132m██[38;2;66;65;66m██[38;2;206;150;140m████[38;2;206;146;132m██[38;2;107;56;49m████[38;2;206;146;132m██[38;2;107;56;57m██[38;2;148;82;65m██[38;2;148;72;57m██[38;2;107;64;57m██[38;2;107;56;57m██[38;2;0;0;0m██    
██[38;2;148;81;66m██[38;2;148;79;66m██[38;2;66;60;66m██[38;2;153;88;68m██[38;2;107;48;57m██[38;2;153;88;68m████[38;2;82;65;66m████[38;2;93;63;60m████[38;2;205;148;139m██[38;2;156;114;98m██[38;2;159;119;110m██[38;2;66;65;66m████[38;2;206;150;140m██[38;2;107;56;49m██[38;2;140;86;76m████[38;2;107;56;49m██[38;2;107;56;57m██[38;2;148;82;65m██[38;2;107;64;57m██[38;2;66;56;57m██[38;2;107;56;57m████[38;2;0;0;0m████
██[38;2;148;81;66m██[38;2;148;82;66m████[38;2;66;65;66m████[38;2;74;60;57m██[38;2;115;100;95m██[38;2;148;81;66m██[38;2;66;65;66m██[38;2;247;174;90m████[38;2;107;56;57m████[38;2;165;113;99m██[38;2;109;56;55m██[38;2;148;81;66m██[38;2;66;65;66m██[38;2;205;148;139m██[38;2;107;56;57m██[38;2;148;82;65m████[38;2;148;81;66m████[38;2;16;97;49m██[38;2;87;149;115m██[38;2;82;63;63m████[38;2;107;56;57m██[38;2;0;0;0m██
  ██[38;2;148;82;66m████[38;2;66;65;66m██[38;2;255;255;255m██[38;2;198;182;173m██[38;2;74;60;57m██[38;2;66;65;66m██[38;2;148;81;66m██████[38;2;148;82;65m████[38;2;109;56;55m██[38;2;137;84;77m██[38;2;148;81;66m██[38;2;66;65;66m██[38;2;205;148;139m████[38;2;107;56;57m██[38;2;148;82;65m██[38;2;148;81;66m██[38;2;65;64;66m██[38;2;87;149;115m██[38;2;231;255;247m██[38;2;49;182;107m██[38;2;82;63;63m██[38;2;0;0;0m██  
  ██[38;2;148;80;66m████[38;2;74;60;57m██[38;2;198;182;173m██[38;2;255;255;255m██[38;2;90;73;66m██[38;2;148;82;66m████████████[38;2;148;81;66m████[38;2;66;65;66m██[38;2;206;150;140m██[38;2;205;148;139m██[38;2;107;56;57m██[38;2;148;82;65m████[38;2;129;54;71m██[38;2;74;77;66m██[38;2;49;182;107m████[38;2;68;170;112m██[38;2;46;85;60m██[38;2;107;56;57m██[38;2;0;0;0m██
    ██[38;2;148;80;66m██[38;2;115;100;95m██[38;2;74;60;57m██[38;2;90;73;66m████[38;2;148;82;66m████████████[38;2;148;81;66m██[38;2;65;64;66m██[38;2;66;65;66m██[38;2;206;150;140m██[38;2;205;148;139m████[38;2;107;56;57m██[38;2;148;82;65m██[38;2;74;77;66m██[38;2;239;8;82m██[38;2;66;65;66m██[38;2;49;182;107m██[38;2;46;85;60m██[38;2;24;0;8m██[38;2;0;0;0m██  
  ██[38;2;74;65;57m██[38;2;120;92;82m██[38;2;148;82;65m████[38;2;148;82;66m████████[38;2;148;82;65m████[38;2;120;92;82m██[38;2;74;65;57m██[38;2;66;65;66m██[38;2;206;150;140m██[38;2;66;65;66m██[38;2;206;150;140m██[38;2;205;148;139m████[38;2;109;56;55m██[38;2;137;84;77m██[38;2;66;65;66m██[38;2;231;0;82m██[38;2;177;85;78m██[38;2;99;40;66m██[38;2;107;56;57m██[38;2;0;0;0m██    
██[38;2;206;150;140m██[38;2;214;146;132m██[38;2;74;65;57m██[38;2;107;56;57m██[38;2;148;82;65m██[38;2;148;82;66m████████[38;2;148;82;65m██[38;2;107;56;57m██[38;2;74;65;57m██[38;2;214;146;132m██[38;2;206;150;140m██████[38;2;66;65;66m██[38;2;205;148;139m██[38;2;156;114;98m██[38;2;165;113;99m██[38;2;109;56;55m██[38;2;66;65;66m██[38;2;231;0;82m██[38;2;255;130;90m██[38;2;99;40;66m██[38;2;107;56;57m██[38;2;0;0;0m██    
██[38;2;206;150;140m██[38;2;206;146;132m██[38;2;66;65;66m██[38;2;148;82;65m██[38;2;107;56;57m██[38;2;148;82;66m████[38;2;148;81;66m████[38;2;66;65;66m████[38;2;206;148;140m████████[38;2;206;150;140m██[38;2;66;65;66m██[38;2;156;115;99m████[38;2;156;114;98m██[38;2;107;56;57m██[38;2;66;65;66m██[38;2;247;174;90m██[38;2;71;46;46m██[38;2;107;65;66m██[38;2;0;0;0m██      
  ██[38;2;159;119;110m██[38;2;66;65;66m██[38;2;148;82;65m████[38;2;148;82;66m████[38;2;66;65;66m████[38;2;206;150;140m████[38;2;206;148;140m████████[38;2;206;150;140m████[38;2;66;65;66m██[38;2;156;115;99m██[38;2;156;114;98m██[38;2;107;56;57m██[38;2;66;65;66m████[38;2;107;65;66m██[38;2;0;8;8m██        
  [38;2;0;0;0m██[38;2;65;64;66m██[38;2;148;81;66m██[38;2;148;82;66m████[38;2;148;81;66m██[38;2;66;65;66m██[38;2;156;114;98m██[38;2;205;148;139m██[38;2;206;148;140m████████[38;2;205;148;139m████[38;2;156;114;98m██[38;2;205;148;139m██[38;2;66;65;66m██[38;2;159;119;110m██[38;2;156;114;98m██[38;2;107;56;57m██[38;2;65;66;65m██[38;2;107;56;57m████[38;2;0;0;0m██        
██[38;2;148;81;66m██████[38;2;148;82;66m████[38;2;148;81;66m██[38;2;66;65;66m██[38;2;205;148;139m████[38;2;206;148;140m████████[38;2;156;114;98m████[38;2;205;148;139m████[38;2;206;146;132m██[38;2;66;65;66m██[38;2;156;114;98m██[38;2;107;56;57m██[38;2;65;66;65m██[38;2;107;56;57m██████[38;2;0;0;0m██      
██[38;2;148;81;66m██[38;2;148;82;66m████████████[38;2;74;65;57m██[38;2;214;146;132m██[38;2;206;150;140m████[38;2;156;115;99m██[38;2;66;65;66m████[38;2;206;150;140m██[38;2;206;148;140m████[38;2;206;146;132m██[38;2;66;65;66m██[38;2;107;56;57m████[38;2;71;46;46m██[38;2;107;65;66m██[38;2;71;46;46m██[38;2;107;65;66m██[38;2;107;56;57m██[38;2;0;0;0m██    
██[38;2;148;81;66m██[38;2;148;82;66m████████████[38;2;120;92;82m██[38;2;74;65;57m██[38;2;66;65;66m████████[38;2;206;150;140m████[38;2;206;148;140m████[38;2;159;119;110m██[38;2;66;65;66m██[38;2;107;56;57m██[38;2;65;66;65m██[38;2;0;8;8m██[38;2;107;65;66m████[38;2;0;8;8m██[38;2;0;0;0m██      
  ██[38;2;148;81;66m████[38;2;148;82;66m████████████████[38;2;132;94;82m██[38;2;66;65;66m██[38;2;205;148;139m██████[38;2;156;114;98m██[38;2;154;117;101m██[38;2;77;60;54m██[38;2;107;56;57m██[38;2;0;0;0m██  ████          
  ██[38;2;65;64;66m██[38;2;148;81;66m██[38;2;148;82;66m████████████████[38;2;66;65;66m██[38;2;165;109;90m██[38;2;156;114;98m████████[38;2;154;117;101m██[38;2;0;4;8m██[38;2;0;0;0m██                  
  ██[38;2;154;118;104m██[38;2;77;59;52m██[38;2;148;81;66m████[38;2;148;82;65m████████[38;2;96;76;68m██[38;2;66;60;57m██[38;2;156;115;99m████████[38;2;156;113;99m████[38;2;0;0;0m██                      
    ██████[38;2;98;54;44m██[38;2;107;56;57m████████[38;2;66;60;57m██[38;2;156;109;90m██[38;2;156;115;99m████████[38;2;0;0;0m████                        
          ████████[38;2;66;67;66m██[38;2;66;65;66m████████[38;2;77;59;52m██[38;2;0;0;0m██                            
                  ██[38;2;156;115;99m██[38;2;66;65;66m██[38;2;156;115;99m██[38;2;66;65;66m██[38;2;154;118;104m██[38;2;0;0;0m██                            
                    ██████████                              
[0m