              [38;2;0;0;0m██                                              
            ██[38;2;33;134;90m██[38;2;0;0;0m██                          ██                
            ██[38;2;38;132;93m██[38;2;0;0;0m██                        ██[38;2;74;186;123m██[38;2;0;0;0m██              
          ██[38;2;33;134;90m██[38;2;38;132;93m██[38;2;0;0;0m██      ████████          ██[38;2;74;186;123m██[38;2;0;0;0m██              
          ██[38;2;38;132;93m██[38;2;189;48;74m██[38;2;24;113;82m██[38;2;0;0;0m██████[38;2;110;102;154m██[38;2;109;102;154m████[38;2;110;102;154m██[38;2;0;0;0m██████    ██[38;2;74;186;123m████[38;2;0;0;0m██            
          ██[38;2;38;132;93m██[38;2;189;48;74m██[38;2;79;91;79m██[38;2;110;102;154m████████[38;2;109;102;154m████[38;2;110;102;154m████████[38;2;0;0;0m████[38;2;74;186;123m██████[38;2;0;0;0m██            
          [38;2;8;0;0m██[38;2;57;121;90m██[38;2;66;65;66m██[38;2;110;102;154m██[38;2;109;102;154m████████████████[38;2;110;100;154m████[38;2;84;133;123m██[38;2;74;60;74m██[38;2;73;188;128m██[38;2;189;56;74m██[38;2;74;186;123m██[38;2;0;0;0m██            
          [38;2;8;0;0m██[38;2;40;80;60m██[38;2;110;102;154m████[38;2;109;102;154m████████████████[38;2;88;80;143m██[38;2;110;100;154m██[38;2;74;60;74m██[38;2;90;170;148m██[38;2;73;188;128m██[38;2;189;56;74m██[38;2;74;186;123m██[38;2;0;0;0m██      ████  
        ██[38;2;66;65;66m████[38;2;110;100;154m████[38;2;109;102;154m████████[38;2;115;117;132m██[38;2;66;60;66m██[38;2;110;102;154m██████[38;2;66;65;66m██[38;2;77;189;128m████[38;2;231;65;90m██[38;2;192;53;74m██[38;2;74;186;123m██[38;2;0;0;0m██    ██[38;2;110;102;154m██[38;2;107;101;156m██[38;2;0;0;0m██
        ██[38;2;76;189;126m██[38;2;66;65;66m██[38;2;88;80;143m██[38;2;110;100;154m██[38;2;109;102;154m████████[38;2;66;60;66m██[38;2;140;146;165m██[38;2;66;65;66m██[38;2;110;102;154m████[38;2;66;65;66m██[38;2;77;189;128m██[38;2;231;65;90m████[38;2;192;53;74m██[38;2;74;186;123m██[38;2;0;0;0m██  ██[38;2;110;102;154m████[38;2;0;0;0m██  
          ██[38;2;74;186;123m██[38;2;74;60;82m██[38;2;76;100;101m██[38;2;66;65;66m██[38;2;110;102;154m██████[38;2;66;65;66m██[38;2;140;154;156m████[38;2;66;65;66m██[38;2;110;100;154m████[38;2;66;65;66m██[38;2;239;60;82m██[38;2;189;56;74m██[38;2;73;188;128m██[38;2;66;105;115m██[38;2;8;0;0m██  [38;2;0;0;0m██[38;2;110;102;154m██[38;2;0;0;0m██    
          ██[38;2;74;186;123m██[38;2;82;182;140m██[38;2;74;60;82m██[38;2;110;102;154m██████[38;2;66;65;66m██[38;2;140;154;156m████[38;2;66;65;66m████[38;2;88;80;143m██[38;2;110;100;154m██[38;2;66;65;66m██[38;2;181;61;76m██[38;2;73;188;128m████[38;2;46;70;76m██[38;2;66;105;115m██[38;2;0;0;0m██[38;2;107;101;156m██[38;2;110;102;154m██[38;2;0;0;0m██    
          [38;2;8;8;0m██[38;2;57;56;76m██[38;2;73;188;128m████[38;2;74;60;74m██[38;2;84;133;123m██[38;2;66;65;66m██[38;2;140;154;156m██[38;2;85;70;74m██[38;2;0;0;0m██[38;2;255;255;255m██[38;2;156;160;160m██[38;2;66;65;66m██[38;2;110;102;154m██[38;2;66;65;66m██[38;2;76;189;126m██[38;2;90;170;148m██[38;2;74;60;74m██[38;2;109;102;154m████████[38;2;107;97;156m██[38;2;85;78;112m██[38;2;0;0;0m██  
        ██[38;2;82;81;115m██[38;2;57;56;76m██[38;2;189;56;74m██[38;2;73;188;128m██[38;2;90;170;148m██[38;2;74;60;74m██[38;2;66;65;66m████[38;2;255;211;222m██[38;2;170;140;148m██[38;2;255;255;255m██[38;2;57;65;66m██[38;2;66;65;66m██[38;2;110;102;154m██[38;2;66;65;66m██[38;2;76;189;126m██[38;2;74;60;74m██[38;2;84;133;123m██[38;2;109;102;154m████████[38;2;107;97;156m██[38;2;63;59;68m██[38;2;107;101;156m██[38;2;0;0;0m██
        ██[38;2;79;74;112m██[38;2;43;43;60m██[38;2;24;113;82m██[38;2;206;56;74m██[38;2;77;189;128m████[38;2;76;187;123m██[38;2;38;132;90m██[38;2;37;134;90m████[38;2;38;132;90m██[38;2;76;187;123m██[38;2;66;65;66m██[38;2;110;102;154m████[38;2;66;65;66m██[38;2;109;102;154m████[38;2;90;83;139m██[38;2;73;65;123m██[38;2;90;82;139m██[38;2;106;99;156m██[38;2;88;80;143m██[38;2;110;100;154m██[38;2;107;101;156m██[38;2;0;0;0m██
          [38;2;8;12;8m██[38;2;115;105;165m██[38;2;84;94;79m██[38;2;206;56;74m██[38;2;231;65;90m██[38;2;77;189;128m██[38;2;76;187;123m████[38;2;66;65;66m████[38;2;76;187;123m████[38;2;66;65;66m██[38;2;110;102;154m████[38;2;66;65;66m██[38;2;109;102;154m████[38;2;107;101;156m████[38;2;74;65;123m██[38;2;90;82;139m██[38;2;110;100;154m████[38;2;0;0;0m██  
            ██[38;2;57;77;66m██[38;2;71;90;96m██[38;2;57;89;74m████████[38;2;255;255;255m████[38;2;66;65;66m██[38;2;37;134;90m██[38;2;66;65;66m██[38;2;110;102;154m████[38;2;66;65;66m██[38;2;107;101;156m██[38;2;73;65;123m██[38;2;74;65;123m██[38;2;106;99;156m██[38;2;110;100;154m██[38;2;88;80;143m██[38;2;104;94;148m██[38;2;0;0;0m██    
          ██[38;2;66;65;66m██[38;2;99;117;156m██[38;2;57;77;66m██[38;2;57;89;74m██[38;2;255;255;255m██[38;2;57;89;74m██[38;2;255;255;255m██[38;2;66;65;66m██[38;2;255;255;255m██[38;2;37;134;90m██[38;2;66;65;66m██[38;2;110;102;154m██████[38;2;66;65;66m██[38;2;73;65;123m██[38;2;90;83;139m██[38;2;90;82;139m████[38;2;110;100;154m████[38;2;104;94;148m████[38;2;0;0;0m██  
        ██[38;2;90;81;144m██[38;2;66;65;66m██[38;2;109;102;154m████[38;2;66;65;66m████[38;2;76;189;126m██████[38;2;66;65;66m██████[38;2;109;102;154m████[38;2;66;65;66m██[38;2;74;67;121m██████[38;2;93;86;132m██[38;2;66;65;66m██[38;2;88;80;143m██[38;2;110;100;154m██[38;2;93;89;148m████[38;2;0;0;0m██  
  ██████[38;2;90;81;148m██[38;2;90;81;144m██[38;2;66;65;66m██[38;2;109;102;154m████[38;2;66;65;66m██[38;2;90;81;144m██[38;2;66;65;66m████████████[38;2;109;102;154m████[38;2;66;65;66m██[38;2;74;67;121m██[38;2;66;65;66m██████[38;2;107;97;165m██[38;2;110;100;154m████[38;2;93;89;148m██[38;2;0;0;0m██    
██[38;2;110;102;154m██████[38;2;66;65;66m██[38;2;90;77;140m████[38;2;66;65;66m██[38;2;107;97;165m██[38;2;49;47;71m██[38;2;90;86;142m██[38;2;88;80;143m██[38;2;110;100;154m██[38;2;93;86;132m██[38;2;66;65;66m██[38;2;231;81;140m██[38;2;66;65;82m██[38;2;66;65;66m██[38;2;107;97;165m██[38;2;93;86;132m██[38;2;66;65;66m██[38;2;109;102;156m████[38;2;110;102;154m██[38;2;66;65;66m██[38;2;110;102;154m████[38;2;110;100;154m██[38;2;88;80;143m██[38;2;0;0;0m██  
██[38;2;110;102;154m██[38;2;66;65;66m██[38;2;110;102;154m████[38;2;57;98;96m██[38;2;41;109;74m██[38;2;93;86;132m██[38;2;66;65;66m██[38;2;90;86;142m██[38;2;8;8;0m██[38;2;110;100;154m████[38;2;107;97;165m██[38;2;66;65;66m██[38;2;66;65;82m████[38;2;93;86;132m██[38;2;66;65;66m████[38;2;107;97;165m██[38;2;109;102;156m██[38;2;71;67;123m██[38;2;110;102;154m████[38;2;66;65;66m██[38;2;110;102;154m██[38;2;110;100;154m██[38;2;88;80;143m██[38;2;0;0;0m██  
  [38;2;0;4;0m██[38;2;82;77;123m██[38;2;63;61;68m██[38;2;107;97;156m██[38;2;110;102;154m██[38;2;66;65;66m██[38;2;90;81;148m██[38;2;0;0;0m████  [38;2;8;8;0m██[38;2;49;47;71m██[38;2;71;66;96m██[38;2;35;132;93m██[38;2;82;73;132m██[38;2;38;132;93m██[38;2;66;65;66m██[38;2;90;81;144m██[38;2;66;65;66m██[38;2;110;102;154m██[38;2;85;78;112m██[38;2;107;97;156m██[38;2;107;97;165m██[38;2;93;84;134m██[38;2;66;65;66m██[38;2;90;81;144m██[38;2;54;116;110m████[38;2;0;0;0m██  
██[38;2;82;77;123m██[38;2;54;52;82m██[38;2;85;79;112m██[38;2;63;61;68m██[38;2;110;102;154m██[38;2;66;65;66m██[38;2;0;0;0m██    ██[38;2;90;86;142m████[38;2;71;66;96m██[38;2;35;132;93m██[38;2;82;73;132m██[38;2;38;132;93m██[38;2;66;65;66m████[38;2;110;102;154m████[38;2;63;59;68m██[38;2;107;97;156m██[38;2;66;60;74m██[38;2;93;84;134m██[38;2;66;65;66m████[38;2;54;116;110m██[38;2;0;0;0m██    
██[38;2;74;67;119m██[38;2;0;0;0m████[38;2;107;101;156m████[38;2;0;0;0m██    ██[38;2;104;94;148m██[38;2;66;65;66m████[38;2;90;81;144m██[38;2;74;69;123m██[38;2;33;134;90m██[38;2;65;66;84m██[38;2;88;80;143m████[38;2;66;65;66m████[38;2;93;89;128m██[38;2;66;65;74m██[38;2;76;73;120m██[38;2;82;77;148m██[38;2;66;65;66m██[38;2;0;0;0m████      
  ██    ████    ██[38;2;104;94;148m████[38;2;107;97;165m██[38;2;93;86;132m██[38;2;90;81;144m████[38;2;65;66;84m████[38;2;88;80;143m██[38;2;110;100;154m██[38;2;110;102;154m██[38;2;66;65;66m██[38;2;107;101;156m████[38;2;66;65;66m████[38;2;0;0;0m██          
                ██[38;2;93;89;148m████[38;2;90;81;144m████[38;2;49;47;71m██[38;2;90;86;142m██[38;2;74;67;119m██[38;2;0;0;0m██[38;2;112;104;154m██[38;2;60;54;77m██[38;2;110;102;154m████[38;2;66;65;66m████[38;2;90;81;144m████[38;2;0;0;0m██          
                  ██[38;2;93;89;148m██[38;2;90;81;144m██[38;2;66;65;66m██[38;2;90;86;142m██[38;2;8;8;0m██[38;2;0;0;0m██  [38;2;8;4;0m██[38;2;112;104;154m██[38;2;66;65;66m██[38;2;110;102;154m██[38;2;90;81;144m██████[38;2;66;65;66m██[38;2;0;0;0m██          
                    ██[38;2;66;65;66m██[38;2;37;134;90m██[38;2;0;0;0m██        ████[38;2;90;81;148m██[38;2;74;101;140m██[38;2;57;73;62m██[38;2;49;78;66m██[38;2;16;0;0m██            
                  [38;2;0;0;0m██[38;2;33;134;90m██[38;2;37;134;90m████[38;2;33;134;90m██[38;2;0;0;0m██          ██[38;2;57;73;62m██[38;2;65;87;101m██[38;2;66;117;99m██[38;2;49;78;66m██[38;2;0;0;0m██          
                ██[38;2;33;134;90m██[38;2;0;0;0m██[38;2;66;190;132m██[38;2;44;126;88m██[38;2;0;0;0m██          [38;2;8;0;0m██[38;2;82;182;123m██[38;2;57;129;96m██[38;2;65;190;126m██[38;2;38;132;93m████[38;2;0;0;0m██          
                  ██  ████          ██[38;2;82;182;123m██[38;2;45;91;61m██[38;2;65;190;126m██[38;2;49;69;66m██[38;2;38;132;93m██[38;2;0;0;0m██            
                                      ██████████              
[0m