                              [38;2;0;0;0m████                                                                            
                            ██[38;2;246;218;106m██[38;2;106;137;164m██[38;2;0;0;0m██                                                                          
                              ██[38;2;101;113;126m██[38;2;104;137;161m██[38;2;0;0;0m██  ██                                                                    
                          ████[38;2;65;64;65m██[38;2;101;113;126m████[38;2;65;64;65m██[38;2;0;0;0m██[38;2;246;218;106m██[38;2;0;0;0m██                                                                  
                        ██[38;2;246;218;106m██[38;2;98;115;127m██[38;2;65;64;65m████[38;2;98;115;127m██[38;2;65;64;65m██[38;2;98;115;127m████[38;2;0;0;0m██                                                                  
                          ██[38;2;98;115;127m████[38;2;65;64;65m██[38;2;98;115;127m██[38;2;65;64;65m██[38;2;98;115;127m████[38;2;0;0;0m██                                  ██████              ██████      
                            ██[38;2;98;115;127m██[38;2;98;116;128m████[38;2;101;117;126m████[38;2;0;0;0m██        ████                  [38;2;0;0;16m██████[38;2;222;206;131m██[38;2;101;113;126m██[38;2;104;137;161m██[38;2;0;0;0m██        ██[38;2;8;4;0m██[38;2;57;60;65m██[38;2;98;115;127m██[38;2;65;64;65m██[38;2;0;0;0m████  
                              ██[38;2;98;116;128m████[38;2;54;60;63m██[38;2;8;4;0m██        [38;2;0;0;0m██[38;2;78;89;106m██[38;2;246;218;106m██[38;2;0;0;0m██              ██[38;2;238;218;131m██[38;2;119;109;74m██[38;2;148;137;93m██[38;2;74;68;54m██[38;2;101;113;126m████[38;2;0;0;0m██        ██[38;2;106;117;131m██[38;2;57;60;65m██[38;2;65;64;65m████[38;2;98;115;127m██[38;2;0;0;0m██  
          ████████              ██[38;2;98;115;127m██[38;2;0;0;0m██        ██[38;2;79;90;104m████[38;2;0;0;0m██  ██████  ██      ████[38;2;98;115;127m████[38;2;117;116;90m██[38;2;57;64;74m██[38;2;65;64;65m████    [38;2;0;0;0m██[38;2;53;58;65m██[38;2;65;64;57m██[38;2;76;80;79m██[38;2;98;114;128m██[38;2;82;79;68m██[38;2;65;64;65m████[38;2;0;0;0m██
      ████[38;2;106;137;164m██[38;2;104;140;164m████[38;2;98;115;127m██[38;2;0;0;0m████          ██[38;2;98;115;127m████[38;2;0;0;0m██    ██[38;2;78;89;106m██[38;2;79;90;104m██[38;2;65;64;65m██[38;2;246;218;106m██[38;2;0;0;0m██[38;2;53;58;65m██[38;2;106;117;131m██[38;2;65;64;65m██[38;2;0;0;0m██[38;2;246;218;106m██[38;2;0;0;0m██        ██[38;2;98;115;127m██[38;2;57;64;74m██[38;2;238;218;123m██[38;2;93;113;131m██[38;2;106;137;164m██[38;2;0;0;0m██  ██[38;2;106;117;131m██[38;2;65;64;57m██[38;2;98;113;123m██[38;2;98;114;128m████[38;2;65;64;65m██[38;2;98;115;127m██[38;2;0;0;0m██
    ██[38;2;98;115;127m██[38;2;104;137;161m████[38;2;104;138;161m████[38;2;104;137;161m██[38;2;101;113;126m██[38;2;98;115;127m██[38;2;0;0;0m██        ██[38;2;98;115;127m██[38;2;148;137;93m██[38;2;0;0;16m██    [38;2;0;0;0m██[38;2;78;89;106m██[38;2;82;90;98m██[38;2;65;64;65m██[38;2;98;115;127m██[38;2;65;64;65m██[38;2;238;218;123m██[38;2;65;68;82m██[38;2;238;214;123m██[38;2;74;76;82m██[38;2;98;115;127m██[38;2;0;0;0m██          ██[38;2;98;115;127m██[38;2;65;64;65m██[38;2;98;115;127m████[38;2;0;0;0m██  ██[38;2;65;64;65m██[38;2;65;64;57m██[38;2;76;80;79m██[38;2;98;113;128m██[38;2;74;72;68m██[38;2;57;60;65m████[38;2;0;0;0m██
  ██[38;2;98;115;127m████[38;2;101;113;126m██[38;2;104;137;161m██[38;2;104;138;161m████[38;2;101;113;126m████[38;2;98;115;127m████[38;2;0;0;0m██      ██[38;2;98;115;127m██[38;2;74;68;54m██[38;2;222;206;131m██[38;2;0;0;0m██  ██[38;2;78;89;106m██[38;2;65;64;65m██[38;2;98;116;131m██[38;2;98;115;127m████[38;2;123;118;95m██[38;2;65;68;82m██[38;2;128;122;95m██[38;2;74;76;82m██[38;2;98;115;127m████[38;2;0;0;0m██████    ██[38;2;98;115;127m██████[38;2;0;0;0m██      ██[38;2;98;113;123m██[38;2;65;64;57m██[38;2;74;72;68m████[38;2;106;117;131m██[38;2;8;4;0m██  
  [38;2;0;0;0m██[38;2;98;116;128m████[38;2;98;115;127m████████[38;2;98;116;128m████████[38;2;98;115;127m██[38;2;0;0;0m██      ██[38;2;82;75;49m██[38;2;246;218;115m██[38;2;74;78;76m██[38;2;8;0;0m██[38;2;82;79;68m████[38;2;65;64;57m██[38;2;98;113;123m██[38;2;115;206;255m██[38;2;98;114;128m████████[38;2;82;79;68m██[38;2;98;114;128m████[38;2;79;79;68m██[38;2;76;90;104m██[38;2;78;89;106m██[38;2;0;0;0m██    ██[38;2;98;115;127m████[38;2;0;0;0m██      ████[38;2;65;64;65m██[38;2;101;117;126m██[38;2;54;60;63m██[38;2;0;0;0m████  
██[38;2;98;115;127m██[38;2;98;116;128m████[38;2;65;64;65m██[38;2;98;115;127m████[38;2;65;64;65m██[38;2;98;116;128m████████[38;2;98;115;127m██[38;2;0;0;0m██        [38;2;0;4;16m██[38;2;246;218;115m██[38;2;74;78;76m██[38;2;106;117;115m██[38;2;98;114;128m██[38;2;82;79;68m██[38;2;76;80;79m██[38;2;65;64;57m██[38;2;98;114;128m████[38;2;115;206;255m██[38;2;98;114;128m██[38;2;82;79;68m██[38;2;98;114;128m████[38;2;82;79;68m██[38;2;76;90;104m████[38;2;78;89;106m████[38;2;0;0;0m████[38;2;98;115;127m████[38;2;0;0;0m██            ██[38;2;101;117;126m██[38;2;8;4;0m██      
[38;2;0;0;0m██[38;2;98;115;127m████[38;2;0;0;0m██[38;2;65;64;65m████[38;2;98;113;123m██[38;2;65;64;57m██[38;2;74;71;68m██[38;2;98;114;128m██[38;2;65;64;65m██[38;2;98;116;131m██[38;2;98;115;127m██[38;2;0;0;0m██        [38;2;8;4;0m██[38;2;49;72;84m██[38;2;246;218;106m██[38;2;74;72;65m██[38;2;98;116;128m████████[38;2;65;64;65m████[38;2;74;72;68m████[38;2;120;116;98m██[38;2;57;64;90m██[38;2;65;64;65m██████[38;2;82;90;98m██[38;2;90;95;101m██[38;2;82;78;71m██[38;2;98;116;128m████[38;2;101;117;126m██[38;2;8;4;0m██            [38;2;0;0;0m██[38;2;106;113;115m██[38;2;98;115;127m██[38;2;0;0;0m██      
██[38;2;98;115;127m██[38;2;0;0;0m██  ██[38;2;65;64;65m██[38;2;65;64;57m██[38;2;76;80;79m██[38;2;74;71;68m██[38;2;98;114;128m██[38;2;65;64;65m██[38;2;82;90;98m██[38;2;98;115;127m████[38;2;0;0;0m██      [38;2;8;4;0m██[38;2;131;210;255m██[38;2;246;218;106m██[38;2;74;72;65m██[38;2;98;116;128m██[38;2;246;218;106m██████[38;2;98;115;127m████[38;2;98;113;128m██[38;2;74;72;68m██[38;2;246;218;115m████[38;2;246;218;106m████[38;2;98;116;131m██[38;2;65;64;65m██[38;2;82;78;71m██[38;2;98;113;131m██[38;2;98;116;128m████[38;2;101;117;126m██[38;2;54;60;63m██[38;2;0;0;0m██        ██[38;2;71;75;76m████[38;2;98;115;127m██[38;2;0;0;0m██      
  ██  ██  ██[38;2;82;78;68m████[38;2;76;80;79m██[38;2;65;64;57m██[38;2;79;90;104m████[38;2;98;116;128m████[38;2;0;0;0m██    ██[38;2;95;117;128m██[38;2;123;206;255m██[38;2;74;72;65m████[38;2;246;218;106m████[38;2;238;218;123m██[38;2;117;116;90m████[38;2;57;64;74m██[38;2;57;64;90m██[38;2;246;218;115m██[38;2;98;115;127m████[38;2;65;64;65m██████[38;2;98;115;127m██[38;2;74;71;68m██[38;2;98;114;128m██[38;2;98;115;127m████[38;2;65;64;65m██[38;2;79;90;104m██[38;2;82;93;106m██[38;2;0;0;0m██  ██[38;2;8;4;0m██[38;2;106;117;131m██[38;2;65;64;65m██[38;2;98;115;127m██[38;2;71;78;82m██[38;2;0;0;0m██      
    ██[38;2;65;64;65m██[38;2;0;0;0m██[38;2;82;78;69m██[38;2;65;64;65m██[38;2;82;78;68m██[38;2;65;64;57m██[38;2;98;113;123m██[38;2;79;90;104m██[38;2;65;64;65m██[38;2;98;116;128m████[38;2;0;0;0m██  ██[38;2;189;161;82m██[38;2;82;72;65m██[38;2;95;117;128m██[38;2;123;206;255m██[38;2;90;117;128m██[38;2;98;116;128m████[38;2;57;64;74m██████[38;2;238;218;123m██[38;2;246;218;115m██[38;2;120;116;98m██[38;2;65;64;65m████[38;2;98;115;127m████████[38;2;98;114;128m██[38;2;74;71;68m██[38;2;65;64;65m████[38;2;79;90;104m████[38;2;54;62;71m██[38;2;82;93;106m██[38;2;0;0;0m██[38;2;98;115;127m██[38;2;57;60;65m████[38;2;98;115;127m████[38;2;106;117;123m██[38;2;0;0;0m██      
    ██[38;2;98;115;127m██[38;2;65;64;65m████[38;2;98;113;131m██[38;2;65;64;71m██[38;2;65;64;65m██[38;2;79;90;104m██[38;2;78;89;106m██[38;2;0;0;0m██[38;2;54;60;63m██[38;2;101;117;126m██[38;2;57;60;65m██[38;2;8;4;0m██[38;2;189;161;82m████[38;2;246;218;106m██[38;2;82;78;68m██[38;2;98;114;128m██████[38;2;82;79;68m██[38;2;246;226;123m████[38;2;246;218;106m██[38;2;115;206;255m████[38;2;82;85;90m██[38;2;98;114;128m████[38;2;93;113;131m██[38;2;65;64;65m████████[38;2;98;115;127m████[38;2;65;64;65m██[38;2;74;72;82m████[38;2;79;90;104m██[38;2;65;64;65m██████[38;2;98;115;127m██[38;2;65;64;65m██[38;2;82;89;101m██[38;2;98;113;131m██[38;2;0;0;0m██        
      ██[38;2;82;90;98m██[38;2;98;116;131m██[38;2;82;89;101m████[38;2;79;90;104m████[38;2;0;0;0m██  [38;2;8;4;0m██[38;2;101;117;126m██[38;2;106;117;131m██[38;2;57;60;65m██[38;2;74;99;98m████[38;2;246;218;106m████[38;2;82;79;68m████[38;2;98;114;128m████[38;2;74;125;172m██[38;2;131;159;156m██[38;2;115;206;255m████[38;2;82;85;90m████[38;2;82;79;68m████[38;2;65;64;65m██[38;2;106;137;164m██[38;2;102;139;160m████[38;2;98;115;127m██[38;2;65;64;65m██[38;2;98;115;127m██[38;2;65;64;65m██[38;2;246;218;106m██[38;2;74;72;82m██[38;2;79;90;104m████[38;2;65;64;65m██[38;2;98;115;127m██████[38;2;65;64;71m██[38;2;82;89;101m██[38;2;0;0;0m██        
        ██[38;2;78;89;106m██████[38;2;0;0;0m████    ██[38;2;98;115;127m████[38;2;65;64;65m████[38;2;71;121;123m██[38;2;246;218;106m██[38;2;74;121;123m██[38;2;246;218;106m████[38;2;82;78;68m██████████████[38;2;246;218;106m██[38;2;238;218;123m██[38;2;57;64;74m██[38;2;104;137;161m████[38;2;104;138;161m████[38;2;104;137;161m██[38;2;101;113;126m██[38;2;65;64;65m██[38;2;98;116;131m██[38;2;98;116;128m██[38;2;246;218;106m██[38;2;74;72;82m████[38;2;79;90;104m██[38;2;65;64;65m██[38;2;101;116;126m██[38;2;79;90;104m██[38;2;54;62;71m██[38;2;82;93;106m██[38;2;0;0;0m██        
          ██████          ██[38;2;98;115;127m████[38;2;65;64;65m████[38;2;74;121;123m████[38;2;246;218;106m██[38;2;74;121;123m██[38;2;246;218;106m████████████████[38;2;57;64;74m██[38;2;117;116;90m██[38;2;101;113;126m██[38;2;104;137;161m██[38;2;104;138;161m████[38;2;101;113;126m████[38;2;82;90;98m██[38;2;65;64;65m██[38;2;98;116;128m████[38;2;246;218;106m██[38;2;74;72;82m██[38;2;79;90;104m██[38;2;65;64;65m██[38;2;79;90;104m████[38;2;82;93;106m██[38;2;0;0;0m██          
                          ██[38;2;57;60;65m██[38;2;106;117;131m██[38;2;98;116;128m████[38;2;65;64;65m██[38;2;74;161;172m██[38;2;74;121;123m████[38;2;246;218;106m██[38;2;74;133;139m████[38;2;246;218;106m██[38;2;74;121;123m██[38;2;246;218;106m██[38;2;74;101;98m██[38;2;246;218;106m██[38;2;65;64;65m██[38;2;98;115;127m██████████[38;2;101;116;126m████[38;2;79;90;104m██[38;2;65;64;65m██[38;2;98;116;131m██[38;2;65;64;65m██[38;2;191;161;76m██[38;2;65;64;65m██[38;2;79;90;104m████[38;2;65;64;65m██[38;2;79;90;104m██[38;2;78;89;106m██[38;2;0;0;0m██          
                            [38;2;8;4;0m██[38;2;57;60;65m██[38;2;98;116;128m████[38;2;68;97;101m██[38;2;65;64;65m██[38;2;69;161;176m████[38;2;74;133;139m████████[38;2;74;121;123m████[38;2;74;101;98m██[38;2;246;218;106m██[38;2;65;64;65m██[38;2;98;115;127m██[38;2;65;64;65m██[38;2;98;115;127m████[38;2;65;64;65m██[38;2;101;116;126m██[38;2;79;90;104m██████[38;2;65;64;65m██[38;2;82;90;98m██[38;2;65;64;65m████[38;2;79;90;104m████[38;2;65;64;65m██[38;2;79;90;104m██[38;2;0;0;0m██            
                            [38;2;0;4;16m██[38;2;189;161;82m██[38;2;65;64;65m██[38;2;79;90;104m██████[38;2;65;64;65m██[38;2;71;161;175m██████[38;2;65;161;172m██[38;2;82;78;68m██[38;2;82;78;69m██[38;2;74;121;123m██[38;2;71;121;123m██[38;2;65;64;65m████[38;2;84;117;126m██[38;2;65;64;65m██[38;2;98;115;127m██[38;2;82;78;68m██[38;2;65;64;65m██[38;2;98;113;123m██[38;2;65;64;57m██[38;2;79;90;104m████[38;2;65;64;65m██[38;2;82;90;98m██[38;2;79;90;104m██[38;2;101;116;126m██[38;2;79;90;104m████[38;2;54;62;71m██[38;2;82;93;106m██[38;2;0;0;0m██            
                          ██[38;2;63;56;38m██[38;2;189;161;82m██[38;2;65;64;65m██[38;2;79;90;104m██[38;2;65;64;65m██[38;2;79;90;104m██[38;2;65;64;65m██[38;2;71;161;175m██[38;2;65;64;65m██[38;2;71;161;175m██[38;2;82;78;68m██[38;2;74;120;120m██[38;2;74;121;123m████[38;2;71;121;123m██[38;2;65;64;65m██[38;2;84;117;126m██[38;2;65;64;65m████[38;2;98;115;127m██[38;2;65;64;65m██[38;2;82;78;68m██[38;2;65;64;57m██[38;2;76;80;79m██[38;2;79;90;104m████[38;2;65;64;65m██[38;2;98;116;131m██[38;2;101;116;126m████[38;2;79;90;104m██[38;2;101;116;126m██[38;2;82;93;106m██[38;2;0;0;0m██              
                        [38;2;0;0;8m██[38;2;90;82;53m██[38;2;79;90;104m██[38;2;65;64;65m██[38;2;191;161;76m██[38;2;65;64;65m██[38;2;246;218;106m██[38;2;65;64;65m██[38;2;74;68;65m████[38;2;65;64;65m████[38;2;90;117;126m████[38;2;49;64;74m██[38;2;109;116;87m██[38;2;65;64;65m██[38;2;246;218;106m██[38;2;65;64;65m██[38;2;98;116;131m██[38;2;65;64;65m████[38;2;65;64;57m██[38;2;76;80;79m██[38;2;65;64;65m████[38;2;79;90;104m██[38;2;65;64;65m██[38;2;98;115;127m████[38;2;101;116;126m██[38;2;79;90;104m██[38;2;101;116;126m██[38;2;79;90;104m██[38;2;98;115;127m██[38;2;0;0;0m██              
                        [38;2;0;0;8m██[38;2;180;165;98m██[38;2;79;90;104m██[38;2;65;64;65m██[38;2;191;161;76m████[38;2;246;218;106m██[38;2;65;64;65m██[38;2;246;218;106m██[38;2;74;68;65m██[38;2;246;218;106m██[38;2;65;64;65m██[38;2;90;117;126m██[38;2;65;64;65m██[38;2;230;218;115m██[38;2;49;64;74m██[38;2;65;64;65m██[38;2;246;218;106m██[38;2;65;64;65m██[38;2;82;90;98m██[38;2;79;90;104m██[38;2;65;64;65m██[38;2;98;113;123m██[38;2;65;64;57m██[38;2;98;115;127m██[38;2;65;64;65m██[38;2;79;90;104m██[38;2;65;64;65m████[38;2;98;115;127m██[38;2;79;90;104m██████[38;2;101;116;126m██[38;2;0;0;0m██                
                      ██[38;2;191;161;79m████[38;2;82;89;106m██[38;2;191;161;79m██[38;2;65;64;65m████[38;2;186;164;84m██[38;2;246;214;98m██[38;2;246;218;106m████████[38;2;74;72;65m████[38;2;246;218;106m██[38;2;189;161;79m██[38;2;65;64;65m██[38;2;246;218;106m██[38;2;186;167;93m██[38;2;65;64;65m██[38;2;79;90;104m████████████[38;2;65;64;65m██[38;2;98;115;127m████[38;2;65;64;65m██[38;2;79;90;104m████[38;2;78;89;106m████[38;2;0;0;0m██                
                      ██[38;2;82;89;106m██[38;2;191;161;79m██████[38;2;65;64;65m██[38;2;98;115;127m██[38;2;65;64;57m██[38;2;186;164;84m██[38;2;74;72;65m████[38;2;246;218;106m████████████████████[38;2;65;64;65m████[38;2;79;90;104m██████[38;2;65;64;65m██[38;2;98;115;127m████████[38;2;65;64;65m██[38;2;79;90;104m██[38;2;78;89;106m██[38;2;0;0;0m██                  
                      ██[38;2;65;64;65m██[38;2;79;90;104m██[38;2;79;89;104m██[38;2;189;161;82m██[38;2;65;64;65m██[38;2;98;116;131m██[38;2;98;115;127m██[38;2;65;64;65m████[38;2;98;115;127m██[38;2;74;80;82m██[38;2;189;165;90m██[38;2;65;64;57m██[38;2;76;80;79m██[38;2;74;68;65m██[38;2;246;218;106m██████[38;2;246;214;98m██[38;2;186;164;87m██[38;2;189;161;82m██[38;2;79;89;104m██[38;2;65;64;65m████[38;2;57;64;90m██[38;2;246;218;115m██[38;2;246;218;106m██[38;2;98;116;128m██[38;2;246;218;106m██[38;2;98;116;128m██[38;2;60;67;76m██[38;2;90;101;115m██[38;2;0;0;0m██                    
                    ██[38;2;78;89;106m██[38;2;65;64;65m████[38;2;79;89;104m████[38;2;82;90;98m██[38;2;65;64;65m██[38;2;98;115;127m████[38;2;65;64;65m██[38;2;98;115;127m██[38;2;112;109;84m██[38;2;74;80;82m██[38;2;65;64;57m██[38;2;98;113;123m██[38;2;74;68;65m████[38;2;189;161;79m████[38;2;65;64;65m████[38;2;79;89;104m████[38;2;79;90;104m██[38;2;65;64;65m██[38;2;246;218;115m██[38;2;120;116;98m██[38;2;246;218;106m██████[38;2;98;116;128m██[38;2;90;101;115m██[38;2;0;0;0m██                      
                      ████[38;2;78;89;106m██[38;2;54;62;71m██[38;2;82;93;106m██[38;2;78;89;106m████[38;2;65;64;65m██[38;2;0;0;0m██████[38;2;98;115;127m████[38;2;82;93;106m██[38;2;54;62;71m██[38;2;98;115;127m████[38;2;65;64;65m████[38;2;79;90;104m████[38;2;78;89;106m████[38;2;54;60;63m██[38;2;101;117;126m██[38;2;98;116;128m████[38;2;246;218;106m██[38;2;98;116;128m████[38;2;246;218;106m██[38;2;98;115;127m██[38;2;0;0;0m██                      
                          ████████████      ██████████[38;2;98;115;127m██[38;2;98;116;131m██[38;2;82;90;98m██[38;2;79;90;104m██[38;2;65;64;65m██[38;2;0;0;0m████[38;2;8;4;0m██[38;2;101;117;126m██[38;2;98;116;128m████████████[38;2;98;115;127m██[38;2;0;0;0m██                      
                                                      ██████████      ██[38;2;79;90;104m██[38;2;101;116;126m██[38;2;79;90;104m████[38;2;101;116;126m██[38;2;79;90;104m██[38;2;0;0;0m██                        
                                                                    ██[38;2;98;115;127m██[38;2;101;116;126m██[38;2;79;90;104m██[38;2;101;116;126m████[38;2;79;90;104m██[38;2;101;116;126m██[38;2;98;115;127m██[38;2;0;0;0m██                      
                                                                      ██████[38;2;98;115;127m████[38;2;0;0;0m██████                        
                                                                            ████                              
[0m