                                            [38;2;0;0;0m████                              
                                        ██[38;2;0;4;8m██[38;2;189;223;247m██[38;2;165;186;214m██[38;2;0;0;0m██                            
                                      ██[38;2;189;219;239m██[38;2;189;223;247m██[38;2;126;150;167m██[38;2;110;124;142m██[38;2;165;186;214m██[38;2;0;0;0m██                          
                                  ████[38;2;186;217;236m████[38;2;189;219;239m██[38;2;139;165;195m██[38;2;66;65;66m██[38;2;140;166;198m██[38;2;0;0;0m██                          
                                ██[38;2;189;219;239m████[38;2;186;217;236m████[38;2;139;165;195m████[38;2;66;65;66m████[38;2;206;154;173m██[38;2;0;0;0m██                        
        ████████              ██[38;2;189;219;239m██[38;2;186;217;236m████[38;2;184;217;236m████[38;2;140;166;198m██[38;2;66;65;66m██[38;2;203;155;170m████[38;2;206;154;173m██[38;2;66;65;66m██[38;2;0;0;0m██                      
    ████[38;2;189;219;239m████████[38;2;0;0;0m████      ████[38;2;189;219;239m████[38;2;186;217;236m████[38;2;184;217;236m██[38;2;140;166;198m████[38;2;66;65;66m██[38;2;203;155;170m████[38;2;206;154;173m██[38;2;66;65;66m██[38;2;140;166;198m██[38;2;0;0;0m██                    
  ██[38;2;189;219;239m██[38;2;184;217;236m██[38;2;140;166;198m██[38;2;139;165;195m████[38;2;189;219;239m██████[38;2;0;0;0m██  ██[38;2;140;166;198m██[38;2;184;217;236m██[38;2;186;217;236m████████[38;2;189;219;239m██[38;2;139;165;195m██[38;2;140;162;198m██[38;2;66;65;66m████████[38;2;140;166;198m██[38;2;139;164;195m████[38;2;0;0;0m██                  
  ██[38;2;189;219;239m██[38;2;184;217;236m████[38;2;189;219;239m██[38;2;139;165;195m██████[38;2;189;219;239m████[38;2;0;0;0m██[38;2;189;219;239m██[38;2;184;217;236m████[38;2;186;217;236m████████[38;2;139;165;195m████[38;2;66;65;66m██[38;2;103;113;132m██[38;2;140;166;198m████████[38;2;139;164;195m████[38;2;0;0;0m██                  
██[38;2;186;217;236m████████[38;2;184;217;236m████[38;2;139;164;195m████[38;2;139;163;192m██[38;2;181;215;239m██[38;2;189;219;239m██[38;2;99;113;140m██[38;2;184;217;236m████[38;2;186;217;236m████[38;2;184;217;236m████[38;2;139;164;195m████[38;2;66;65;66m██[38;2;99;113;140m████[38;2;140;164;193m██[38;2;139;164;195m████[38;2;140;164;193m██[38;2;99;113;140m██[38;2;93;110;132m██[38;2;0;0;0m██                
██[38;2;186;217;236m████████[38;2;184;217;236m██[38;2;140;166;198m██[38;2;139;164;195m████[38;2;139;163;192m██[38;2;98;111;145m██[38;2;189;219;239m████[38;2;140;166;198m██[38;2;184;217;236m██[38;2;186;217;236m████[38;2;184;217;236m██[38;2;140;166;198m██[38;2;139;164;195m████[38;2;66;65;66m██[38;2;99;113;140m██████[38;2;139;164;195m████[38;2;99;113;140m██[38;2;140;164;193m██[38;2;140;166;198m██[38;2;0;0;0m██                
  [38;2;0;4;0m██[38;2;189;227;255m██[38;2;184;217;236m████[38;2;139;165;195m██[38;2;189;219;239m██[38;2;140;164;193m████████[38;2;99;113;140m██[38;2;181;215;239m██[38;2;186;217;236m████[38;2;184;217;236m████[38;2;181;215;239m██[38;2;139;163;192m██[38;2;140;166;198m██[38;2;66;65;66m██[38;2;99;113;140m████[38;2;99;114;140m████████[38;2;101;113;134m██[38;2;140;162;198m██[38;2;139;164;195m████[38;2;0;0;0m██              
  [38;2;0;4;0m██[38;2;126;152;170m██[38;2;184;217;236m██[38;2;140;166;198m██[38;2;139;165;195m████[38;2;140;164;193m██[38;2;99;113;140m██████[38;2;140;164;189m██[38;2;99;113;140m██[38;2;186;217;236m████[38;2;184;217;236m██[38;2;140;166;198m██[38;2;98;111;145m██[38;2;139;163;192m██[38;2;140;166;198m██[38;2;66;65;66m██[38;2;0;0;0m██[38;2;99;113;140m██[38;2;99;114;140m████████[38;2;62;64;71m██[38;2;101;113;134m██[38;2;139;164;195m████[38;2;140;166;198m██[38;2;0;0;0m████          
    ██[38;2;140;166;198m████[38;2;140;164;193m██[38;2;99;113;140m████[38;2;140;164;193m██[38;2;140;166;198m████[38;2;99;113;140m████[38;2;104;115;131m██[38;2;181;215;247m██[38;2;184;217;236m████[38;2;189;219;239m██[38;2;99;113;140m██[38;2;52;58;66m██[38;2;8;4;0m██  [38;2;0;0;0m██[38;2;57;60;68m██[38;2;106;117;137m██[38;2;101;114;137m████[38;2;0;0;0m████[38;2;140;166;198m████[38;2;139;164;195m████[38;2;140;166;198m██[38;2;0;0;0m██        
      ██[38;2;140;166;198m██[38;2;99;113;140m██[38;2;140;164;193m██████[38;2;66;65;66m██[38;2;140;166;198m██[38;2;140;164;193m████[38;2;66;65;74m██[38;2;142;165;189m██[38;2;140;166;198m██[38;2;184;217;236m██[38;2;189;219;239m████[38;2;140;166;198m██[38;2;96;112;132m██[38;2;0;0;0m██  [38;2;8;4;0m██[38;2;57;60;68m██[38;2;54;59;68m██[38;2;8;4;0m██    [38;2;0;0;0m██[38;2;140;166;198m██[38;2;139;164;195m████[38;2;140;166;198m████[38;2;0;0;0m██      
        ██[38;2;139;164;195m████[38;2;159;167;181m██[38;2;66;65;66m██[38;2;231;219;231m██[38;2;74;60;66m██[38;2;181;215;239m████[38;2;189;219;239m██[38;2;66;65;66m██[38;2;140;166;198m████[38;2;139;164;195m████████[38;2;140;166;198m██[38;2;0;0;0m██[38;2;66;65;66m██[38;2;103;113;132m██[38;2;106;117;137m██[38;2;8;4;0m██      [38;2;0;0;0m████[38;2;140;166;198m██[38;2;139;164;195m████[38;2;140;166;198m██[38;2;0;0;0m██    
      ██[38;2;140;166;198m██[38;2;139;164;195m████[38;2;66;65;66m██[38;2;206;219;239m██[38;2;178;166;176m██[38;2;231;219;231m██[38;2;66;65;66m██[38;2;142;165;181m██[38;2;189;219;239m████[38;2;66;65;66m████[38;2;139;164;195m████████[38;2;140;166;198m████[38;2;140;162;198m██[38;2;66;65;66m██[38;2;57;60;68m████[38;2;0;0;0m██        ██[38;2;139;164;195m████[38;2;140;166;198m██[38;2;0;0;0m██    
      ██[38;2;189;219;239m██[38;2;140;166;198m██[38;2;66;65;66m██[38;2;0;0;0m██[38;2;222;219;231m██[38;2;222;223;239m██[38;2;111;111;123m██[38;2;0;0;0m██[38;2;74;73;77m██[38;2;186;217;236m████[38;2;189;219;239m████[38;2;66;65;66m████[38;2;140;166;198m████████[38;2;140;162;198m████[38;2;140;164;193m████[38;2;60;60;66m██[38;2;16;8;0m██        [38;2;0;0;0m██[38;2;140;166;198m██[38;2;139;164;195m████[38;2;0;0;0m██  
    ██[38;2;189;219;239m████[38;2;140;166;198m██[38;2;66;65;66m██[38;2;222;219;231m████[38;2;222;223;239m██[38;2;0;0;8m██[38;2;222;219;231m██[38;2;74;73;77m██[38;2;186;217;236m████[38;2;99;113;140m████[38;2;189;219;239m████[38;2;66;65;66m████████[38;2;62;64;71m██[38;2;101;113;134m██[38;2;99;113;140m████[38;2;148;166;198m██[38;2;60;60;66m██[38;2;0;0;0m██        ██[38;2;139;164;195m████[38;2;0;0;0m██  
    ██[38;2;189;219;239m██[38;2;99;113;140m██[38;2;184;217;236m████[38;2;57;65;74m██[38;2;214;219;239m██[38;2;231;219;231m████[38;2;66;65;74m██[38;2;181;219;239m██[38;2;189;219;239m████[38;2;184;217;236m██[38;2;140;166;198m██[38;2;99;113;140m████[38;2;189;219;239m██[38;2;144;166;189m██[38;2;159;162;186m██[38;2;66;65;66m██[38;2;99;113;140m██████████[38;2;66;65;66m██[38;2;0;0;0m██        ██[38;2;134;156;172m████[38;2;140;166;198m██[38;2;0;0;0m██
    ██[38;2;99;113;140m██[38;2;189;219;239m██[38;2;184;217;236m██[38;2;140;166;198m██[38;2;109;116;129m██[38;2;57;65;74m██[38;2;115;109;132m██[38;2;173;164;181m██[38;2;66;65;74m██[38;2;104;116;129m██[38;2;189;219;239m██[38;2;99;113;140m██[38;2;184;217;236m████[38;2;140;164;193m████[38;2;99;113;140m██[38;2;189;219;239m██[38;2;159;162;186m████[38;2;66;65;66m██[38;2;99;113;140m████[38;2;0;0;0m██[38;2;66;65;66m██[38;2;99;113;140m████[38;2;0;0;0m██        [38;2;8;8;8m██[38;2;198;231;255m██[38;2;140;166;198m██[38;2;0;0;0m██
      ██[38;2;189;219;247m██[38;2;99;113;140m██[38;2;189;219;239m████[38;2;66;65;66m██[38;2;87;113;145m██[38;2;214;219;239m██[38;2;109;116;129m██[38;2;57;65;74m██[38;2;184;217;236m██[38;2;140;166;198m██[38;2;99;113;140m██[38;2;181;215;239m██[38;2;189;219;239m██[38;2;99;113;140m████[38;2;198;215;231m██[38;2;203;155;170m████[38;2;66;65;66m██[38;2;0;0;0m████  ██[38;2;99;113;140m████[38;2;0;0;0m██        ██[38;2;189;219;239m████[38;2;0;0;0m██
      ██[38;2;94;109;123m██[38;2;144;166;189m██[38;2;189;219;239m████[38;2;66;65;66m██[38;2;150;166;192m████[38;2;214;219;239m██[38;2;57;65;74m██[38;2;184;217;236m████[38;2;140;164;189m██[38;2;99;113;140m██[38;2;189;219;239m████[38;2;198;215;231m████[38;2;203;155;170m████[38;2;0;0;0m██        ██[38;2;99;113;140m████[38;2;0;0;0m██      ██[38;2;189;219;239m████[38;2;0;0;0m██
        ██[38;2;214;207;222m████[38;2;186;217;238m████[38;2;66;65;66m██[38;2;159;159;176m██[38;2;66;65;66m██[38;2;206;211;231m██[38;2;186;217;238m████[38;2;99;113;140m████[38;2;214;205;222m████[38;2;239;203;222m██[38;2;184;157;170m██[38;2;167;162;176m██[38;2;74;65;66m██[38;2;63;71;79m██[38;2;0;0;0m██    ██[38;2;140;166;198m██[38;2;99;113;140m████[38;2;0;0;0m██      ██[38;2;189;219;239m████[38;2;0;0;0m██
          ██[38;2;214;207;222m██[38;2;247;199;206m██[38;2;216;208;222m██[38;2;206;207;231m██[38;2;66;65;66m██[38;2;206;211;231m████[38;2;214;207;222m████████[38;2;214;205;222m██[38;2;247;199;206m██[38;2;184;157;170m██[38;2;74;65;66m████[38;2;214;211;231m██[38;2;189;215;239m████[38;2;0;0;0m████[38;2;140;166;198m████[38;2;140;164;193m██[38;2;99;113;140m██[38;2;0;0;0m██      ██[38;2;189;219;239m████[38;2;0;0;0m██
            ██[38;2;222;178;189m████[38;2;247;199;206m████████[38;2;247;200;205m████[38;2;247;199;206m████[38;2;206;154;173m████[38;2;66;65;66m██[38;2;189;219;239m████████████[38;2;139;165;195m██[38;2;140;166;198m██████[38;2;0;0;0m██      ██[38;2;186;217;236m████[38;2;189;219;239m██[38;2;0;0;0m██
              [38;2;0;4;0m██[38;2;74;62;63m██[38;2;203;155;172m████[38;2;66;60;66m██[38;2;126;106;112m██[38;2;247;200;205m████[38;2;208;165;175m██[38;2;132;97;115m██[38;2;131;101;119m████[38;2;66;65;66m██[38;2;189;219;239m████[38;2;0;0;0m██████[38;2;139;165;195m████[38;2;140;166;198m██[38;2;0;0;0m████        ██[38;2;186;217;236m████[38;2;0;0;0m██  
            ██[38;2;140;166;198m████[38;2;66;65;66m██[38;2;206;154;173m██[38;2;132;101;115m██[38;2;203;155;170m██████████[38;2;129;101;118m██[38;2;66;65;66m██[38;2;189;219;239m████[38;2;0;0;0m██      ██████          ██[38;2;189;219;239m██████[38;2;0;0;0m██  
          ██[38;2;140;166;198m████[38;2;66;65;66m██[38;2;206;154;173m████[38;2;203;155;170m██████████[38;2;132;101;115m██[38;2;129;101;118m██[38;2;66;65;66m██[38;2;189;219;239m██[38;2;66;65;66m██[38;2;0;0;0m██                  ████[38;2;189;219;239m██████[38;2;0;0;0m██    
        ██[38;2;189;223;247m██[38;2;126;150;167m██[38;2;0;0;0m██[38;2;66;65;66m██[38;2;203;155;172m██[38;2;247;199;206m████[38;2;66;65;66m██[38;2;247;199;206m████[38;2;203;155;172m████[38;2;206;154;173m██[38;2;66;65;66m██[38;2;214;211;231m██[38;2;74;65;66m██[38;2;206;154;173m██[38;2;0;0;0m██            ████[38;2;186;217;236m████[38;2;189;219;239m████[38;2;0;0;0m██      
        ██[38;2;189;223;247m██[38;2;0;4;8m██  [38;2;0;0;0m██[38;2;247;199;206m████[38;2;66;65;66m██[38;2;247;199;206m██[38;2;66;65;66m██[38;2;247;199;206m██████[38;2;206;154;173m████[38;2;74;65;66m██[38;2;167;162;176m██[38;2;206;154;173m██[38;2;0;0;0m██          ██[38;2;189;219;239m████[38;2;186;217;236m████[38;2;0;0;0m████        
      ██[38;2;189;219;239m██[38;2;0;0;0m██    ██[38;2;247;199;206m██[38;2;66;65;66m██[38;2;247;211;214m████[38;2;247;207;214m██[38;2;66;65;66m██[38;2;247;199;206m██████[38;2;208;165;175m██[38;2;203;155;170m████[38;2;206;154;173m██[38;2;0;0;0m██        ██[38;2;189;219;239m████[38;2;0;0;0m██████            
      ██[38;2;189;219;239m██[38;2;0;0;0m██    ██[38;2;247;199;206m████[38;2;66;65;66m██[38;2;247;211;214m██[38;2;66;65;66m██[38;2;247;207;214m██[38;2;247;199;206m██[38;2;66;65;66m██[38;2;132;97;115m██[38;2;247;199;206m██[38;2;203;155;170m████[38;2;206;154;173m██[38;2;0;0;0m██        ██[38;2;189;219;239m██[38;2;0;0;0m██                  
        ██        [38;2;0;4;0m██[38;2;68;55;57m██[38;2;247;211;214m██████[38;2;66;65;66m████[38;2;247;211;214m██[38;2;66;65;66m██[38;2;247;199;206m██[38;2;203;155;170m████[38;2;0;0;0m██          ██[38;2;189;219;239m██[38;2;0;0;0m██                  
                  [38;2;0;4;0m██[38;2;206;158;173m██[38;2;66;65;66m██[38;2;247;211;214m████████[38;2;66;65;66m██[38;2;247;199;206m████[38;2;203;155;170m████[38;2;0;0;0m██            ██                    
                    ██[38;2;170;164;170m██[38;2;255;247;255m██[38;2;244;210;216m██[38;2;255;255;255m██[38;2;66;65;66m██[38;2;222;199;206m██[38;2;247;195;206m██[38;2;132;101;115m██[38;2;203;155;170m████[38;2;137;102;115m██[38;2;0;0;0m██                                
                      ████[38;2;255;255;255m████[38;2;222;199;206m██[38;2;66;65;66m██[38;2;132;101;115m██[38;2;208;163;175m██[38;2;203;155;170m████[38;2;206;154;173m████[38;2;0;0;0m████                            
                          [38;2;0;4;8m██[38;2;255;255;255m██████[38;2;66;60;66m██[38;2;192;179;186m██[38;2;198;174;189m██[38;2;66;65;66m████[38;2;198;174;189m██[38;2;63;65;71m██[38;2;189;195;214m██[38;2;0;0;0m██                          
                          [38;2;0;4;8m██[38;2;170;171;172m██[38;2;255;255;255m████[38;2;255;239;247m██[38;2;66;60;66m██[38;2;66;65;66m██[38;2;198;174;189m████[38;2;66;65;66m██[38;2;189;195;214m██[38;2;0;0;0m██                            
                        ██[38;2;189;195;214m████[38;2;192;195;211m██[38;2;255;255;255m████[38;2;192;191;194m██[38;2;192;196;211m████[38;2;189;195;214m████████[38;2;0;0;0m██                          
                      ██[38;2;189;195;214m████[38;2;0;0;0m██[38;2;255;255;255m██[38;2;192;195;211m██[38;2;66;65;74m██[38;2;192;191;194m██[38;2;192;196;211m████[38;2;66;65;66m██[38;2;189;195;214m██[38;2;0;0;0m████                            
                        ████  ██[38;2;255;255;255m██[38;2;247;251;247m██[38;2;82;83;82m██[38;2;0;0;0m██[38;2;189;195;214m████[38;2;0;0;0m██                                
                                ██████  ████                                  
[0m