                          [38;2;0;0;0m████              
                      ████[38;2;255;255;255m████[38;2;0;0;0m██  ██        
                  ████[38;2;247;219;222m████[38;2;255;243;247m██[38;2;192;186;189m██[38;2;198;203;222m██[38;2;0;0;0m██[38;2;198;203;222m██[38;2;0;0;0m██      
                ██[38;2;247;199;206m████████[38;2;255;243;247m██[38;2;66;73;74m██[38;2;198;203;222m████[38;2;0;0;0m██        
          ██████[38;2;63;71;79m██[38;2;205;156;173m████[38;2;247;199;206m██████[38;2;82;66;68m██[38;2;0;0;0m████          
      ████[38;2;189;219;239m████[38;2;189;215;239m████[38;2;189;219;239m████[38;2;203;155;172m████[38;2;247;199;206m██[38;2;0;0;0m██              
    ██[38;2;186;217;236m████████████████████[38;2;142;147;159m██[38;2;16;4;0m██              
  [38;2;0;0;0m██[38;2;255;255;255m██[38;2;186;217;236m████████████[38;2;255;255;255m██[38;2;186;217;236m██████[38;2;206;219;239m████[38;2;0;0;0m██            
  ██[38;2;231;243;247m██[38;2;189;219;239m████[38;2;66;65;66m██[38;2;189;219;239m██[38;2;181;215;239m████[38;2;186;217;236m██████[38;2;255;255;255m██[38;2;186;217;236m████[38;2;189;219;239m██[38;2;0;0;0m██          
██[38;2;231;243;247m████[38;2;189;219;239m██[38;2;66;65;66m██[38;2;189;219;239m████[38;2;66;65;66m██[38;2;142;165;181m██[38;2;186;217;236m████[38;2;255;255;255m██████[38;2;186;217;236m██[38;2;189;219;239m██[38;2;0;0;0m██          
██[38;2;184;217;236m████[38;2;140;166;198m██[38;2;66;65;66m██[38;2;181;215;247m██[38;2;66;65;74m██[38;2;181;215;247m██[38;2;66;65;66m██[38;2;140;166;198m████[38;2;197;210;226m██[38;2;255;255;255m██[38;2;186;217;236m████████[38;2;0;0;0m██        
██[38;2;184;217;236m██[38;2;140;166;198m████[38;2;66;65;66m██[38;2;142;165;189m████[38;2;142;165;186m██[38;2;66;65;66m████[38;2;140;166;198m██████[38;2;186;217;236m████████[38;2;0;0;0m██        
  ██[38;2;140;166;198m██[38;2;66;65;66m██[38;2;140;166;198m██[38;2;66;65;66m████[38;2;82;75;77m██[38;2;247;227;231m██[38;2;0;0;0m██[38;2;82;66;68m██[38;2;66;65;66m██[38;2;140;166;198m██[38;2;139;165;195m██[38;2;189;219;239m██[38;2;186;217;236m████[38;2;0;0;0m██        
  ██[38;2;140;166;198m██[38;2;66;65;66m████[38;2;247;199;206m████[38;2;247;227;231m██[38;2;0;0;0m██[38;2;247;199;206m████[38;2;66;65;66m████[38;2;139;165;195m████[38;2;186;217;236m████[38;2;0;0;0m██        
    ██[38;2;140;166;198m██[38;2;52;58;66m██[38;2;57;65;74m██[38;2;222;203;222m██[38;2;247;199;206m██████[38;2;66;65;66m██[38;2;140;166;198m██[38;2;66;65;66m██[38;2;139;164;195m████[38;2;140;166;198m██[38;2;0;0;0m██          
      [38;2;8;4;0m██[38;2;140;166;198m██[38;2;167;157;172m██[38;2;57;65;74m██[38;2;74;65;66m██[38;2;189;154;159m██[38;2;66;65;66m████[38;2;140;166;198m████[38;2;139;164;195m████[38;2;0;0;0m██            
      [38;2;8;4;0m██[38;2;52;58;66m██[38;2;66;65;66m██[38;2;206;154;173m██[38;2;82;69;66m██[38;2;255;255;255m██[38;2;192;154;164m██[38;2;255;199;214m██[38;2;77;73;82m██[38;2;154;142;156m██[38;2;167;157;172m██[38;2;57;65;74m██[38;2;63;71;77m██[38;2;0;0;0m████  ██    
    ██[38;2;140;166;198m████[38;2;66;65;66m████[38;2;197;193;192m██[38;2;255;255;255m██[38;2;66;65;66m████[38;2;231;211;231m██[38;2;0;4;8m██[38;2;57;65;74m██[38;2;222;203;222m██[38;2;63;71;77m██[38;2;189;215;231m██[38;2;181;203;222m██[38;2;90;101;111m██[38;2;189;219;239m██[38;2;0;0;0m██  
    ██[38;2;140;166;198m██████[38;2;0;0;0m██[38;2;203;155;172m██[38;2;247;199;206m██████[38;2;0;0;0m██  [38;2;8;4;0m██[38;2;52;58;66m██[38;2;139;165;195m██[38;2;189;219;239m██████[38;2;126;152;170m██[38;2;189;227;255m██[38;2;0;0;0m██
      ████████[38;2;247;199;206m██████[38;2;203;155;172m██[38;2;0;0;0m██  [38;2;8;4;0m██[38;2;140;166;198m██[38;2;139;165;195m████████[38;2;0;4;0m████  
              [38;2;0;0;0m██[38;2;140;166;198m██[38;2;189;219;239m██[38;2;0;0;0m██      ██[38;2;140;166;198m██████[38;2;0;0;0m██      
                ████          ██████        
[0m