                                  [38;2;0;4;0m████                                
                              ████[38;2;255;166;82m████[38;2;66;64;66m██[38;2;0;4;0m██                            
                            ██[38;2;66;65;66m██[38;2;255;166;82m██[38;2;255;167;85m████[38;2;255;170;90m██[38;2;0;8;8m██[38;2;0;4;0m██                          
                          ██[38;2;165;121;90m██[38;2;66;65;66m██[38;2;255;166;82m██[38;2;255;167;85m████[38;2;170;116;62m██[38;2;255;170;90m██[38;2;255;166;82m██[38;2;0;4;0m██                        
                          [38;2;0;8;8m██[38;2;82;62;35m██[38;2;66;65;66m████[38;2;160;119;82m████[38;2;255;166;82m████[38;2;0;4;0m██                          
                        ██[38;2;0;8;8m██[38;2;247;170;90m██[38;2;255;166;82m████[38;2;66;69;74m██[38;2;255;170;90m██[38;2;0;4;0m████                            
                      ██[38;2;255;166;82m██████████[38;2;222;211;123m██[38;2;0;44;33m██                                
                    [38;2;0;4;0m██[38;2;255;166;82m██████[38;2;66;134;99m██████[38;2;148;155;93m██[38;2;74;99;63m██[38;2;0;4;0m██                              
                  [38;2;0;12;8m██[38;2;231;182;107m██[38;2;255;166;82m████[38;2;66;134;99m██[38;2;88;206;143m██[38;2;90;207;140m██[38;2;68;133;96m██[38;2;74;105;82m██[38;2;255;166;82m██[38;2;255;170;99m██[38;2;0;8;8m██                            
                  [38;2;0;12;8m██[38;2;115;97;57m██[38;2;255;166;82m██[38;2;66;134;99m██[38;2;88;206;143m████[38;2;68;133;96m████[38;2;255;166;82m██[38;2;74;105;82m██[38;2;85;62;38m██[38;2;0;8;8m██                            
                [38;2;0;4;0m██[38;2;87;206;140m████[38;2;66;134;99m██[38;2;88;206;143m██████[38;2;66;134;99m██[38;2;255;190;74m██[38;2;0;4;0m██[38;2;255;239;66m██[38;2;82;81;66m██[38;2;255;166;82m██[38;2;0;4;0m██                          
                ██[38;2;87;206;140m████[38;2;88;206;143m██████[38;2;66;134;99m██[38;2;255;190;74m████[38;2;0;4;0m██[38;2;255;239;66m██[38;2;82;81;66m██[38;2;255;166;82m██[38;2;0;4;0m██                          
              ██[38;2;90;207;140m████[38;2;200;69;90m██[38;2;90;207;140m████[38;2;88;206;143m██[38;2;66;134;99m██[38;2;255;190;74m████[38;2;82;81;66m██[38;2;255;239;66m██[38;2;74;105;82m██[38;2;255;166;82m██[38;2;0;4;0m██                          
    ████      ██[38;2;90;207;140m██[38;2;200;69;90m████[38;2;189;60;90m██[38;2;90;207;140m██[38;2;88;206;143m████[38;2;66;134;99m██[38;2;255;190;74m██[38;2;255;239;66m██[38;2;82;81;66m██[38;2;255;166;82m██[38;2;74;105;82m██[38;2;0;4;0m██                          
  [38;2;0;0;24m██[38;2;170;138;62m██[38;2;206;69;90m██[38;2;0;4;0m████    ██[38;2;222;85;82m████[38;2;145;115;120m██[38;2;90;52;57m██[38;2;49;73;66m██[38;2;140;164;156m██[38;2;82;207;140m██[38;2;74;136;103m██[38;2;255;166;82m████[38;2;76;125;96m██[38;2;82;207;140m██[38;2;0;4;0m██      [38;2;8;0;8m████                
[38;2;0;4;0m██[38;2;255;207;82m██[38;2;85;69;43m██[38;2;206;69;90m████[38;2;189;60;90m██[38;2;0;4;0m████[38;2;156;65;74m██[38;2;82;81;66m██[38;2;222;85;82m██[38;2;90;52;57m██[38;2;255;243;247m██[38;2;231;255;247m██[38;2;49;73;66m██[38;2;66;65;66m██[38;2;82;207;140m██[38;2;85;206;142m████[38;2;82;207;140m██[38;2;74;85;74m██[38;2;90;207;140m██[38;2;0;4;0m██  ██[38;2;255;207;82m██[38;2;172;138;57m██[38;2;0;4;0m██              
  ██[38;2;189;60;90m██[38;2;74;48;66m██[38;2;255;223;66m██[38;2;198;60;90m██[38;2;66;65;66m██[38;2;159;64;74m████[38;2;164;71;76m██[38;2;66;60;66m██[38;2;247;255;255m██[38;2;214;193;197m██[38;2;189;210;225m████[38;2;255;255;255m██[38;2;66;65;66m██[38;2;106;74;68m██[38;2;90;207;140m██[38;2;82;81;66m██[38;2;222;85;82m██[38;2;74;71;65m████[38;2;0;0;24m██[38;2;82;78;40m██[38;2;66;65;66m██[38;2;206;69;90m██[38;2;206;77;90m██[38;2;0;20;16m██[38;2;0;4;0m██          
    ██[38;2;134;106;66m██[38;2;74;48;66m██[38;2;66;65;66m██[38;2;154;61;82m██[38;2;159;64;74m████[38;2;164;71;76m██[38;2;214;77;82m██[38;2;148;69;82m██[38;2;247;255;255m██[38;2;255;255;255m████████[38;2;106;74;68m████[38;2;222;85;82m████████[38;2;82;78;40m██[38;2;247;235;74m██[38;2;206;69;90m████[38;2;68;39;40m██[38;2;206;77;90m██[38;2;222;85;82m██[38;2;0;4;0m██        
  ██[38;2;159;63;71m██[38;2;156;64;74m██[38;2;57;105;82m██[38;2;70;134;99m██[38;2;66;65;66m██████[38;2;222;85;82m████[38;2;181;73;74m██[38;2;255;255;255m██[38;2;181;73;74m██[38;2;255;255;255m██[38;2;181;73;74m██[38;2;255;255;255m██[38;2;156;65;74m██[38;2;222;86;84m██[38;2;222;85;82m████[38;2;206;69;90m████[38;2;107;65;74m████[38;2;66;65;66m████[38;2;255;223;74m██[38;2;139;106;74m██[38;2;222;86;84m████[38;2;0;4;0m██      
  ██[38;2;159;63;71m██[38;2;57;105;82m████[38;2;70;134;99m████████[38;2;66;65;66m██[38;2;222;85;82m██[38;2;181;73;74m████████████[38;2;222;86;84m████[38;2;193;60;90m████[38;2;206;69;90m██[38;2;66;65;66m██[38;2;107;65;74m██[38;2;90;207;140m██████[38;2;82;48;74m████[38;2;156;65;74m██[38;2;222;86;84m██[38;2;0;4;0m██      
██[38;2;156;65;74m████[38;2;57;93;74m██[38;2;68;133;96m██████████[38;2;70;134;99m██[38;2;66;65;66m██[38;2;156;94;109m████[38;2;222;84;84m████████[38;2;206;69;90m████[38;2;255;255;255m████[38;2;66;65;66m██[38;2;90;207;140m██[38;2;87;206;140m████████[38;2;88;206;143m████[38;2;99;65;66m████[38;2;159;63;71m██[38;2;0;4;0m██    
██[38;2;156;65;74m██[38;2;57;91;74m██[38;2;68;133;96m██[38;2;57;93;74m██[38;2;68;133;96m████████[38;2;70;134;99m████[38;2;107;24;41m██[38;2;255;235;247m██[38;2;189;60;90m██[38;2;222;84;84m██[38;2;189;60;90m██[38;2;222;84;84m██[38;2;206;69;90m██[38;2;255;255;255m████[38;2;66;65;66m██[38;2;90;207;140m████[38;2;87;206;140m████████[38;2;66;134;99m██[38;2;88;206;143m██[38;2;90;207;140m██[38;2;99;65;66m██[38;2;159;63;71m████[38;2;0;4;0m██  
██[38;2;123;93;90m██[38;2;82;68;62m██[38;2;0;4;0m██[38;2;57;91;74m██[38;2;68;133;96m████[38;2;49;90;71m██[38;2;74;134;107m██[38;2;70;134;99m████[38;2;66;65;66m████[38;2;255;255;255m██[38;2;189;60;90m██[38;2;255;255;255m██[38;2;189;60;90m██[38;2;255;255;255m██████[38;2;66;65;66m██[38;2;90;207;140m████[38;2;88;206;143m██[38;2;66;134;99m██[38;2;88;206;143m████[38;2;90;207;140m██[38;2;60;139;93m██[38;2;0;4;0m██[38;2;90;207;140m██[38;2;77;49;51m██[38;2;154;79;87m██[38;2;0;4;0m██  
██[38;2;82;68;62m██[38;2;0;20;8m██  [38;2;0;4;0m██[38;2;68;133;96m████[38;2;0;4;0m██[38;2;49;90;71m██[38;2;70;134;99m██[38;2;66;65;66m██[38;2;189;211;222m████[38;2;255;255;255m████████████████[38;2;66;65;66m██[38;2;90;207;140m██[38;2;88;206;143m████[38;2;66;134;99m██[38;2;88;206;143m██[38;2;90;207;140m██[38;2;0;4;0m██  ██[38;2;0;20;16m██[38;2;77;49;51m██[38;2;156;65;74m██[38;2;0;4;0m██
  ██    ██[38;2;66;134;99m██[38;2;0;4;0m██  ██[38;2;63;70;74m██[38;2;189;211;222m██[38;2;66;65;66m████[38;2;192;193;192m██[38;2;255;255;255m████[38;2;189;210;225m██[38;2;255;255;255m██[38;2;66;69;66m██[38;2;66;65;66m████[38;2;90;207;140m████████[38;2;60;136;93m████[38;2;90;207;140m██[38;2;0;4;0m██      ██████
          ██      [38;2;0;0;0m██[38;2;189;211;222m██████[38;2;66;69;66m████[38;2;255;255;255m██[38;2;189;210;225m██[38;2;66;69;66m██[38;2;192;193;192m██[38;2;255;255;255m████[38;2;66;65;66m██[38;2;90;207;140m██[38;2;0;4;0m██[38;2;90;207;140m██[38;2;90;203;140m██[38;2;0;4;0m████              
                    ██[38;2;148;146;132m████[38;2;189;211;222m██[38;2;0;4;0m██[38;2;222;235;239m████[38;2;0;4;0m██[38;2;255;255;255m████████[38;2;0;8;0m██  [38;2;0;4;0m████                  
                  ██[38;2;255;239;66m██[38;2;201;190;90m██[38;2;255;235;49m██[38;2;0;4;0m██  ████  ██[38;2;255;255;255m██[38;2;148;149;139m██[38;2;127;131;127m██[38;2;0;8;0m██                        
                    [38;2;0;4;0m██████            ██[38;2;255;239;66m██[38;2;170;167;49m██[38;2;255;247;74m██[38;2;0;4;0m██                      
                                        ██[38;2;0;8;0m████                        
[0m