                    [38;2;0;0;0m████████[38;2;0;4;8m████                                          
              [38;2;0;0;0m██████[38;2;170;156;137m████████[38;2;137;79;62m██[38;2;206;117;90m██[38;2;0;0;0m██████    ██████                          
          ████[38;2;206;178;148m████[38;2;173;156;135m██[38;2;172;157;137m████████[38;2;170;157;137m██[38;2;132;101;99m██[38;2;209;105;63m████[38;2;206;105;66m██[38;2;0;0;0m██[38;2;0;0;8m██[38;2;189;130;107m██[38;2;170;157;137m████[38;2;0;0;0m██                        
        ██[38;2;206;178;148m██████[38;2;173;156;135m████[38;2;172;157;137m████████[38;2;170;157;137m██[38;2;132;101;99m██[38;2;209;105;63m████[38;2;206;105;66m████[38;2;189;130;107m██[38;2;94;65;57m██[38;2;66;65;66m██[38;2;170;157;137m██[38;2;173;158;140m██[38;2;0;0;0m██                      
      ██[38;2;206;178;148m██████[38;2;173;156;135m██[38;2;165;121;90m██[38;2;173;158;135m██[38;2;172;157;137m████████████[38;2;134;92;90m██[38;2;255;190;57m██[38;2;238;173;87m██[38;2;206;105;82m██[38;2;210;105;66m████[38;2;192;132;98m██[38;2;66;65;66m██[38;2;140;140;127m████[38;2;0;0;0m██                    
    ██[38;2;206;178;148m████[38;2;172;156;137m██[38;2;173;156;135m████[38;2;165;121;90m██[38;2;173;158;135m██[38;2;172;157;137m████████████[38;2;134;92;90m██[38;2;194;141;73m██[38;2;238;173;87m██[38;2;255;207;90m██[38;2;255;207;66m██[38;2;210;105;66m██[38;2;66;65;66m██[38;2;192;132;98m██[38;2;66;65;66m████[38;2;140;138;132m██[38;2;0;0;0m██                  
    ██[38;2;170;156;137m██[38;2;173;158;135m████[38;2;139;129;123m████[38;2;255;255;255m██[38;2;172;157;135m██[38;2;172;157;137m████████[38;2;170;157;137m████[38;2;132;101;99m██[38;2;208;106;65m██[38;2;209;105;63m████[38;2;255;199;66m████[38;2;66;65;66m████[38;2;170;157;137m████[38;2;63;59;57m██[38;2;8;8;16m██                  
  [38;2;0;0;0m██[38;2;170;156;137m████[38;2;173;158;135m██[38;2;165;121;90m██[38;2;24;4;0m██[38;2;255;255;247m██[38;2;255;255;255m██[38;2;172;157;135m██[38;2;172;157;137m████████[38;2;170;157;137m██[38;2;132;101;99m██[38;2;208;106;65m████[38;2;209;105;63m████[38;2;177;132;66m██[38;2;99;65;66m██[38;2;206;105;66m████[38;2;66;65;66m████[38;2;63;59;57m██[38;2;173;162;140m██[38;2;0;0;0m██                
  ██[38;2;172;157;137m████[38;2;90;85;66m██[38;2;255;255;255m██████[38;2;0;0;0m██████[38;2;140;138;132m██[38;2;137;133;123m██[38;2;173;166;148m██[38;2;145;118;110m████[38;2;255;207;66m████[38;2;238;173;74m██[38;2;206;105;74m██[38;2;209;105;63m████[38;2;66;65;66m████[38;2;79;74;68m██[38;2;173;158;140m████[38;2;79;74;68m██[38;2;99;56;41m██[38;2;0;4;8m██              
  [38;2;0;0;0m██[38;2;172;157;137m████[38;2;145;141;129m████[38;2;0;0;0m████      ██[38;2;66;69;74m██[38;2;137;133;123m██[38;2;145;118;110m██[38;2;206;105;66m██[38;2;210;105;66m████[38;2;255;207;74m████[38;2;209;105;63m████[38;2;206;105;66m████[38;2;79;74;68m████████[38;2;198;109;74m██[38;2;0;4;8m██              
[38;2;0;0;0m██[38;2;170;156;137m██[38;2;172;156;137m████[38;2;140;138;132m██[38;2;0;0;0m██  ████████  ██[38;2;82;67;66m██[38;2;172;124;52m██[38;2;255;186;74m██[38;2;255;207;74m██[38;2;206;105;74m██[38;2;210;105;61m██[38;2;239;174;107m██[38;2;255;195;66m████[38;2;66;65;66m████[38;2;170;157;137m██[38;2;66;65;66m██[38;2;170;157;137m████[38;2;79;78;71m██[38;2;189;130;99m██[38;2;0;0;0m██            
██[38;2;170;156;137m██[38;2;172;156;137m██[38;2;140;138;132m██[38;2;0;0;0m██  ██[38;2;82;79;70m██[38;2;170;156;137m████[38;2;82;79;70m██[38;2;0;0;0m██[38;2;123;101;99m████[38;2;8;0;8m██[38;2;172;124;52m██[38;2;255;207;74m██[38;2;238;173;74m██[38;2;210;105;61m████[38;2;194;147;66m██[38;2;74;52;66m██[38;2;170;157;137m██████████[38;2;66;65;66m██[38;2;189;130;99m██[38;2;79;78;71m██[38;2;0;0;0m██            
██[38;2;142;140;126m████[38;2;0;0;0m██  ██[38;2;208;106;65m████[38;2;79;78;71m██[38;2;189;130;99m██[38;2;170;156;137m██[38;2;85;78;68m██[38;2;132;105;99m██[38;2;0;0;0m██  ██[38;2;206;105;66m██[38;2;255;207;82m██[38;2;210;105;61m████[38;2;74;69;66m██[38;2;172;158;137m██[38;2;79;78;71m████████[38;2;170;156;137m████[38;2;173;162;140m██[38;2;66;65;66m██[38;2;0;0;0m██    ██[38;2;0;4;8m████  
[38;2;0;0;0m██[38;2;142;140;126m████[38;2;0;0;0m██  ██[38;2;132;101;99m████[38;2;189;130;99m██[38;2;79;78;71m██[38;2;170;156;137m████[38;2;88;70;66m██[38;2;0;0;0m██  ██[38;2;206;105;66m██[38;2;238;173;76m██[38;2;239;174;107m██[38;2;210;105;61m██[38;2;74;69;66m████[38;2;206;105;66m████████[38;2;85;78;68m██[38;2;170;156;137m██[38;2;66;65;66m██[38;2;137;129;115m██[38;2;0;0;0m██  ██[38;2;127;99;94m██[38;2;206;117;90m██[38;2;137;79;62m██[38;2;0;0;0m██
  ████  [38;2;0;0;8m██[38;2;148;113;62m██[38;2;231;178;66m██[38;2;132;101;94m██[38;2;131;109;74m██[38;2;82;77;74m██[38;2;173;158;140m██[38;2;139;139;128m██[38;2;0;0;0m██    ██[38;2;210;105;61m████[38;2;239;174;107m██[38;2;66;65;66m██[38;2;255;207;66m████[38;2;129;101;93m████[38;2;208;106;65m████[38;2;206;105;66m██[38;2;79;78;71m██[38;2;142;140;126m████[38;2;0;0;0m██  ██[38;2;206;105;66m██[38;2;208;106;65m████[38;2;0;0;0m██
        [38;2;0;0;8m██[38;2;222;170;90m██[38;2;132;101;94m██[38;2;231;178;66m██[38;2;231;174;74m██[38;2;82;77;74m██[38;2;139;139;128m████[38;2;0;0;0m██  ██[38;2;127;99;94m██[38;2;239;174;107m██[38;2;210;105;61m██[38;2;239;174;107m██[38;2;66;65;66m██[38;2;255;207;66m██[38;2;129;101;93m██[38;2;255;207;66m████[38;2;132;101;99m██[38;2;208;106;65m██[38;2;206;105;66m██[38;2;79;78;71m██[38;2;142;140;126m██[38;2;0;0;0m██    ██[38;2;206;105;66m██[38;2;208;106;65m██[38;2;132;101;99m██[38;2;0;0;0m██
        [38;2;0;0;8m██[38;2;222;170;90m██[38;2;148;116;54m██[38;2;222;174;74m██[38;2;70;69;66m██[38;2;140;138;132m██[38;2;140;140;127m██[38;2;66;65;66m██[38;2;82;67;66m██[38;2;0;0;0m██[38;2;132;101;99m██[38;2;208;106;65m██[38;2;255;211;90m██[38;2;82;81;82m██[38;2;66;65;66m██[38;2;255;207;66m██[38;2;129;101;93m██[38;2;255;207;66m████[38;2;129;101;93m██[38;2;255;207;66m██[38;2;129;101;93m██[38;2;198;125;90m██[38;2;82;85;74m██[38;2;154;106;84m██[38;2;66;69;74m██[38;2;0;0;0m██  ██[38;2;132;100;93m██[38;2;131;100;95m████[38;2;0;0;0m██
        [38;2;0;0;8m██[38;2;148;113;62m██[38;2;222;174;74m██[38;2;0;0;16m██[38;2;0;0;0m████[38;2;66;65;66m████[38;2;123;101;99m████[38;2;132;101;99m██[38;2;208;106;65m██[38;2;82;81;82m██[38;2;168;146;86m██[38;2;66;65;66m██[38;2;255;207;66m██[38;2;129;101;93m██[38;2;255;207;66m██[38;2;129;101;93m██[38;2;255;207;66m████[38;2;129;101;93m██[38;2;82;85;74m██[38;2;159;111;84m██[38;2;66;69;74m██[38;2;198;125;90m██[38;2;66;65;66m██[38;2;0;0;0m██[38;2;132;100;93m████[38;2;131;100;95m████[38;2;0;0;0m██
          ████      [38;2;8;4;0m██[38;2;76;74;66m██[38;2;131;100;95m████[38;2;127;113;99m██[38;2;82;77;66m██[38;2;170;156;137m████[38;2;66;69;74m██[38;2;136;89;74m██[38;2;255;207;66m██[38;2;129;101;93m██[38;2;255;207;66m████[38;2;136;89;74m██[38;2;206;109;74m██[38;2;66;65;66m████[38;2;209;105;63m████[38;2;66;69;74m██[38;2;136;89;74m██[38;2;132;99;94m████[38;2;123;101;99m██[38;2;0;0;0m██  
                  ██[38;2;145;144;132m██[38;2;76;74;66m██[38;2;131;100;95m████[38;2;82;77;66m██[38;2;173;150;132m██[38;2;170;156;137m██[38;2;85;78;68m██[38;2;206;109;74m██[38;2;66;69;74m██[38;2;129;101;93m██[38;2;255;207;66m██[38;2;192;159;66m██[38;2;66;65;66m██[38;2;66;69;74m████[38;2;206;105;66m████[38;2;209;105;63m████[38;2;206;109;74m██[38;2;66;69;74m██[38;2;66;65;66m████[38;2;82;67;66m██[38;2;0;0;0m██  
                  ██[38;2;139;138;132m████[38;2;87;78;68m██[38;2;117;108;95m██[38;2;82;77;66m██[38;2;173;150;132m██[38;2;173;162;148m██[38;2;82;81;74m██[38;2;206;105;66m██[38;2;79;78;71m██[38;2;66;65;66m██████[38;2;132;101;90m██[38;2;66;65;66m██[38;2;206;105;66m████[38;2;145;118;110m██[38;2;132;101;99m████[38;2;206;109;74m██[38;2;66;69;74m██[38;2;142;140;126m████[38;2;0;0;0m██    
                  ██[38;2;131;99;99m██[38;2;139;138;132m██[38;2;148;138;123m██[38;2;87;78;68m██[38;2;127;113;99m██[38;2;82;77;66m██[38;2;142;135;123m████[38;2;79;78;71m████[38;2;140;140;127m████[38;2;88;77;74m██[38;2;132;101;90m██[38;2;66;65;66m██[38;2;206;105;66m██[38;2;145;118;110m████[38;2;170;157;137m████[38;2;136;89;74m██[38;2;66;69;74m██[38;2;0;0;0m████      
                    [38;2;0;0;24m██[38;2;154;130;79m██[38;2;159;138;84m████[38;2;0;0;0m██████[38;2;140;138;132m██[38;2;142;140;126m████[38;2;140;139;128m████[38;2;140;142;132m██[38;2;74;73;66m██[38;2;140;138;132m██[38;2;70;69;66m██[38;2;170;157;137m████████[38;2;66;65;66m██[38;2;0;0;0m██          
                  ██[38;2;231;195;107m██[38;2;154;130;79m██[38;2;239;207;115m██[38;2;0;0;24m██      [38;2;0;0;0m████[38;2;142;140;126m██[38;2;140;139;128m████[38;2;140;142;132m██[38;2;8;4;0m██[38;2;0;0;0m████[38;2;170;157;137m██[38;2;132;101;99m██[38;2;170;157;137m██[38;2;132;101;99m██[38;2;0;0;0m██            
                    ██████            ████████      ██[38;2;255;207;66m██[38;2;66;65;66m██[38;2;0;0;0m██[38;2;255;207;66m██[38;2;0;0;0m██          
                                                      ████  ████          
[0m