                                            [38;2;0;0;0m████████                        
                                          ██[38;2;164;90;123m██[38;2;213;90;148m████[38;2;164;90;123m██[38;2;0;0;0m████                    
                  ████              ██  ██[38;2;213;90;148m██████████[38;2;164;90;123m████[38;2;0;0;0m██                  
                  ██[38;2;106;98;90m██[38;2;0;0;0m██          ██[38;2;131;82;90m██[38;2;0;0;0m██[38;2;131;82;90m██[38;2;65;65;65m██[38;2;213;90;148m██████[38;2;164;90;123m████[38;2;0;0;0m██                    
                    ██[38;2;106;98;90m██[38;2;0;0;0m████      ██[38;2;131;82;90m██████[38;2;65;65;65m██[38;2;213;90;148m██[38;2;65;65;65m████[38;2;164;90;123m██[38;2;0;0;0m██                      
        ████████    ██[38;2;106;98;90m████[38;2;205;180;49m██[38;2;0;0;0m██████[38;2;65;65;65m████[38;2;205;180;49m████[38;2;131;82;90m██[38;2;65;65;65m██[38;2;131;82;90m██[38;2;65;65;65m██[38;2;0;0;0m██    ████                
    ████[38;2;246;230;115m██[38;2;156;164;189m██[38;2;197;197;255m████[38;2;0;0;0m██    ██[38;2;106;98;90m██[38;2;205;180;49m██[38;2;106;98;90m██[38;2;65;65;65m██[38;2;213;90;148m██████[38;2;65;65;65m████[38;2;205;180;49m██[38;2;131;82;90m████[38;2;0;0;0m██  ████[38;2;106;98;90m██[38;2;0;0;0m██                
  ██[38;2;197;197;255m████[38;2;156;164;189m██[38;2;246;230;115m██[38;2;156;164;189m██[38;2;197;197;255m██[38;2;246;230;115m██[38;2;0;0;0m██    ██[38;2;106;98;90m██[38;2;65;65;65m██[38;2;197;197;255m██[38;2;164;90;123m██[38;2;213;90;148m██[38;2;164;90;123m██[38;2;213;90;148m████[38;2;65;65;65m██[38;2;131;82;90m████[38;2;0;0;0m████[38;2;106;98;90m████[38;2;0;0;0m██          ██████  
██[38;2;197;197;255m██[38;2;123;131;139m██[38;2;65;65;65m██[38;2;156;164;189m██[38;2;246;230;115m██[38;2;156;164;189m██[38;2;197;197;255m██[38;2;0;0;0m██      ██[38;2;65;65;65m██[38;2;197;197;255m██████[38;2;164;90;123m██[38;2;197;197;255m██[38;2;164;90;123m██[38;2;246;230;115m██[38;2;65;65;65m██████[38;2;106;98;90m██████[38;2;65;65;65m██[38;2;0;0;0m██        ██[38;2;197;197;255m██[38;2;246;230;115m██[38;2;65;65;65m██[38;2;0;0;0m██
  ██[38;2;65;65;65m██[38;2;197;197;255m████[38;2;0;0;0m██████      ██[38;2;164;90;123m██[38;2;65;65;65m██[38;2;106;98;90m██████[38;2;197;197;255m██[38;2;213;90;148m██[38;2;246;230;115m██[38;2;106;98;90m██████[38;2;246;230;115m██[38;2;106;98;90m████[38;2;65;65;65m██[38;2;0;0;0m██      ████[38;2;156;164;189m██[38;2;197;197;255m████[38;2;246;230;115m██[38;2;0;0;0m██
    ██████          ██[38;2;164;90;123m██[38;2;65;65;65m██[38;2;106;98;90m████[38;2;0;0;0m██[38;2;255;255;255m██[38;2;197;197;255m██[38;2;65;65;65m██[38;2;246;230;115m██[38;2;106;98;90m██████[38;2;205;180;49m██[38;2;65;65;65m██[38;2;0;0;0m████      ██[38;2;205;180;49m██[38;2;246;230;115m████[38;2;156;164;189m██[38;2;197;197;255m████[38;2;0;0;0m██
                    ██[38;2;65;65;65m██[38;2;106;98;90m████[38;2;65;65;65m██[38;2;222;82;8m██[38;2;255;255;255m██[38;2;65;65;65m██[38;2;255;255;255m██[38;2;65;65;65m██[38;2;205;180;49m██[38;2;65;65;65m██████[38;2;213;90;148m██[38;2;246;230;115m██[38;2;0;0;0m██      ██[38;2;156;164;189m██████[38;2;246;230;115m██[38;2;156;164;189m██[38;2;0;0;0m██  
                  ██[38;2;164;90;123m██[38;2;65;65;65m██[38;2;106;98;90m██[38;2;197;197;255m████[38;2;156;164;189m████[38;2;65;65;65m██[38;2;197;197;255m██[38;2;65;65;65m██[38;2;164;90;123m████[38;2;131;82;90m██[38;2;164;90;123m██[38;2;246;230;115m██[38;2;65;65;65m██[38;2;246;230;115m██[38;2;0;0;0m██  ██[38;2;197;197;255m████████[38;2;156;164;189m██[38;2;0;0;0m██    
                  ██[38;2;164;90;123m██[38;2;65;65;65m████████[38;2;255;255;255m██[38;2;65;65;65m██████[38;2;213;90;148m██[38;2;131;82;90m████[38;2;164;90;123m██[38;2;213;90;148m██[38;2;246;230;115m██[38;2;65;65;65m██[38;2;246;230;115m██[38;2;0;0;0m██  ██[38;2;197;197;255m██[38;2;123;131;139m██[38;2;197;197;255m██[38;2;123;131;139m██[38;2;197;197;255m██[38;2;0;0;0m██    
                    ██[38;2;164;90;123m██[38;2;65;65;65m██[38;2;197;197;255m██[38;2;65;65;65m██████[38;2;197;197;255m██[38;2;213;90;148m██[38;2;131;82;90m██[38;2;156;164;189m████[38;2;131;82;90m██[38;2;213;90;148m████[38;2;246;230;115m██[38;2;213;90;148m██[38;2;0;0;0m██    ████[38;2;197;197;255m██[38;2;65;65;65m██[38;2;0;0;0m██      
                  ██[38;2;164;90;123m██[38;2;131;82;90m██[38;2;65;65;65m██[38;2;131;82;90m██[38;2;255;255;255m██[38;2;197;197;255m██[38;2;255;255;255m██[38;2;213;90;148m██[38;2;131;82;90m██[38;2;156;164;189m████[38;2;131;82;90m██[38;2;213;90;148m██████[38;2;131;82;90m████[38;2;213;90;148m██[38;2;0;0;0m██      ████        
                  ██[38;2;164;90;123m████[38;2;65;65;65m██[38;2;213;90;148m████████[38;2;65;65;65m████[38;2;246;230;115m██[38;2;156;164;189m████[38;2;131;82;90m██████[38;2;213;90;148m████[38;2;246;230;115m██[38;2;0;0;0m██                  
                    ██[38;2;164;90;123m████[38;2;65;65;65m██[38;2;213;90;148m████[38;2;131;82;90m██[38;2;65;65;65m██████[38;2;246;230;115m██[38;2;156;164;189m██[38;2;131;82;90m██[38;2;213;90;148m██████[38;2;246;230;115m██[38;2;106;98;90m██[38;2;246;230;115m██[38;2;0;0;0m██                
                    ██[38;2;131;82;90m████[38;2;65;65;65m██[38;2;131;82;90m██[38;2;213;90;148m██[38;2;65;65;65m████████[38;2;246;230;115m██[38;2;65;65;65m██[38;2;213;90;148m████████[38;2;246;230;115m██[38;2;106;98;90m██[38;2;246;230;115m██[38;2;0;0;0m██                
                      ██[38;2;164;90;123m████[38;2;65;65;65m████[38;2;246;230;115m██[38;2;65;65;65m████[38;2;246;230;115m██[38;2;156;164;189m████[38;2;65;65;65m██[38;2;213;90;148m████████[38;2;246;230;115m██[38;2;0;0;0m██                  
                        ████[38;2;213;90;148m████[38;2;65;65;65m██[38;2;246;230;115m████[38;2;213;90;148m████[38;2;65;65;65m██[38;2;164;90;123m██[38;2;131;82;90m████[38;2;213;90;148m████[38;2;0;0;0m██                    
                          ██[38;2;131;82;90m██[38;2;213;90;148m██[38;2;131;82;90m██[38;2;213;90;148m██[38;2;131;82;90m██[38;2;213;90;148m██[38;2;131;82;90m██[38;2;65;65;65m██[38;2;164;90;123m██████[38;2;131;82;90m██[38;2;0;0;0m██                      
                        ██[38;2;164;90;123m██[38;2;156;164;189m██[38;2;131;82;90m██[38;2;156;164;189m██[38;2;131;82;90m██████[38;2;197;197;255m██[38;2;131;82;90m██[38;2;65;65;65m██[38;2;164;90;123m████[38;2;0;0;0m██                        
                        ██[38;2;164;90;123m██[38;2;156;164;189m████[38;2;65;65;65m██[38;2;0;0;0m██[38;2;156;164;189m██[38;2;0;0;0m██[38;2;197;197;255m████[38;2;213;90;148m██[38;2;65;65;65m██[38;2;0;0;0m██                          
                          ██[38;2;164;90;123m██[38;2;156;164;189m██[38;2;0;0;0m██  ██  ██[38;2;197;197;255m██[38;2;213;90;148m██[38;2;197;197;255m██[38;2;156;164;189m██[38;2;0;0;0m██                        
                            ████          ██[38;2;164;90;123m████[38;2;156;164;189m██[38;2;0;0;0m██                        
                                          ██[38;2;205;180;49m██[38;2;164;90;123m██[38;2;0;0;0m██                          
                                            ████                            
[0m