                      [38;2;0;0;0m████  ██████                                                  
                    ██[38;2;189;73;140m████[38;2;0;0;0m██[38;2;82;78;68m████[38;2;82;79;68m██[38;2;0;0;0m██    ██                                          
                      ██[38;2;189;73;140m████[38;2;66;65;66m████[38;2;82;79;68m████[38;2;0;0;0m████[38;2;189;73;140m██[38;2;0;0;0m██                      ██████████        
              ██████    [38;2;0;12;0m██[38;2;181;77;132m██[38;2;186;73;137m██[38;2;126;77;109m██[38;2;66;65;66m██[38;2;82;78;68m████[38;2;66;65;66m██[38;2;189;73;140m██[38;2;0;0;0m██                  ████[38;2;103;103;90m██[38;2;102;103;90m████[38;2;107;105;90m████[38;2;0;0;0m██      
            ██[38;2;189;73;140m██████[38;2;0;0;0m████[38;2;90;44;66m██[38;2;181;77;132m██[38;2;186;73;137m████[38;2;66;65;66m██[38;2;82;78;68m████[38;2;66;65;66m██[38;2;189;73;140m████[38;2;0;0;0m██              ██[38;2;103;103;90m██████[38;2;102;103;90m██[38;2;82;81;66m██[38;2;71;71;60m██[38;2;0;4;0m██        
              [38;2;0;0;0m██[38;2;189;73;140m████[38;2;189;72;137m████[38;2;94;75;74m████[38;2;189;72;137m████[38;2;189;73;132m██[38;2;57;69;57m██[38;2;66;65;66m██[38;2;186;73;137m██[38;2;189;72;137m████[38;2;0;0;0m██            ██[38;2;104;103;93m████[38;2;103;103;90m████████[38;2;0;0;0m██          
                ████[38;2;189;72;137m████[38;2;189;73;140m██[38;2;94;75;74m██[38;2;189;72;137m████[38;2;189;73;132m██[38;2;101;70;82m██[38;2;186;73;137m████[38;2;189;72;137m████[38;2;0;0;0m██          ██[38;2;103;103;90m██[38;2;104;103;93m████[38;2;103;103;90m██[38;2;0;0;0m██████            
                    ██[38;2;189;73;140m██[38;2;186;73;137m████[38;2;189;81;140m██[38;2;66;73;66m██[38;2;66;65;66m████[38;2;186;74;137m████[38;2;189;73;140m████[38;2;0;0;0m██  ██    ██[38;2;102;103;90m████[38;2;103;103;90m████[38;2;0;0;0m██      ██████████  
            ████████  ██[38;2;66;65;66m████[38;2;66;73;66m██[38;2;107;75;90m██[38;2;115;146;231m████[38;2;66;69;66m██[38;2;126;71;101m██[38;2;189;73;140m██[38;2;0;0;0m██  ██[38;2;189;73;140m██[38;2;0;0;0m████[38;2;82;79;70m██[38;2;82;81;66m██[38;2;102;103;90m██[38;2;103;103;90m██[38;2;0;0;0m██  ██████[38;2;103;103;90m██████████[38;2;0;0;0m██
          ██[38;2;189;73;140m████[38;2;186;73;137m████[38;2;16;12;0m██[38;2;74;85;111m██[38;2;115;146;231m████[38;2;93;97;93m██[38;2;115;146;231m████████[38;2;66;65;66m██[38;2;132;77;107m██[38;2;88;71;79m██[38;2;0;8;8m██[38;2;189;81;140m██[38;2;66;65;66m████[38;2;82;79;68m████[38;2;82;78;68m████[38;2;66;65;66m████[38;2;8;4;0m██[38;2;115;109;99m██[38;2;104;103;93m████[38;2;102;103;90m██[38;2;82;81;66m██[38;2;82;79;70m██[38;2;0;0;0m████  
            ████[38;2;186;73;137m██[38;2;66;65;66m██[38;2;74;85;111m██[38;2;132;158;222m██[38;2;115;146;231m██[38;2;93;97;93m██[38;2;115;146;231m████[38;2;66;65;66m████[38;2;115;146;231m████[38;2;66;69;66m██[38;2;132;77;107m██[38;2;126;56;96m██[38;2;189;81;140m██[38;2;66;65;66m██[38;2;82;78;68m██[38;2;82;79;68m████[38;2;82;78;68m██[38;2;66;65;66m██[38;2;82;78;68m████[38;2;79;74;66m████[38;2;104;103;93m████[38;2;102;103;90m████[38;2;0;0;0m██      
                ██[38;2;66;65;66m██[38;2;112;146;231m████[38;2;115;146;231m██[38;2;93;97;93m██[38;2;148;134;231m██[38;2;82;60;66m██[38;2;189;73;140m██[38;2;95;97;96m██[38;2;115;146;231m██[38;2;74;113;193m██[38;2;82;65;66m██[38;2;84;81;107m██[38;2;123;89;107m██[38;2;66;69;66m██[38;2;82;78;68m████[38;2;74;69;66m████[38;2;82;78;68m████[38;2;77;74;68m████[38;2;0;0;0m████████████        
        ██████    ██[38;2;112;146;231m████[38;2;93;97;93m██[38;2;115;146;231m██[38;2;82;60;66m██[38;2;115;97;148m██[38;2;189;73;140m██[38;2;95;97;96m██[38;2;115;146;231m██[38;2;74;113;193m██[38;2;90;113;189m██[38;2;82;65;66m██[38;2;66;69;66m██[38;2;104;82;93m██[38;2;66;65;66m██[38;2;82;78;68m██[38;2;74;69;66m██[38;2;189;71;137m██[38;2;66;65;66m██[38;2;82;78;68m██[38;2;77;74;68m██[38;2;0;0;0m██                    
      ██[38;2;189;73;140m████[38;2;189;89;148m██[38;2;0;8;8m██[38;2;0;0;0m██  ██[38;2;115;146;231m██[38;2;93;97;93m██[38;2;115;146;231m██[38;2;82;60;49m██[38;2;126;106;159m██[38;2;90;93;99m██[38;2;107;142;231m██[38;2;71;113;192m████[38;2;66;65;66m██[38;2;103;103;90m████[38;2;66;65;66m████████[38;2;189;77;140m████[38;2;68;69;68m██[38;2;82;78;68m████[38;2;0;0;0m████████            
        ██[38;2;189;73;140m██[38;2;126;62;101m████[38;2;66;65;66m██[38;2;0;0;0m██[38;2;115;146;231m████████[38;2;104;83;104m██[38;2;148;130;214m██[38;2;107;142;231m██[38;2;101;125;187m██[38;2;66;65;66m██[38;2;71;113;192m██[38;2;66;65;66m██[38;2;103;103;90m████[38;2;66;65;66m██[38;2;186;73;137m████[38;2;127;71;103m██[38;2;66;65;66m██[38;2;128;73;104m████[38;2;66;65;66m████[38;2;82;79;68m████████[38;2;0;0;0m████████    
  ██████[38;2;84;81;107m██[38;2;82;65;66m██[38;2;66;65;66m██[38;2;71;113;192m████[38;2;66;65;66m██[38;2;115;146;231m████████[38;2;107;146;239m████[38;2;66;65;66m████[38;2;71;113;192m██[38;2;66;65;66m██[38;2;103;103;90m████████[38;2;66;65;66m██[38;2;127;77;107m██[38;2;66;65;66m████████[38;2;189;77;140m██[38;2;107;79;90m██[38;2;66;65;66m██[38;2;79;78;74m██[38;2;82;79;68m████████[38;2;77;74;68m████[38;2;0;0;0m██  
██[38;2;127;77;107m██████[38;2;82;65;66m██[38;2;90;113;189m██[38;2;71;113;192m██[38;2;66;65;66m████[38;2;71;113;192m██[38;2;66;65;66m██[38;2;115;146;231m██[38;2;93;97;93m██[38;2;115;146;231m██[38;2;90;119;184m██[38;2;57;65;74m██[38;2;127;77;107m████[38;2;71;113;192m██[38;2;66;65;66m██[38;2;103;103;90m██[38;2;66;65;66m██████████[38;2;115;146;231m████████[38;2;66;81;66m██[38;2;189;77;140m██[38;2;107;105;90m██[38;2;66;65;66m██[38;2;0;0;0m████[38;2;82;79;68m████[38;2;77;74;68m██[38;2;0;0;0m██    
  ████[38;2;66;65;66m██[38;2;74;113;192m████[38;2;66;65;66m████[38;2;82;81;66m██[38;2;76;113;192m██[38;2;71;113;192m██[38;2;66;65;66m████████[38;2;127;77;107m██[38;2;87;81;107m██[38;2;82;113;189m██[38;2;66;65;66m██[38;2;103;103;90m██[38;2;66;69;66m██[38;2;123;89;107m██[38;2;127;77;107m████[38;2;66;65;66m██[38;2;115;146;231m██████[38;2;66;65;66m████[38;2;99;142;239m██[38;2;74;73;66m██[38;2;115;109;99m██[38;2;8;4;0m██    [38;2;0;0;0m██████████  
      ██[38;2;74;113;192m████[38;2;71;113;192m████[38;2;76;113;192m████[38;2;71;113;192m████[38;2;66;65;66m██[38;2;71;113;192m██[38;2;127;77;107m████[38;2;82;113;189m██[38;2;90;65;66m██[38;2;103;103;90m████[38;2;104;82;93m██[38;2;66;69;66m██[38;2;127;77;107m██[38;2;66;65;66m██[38;2;115;146;231m██████[38;2;66;65;66m██[38;2;94;97;94m████[38;2;90;119;181m██[38;2;74;73;66m██[38;2;79;74;66m████[38;2;0;0;0m██              
    ██[38;2;127;77;107m██[38;2;45;58;90m██[38;2;82;117;181m██[38;2;71;113;192m██[38;2;66;65;66m██████[38;2;71;113;192m████[38;2;66;65;66m████[38;2;74;113;189m████[38;2;0;0;0m██[38;2;103;103;90m██[38;2;104;86;88m██[38;2;82;85;66m██[38;2;102;103;90m████[38;2;66;65;66m████[38;2;107;142;239m████████[38;2;74;113;189m████[38;2;71;113;192m████[38;2;71;70;66m████[38;2;0;0;0m██              
      ██[38;2;8;0;0m████[38;2;66;65;66m████[38;2;127;77;107m████[38;2;71;113;192m██[38;2;66;65;66m██[38;2;82;78;68m████[38;2;0;0;0m████  ██[38;2;82;85;66m██[38;2;126;87;110m██[38;2;82;81;66m██[38;2;102;103;90m██[38;2;82;78;68m██[38;2;66;65;66m██[38;2;74;77;74m██[38;2;96;120;184m████[38;2;74;77;74m██[38;2;79;77;68m████[38;2;71;113;192m██[38;2;66;65;66m██[38;2;71;70;66m██[38;2;0;0;0m██                
            ██[38;2;127;77;107m██[38;2;74;75;120m██[38;2;107;113;181m██[38;2;0;0;0m██[38;2;82;79;70m████[38;2;0;0;0m██      ██[38;2;189;81;140m██[38;2;126;56;96m██[38;2;115;142;231m██[38;2;99;69;66m██[38;2;115;142;231m██[38;2;99;69;66m██[38;2;74;69;66m██████[38;2;74;112;192m██[38;2;71;113;192m██[38;2;66;65;66m████[38;2;71;113;192m██[38;2;0;0;0m██                  
              ██[38;2;8;0;0m████  [38;2;0;0;0m████          [38;2;0;8;8m██[38;2;189;81;140m██[38;2;104;93;121m██[38;2;115;142;231m████[38;2;104;93;121m██[38;2;189;71;137m██[38;2;74;69;66m██████[38;2;66;65;66m██[38;2;71;113;192m████[38;2;66;65;66m██[38;2;74;113;189m██[38;2;0;0;0m██    ██████      
                                  ██[38;2;71;113;192m██[38;2;66;65;66m██[38;2;82;65;66m██[38;2;84;81;107m██[38;2;74;113;189m████[38;2;127;71;103m██[38;2;189;77;140m██[38;2;127;77;107m██[38;2;66;65;66m██[38;2;74;113;192m████[38;2;71;113;192m██[38;2;66;65;66m██[38;2;71;113;192m████[38;2;0;0;0m████[38;2;60;68;85m████[38;2;82;79;70m██[38;2;0;0;0m██    
                                  ██[38;2;71;113;192m████[38;2;90;113;189m██[38;2;82;65;66m██[38;2;0;0;0m████[38;2;66;65;66m████████[38;2;74;113;192m████[38;2;71;113;192m████[38;2;66;65;66m██[38;2;71;113;192m██[38;2;74;113;189m████[38;2;96;125;170m██[38;2;24;12;0m██[38;2;0;0;0m██      
                                    ██[38;2;74;113;189m████[38;2;0;0;0m██    ████[38;2;127;77;107m████[38;2;66;65;66m██[38;2;71;113;192m██[38;2;74;113;192m████[38;2;66;65;66m██[38;2;0;0;0m████████          
                                    ██[38;2;74;113;189m██[38;2;0;0;0m████        ████[38;2;66;65;66m██[38;2;71;113;192m██[38;2;74;113;192m████[38;2;0;0;0m██                  
                                      ██  ██            ██[38;2;74;113;189m██[38;2;0;0;0m██[38;2;74;113;189m██[38;2;0;0;0m██                  
                                                          ██  ██                    
[0m