                                  [38;2;0;0;0m██                                            
                                ██[38;2;255;230;65m██[38;2;0;0;0m██            ██                            
                                ██[38;2;131;106;74m██[38;2;255;230;65m██[38;2;0;0;0m██        ██[38;2;255;230;65m██[38;2;0;0;0m██                          
                                ██[38;2;131;106;74m██[38;2;255;230;65m██[38;2;0;0;0m██      ██[38;2;65;65;65m████[38;2;0;0;0m██                          
                              ██[38;2;255;230;65m██[38;2;131;106;74m██[38;2;255;230;65m████[38;2;0;0;0m██████[38;2;255;230;65m██████[38;2;65;65;65m██[38;2;0;0;0m██                        
                              ██[38;2;255;230;65m██████████[38;2;65;65;65m██[38;2;255;230;65m████[38;2;131;106;74m██[38;2;255;230;65m██████[38;2;0;0;0m██                      
                            ██[38;2;255;230;65m████████████[38;2;65;65;65m██[38;2;255;230;65m██[38;2;131;106;74m██[38;2;255;230;65m████[38;2;131;106;74m██[38;2;255;230;65m████[38;2;0;0;0m██                    
                          ██[38;2;255;230;65m████████████[38;2;65;65;65m██[38;2;255;230;65m██[38;2;131;106;74m████[38;2;255;230;65m██[38;2;131;106;74m██[38;2;255;230;65m██████[38;2;0;0;0m██                    
                          ██[38;2;255;230;65m████████████[38;2;65;65;65m██[38;2;255;230;65m████[38;2;131;106;74m██[38;2;255;230;65m██[38;2;131;106;74m██[38;2;255;230;65m████████[38;2;0;0;0m██                  
                        ██[38;2;255;230;65m████████████████[38;2;65;65;65m██[38;2;255;230;65m██[38;2;65;65;65m██████[38;2;255;230;65m████[38;2;131;106;74m██[38;2;255;230;65m██[38;2;0;0;0m██                  
                        ██[38;2;255;230;65m██████████████████[38;2;65;65;65m████[38;2;213;213;213m██[38;2;197;172;90m██[38;2;65;65;65m████[38;2;255;230;65m████[38;2;0;0;0m██                  
                        ██[38;2;197;172;90m██[38;2;255;230;65m████████████████████[38;2;65;65;65m██[38;2;213;213;213m██[38;2;197;172;90m██████[38;2;255;230;65m██[38;2;0;0;0m██                  
                          ██[38;2;255;230;65m████████████[38;2;197;172;90m██████[38;2;255;230;65m██[38;2;65;65;65m██[38;2;197;172;90m██[38;2;213;213;213m██[38;2;197;172;90m██████[38;2;255;230;65m██[38;2;0;0;0m██                
                          ██[38;2;131;106;74m██[38;2;255;230;65m████████[38;2;131;106;74m██[38;2;255;255;255m██████[38;2;197;172;90m██[38;2;255;230;65m██[38;2;65;65;65m██[38;2;197;172;90m██[38;2;255;255;255m██[38;2;197;172;90m██████[38;2;0;0;0m██                
                        ██[38;2;255;255;255m██[38;2;65;65;65m██[38;2;255;230;65m██████[38;2;131;106;74m██[38;2;255;255;255m██[38;2;0;0;0m██[38;2;255;255;255m██████[38;2;255;230;65m██[38;2;65;65;65m██[38;2;197;172;90m████[38;2;255;255;255m██[38;2;197;172;90m████[38;2;0;0;0m██                
                    ████[38;2;255;255;255m██[38;2;65;65;65m██[38;2;255;230;65m████████[38;2;65;65;65m██[38;2;131;106;74m██████[38;2;197;172;90m████[38;2;82;90;106m██[38;2;255;255;255m██[38;2;65;65;65m██[38;2;197;172;90m████[38;2;255;255;255m██[38;2;197;172;90m██[38;2;0;0;0m██                
            ████████[38;2;255;230;65m██[38;2;65;65;65m██[38;2;255;255;255m██[38;2;65;65;65m██[38;2;255;230;65m██████████[38;2;65;65;65m██[38;2;255;230;65m██████[38;2;82;90;106m██[38;2;255;255;255m████[38;2;65;65;65m██[38;2;197;172;90m██████[38;2;0;0;0m██                  
    ████████[38;2;255;230;65m████████████[38;2;65;65;65m██[38;2;255;230;65m████████████[38;2;65;65;65m██[38;2;255;230;65m████[38;2;82;90;106m██[38;2;213;213;213m██[38;2;255;255;255m██[38;2;82;90;106m██[38;2;197;172;90m██████[38;2;0;0;0m██  ██                
  ██[38;2;197;172;90m██[38;2;131;106;74m██[38;2;255;230;65m████████████████[38;2;65;65;65m██[38;2;255;230;65m██████████[38;2;65;65;65m██[38;2;197;172;90m██████[38;2;82;90;106m██[38;2;180;180;189m██[38;2;255;255;255m████[38;2;82;90;106m██[38;2;197;172;90m████[38;2;0;0;0m██    ████  ██████    
██[38;2;197;172;90m██[38;2;131;106;74m██[38;2;255;230;65m██████[38;2;197;172;90m██[38;2;255;230;65m██████[38;2;0;0;0m████[38;2;255;255;255m██[38;2;65;65;65m██[38;2;255;230;65m████[38;2;65;65;65m████[38;2;197;172;90m██████[38;2;82;90;106m██[38;2;213;213;213m████[38;2;180;180;189m██[38;2;255;255;255m██[38;2;82;90;106m██[38;2;197;172;90m██[38;2;0;0;0m██          ██[38;2;180;180;189m██████[38;2;0;0;0m██  
████[38;2;255;230;65m████[38;2;0;0;0m██[38;2;131;106;74m██[38;2;255;230;65m████[38;2;0;0;0m████    ██[38;2;255;255;255m██[38;2;65;65;65m████[38;2;213;213;213m████[38;2;82;90;106m██████[38;2;213;213;213m██████[38;2;82;90;106m████[38;2;197;172;90m██[38;2;0;0;0m██          ██[38;2;180;180;189m██[38;2;82;90;106m██[38;2;0;0;0m██[38;2;82;90;106m██[38;2;180;180;189m██[38;2;0;0;0m██
  ██████  ██[38;2;197;172;90m████[38;2;0;0;0m██        ██[38;2;213;213;213m██[38;2;255;255;255m████[38;2;213;213;213m████[38;2;180;180;189m██[38;2;213;213;213m████████[38;2;82;90;106m██[38;2;197;172;90m████[38;2;0;0;0m██          ██[38;2;180;180;189m██[38;2;0;0;0m██  ██[38;2;123;131;139m██[38;2;0;0;0m██
        ██[38;2;197;172;90m████[38;2;0;0;0m██            ██[38;2;255;255;255m████████[38;2;180;180;189m██[38;2;213;213;213m██[38;2;82;90;106m██[38;2;213;213;213m██[38;2;82;90;106m██[38;2;197;172;90m████[38;2;0;0;0m██            ██[38;2;123;131;139m██[38;2;82;90;106m██[38;2;0;0;0m██[38;2;82;90;106m██[38;2;123;131;139m██[38;2;0;0;0m██
          ████                ██[38;2;82;90;106m██[38;2;255;255;255m██[38;2;82;90;106m██[38;2;213;213;213m██[38;2;82;90;106m██[38;2;197;172;90m██[38;2;82;90;106m██[38;2;197;172;90m██████[38;2;0;0;0m██              ██[38;2;123;131;139m██████[38;2;0;0;0m██  
                                ██[38;2;82;90;106m██[38;2;197;172;90m██[38;2;82;90;106m██[38;2;197;172;90m████████████[38;2;0;0;0m██                ██████    
                                ██[38;2;197;172;90m████████████████████[38;2;0;0;0m██                        
                            ████[38;2;255;230;65m██[38;2;197;172;90m████████████████████[38;2;255;230;65m██[38;2;0;0;0m██                      
                          ██[38;2;255;230;65m██████████[38;2;197;172;90m██████████████[38;2;255;230;65m██████[38;2;0;0;0m██                    
                        ██[38;2;255;230;65m██████████████[38;2;0;0;0m██████[38;2;197;172;90m████[38;2;255;230;65m██████████[38;2;0;0;0m██                  
                        ██[38;2;255;230;65m██████████[38;2;197;172;90m██[38;2;0;0;0m██      ████[38;2;255;230;65m██████████[38;2;0;0;0m██                  
                        ██[38;2;65;65;65m██[38;2;255;230;65m██████[38;2;65;65;65m██[38;2;0;0;0m██            ██[38;2;255;230;65m██████[38;2;131;106;74m██[38;2;197;172;90m██[38;2;0;0;0m██                
                      ██[38;2;197;172;90m██[38;2;65;65;65m████[38;2;197;172;90m████[38;2;0;0;0m██                ██[38;2;131;106;74m████[38;2;197;172;90m████[38;2;255;230;65m██[38;2;0;0;0m██              
                      ██[38;2;131;106;74m██[38;2;197;172;90m██[38;2;131;106;74m██[38;2;197;172;90m██████[38;2;0;0;0m██              ██[38;2;197;172;90m██████[38;2;255;230;65m██[38;2;131;106;74m██[38;2;255;230;65m██[38;2;0;0;0m██            
                        ██[38;2;131;106;74m██[38;2;197;172;90m████[38;2;0;0;0m████                  ████[38;2;197;172;90m██[38;2;131;106;74m██[38;2;255;230;65m██[38;2;0;0;0m██              
                          ██████                          ██████                
[0m