    [38;2;0;0;0m██                ██  ██      
  ██[38;2;181;85;123m██[38;2;0;0;0m██  ████████  ██[38;2;90;81;132m██[38;2;0;4;0m██[38;2;239;121;173m██[38;2;0;0;0m██    
██[38;2;181;85;123m████[38;2;66;65;66m██[38;2;0;0;0m██[38;2;239;121;173m████████[38;2;66;65;66m████[38;2;90;81;132m██[38;2;60;55;88m██[38;2;239;121;173m████[38;2;0;0;0m██  
██[38;2;176;83;126m██[38;2;66;65;66m██[38;2;236;121;170m████████████████[38;2;66;65;66m██[38;2;239;121;173m██████[38;2;0;0;0m██  
██[38;2;176;83;126m██[38;2;66;65;66m██[38;2;236;121;170m████████████████[38;2;239;121;173m████[38;2;173;48;66m██[38;2;239;121;173m████[38;2;0;0;0m██
██[38;2;79;49;63m██[38;2;239;125;173m██[38;2;239;121;173m██[38;2;85;77;134m██[38;2;239;121;173m████████[38;2;85;77;134m██[38;2;239;121;173m██████[38;2;170;48;65m████[38;2;239;121;173m██[38;2;0;0;0m██
  [38;2;0;12;8m██[38;2;239;125;173m██[38;2;85;77;134m██████[38;2;239;121;173m████[38;2;85;77;134m██████[38;2;239;121;173m██[38;2;173;48;66m██[38;2;231;65;90m██[38;2;170;48;65m██[38;2;239;121;173m██[38;2;0;0;0m██
  [38;2;0;0;16m██[38;2;71;71;82m██[38;2;85;77;134m████[38;2;82;77;132m████[38;2;82;77;134m████[38;2;82;77;132m████[38;2;239;121;173m██[38;2;173;48;66m██[38;2;203;71;99m██[38;2;181;48;66m██[38;2;239;121;173m██[38;2;0;0;0m██
██[38;2;71;71;82m██[38;2;214;215;214m██[38;2;85;77;134m████[38;2;82;77;132m██[38;2;255;255;255m██[38;2;214;215;206m████[38;2;255;255;255m██[38;2;82;77;132m██[38;2;239;121;173m██[38;2;173;48;66m██[38;2;181;48;66m██[38;2;247;117;165m██[38;2;239;121;173m██[38;2;0;0;0m██
██[38;2;239;125;173m██[38;2;79;49;63m██[38;2;49;60;82m██[38;2;109;80;112m██[38;2;82;77;132m██[38;2;255;255;255m██[38;2;0;0;0m██[38;2;255;255;255m██[38;2;255;239;247m██[38;2;99;69;132m██[38;2;239;121;173m████████[38;2;0;0;0m██  
  [38;2;0;12;8m██[38;2;239;125;173m██[38;2;231;121;173m████[38;2;82;77;132m████[38;2;255;255;255m████[38;2;99;69;132m██[38;2;177;154;189m██[38;2;239;121;173m██[38;2;0;0;0m██████    
    ██[38;2;206;81;107m████[38;2;239;121;173m████[38;2;115;69;115m████[38;2;239;113;165m██[38;2;66;65;66m██[38;2;0;0;0m██          
      [38;2;0;16;16m██[38;2;68;37;46m██[38;2;66;65;66m████[38;2;214;215;206m██[38;2;115;69;115m██[38;2;66;65;66m██[38;2;181;97;132m██[38;2;0;0;0m██          
        ██[38;2;88;78;137m████[38;2;66;65;66m████[38;2;181;92;132m██[38;2;239;109;165m██[38;2;239;121;173m██[38;2;0;0;0m██        
        ██[38;2;88;78;137m██[38;2;0;0;0m██[38;2;176;83;126m████[38;2;181;92;132m██[38;2;66;60;66m██[38;2;239;121;173m██[38;2;0;0;0m██        
      ██[38;2;181;85;123m██[38;2;0;0;0m██  [38;2;0;8;0m██[38;2;170;89;126m██[38;2;181;97;132m██[38;2;66;65;66m████[38;2;239;121;173m██[38;2;0;0;0m██      
      ██[38;2;181;85;123m██[38;2;66;65;66m██[38;2;0;0;0m██[38;2;170;89;126m██[38;2;85;48;63m██[38;2;66;65;66m██[38;2;239;113;165m██[38;2;239;121;173m████[38;2;0;0;0m██      
        ████[38;2;181;85;123m██[38;2;164;87;118m██[38;2;82;49;63m██[38;2;239;117;165m██[38;2;66;60;66m██[38;2;239;121;173m██[38;2;0;0;0m██        
            ██[38;2;0;12;8m██[38;2;247;125;173m██[38;2;239;117;165m██[38;2;181;98;132m██[38;2;0;0;0m██          
                ██████            
[0m