                  [38;2;0;0;0m████              
                ██[38;2;156;148;132m██[38;2;247;239;214m██[38;2;0;0;0m██            
            ████[38;2;206;197;173m██[38;2;156;148;132m██[38;2;247;239;214m████[38;2;0;0;0m██          
          ██[38;2;206;197;173m████[38;2;156;148;132m████[38;2;247;239;214m██████[38;2;0;0;0m██        
          ██[38;2;156;148;132m████[38;2;247;239;214m████[38;2;156;148;132m██[38;2;247;239;214m██████[38;2;0;0;0m██      
          ██[38;2;247;239;214m██[38;2;247;181;181m██████[38;2;247;239;214m██[38;2;156;148;132m██[38;2;247;239;214m██████[38;2;0;0;0m██    
        ██[38;2;247;239;214m██[38;2;247;181;181m██[38;2;239;140;140m████████[38;2;247;181;181m██[38;2;156;148;132m██[38;2;247;239;214m██[38;2;156;148;132m██[38;2;0;0;0m██    
      ██[38;2;247;239;214m██[38;2;255;214;8m██[38;2;239;140;140m████████████[38;2;247;181;181m██[38;2;156;148;132m██[38;2;0;0;0m██      
      ██[38;2;255;214;8m██████[38;2;239;140;140m████[38;2;255;214;8m██[38;2;239;140;140m██████[38;2;247;239;214m██[38;2;156;148;132m██[38;2;0;0;0m██    
    ██[38;2;247;239;214m██[38;2;239;140;140m██[38;2;255;214;8m██[38;2;239;140;140m████[38;2;255;214;8m██████[38;2;239;140;140m████[38;2;255;214;8m██[38;2;247;239;214m██[38;2;0;0;0m██    
    ██[38;2;247;239;214m██[38;2;239;140;140m██████████[38;2;255;214;8m██[38;2;239;140;140m████[38;2;255;214;8m██████[38;2;247;239;214m██[38;2;0;0;0m██  
      ██[38;2;239;140;140m██[38;2;206;74;99m██████[38;2;239;140;140m██████████[38;2;255;214;8m██[38;2;247;239;214m████[38;2;0;0;0m██  
      ██[38;2;255;255;255m██[38;2;0;0;0m██[38;2;99;156;222m████[38;2;206;74;99m██████[38;2;239;140;140m████[38;2;65;65;65m██[38;2;247;239;214m██[38;2;0;0;0m██    
  ████[38;2;206;197;173m██[38;2;0;0;0m██[38;2;65;65;65m██[38;2;239;140;140m██[38;2;65;65;65m██[38;2;255;255;255m██[38;2;0;0;0m██[38;2;255;255;255m██[38;2;65;65;65m██[38;2;247;239;214m██[38;2;65;65;65m██[38;2;156;148;132m██[38;2;0;0;0m██    
██[38;2;156;148;132m██[38;2;206;197;173m████[38;2;74;107;165m██[38;2;99;156;222m██[38;2;239;140;140m██[38;2;99;156;222m██[38;2;0;0;0m██[38;2;156;148;132m██[38;2;255;255;255m██[38;2;65;65;65m██[38;2;247;239;214m██[38;2;206;197;173m██[38;2;0;0;0m██      
██[38;2;206;197;173m████[38;2;0;0;0m████[38;2;99;156;222m██[38;2;74;107;165m██[38;2;99;156;222m██[38;2;255;255;255m████[38;2;99;156;222m████[38;2;65;65;65m██[38;2;247;239;214m██[38;2;0;0;0m██      
██████  ██[38;2;99;156;222m██[38;2;74;107;165m██[38;2;99;156;222m██[38;2;74;107;165m██[38;2;99;156;222m██[38;2;74;107;165m██[38;2;99;156;222m██[38;2;0;0;0m██[38;2;247;239;214m████[38;2;0;0;0m████  
          ████[38;2;99;156;222m██[38;2;74;107;165m██[38;2;99;156;222m██[38;2;74;107;165m██[38;2;0;0;0m██  ██[38;2;247;239;214m██████[38;2;0;0;0m██
              ██[38;2;74;107;165m██[38;2;99;156;222m██[38;2;0;0;0m██      ██[38;2;247;239;214m████[38;2;0;0;0m██
                ████          ██████
[0m