                                                          [38;2;0;0;0m██████████                                
                                                      ████[38;2;84;106;175m████[38;2;82;97;156m██[38;2;222;222;131m████[38;2;0;0;0m██                              
                                                  ████[38;2;98;133;222m██[38;2;65;89;148m██[38;2;84;106;175m██[38;2;222;222;131m████████[38;2;0;0;0m██                              
                                                ██[38;2;87;126;216m████[38;2;82;97;156m██[38;2;222;222;131m██[38;2;224;223;131m████[38;2;222;222;131m████[38;2;0;0;0m██                                
                                              ██[38;2;90;125;222m██[38;2;87;126;216m██[38;2;82;97;156m██[38;2;222;222;131m████[38;2;224;223;131m████[38;2;222;222;131m██[38;2;0;0;0m██                                  
                                            ██[38;2;87;126;216m████[38;2;98;107;123m██[38;2;213;218;156m██[38;2;222;222;131m████[38;2;222;223;131m████[38;2;0;0;0m██                                    
                                          ██[38;2;82;97;156m██[38;2;87;126;216m██[38;2;82;97;156m██[38;2;98;107;123m██[38;2;41;52;106m██[38;2;65;64;65m██[38;2;222;222;131m██[38;2;222;223;131m██[38;2;189;186;65m██[38;2;0;0;0m██                                    
                                          [38;2;0;0;32m██[38;2;109;113;98m██[38;2;148;160;131m██[38;2;148;198;230m██████[38;2;156;206;230m██[38;2;65;64;65m██[38;2;189;186;65m██████[38;2;0;0;0m██                                  
                                        ██[38;2;164;170;131m██[38;2;109;113;98m██[38;2;148;198;230m██[38;2;148;141;82m██[38;2;164;153;65m██[38;2;159;168;120m██[38;2;156;206;230m████[38;2;65;64;65m██[38;2;189;186;65m████[38;2;0;0;0m██                                  
                                        ██[38;2;139;161;176m██[38;2;156;206;230m██[38;2;189;186;65m██[38;2;222;223;131m██[38;2;222;222;131m████[38;2;101;116;120m██[38;2;156;210;230m██[38;2;82;72;49m██[38;2;131;149;123m██[38;2;0;0;0m██                                    
                                      ██[38;2;189;186;65m██[38;2;156;206;230m████[38;2;189;186;65m██[38;2;222;223;131m██[38;2;222;222;131m██[38;2;65;64;65m██[38;2;74;68;65m██[38;2;156;210;230m██[38;2;180;226;197m██[38;2;82;72;49m██[38;2;189;186;65m██[38;2;0;0;0m████                                
                                      [38;2;0;0;8m██[38;2;139;157;197m██[38;2;156;207;227m████[38;2;189;186;65m██[38;2;68;70;71m██[38;2;65;64;65m██[38;2;115;117;115m██[38;2;65;64;65m██[38;2;156;206;230m██[38;2;148;198;246m██[38;2;65;60;74m██[38;2;189;186;65m██████[38;2;0;0;0m██                              
                                      [38;2;0;0;8m██[38;2;93;105;134m██[38;2;156;207;227m████[38;2;68;70;71m████[38;2;82;82;82m██[38;2;115;117;115m██[38;2;65;64;65m██[38;2;156;206;230m██[38;2;120;152;189m████[38;2;65;64;65m██[38;2;189;186;65m████[38;2;0;0;0m██                              
                                      [38;2;8;0;0m██[38;2;156;206;230m██[38;2;82;97;156m████[38;2;119;117;119m████[38;2;120;118;120m██[38;2;60;59;60m██[38;2;156;206;230m██[38;2;0;0;0m██[38;2;71;93;148m██[38;2;98;133;222m██[38;2;69;76;69m██[38;2;139;153;139m██[38;2;0;0;0m██                                
                                    ██[38;2;57;68;76m██[38;2;156;206;230m██████████[38;2;0;0;0m██████  [38;2;16;12;0m██[38;2;43;52;74m██[38;2;139;153;139m██[38;2;0;0;0m██                                  
                                  ██[38;2;119;117;119m██[38;2;74;64;65m██[38;2;164;210;230m██[38;2;117;145;159m██[38;2;172;218;238m██[38;2;0;0;0m████        ██[38;2;156;206;230m██[38;2;82;99;156m██[38;2;65;64;65m██[38;2;0;0;0m██      ██████████                
            ████                  ██[38;2;119;117;119m██[38;2;104;113;120m██[38;2;74;64;65m██[38;2;63;72;79m██[38;2;8;0;0m██            [38;2;0;0;0m██[38;2;156;206;230m██[38;2;82;99;156m██[38;2;65;64;65m██[38;2;189;186;65m██[38;2;0;0;0m██████[38;2;82;97;156m████[38;2;65;89;148m██[38;2;98;133;222m██[38;2;90;125;222m██[38;2;0;0;0m██████          
          ██[38;2;156;206;230m██[38;2;0;0;0m██                    ██[38;2;115;117;115m████[38;2;95;98;101m████[38;2;0;0;0m██        ██[38;2;156;206;230m████[38;2;82;105;164m██[38;2;65;64;65m██[38;2;189;186;65m████[38;2;74;76;98m████[38;2;65;64;65m████████[38;2;74;68;65m██[38;2;90;129;213m██[38;2;87;126;216m████[38;2;0;0;0m██        
          ████                    ██[38;2;65;64;65m████[38;2;98;99;98m██[38;2;95;98;101m██[38;2;65;64;65m██[38;2;139;161;180m██[38;2;0;0;0m██      ██[38;2;156;206;230m██[38;2;65;64;65m██[38;2;90;125;213m████[38;2;65;64;65m██[38;2;189;186;65m██[38;2;189;184;65m██[38;2;74;76;98m██[38;2;95;98;101m████████[38;2;79;89;115m██[38;2;74;68;65m██[38;2;82;97;156m████[38;2;90;125;222m██[38;2;0;0;0m██      
                          ████████[38;2;117;117;117m████[38;2;65;64;65m████[38;2;65;60;57m████[38;2;65;64;65m████[38;2;0;0;0m████[38;2;8;0;0m██[38;2;57;68;76m██[38;2;156;206;230m██[38;2;57;60;82m██[38;2;87;126;219m████[38;2;90;89;65m████[38;2;189;184;63m████[38;2;65;64;65m██[38;2;95;98;101m██[38;2;79;89;115m██[38;2;74;68;65m██[38;2;65;64;65m██[38;2;82;105;164m████[38;2;90;125;213m██[38;2;106;133;197m██[38;2;16;12;0m██      
                    [38;2;0;0;0m██████[38;2;90;125;222m████[38;2;65;64;65m██████[38;2;117;117;117m██████[38;2;95;109;112m██[38;2;156;206;222m██[38;2;156;206;230m██████████████[38;2;90;109;131m██[38;2;87;126;219m████[38;2;90;125;222m██[38;2;90;89;65m██[38;2;148;134;52m██[38;2;189;184;63m██[38;2;65;64;65m██[38;2;95;98;101m██[38;2;74;68;65m██[38;2;90;129;213m██[38;2;90;125;213m██████[38;2;65;64;65m██[38;2;46;52;65m██[38;2;76;93;131m██[38;2;0;0;0m██    
                  [38;2;16;8;0m██[38;2;90;129;222m██[38;2;90;125;222m████[38;2;65;64;65m████[38;2;101;171;244m██[38;2;90;125;222m██[38;2;106;174;246m██[38;2;65;64;65m████[38;2;95;98;101m██[38;2;98;101;98m██[38;2;65;64;65m██████████████[38;2;74;72;74m██[38;2;194;194;194m██[38;2;82;97;156m██[38;2;87;126;216m██[38;2;90;121;213m██[38;2;65;60;65m██[38;2;222;222;123m██[38;2;143;141;86m██[38;2;230;226;123m██[38;2;74;68;57m██[38;2;98;133;213m██[38;2;90;103;139m██[38;2;65;64;65m██████[38;2;115;117;115m██[38;2;95;99;101m████[38;2;0;0;0m██    
      ████      ██[38;2;90;129;222m██[38;2;41;48;74m██[38;2;65;64;65m████[38;2;98;170;255m██[38;2;87;134;191m██[38;2;90;125;222m██[38;2;101;171;244m██[38;2;106;174;246m██[38;2;65;64;65m██[38;2;95;98;101m████[38;2;76;76;76m██[38;2;65;64;65m██[38;2;76;78;82m████[38;2;65;64;65m██[38;2;82;99;156m██[38;2;76;78;82m████[38;2;74;72;74m██[38;2;255;255;255m██[38;2;82;97;156m██[38;2;87;126;216m██[38;2;82;101;164m████[38;2;65;60;49m██[38;2;222;222;123m██[38;2;178;174;101m██[38;2;230;226;123m██[38;2;82;72;65m██[38;2;90;103;139m██[38;2;117;117;117m████[38;2;115;117;115m██[38;2;98;99;98m██[38;2;95;99;101m████[38;2;0;0;0m██    
    ██[38;2;156;206;246m██[38;2;0;0;16m██[38;2;0;0;0m██  [38;2;16;4;0m██[38;2;46;60;82m██[38;2;65;64;65m██[38;2;106;174;246m██[38;2;106;174;238m████[38;2;87;130;194m████[38;2;106;174;238m██[38;2;74;64;57m██[38;2;65;64;65m██[38;2;95;98;101m██[38;2;65;64;65m██████████[38;2;76;78;82m██[38;2;98;101;98m██[38;2;65;64;65m██[38;2;76;78;82m██[38;2;65;64;65m██[38;2;82;101;156m██[38;2;71;76;95m██[38;2;74;76;82m██[38;2;82;99;156m██[38;2;90;105;156m██[38;2;79;86;109m██[38;2;95;98;101m██[38;2;65;64;65m██[38;2;222;222;131m██████[38;2;65;64;65m██[38;2;115;117;115m██[38;2;98;99;98m██[38;2;95;98;101m████[38;2;98;97;98m██[38;2;0;0;0m██      
    ██[38;2;156;206;246m██[38;2;104;137;169m██[38;2;106;174;246m██[38;2;0;0;0m██[38;2;106;174;246m████████[38;2;255;255;246m██[38;2;156;201;241m██[38;2;98;165;255m██[38;2;65;60;74m██[38;2;74;64;57m██[38;2;84;101;117m██[38;2;65;64;65m████[38;2;95;98;101m██[38;2;65;64;65m██[38;2;76;78;82m██████[38;2;65;64;65m██[38;2;98;101;98m██[38;2;76;76;76m██[38;2;65;64;65m██[38;2;76;78;82m██[38;2;65;64;65m████[38;2;82;99;156m████[38;2;68;67;63m████[38;2;95;98;101m████[38;2;65;64;65m████[38;2;222;222;131m████[38;2;65;64;65m██[38;2;98;99;98m██[38;2;95;98;101m██[38;2;65;64;65m██████[38;2;0;0;0m██    
  [38;2;0;4;8m██[38;2;164;171;172m██[38;2;156;203;235m██[38;2;106;178;230m██[38;2;156;203;235m████[38;2;156;206;230m██[38;2;86;125;217m██[38;2;117;151;183m██[38;2;148;198;238m██[38;2;156;206;222m██[38;2;65;60;57m██[38;2;65;64;65m██[38;2;98;99;98m██[38;2;65;64;65m████[38;2;95;99;101m████████[38;2;65;64;65m██████████[38;2;95;98;101m██[38;2;65;64;65m██[38;2;76;76;76m██[38;2;76;78;82m██[38;2;65;64;65m██████[38;2;95;99;101m████[38;2;65;64;65m████[38;2;95;98;101m████[38;2;65;64;65m████[38;2;222;218;131m██[38;2;57;60;65m██[38;2;65;64;65m████[38;2;87;126;219m████[38;2;90;141;230m██[38;2;0;0;0m██  
  [38;2;0;4;8m██[38;2;246;255;255m██[38;2;156;203;235m██[38;2;255;255;246m████[38;2;106;178;230m██[38;2;86;125;217m████[38;2;148;198;238m██[38;2;57;56;74m██[38;2;65;60;57m██[38;2;95;109;112m██[38;2;115;117;115m████[38;2;95;98;101m████[38;2;76;78;79m██████[38;2;95;99;101m██[38;2;95;98;101m████████[38;2;65;64;65m██[38;2;95;98;101m██[38;2;98;101;98m██[38;2;65;64;65m██████[38;2;95;98;101m████[38;2;95;99;101m██[38;2;76;78;79m██[38;2;76;78;82m████[38;2;65;64;65m████████[38;2;57;60;65m██[38;2;112;113;87m██[38;2;65;64;65m██[38;2;90;125;222m██[38;2;87;126;219m████[38;2;90;141;230m████[38;2;0;0;0m██
██[38;2;156;208;230m██[38;2;255;255;255m██[38;2;246;255;255m████[38;2;104;137;169m██[38;2;156;206;246m██[38;2;148;202;255m██[38;2;49;67;84m██[38;2;65;64;65m██[38;2;90;125;222m██[38;2;65;64;65m████[38;2;98;99;98m██[38;2;115;117;115m██████[38;2;93;98;101m████[38;2;95;99;101m██[38;2;76;78;79m██[38;2;76;76;76m██[38;2;65;64;65m██████[38;2;95;99;101m████[38;2;95;98;101m██[38;2;65;64;65m██[38;2;76;78;79m██████████[38;2;95;99;101m██████████[38;2;95;98;101m████[38;2;79;89;115m██[38;2;74;68;65m██[38;2;86;125;217m████[38;2;102;172;242m██[38;2;156;206;230m██[38;2;148;202;255m██[38;2;98;134;178m██[38;2;0;0;0m██
██[38;2;156;208;230m██[38;2;255;255;255m██[38;2;126;171;233m██[38;2;65;129;222m██[38;2;156;206;246m██[38;2;0;0;16m██[38;2;0;0;0m██[38;2;98;134;169m██[38;2;90;125;222m████████[38;2;65;64;65m██████[38;2;98;99;98m██[38;2;115;117;115m██[38;2;93;98;101m██[38;2;95;99;101m████[38;2;65;64;65m██[38;2;98;101;98m██[38;2;76;76;76m██[38;2;98;101;98m██[38;2;76;78;79m██[38;2;95;99;101m██[38;2;65;64;65m██[38;2;95;98;101m██[38;2;95;99;101m████████████████████[38;2;65;64;65m████[38;2;74;68;65m██[38;2;90;129;213m██[38;2;86;125;217m██[38;2;156;206;230m██[38;2;102;172;242m████[38;2;98;134;178m██[38;2;0;0;24m██  
[38;2;0;0;0m██[38;2;98;134;172m██[38;2;148;202;255m██[38;2;156;206;230m██[38;2;0;0;0m████    ████[38;2;106;174;246m██[38;2;82;126;222m████████[38;2;106;141;197m██[38;2;57;52;82m██[38;2;65;64;65m████[38;2;74;68;65m██[38;2;79;89;115m██[38;2;95;98;101m██[38;2;65;64;65m██████████[38;2;95;98;101m████████████[38;2;79;89;115m██[38;2;74;68;65m██[38;2;65;64;65m████████[38;2;87;126;219m████[38;2;90;141;230m████[38;2;106;174;246m████[38;2;0;0;0m██████    
  [38;2;0;0;8m████[38;2;0;0;0m██            ██[38;2;148;210;238m██[38;2;115;168;230m████[38;2;148;210;238m██[38;2;131;186;255m██[38;2;106;141;197m██[38;2;90;125;222m████[38;2;90;129;213m██[38;2;74;68;65m██[38;2;65;64;65m████████████████████████[38;2;74;68;65m██[38;2;90;129;213m██[38;2;90;125;222m████████[38;2;87;126;219m████[38;2;90;141;230m██[38;2;0;0;0m██████          
                    ██[38;2;131;190;238m████[38;2;131;190;255m████[38;2;101;171;244m████[38;2;98;149;230m████[38;2;90;125;222m████████[38;2;90;127;217m████[38;2;76;129;227m██[38;2;112;169;233m██[38;2;156;206;230m████[38;2;106;159;230m██[38;2;82;133;230m██[38;2;90;127;217m████[38;2;87;126;219m████[38;2;90;125;222m██████[38;2;0;0;0m████████                
                      ████[38;2;0;0;16m██[38;2;87;126;175m██[38;2;90;125;222m████[38;2;0;0;0m██████████[38;2;90;125;222m██[38;2;90;127;217m██[38;2;106;174;246m██[38;2;112;169;233m██[38;2;148;210;238m██[38;2;102;172;242m████[38;2;156;210;230m████[38;2;106;174;246m██[38;2;90;127;217m██[38;2;87;126;219m████[38;2;101;171;244m████[38;2;0;0;0m██                        
            ████            ██████          ██[38;2;65;64;65m████████[38;2;74;68;65m██[38;2;90;129;213m██[38;2;98;149;230m████[38;2;156;206;230m████[38;2;106;174;246m████[38;2;0;0;0m████                          
          ██[38;2;156;206;230m██[38;2;106;174;246m██[38;2;0;0;0m██                      ████[38;2;90;125;222m████[38;2;65;64;65m██[38;2;95;98;101m████[38;2;79;89;115m██[38;2;74;68;65m██[38;2;43;55;76m██[38;2;16;8;0m██[38;2;0;0;0m████████                              
            ████                      ██[38;2;156;206;230m██[38;2;102;172;242m████[38;2;65;64;65m████[38;2;95;98;101m████████[38;2;0;0;0m██                                        
                                      ██[38;2;156;206;230m██████[38;2;98;170;255m██[38;2;87;134;191m██[38;2;65;64;65m██████[38;2;95;98;101m██[38;2;65;64;65m██[38;2;0;0;0m██████                                  
                                        ████[38;2;156;206;230m██[38;2;131;190;238m████[38;2;87;130;194m████[38;2;90;125;222m██[38;2;65;64;65m██████[38;2;87;126;219m████[38;2;0;0;0m████                              
                                            ██[38;2;8;0;0m██[38;2;49;63;79m██[38;2;65;60;74m██[38;2;98;165;255m██[38;2;90;125;222m████████[38;2;87;126;219m████[38;2;106;174;246m████[38;2;0;0;0m██                            
                                                ██[38;2;142;161;175m██[38;2;65;64;65m██████[38;2;98;149;230m████[38;2;123;186;238m████[38;2;139;198;230m████[38;2;0;0;0m██                            
                                              ██[38;2;65;64;65m██[38;2;142;161;175m████████[38;2;43;55;76m██[38;2;16;8;0m██[38;2;0;0;0m██[38;2;123;186;238m██[38;2;139;198;230m██[38;2;0;0;0m██                              
                                            ██[38;2;156;206;230m██[38;2;86;125;217m██[38;2;65;64;65m████[38;2;142;161;175m████[38;2;0;0;0m██    ████                                
                                            ██[38;2;156;206;230m████[38;2;98;170;255m██[38;2;87;134;191m██[38;2;65;64;65m██████[38;2;0;0;0m██                                      
                                              ████[38;2;106;174;246m████[38;2;90;125;222m████████[38;2;0;0;0m██                                    
                                                  ████[38;2;65;64;65m████[38;2;101;171;244m████[38;2;106;174;246m██[38;2;0;0;0m██                                  
                                                    ██[38;2;156;206;230m████[38;2;65;64;65m████[38;2;0;0;0m██                                    
                                                ████[38;2;156;206;230m██[38;2;86;125;217m██[38;2;156;206;230m██[38;2;65;64;65m██[38;2;142;161;175m██[38;2;139;161;180m██[38;2;0;0;0m██                                  
                                              ██[38;2;139;161;180m██[38;2;54;68;76m██[38;2;164;206;230m██[38;2;156;206;230m██[38;2;86;125;217m██████[38;2;156;206;230m██[38;2;0;0;0m██                                  
                                            ██[38;2;139;161;180m██[38;2;0;0;0m██████[38;2;156;206;230m████████[38;2;0;0;0m██                                    
                                              ██      ████████                                      
[0m