                                [38;2;0;4;0m██    ██                    
                              ██[38;2;231;243;255m██[38;2;0;4;0m████[38;2;231;243;255m██[38;2;0;4;0m██                  
                              ██[38;2;173;207;222m██[38;2;231;243;255m██[38;2;93;132;145m██[38;2;173;207;222m██[38;2;0;4;0m██                  
                              ██[38;2;115;139;148m██[38;2;231;243;255m████[38;2;115;139;148m██[38;2;0;4;0m██                  
                          ████[38;2;66;65;66m████[38;2;189;211;225m████[38;2;0;4;0m██                    
                      ████[38;2;231;243;255m████[38;2;107;178;222m██[38;2;66;65;66m██[38;2;189;211;225m████[38;2;66;64;66m██[38;2;0;4;0m██                  
                  ████[38;2;140;227;255m██[38;2;111;180;226m██[38;2;109;181;227m████[38;2;231;243;255m████[38;2;90;131;144m████[38;2;231;243;255m████[38;2;0;0;0m████              
              [38;2;0;4;0m████[38;2;140;227;255m████████[38;2;109;181;227m██[38;2;231;243;255m████[38;2;109;181;227m██[38;2;107;178;222m████[38;2;109;181;227m██[38;2;231;243;255m██[38;2;231;239;247m██[38;2;77;79;82m██[38;2;0;4;0m██            
            ██[38;2;140;227;255m████████[38;2;139;226;255m████[38;2;111;180;226m██████[38;2;140;227;255m██[38;2;139;226;255m████[38;2;140;227;255m██[38;2;111;180;226m████[38;2;140;227;255m████[38;2;0;4;0m██          
          ██[38;2;140;227;255m████[38;2;74;124;167m██[38;2;140;227;255m██[38;2;74;124;167m██[38;2;139;226;255m████[38;2;140;227;255m████████[38;2;139;226;255m████[38;2;140;227;255m████████████[38;2;0;4;0m██        
        ██[38;2;231;243;255m██[38;2;109;181;227m██[38;2;140;227;255m████[38;2;117;117;134m██[38;2;255;255;255m██[38;2;74;124;167m██[38;2;140;227;255m██████[38;2;66;125;173m██[38;2;176;211;227m██[38;2;74;124;167m██[38;2;140;227;255m██[38;2;139;226;255m████████████[38;2;140;223;255m██[38;2;8;0;0m██      
      [38;2;0;4;0m██[38;2;231;243;255m██████[38;2;111;180;226m████[38;2;117;117;134m████[38;2;74;124;167m██[38;2;140;227;255m████[38;2;74;124;167m██[38;2;231;255;255m██[38;2;66;125;173m██[38;2;140;227;255m████[38;2;139;226;255m████████████[38;2;140;223;255m██[38;2;52;74;85m██[38;2;0;4;0m██    
      ██[38;2;214;235;247m██[38;2;228;244;255m████████[38;2;118;173;211m██[38;2;66;134;189m██[38;2;139;226;255m████[38;2;140;227;255m██[38;2;74;124;167m██[38;2;181;85;57m██[38;2;115;152;178m██[38;2;139;226;255m████████████████[38;2;140;227;255m██[38;2;111;180;226m██[38;2;189;211;222m██[38;2;0;4;0m██  
    ██[38;2;214;235;247m████[38;2;228;244;255m████████[38;2;222;251;255m██[38;2;118;173;211m██[38;2;139;226;255m████[38;2;140;227;255m████[38;2;115;152;178m██[38;2;82;186;239m██[38;2;139;226;255m████████████████[38;2;111;180;226m████[38;2;189;211;222m██[38;2;0;4;0m██  
    ██[38;2;189;210;222m██[38;2;231;243;255m██[38;2;228;244;255m████████████[38;2;111;180;226m██[38;2;140;227;255m██[38;2;109;181;227m████████[38;2;107;186;231m██[38;2;148;207;239m██[38;2;140;227;255m████[38;2;139;226;255m████[38;2;140;227;255m████[38;2;109;181;227m██[38;2;231;243;255m██[38;2;189;211;225m████[38;2;0;4;0m██
    ██[38;2;189;210;222m████[38;2;228;244;255m████████████[38;2;111;180;226m████[38;2;231;243;255m████████[38;2;231;251;255m██[38;2;107;186;231m██[38;2;111;180;226m██[38;2;140;227;255m██[38;2;139;226;255m████[38;2;140;227;255m██[38;2;111;180;226m██[38;2;231;243;255m████[38;2;189;211;225m████[38;2;0;4;0m██
      ██[38;2;189;211;222m██[38;2;189;211;225m████[38;2;231;243;255m████████[38;2;228;244;255m████████████████[38;2;231;243;255m██[38;2;109;181;227m████████[38;2;231;243;255m████[38;2;189;210;222m██[38;2;189;211;222m████[38;2;0;4;0m██
      ██[38;2;189;211;222m██[38;2;189;211;225m████[38;2;189;211;222m████████[38;2;228;244;255m████████████████[38;2;231;243;255m████████████[38;2;189;210;222m████[38;2;189;211;222m██[38;2;0;4;0m██  
        ██[38;2;189;211;222m████[38;2;189;211;225m████████[38;2;189;210;222m██[38;2;231;243;255m██████[38;2;228;244;255m████████████[38;2;231;243;255m██████[38;2;189;210;222m██[38;2;189;211;225m████[38;2;189;211;222m██[38;2;0;4;0m██  
          ██[38;2;189;211;222m██[38;2;189;211;225m████████[38;2;189;210;222m████[38;2;189;211;222m████[38;2;228;244;255m████████████[38;2;231;243;255m██[38;2;189;211;222m██[38;2;189;210;222m████[38;2;189;211;225m████[38;2;0;4;0m██    
            ████[38;2;189;211;222m████[38;2;66;65;66m██[38;2;189;211;222m████[38;2;189;211;225m████████████████████[38;2;189;211;222m██████[38;2;0;4;0m██      
  ████████      ██[38;2;66;65;66m██████[38;2;189;211;222m██[38;2;189;211;225m████████████████████[38;2;189;211;222m██[38;2;0;4;0m████        
██[38;2;66;65;66m██[38;2;165;231;247m██[38;2;139;226;255m████[38;2;0;4;0m██████[38;2;107;178;222m██[38;2;137;169;189m██[38;2;66;69;74m██[38;2;165;223;255m██[38;2;57;69;82m██[38;2;66;69;74m██[38;2;173;219;247m██[38;2;189;211;222m██████████[38;2;0;4;0m████████            
██[38;2;165;231;247m████[38;2;139;226;255m████[38;2;140;227;255m████[38;2;107;178;222m██[38;2;0;4;0m██[38;2;66;69;74m██[38;2;173;219;247m██[38;2;129;171;197m████[38;2;137;169;189m██[38;2;66;69;74m██[38;2;66;65;66m████████[38;2;0;4;0m██                    
  ██[38;2;222;243;231m██[38;2;140;227;255m████[38;2;222;243;231m██[38;2;0;4;0m████  [38;2;0;12;16m██[38;2;120;163;175m██[38;2;107;178;222m██[38;2;66;65;66m██[38;2;107;178;222m████[38;2;189;211;222m██[38;2;66;65;66m██[38;2;107;178;222m████[38;2;49;63;74m██[38;2;16;4;0m██    [38;2;0;4;0m████          
    ██[38;2;222;243;231m████[38;2;0;4;0m██    ██[38;2;181;239;255m████[38;2;66;65;66m██████[38;2;107;178;222m██[38;2;189;211;222m████[38;2;66;65;66m██[38;2;107;178;222m██[38;2;115;182;222m████[38;2;0;4;0m████[38;2;181;235;247m████[38;2;0;4;0m████      
      ████      ██[38;2;165;231;247m████[38;2;66;64;66m██[38;2;0;4;0m████[38;2;140;227;255m██[38;2;107;195;239m██[38;2;183;227;239m██[38;2;165;219;239m██[38;2;60;73;79m██[38;2;0;4;0m██[38;2;107;178;222m██[38;2;140;227;255m████[38;2;139;226;255m████[38;2;140;227;255m██[38;2;222;243;231m██[38;2;0;4;0m██    
                  ██[38;2;165;231;247m██[38;2;0;4;0m██    ██[38;2;145;211;239m████[38;2;165;219;239m██[38;2;8;0;0m██  [38;2;0;4;0m██[38;2;222;243;231m██[38;2;140;227;255m██[38;2;139;226;255m████[38;2;140;227;255m██[38;2;222;243;231m██[38;2;0;4;0m██    
                    ██        ██[38;2;222;243;231m██[38;2;140;227;255m██[38;2;0;4;0m██  ██[38;2;222;243;231m████[38;2;140;227;255m██[38;2;222;243;231m████[38;2;0;4;0m██      
                              ██[38;2;222;243;231m██[38;2;0;4;0m██      ████[38;2;222;243;231m████[38;2;0;4;0m██        
                                [38;2;66;65;66m██            [38;2;0;4;0m████          
[0m