                    [38;2;0;0;0m████                    
                  ██[38;2;255;247;115m██[38;2;206;189;58m██[38;2;0;0;0m██                  
                ██[38;2;65;65;65m████[38;2;255;247;115m██[38;2;0;0;0m██                  
              ██[38;2;65;65;65m██[38;2;107;173;156m██[38;2;65;65;65m██[38;2;255;247;115m██[38;2;206;189;58m██[38;2;0;0;0m██                
          ████[38;2;165;140;49m██[38;2;65;65;65m██[38;2;107;173;156m██[38;2;65;65;65m██[38;2;255;247;115m████[38;2;0;0;0m██                
      ████[38;2;206;189;58m████[38;2;165;140;49m██[38;2;65;65;65m██[38;2;107;173;156m██[38;2;65;65;65m██[38;2;255;247;115m████[38;2;165;140;49m██[38;2;0;0;0m██              
  [38;2;65;65;65m██[38;2;0;0;0m██[38;2;206;189;58m████████[38;2;255;247;115m██[38;2;65;65;65m████[38;2;255;247;115m████[38;2;165;140;49m██[38;2;255;247;115m████[38;2;0;0;0m██            
[38;2;65;65;65m██[38;2;107;173;156m██[38;2;65;65;65m██[38;2;0;0;0m██[38;2;206;189;58m██████[38;2;255;247;115m██████████████████[38;2;0;0;0m████        
[38;2;65;65;65m██[38;2;107;173;156m██[38;2;65;65;65m██  [38;2;0;0;0m██[38;2;206;189;58m██[38;2;165;140;49m██[38;2;206;189;58m██[38;2;255;247;115m████[38;2;165;140;49m██[38;2;206;189;58m██[38;2;255;247;115m██████████[38;2;165;140;49m██[38;2;0;0;0m██      
[38;2;65;65;65m██[38;2;107;173;156m██[38;2;65;65;65m██[38;2;0;0;0m██[38;2;206;189;58m████[38;2;0;0;0m██[38;2;230;230;230m██[38;2;165;140;49m████[38;2;230;230;230m████[38;2;206;189;58m██[38;2;255;247;115m██████████[38;2;65;65;65m██[38;2;0;0;0m██    
[38;2;65;65;65m████  [38;2;0;0;0m██[38;2;206;189;58m██[38;2;165;140;49m██[38;2;65;65;65m██[38;2;230;230;230m██████[38;2;0;0;0m██[38;2;230;230;230m██[38;2;165;140;49m██[38;2;255;247;115m██[38;2;165;140;49m██[38;2;255;247;115m██[38;2;206;189;58m██[38;2;65;65;65m██[38;2;107;173;156m██[38;2;65;65;65m██    
        [38;2;0;0;0m████[38;2;230;230;230m████████[38;2;65;65;65m██[38;2;230;230;230m██[38;2;165;140;49m██[38;2;255;247;115m██[38;2;165;140;49m██[38;2;0;0;0m████[38;2;65;65;65m██[38;2;107;173;156m██[38;2;65;65;65m██    
            [38;2;0;0;0m██[38;2;230;230;230m██[38;2;65;65;65m██[38;2;230;230;230m████████[38;2;65;65;65m██[38;2;0;0;0m██    [38;2;65;65;65m██[38;2;107;173;156m██[38;2;65;65;65m██    
            [38;2;0;0;0m██[38;2;65;65;65m██[38;2;181;181;173m██[38;2;230;230;230m████[38;2;181;181;173m██[38;2;65;65;65m████[38;2;206;189;58m██[38;2;0;0;0m████[38;2;65;65;65m████      
        [38;2;0;0;0m████[38;2;206;189;58m████[38;2;65;65;65m████[38;2;181;181;173m██[38;2;230;230;230m████[38;2;181;181;173m██[38;2;65;65;65m██[38;2;206;189;58m████[38;2;0;0;0m████      
      ██[38;2;206;189;58m██████[38;2;65;65;65m██[38;2;230;230;230m██[38;2;0;0;0m██[38;2;230;230;230m████[38;2;65;65;65m██[38;2;230;230;230m████[38;2;65;65;65m██[38;2;206;189;58m██[38;2;255;247;115m████[38;2;0;0;0m████  
        ██[38;2;206;189;58m████[38;2;0;0;0m████  ██[38;2;181;181;173m████[38;2;0;0;0m██[38;2;65;65;65m██[38;2;206;189;58m██[38;2;255;247;115m██████████[38;2;0;0;0m██
          ████        ████  ██[38;2;255;247;115m████[38;2;206;189;58m██[38;2;255;247;115m████[38;2;0;0;0m██  
                              ██[38;2;255;247;115m████[38;2;0;0;0m████    
                                ████        
[0m