                      [38;2;0;0;0m████                
                  ████[38;2;255;230;82m██[38;2;0;0;0m██    ████        
                ██[38;2;206;165;25m██[38;2;255;230;82m████[38;2;206;165;25m██[38;2;0;0;0m████[38;2;255;230;82m██[38;2;0;0;0m██        
          ██████[38;2;206;165;25m██[38;2;255;230;82m████████[38;2;206;165;25m██[38;2;255;230;82m████[38;2;0;0;0m██        
          ██[38;2;255;230;82m██[38;2;65;65;65m██[38;2;255;230;82m████████████████[38;2;206;165;25m██[38;2;0;0;0m██      
        ██[38;2;206;165;25m██[38;2;255;230;82m████[38;2;132;107;25m██[38;2;255;230;82m████[38;2;132;107;25m██[38;2;255;230;82m██[38;2;65;65;65m████[38;2;255;230;82m████[38;2;0;0;0m██      
    ████[38;2;132;107;25m██[38;2;255;230;82m████[38;2;206;222;247m██[38;2;206;165;25m██[38;2;255;230;82m██[38;2;132;107;25m██[38;2;255;230;82m██[38;2;65;65;65m██[38;2;255;230;82m██[38;2;65;65;65m██[38;2;255;230;82m████[38;2;206;165;25m██[38;2;0;0;0m████  
    ██[38;2;255;230;82m████████[38;2;123;156;255m██[38;2;255;230;82m████[38;2;206;222;247m██[38;2;255;230;82m██████[38;2;206;165;25m██[38;2;65;65;65m████[38;2;206;165;25m██[38;2;255;230;82m██[38;2;0;0;0m██  
    ██[38;2;206;165;25m██[38;2;255;230;82m██[38;2;99;107;206m██[38;2;255;255;255m██[38;2;255;230;82m██████[38;2;123;156;255m██[38;2;255;230;82m██████████[38;2;65;65;65m██[38;2;255;230;82m██████[38;2;0;0;0m██
████[38;2;255;230;82m██[38;2;65;65;65m██[38;2;255;230;82m██[38;2;99;107;206m██[38;2;0;0;0m██[38;2;255;230;82m████████[38;2;255;255;255m██[38;2;99;107;206m██[38;2;255;230;82m████[38;2;206;165;25m██[38;2;132;107;25m██[38;2;206;165;25m██[38;2;255;230;82m██[38;2;99;107;206m██[38;2;0;0;0m██
██[38;2;255;230;82m██[38;2;206;165;25m████[38;2;65;65;65m██[38;2;123;156;255m██[38;2;99;107;206m██[38;2;255;230;82m████████[38;2;0;0;0m██[38;2;99;107;206m██[38;2;255;230;82m████████[38;2;65;65;65m██[38;2;0;0;0m████  
  ██[38;2;123;156;255m██[38;2;0;0;0m████[38;2;255;230;82m████████████[38;2;99;107;206m██[38;2;123;156;255m██[38;2;255;230;82m████[38;2;65;65;65m████[38;2;206;165;25m██[38;2;0;0;0m██    
  ████  ████[38;2;255;230;82m██[38;2;206;165;25m██[38;2;255;230;82m████[38;2;206;165;25m██[38;2;255;230;82m████[38;2;206;165;25m██[38;2;65;65;65m██[38;2;206;165;25m████[38;2;255;230;82m████[38;2;0;0;0m██  
            ████[38;2;255;230;82m██[38;2;206;165;25m██[38;2;0;0;0m████[38;2;206;165;25m██[38;2;0;0;0m████[38;2;65;65;65m██[38;2;255;230;82m██[38;2;99;107;206m██[38;2;206;165;25m██[38;2;0;0;0m██  
                ████    ████  ████[38;2;123;156;255m██[38;2;0;0;0m██    
                                  ████    
[0m