        [38;2;0;0;0m██                                              
      ██[38;2;222;190;82m██[38;2;0;0;0m██                                            
      ██[38;2;222;190;82m██[38;2;0;0;0m██                            ██              
      ██[38;2;222;190;82m████[38;2;0;0;0m██                      ████[38;2;255;239;66m██[38;2;0;0;0m██            
      ██[38;2;79;79;71m██[38;2;222;190;82m██[38;2;0;0;0m██                    ██[38;2;255;239;66m██████[38;2;0;0;0m██            
      ██[38;2;79;79;71m██[38;2;222;190;82m████[38;2;0;0;0m██                [38;2;0;0;16m██[38;2;255;239;66m██[38;2;74;73;66m██[38;2;255;239;66m██[38;2;0;0;0m██              
      ██[38;2;79;79;71m████[38;2;222;190;82m██[38;2;0;0;0m██              ██[38;2;255;239;66m██[38;2;85;79;32m██[38;2;74;73;66m██[38;2;255;239;66m██[38;2;0;0;0m██              
        ██[38;2;82;79;68m██[38;2;222;190;82m██[38;2;0;0;0m██            [38;2;0;0;16m██[38;2;255;239;66m██[38;2;66;65;66m██[38;2;82;78;68m██[38;2;85;79;38m██[38;2;255;239;66m██[38;2;0;0;0m██              
        ██[38;2;82;79;68m██[38;2;222;190;82m██[38;2;0;0;0m██    ██    ██[38;2;255;239;66m██[38;2;85;79;32m██[38;2;82;78;68m████[38;2;255;239;66m██[38;2;0;0;24m██                
        [38;2;0;0;0m██[38;2;82;79;70m██[38;2;82;78;40m██[38;2;0;0;24m██  [38;2;0;0;0m██[38;2;255;239;66m██[38;2;0;0;16m██  [38;2;0;0;0m██[38;2;255;239;66m██[38;2;74;69;66m██[38;2;82;79;68m████[38;2;255;239;66m██[38;2;0;0;16m██  [38;2;0;0;0m██████        
          ██[38;2;247;235;74m██[38;2;82;78;40m██[38;2;0;0;0m██[38;2;255;239;66m████[38;2;85;79;32m██[38;2;0;0;0m██[38;2;255;239;66m██[38;2;74;69;66m████[38;2;82;79;68m████[38;2;255;239;66m██[38;2;85;79;32m██[38;2;0;0;0m██[38;2;222;190;82m████[38;2;0;0;0m██        
          ██[38;2;255;239;66m██[38;2;193;158;66m██[38;2;255;239;63m████[38;2;192;176;66m██[38;2;255;235;66m██[38;2;66;65;66m██[38;2;255;239;66m██[38;2;66;65;66m██[38;2;82;78;68m██[38;2;82;81;66m██[38;2;255;239;66m██████[38;2;66;65;66m██[38;2;222;190;82m██[38;2;0;0;0m██  ████    
        ██[38;2;255;239;66m██████[38;2;255;239;63m████[38;2;255;235;66m██[38;2;66;60;66m██[38;2;255;239;66m██[38;2;66;65;66m██[38;2;82;78;68m████[38;2;82;81;66m██[38;2;255;239;66m██[38;2;66;65;66m████[38;2;222;190;82m████[38;2;66;65;66m██[38;2;0;0;0m██[38;2;255;239;66m██[38;2;0;0;0m██    
  ████  ██[38;2;255;243;132m██[38;2;255;244;170m██████[38;2;255;239;66m██[38;2;255;239;63m████[38;2;82;81;66m████[38;2;74;73;66m██[38;2;255;239;66m██[38;2;194;193;148m██[38;2;74;69;49m██[38;2;90;85;57m██[38;2;172;170;139m██[38;2;194;185;66m██[38;2;74;69;66m██[38;2;255;239;66m████[38;2;0;0;0m██      
  ██[38;2;198;195;189m██[38;2;0;0;0m██[38;2;255;243;132m████[38;2;255;244;170m████████[38;2;255;239;63m████[38;2;255;239;66m██[38;2;82;81;66m██[38;2;255;239;66m██[38;2;74;73;66m██[38;2;74;69;49m██[38;2;255;255;198m██[38;2;255;255;222m██[38;2;90;85;57m██[38;2;255;243;66m████[38;2;255;239;66m██[38;2;193;158;66m██[38;2;0;0;0m██      
  ██[38;2;206;195;198m██[38;2;74;65;76m██[38;2;255;239;66m██[38;2;255;244;170m██████[38;2;255;239;66m████████████[38;2;66;65;66m████[38;2;255;255;255m████[38;2;82;77;66m████[38;2;255;239;66m████[38;2;255;239;74m██[38;2;8;0;8m██        
    [38;2;8;0;16m██[38;2;74;65;76m██[38;2;255;239;66m████████[38;2;66;65;66m██████[38;2;255;239;66m██[38;2;200;186;68m██[38;2;90;81;74m██[38;2;66;65;66m██[38;2;255;255;255m████[38;2;132;130;107m██[38;2;139;136;126m██[38;2;255;255;247m██[38;2;82;81;66m██[38;2;255;239;66m██[38;2;172;159;52m████[38;2;0;0;0m██████  
  ██[38;2;66;65;66m██[38;2;255;239;66m████████[38;2;66;65;66m██[38;2;82;69;82m██[38;2;255;255;255m██[38;2;107;65;115m██[38;2;255;243;66m██[38;2;222;190;82m████[38;2;214;195;132m██[38;2;66;65;66m██[38;2;255;255;255m████[38;2;255;255;198m██[38;2;90;85;57m██[38;2;255;239;63m████████[38;2;255;239;66m██████[38;2;0;0;0m██
██[38;2;255;255;255m██[38;2;66;65;66m██[38;2;255;239;66m██[38;2;82;81;66m██[38;2;255;239;66m████[38;2;66;65;66m██[38;2;82;69;82m████[38;2;255;243;66m██[38;2;205;183;82m██[38;2;222;190;82m██[38;2;79;79;71m██[38;2;66;65;66m██[38;2;214;195;132m██[38;2;255;255;255m████[38;2;90;85;57m██[38;2;200;198;151m██[38;2;255;239;63m████████[38;2;255;239;66m██[38;2;0;0;0m████  
  ██[38;2;255;255;255m██[38;2;90;90;85m██[38;2;255;239;66m████████[38;2;255;239;74m██[38;2;208;190;74m██[38;2;222;190;82m████████[38;2;66;65;66m██[38;2;198;195;189m██[38;2;197;195;192m██[38;2;255;255;255m██[38;2;255;255;198m██[38;2;90;85;57m██[38;2;255;239;66m████[38;2;255;243;74m██[38;2;74;69;74m██[38;2;0;0;0m██      
    [38;2;8;8;0m██[38;2;90;90;85m██[38;2;66;65;66m████[38;2;225;190;79m████[38;2;115;93;74m██[38;2;208;190;74m██[38;2;222;190;82m██[38;2;66;65;66m██████[38;2;198;195;189m████[38;2;197;195;192m██[38;2;82;77;66m██[38;2;90;85;57m██[38;2;200;198;151m██[38;2;255;239;66m██[38;2;193;158;66m██[38;2;194;185;74m████[38;2;222;190;82m██[38;2;0;0;0m██    
      ██[38;2;255;255;255m████[38;2;66;65;66m██████████[38;2;198;195;189m██[38;2;200;195;189m████████[38;2;74;69;49m██[38;2;194;193;148m██[38;2;255;239;63m████████[38;2;181;154;74m██[38;2;90;77;41m██[38;2;0;0;0m██      
    ██[38;2;255;255;255m████████[38;2;192;191;192m██[38;2;198;195;189m████████[38;2;200;195;189m██████[38;2;255;255;255m██[38;2;255;255;198m██[38;2;74;69;49m██[38;2;255;239;63m████████[38;2;0;0;8m██          
  [38;2;0;0;0m██[38;2;255;255;255m██[38;2;170;171;170m██[38;2;0;0;0m██[38;2;82;79;70m██[38;2;255;255;255m████[38;2;132;132;106m██[38;2;198;195;189m██[38;2;198;199;189m██[38;2;120;123;107m██[38;2;255;255;255m██[38;2;200;195;189m██[38;2;66;65;66m██[38;2;0;0;0m██[38;2;255;255;255m████[38;2;0;0;0m██[38;2;255;239;66m██[38;2;255;235;66m██[38;2;216;194;82m██[38;2;148;124;74m██[38;2;0;0;8m██        
    [38;2;0;4;0m████  [38;2;0;0;0m██[38;2;255;255;255m██[38;2;82;81;66m██[38;2;132;132;106m██[38;2;198;195;189m██[38;2;198;199;189m██[38;2;82;85;66m██[38;2;255;255;255m████[38;2;0;0;0m██  ████  ██[38;2;140;113;115m██[38;2;216;194;82m██[38;2;222;186;107m██[38;2;0;0;8m██        
            [38;2;0;0;0m██[38;2;189;158;66m██[38;2;82;78;68m██[38;2;198;195;189m██[38;2;128;119;79m██[38;2;82;81;74m██[38;2;74;69;49m██[38;2;255;255;222m██[38;2;0;0;0m██          [38;2;0;0;16m██[38;2;231;207;90m██[38;2;239;215;74m██[38;2;0;0;0m██        
              ██[38;2;82;78;68m██[38;2;198;195;189m██[38;2;82;81;74m██[38;2;222;195;90m██[38;2;164;162;135m██[38;2;74;69;49m██[38;2;0;0;0m██        ██[38;2;231;207;90m██[38;2;154;138;65m██[38;2;239;215;74m██[38;2;0;0;0m██        
              ██[38;2;192;157;60m██[38;2;82;81;66m██[38;2;79;79;71m██[38;2;222;190;82m████[38;2;0;0;0m██            ██████          
            ██[38;2;189;158;66m██[38;2;192;157;60m██[38;2;82;81;66m██[38;2;222;190;82m██████[38;2;0;0;0m██                            
              ████[38;2;255;239;66m██[38;2;127;119;53m██[38;2;255;239;90m██[38;2;0;0;0m██                              
                  ██[38;2;0;0;16m████                                
[0m