                  [38;2;0;0;0m████                                      
                ██[38;2;54;105;142m██[38;2;82;157;213m██[38;2;0;0;0m██        ████                        
                ██[38;2;79;153;202m████[38;2;0;0;0m██      ██[38;2;82;145;169m██[38;2;123;210;255m██[38;2;0;0;0m██                      
                ██[38;2;79;153;202m████[38;2;65;64;65m██[38;2;0;0;0m████  ██[38;2;123;218;255m██[38;2;123;210;255m██[38;2;0;0;0m██      ████            
                ██[38;2;82;153;205m██████████[38;2;0;0;0m██[38;2;65;64;65m██[38;2;123;210;255m██[38;2;115;210;255m██[38;2;57;64;65m██[38;2;0;0;0m██  [38;2;16;8;0m██[38;2;82;153;205m████[38;2;0;0;0m██          
                  ██[38;2;82;153;205m████[38;2;65;64;65m██[38;2;0;0;0m██[38;2;82;153;205m██[38;2;65;64;65m██[38;2;123;210;255m██[38;2;115;210;255m██[38;2;95;161;191m██[38;2;82;153;205m██[38;2;0;0;0m██[38;2;82;153;205m██[38;2;38;56;68m██[38;2;0;0;0m██            
                  ██[38;2;82;153;205m████[38;2;0;0;0m██  ██[38;2;123;210;255m████[38;2;65;64;65m██[38;2;0;0;0m██[38;2;82;153;205m████[38;2;65;64;65m██[38;2;0;0;0m██              
                  ██[38;2;82;153;205m████[38;2;0;0;0m██  ██[38;2;123;210;255m████[38;2;0;0;0m██  ██████                
                  ██[38;2;82;145;169m██[38;2;123;210;255m████[38;2;0;0;0m██[38;2;123;210;255m██████[38;2;0;0;0m██                        
                  ██[38;2;123;218;255m██[38;2;172;228;255m████[38;2;123;210;255m██████████[38;2;0;0;0m██      ████            
                ██[38;2;123;210;255m██[38;2;172;228;255m██[38;2;172;228;254m████[38;2;172;228;255m██[38;2;123;210;255m██████████[38;2;0;0;0m██████[38;2;123;210;255m██[38;2;0;0;0m██            
              ██[38;2;123;210;255m██████[38;2;172;228;254m████[38;2;123;210;255m██████████[38;2;57;109;164m██[38;2;123;210;255m████████[38;2;0;0;0m██  ████      
              [38;2;0;0;8m██[38;2;123;206;255m██[38;2;123;210;255m████████████████[38;2;57;109;164m██[38;2;123;210;255m██████████[38;2;123;214;255m██[38;2;8;0;0m██[38;2;82;153;205m████[38;2;0;0;0m██    
            ██[38;2;82;137;172m██[38;2;123;206;255m██[38;2;123;210;255m████[38;2;78;129;189m██[38;2;123;210;255m██[38;2;65;64;65m████[38;2;255;255;255m██[38;2;123;210;255m██[38;2;57;109;164m██[38;2;123;210;255m████████[38;2;65;64;65m██[38;2;46;71;84m██[38;2;84;143;169m██[38;2;82;153;205m██[38;2;65;64;65m████[38;2;0;0;0m██  
        ████[38;2;123;210;255m████████[38;2;78;129;189m██[38;2;131;210;246m██[38;2;8;0;0m██[38;2;255;97;90m██[38;2;189;93;109m██[38;2;246;255;255m██[38;2;49;113;172m██[38;2;123;210;255m██████[38;2;0;0;0m████[38;2;65;64;65m██[38;2;82;153;205m██[38;2;65;64;65m██████[38;2;82;153;205m████[38;2;0;0;0m██
  ██████[38;2;123;210;255m██████████████[38;2;49;70;82m██[38;2;8;0;0m██[38;2;189;93;109m██[38;2;57;85;148m██[38;2;49;113;172m██[38;2;148;184;213m██[38;2;123;210;255m██[38;2;79;153;200m██[38;2;0;0;0m██    ██[38;2;82;153;205m██[38;2;65;64;65m██[38;2;82;153;205m████[38;2;0;0;0m████  
██[38;2;139;218;255m████[38;2;134;209;238m████[38;2;123;210;255m██████[38;2;79;153;200m██[38;2;79;153;202m████[38;2;82;153;205m████[38;2;79;153;202m████[38;2;123;210;255m████[38;2;82;153;205m████[38;2;79;79;82m██[38;2;0;0;0m████[38;2;76;78;82m██[38;2;82;153;205m████[38;2;65;64;65m██[38;2;0;0;0m██      
██[38;2;57;109;164m██[38;2;139;218;255m██[38;2;164;234;255m██[38;2;74;157;205m██[38;2;79;153;200m████████[38;2;79;153;202m████[38;2;65;64;65m████[38;2;79;153;202m████[38;2;79;153;200m████[38;2;82;153;205m██[38;2;0;0;0m██[38;2;238;238;246m████[38;2;230;234;246m██[38;2;76;78;82m██[38;2;65;64;65m████[38;2;0;0;0m██        
  ██[38;2;57;109;164m██[38;2;82;153;205m████[38;2;0;0;0m██████[38;2;82;153;205m████[38;2;0;0;0m██[38;2;82;153;205m████[38;2;65;64;65m████[38;2;79;155;202m██[38;2;57;109;164m██[38;2;0;0;0m██  ██[38;2;238;238;246m██████[38;2;65;68;74m██[38;2;189;206;213m██[38;2;172;186;197m██[38;2;0;0;0m██      
    ██████      ████  ████[38;2;65;64;65m██[38;2;82;153;205m██[38;2;79;155;202m████[38;2;0;0;0m██    ██[38;2;65;64;65m████[38;2;189;206;213m██[38;2;148;160;167m██[38;2;172;186;197m██[38;2;0;0;0m██      
                          [38;2;0;4;8m██[38;2;82;147;172m██[38;2;79;153;202m████[38;2;82;144;172m██[38;2;0;4;8m██[38;2;16;8;0m██[38;2;82;153;205m██[38;2;65;64;65m██[38;2;189;210;213m██[38;2;153;171;178m██[38;2;189;202;205m████[38;2;0;0;0m██      
                        ██[38;2;123;218;255m██[38;2;82;147;172m██[38;2;79;153;202m████[38;2;123;214;255m████[38;2;38;56;68m██[38;2;82;153;205m██[38;2;65;64;65m██[38;2;148;161;164m██[38;2;189;202;205m████[38;2;0;0;0m██        
                        ██[38;2;123;210;255m██████████████[38;2;65;64;65m████[38;2;189;202;205m██[38;2;156;202;222m██[38;2;57;64;74m██[38;2;0;0;0m██        
                      ██[38;2;123;210;255m██[38;2;134;118;90m████[38;2;123;210;255m████████████[38;2;65;64;65m████[38;2;57;64;74m██[38;2;123;156;172m██[38;2;82;153;205m██[38;2;0;0;0m██      
                      ██[38;2;148;126;82m██[38;2;246;190;74m████[38;2;139;124;84m██[38;2;123;210;255m██████[38;2;123;214;255m██[38;2;57;113;164m██[38;2;65;64;65m██[38;2;82;153;205m████[38;2;0;0;0m████[38;2;82;153;205m██[38;2;0;0;0m██    
                      ██[38;2;148;126;82m██[38;2;156;135;78m████[38;2;139;124;84m████[38;2;123;210;255m██[38;2;57;109;164m██[38;2;57;113;164m██[38;2;79;147;194m██[38;2;82;153;205m██[38;2;65;64;65m██[38;2;0;0;0m██    ████    
                        ██[38;2;246;190;74m██████[38;2;123;113;82m██[38;2;82;153;205m████[38;2;57;109;164m██[38;2;79;155;202m██[38;2;82;153;205m██[38;2;0;0;8m██              
                        [38;2;0;0;0m██[38;2;156;135;78m████[38;2;164;138;79m████[38;2;137;118;90m██[38;2;82;153;205m██[38;2;79;155;202m████[38;2;54;102;139m██[38;2;82;153;205m██[38;2;0;0;0m██            
                          ████[38;2;189;174;90m████[38;2;119;147;139m██[38;2;82;72;49m██[38;2;65;64;65m██[38;2;98;159;191m██[38;2;79;153;202m████[38;2;0;0;0m██            
                              [38;2;0;4;16m██[38;2;63;60;41m██[38;2;82;72;49m██[38;2;156;222;230m██[38;2;115;206;255m██[38;2;65;64;65m██[38;2;79;153;202m████[38;2;0;0;0m██            
                                ██[38;2;123;210;255m████[38;2;106;206;255m██[38;2;49;60;82m██[38;2;82;153;205m██[38;2;0;0;0m██              
                                ██[38;2;123;210;255m████[38;2;68;109;139m██[38;2;87;157;197m██[38;2;82;153;205m██[38;2;0;0;0m██              
                                  ██[38;2;82;153;205m██████[38;2;0;0;0m██                
                                    ██████                  
[0m