                                      [38;2;0;0;0m██████                                
                                    ██[38;2;102;123;143m██[38;2;197;210;222m████[38;2;0;0;0m██                              
                                  ██[38;2;197;210;222m████[38;2;102;123;143m██[38;2;197;210;222m██[38;2;0;0;0m██                              
                                  ██[38;2;197;210;222m████[38;2;102;123;143m██[38;2;197;210;222m██[38;2;0;0;0m██                              
                                    ██[38;2;102;123;143m██[38;2;197;210;222m████[38;2;0;0;0m██                              
                                  ██[38;2;197;210;222m██████[38;2;0;0;0m██                                
                                    ██[38;2;102;123;143m██[38;2;197;210;222m██[38;2;0;0;0m██                          ████  
                              ██████[38;2;65;70;74m██[38;2;197;211;224m████[38;2;65;70;74m██[38;2;0;0;0m██                    [38;2;0;4;0m████[38;2;189;188;189m██[38;2;255;255;255m██[38;2;0;0;0m██
              ████████    ████[38;2;197;210;222m████████[38;2;197;211;224m████[38;2;197;210;222m████[38;2;0;0;0m████    ██████  ████[38;2;169;171;169m██[38;2;255;255;255m██[38;2;189;188;189m████[38;2;0;0;0m██
            ██[38;2;238;210;148m████████[38;2;0;0;0m████[38;2;197;218;230m████[38;2;197;210;222m██[38;2;0;0;0m████[38;2;139;161;172m██[38;2;189;206;222m██[38;2;126;137;148m██[38;2;0;0;0m██[38;2;197;210;222m██████[38;2;0;0;0m████[38;2;139;137;131m████[38;2;45;48;45m██[38;2;0;4;0m██[38;2;189;188;189m██[38;2;255;255;255m██[38;2;189;190;189m██████[38;2;0;0;0m██  
  ██████████[38;2;238;210;148m██[38;2;194;164;98m████████[38;2;46;52;57m██[38;2;139;157;172m██[38;2;131;147;156m██[38;2;0;4;8m██[38;2;0;0;0m██    ██[38;2;189;206;222m██[38;2;0;0;0m██  ████[38;2;197;210;222m██[38;2;46;45;43m██[38;2;139;137;131m██[38;2;90;89;86m████[38;2;90;93;90m██[38;2;45;48;45m██[38;2;189;188;189m████[38;2;189;190;189m██[38;2;0;0;0m████    
██[38;2;238;210;148m██[38;2;194;164;98m██[38;2;238;210;148m██[38;2;194;164;98m██[38;2;238;210;148m██[38;2;194;164;98m██[38;2;194;164;95m████[38;2;180;159;109m██[38;2;49;48;49m██[38;2;142;159;175m████[38;2;0;0;0m██      [38;2;0;4;8m██[38;2;131;147;156m██[38;2;200;211;224m████[38;2;0;0;0m██    ██[38;2;137;134;131m██[38;2;93;91;90m██[38;2;49;48;49m████[38;2;90;89;86m████[38;2;60;62;60m██[38;2;180;186;180m██[38;2;0;0;0m██        
██[38;2;194;164;98m██[38;2;238;210;148m██[38;2;194;164;98m██[38;2;238;210;148m████[38;2;194;164;98m██[38;2;194;164;95m████[38;2;49;48;49m██[38;2;246;214;139m██[38;2;49;48;49m████[38;2;197;165;98m██[38;2;0;0;0m██  ██[38;2;197;218;230m████[38;2;255;255;255m██[38;2;200;211;224m██[38;2;197;210;222m██[38;2;0;0;0m██  ██[38;2;93;91;90m██[38;2;49;48;49m██[38;2;142;159;175m████[38;2;49;48;49m██[38;2;90;89;86m██[38;2;60;62;60m██[38;2;0;0;0m██          
  ██████████[38;2;238;210;148m██[38;2;194;164;98m████[38;2;169;161;137m██[38;2;49;48;49m██[38;2;246;218;148m██[38;2;164;145;98m██[38;2;0;0;0m██  ██[38;2;189;206;222m██[38;2;169;141;161m██[38;2;213;206;222m██[38;2;102;123;143m██[38;2;197;210;222m████[38;2;0;0;0m██  ██[38;2;90;89;86m████[38;2;49;48;49m██[38;2;197;210;222m██[38;2;49;44;41m██[38;2;98;98;101m██[38;2;90;89;86m██[38;2;0;0;0m██          
            ██[38;2;238;210;148m████[38;2;49;48;49m██[38;2;169;161;137m██[38;2;82;72;49m██[38;2;0;0;0m██  ██[38;2;189;206;222m██[38;2;126;137;148m██[38;2;213;206;222m██[38;2;148;109;131m██[38;2;197;210;222m██[38;2;102;123;143m██[38;2;197;210;222m████[38;2;0;0;0m██  ██[38;2;90;89;86m██[38;2;49;48;49m██[38;2;197;210;222m██[38;2;197;206;222m██[38;2;49;44;41m██[38;2;0;0;0m██            
              ██[38;2;49;48;49m████[38;2;142;159;175m██[38;2;0;0;0m██    ██[38;2;49;48;49m██[38;2;197;210;222m██[38;2;102;123;143m██[38;2;197;210;222m██████[38;2;104;124;145m██[38;2;142;159;175m██[38;2;0;0;0m██    ██[38;2;90;93;90m██[38;2;45;48;45m██[38;2;197;210;222m██[38;2;0;0;0m██              
                ██[38;2;142;159;175m████[38;2;0;0;0m██    ██[38;2;49;48;49m██[38;2;197;210;222m██████[38;2;49;48;49m████[38;2;104;124;145m██[38;2;142;159;175m██[38;2;0;0;0m██      [38;2;0;4;0m██[38;2;45;48;45m██[38;2;197;210;222m██[38;2;0;0;0m██              
                ██[38;2;139;161;172m██[38;2;0;0;0m██      ██[38;2;139;157;172m██[38;2;46;52;57m██[38;2;49;48;49m██[38;2;197;214;230m██[38;2;49;48;49m████[38;2;98;111;123m██[38;2;148;165;180m██[38;2;0;0;0m██        ██[38;2;197;210;222m██[38;2;0;0;0m██              
                ██[38;2;139;161;172m██[38;2;0;0;0m██        ██[38;2;139;157;172m██[38;2;49;48;49m██[38;2;148;159;169m██[38;2;139;161;180m██[38;2;109;124;137m██[38;2;148;165;180m██[38;2;0;4;8m██          [38;2;0;0;0m██[38;2;197;210;222m██[38;2;0;0;0m██              
                ██[38;2;139;157;172m██[38;2;0;0;0m██          ████[38;2;106;125;148m██[38;2;98;110;120m██[38;2;148;165;180m██[38;2;0;0;0m██            ██[38;2;197;210;222m██[38;2;0;0;0m██              
                ██[38;2;139;157;172m██[38;2;46;52;57m██[38;2;0;0;0m████          ██[38;2;49;55;60m██[38;2;0;0;0m██            ██[38;2;197;210;222m████[38;2;0;0;0m██              
                  ██[38;2;139;133;131m██[38;2;90;89;86m████[38;2;0;0;0m██      ██[38;2;238;117;139m██[38;2;197;210;222m██[38;2;235;116;134m██[38;2;0;0;0m██    ██████[38;2;49;48;49m██[38;2;197;210;222m██[38;2;0;0;0m██                
                ██[38;2;139;133;131m██[38;2;93;89;87m██[38;2;49;48;49m████[38;2;90;89;86m██[38;2;0;0;0m██    ██[38;2;238;117;139m██[38;2;235;116;134m████[38;2;0;0;0m██  ██[38;2;131;85;65m██[38;2;126;78;60m██[38;2;189;117;90m██[38;2;49;48;49m██[38;2;197;210;222m██[38;2;0;0;0m██                
                ██[38;2;137;134;131m██[38;2;49;48;49m██[38;2;142;159;175m████[38;2;46;52;57m██[38;2;0;0;0m██      ██████    ██[38;2;65;68;71m██[38;2;57;44;41m██[38;2;106;98;98m██[38;2;180;113;90m██[38;2;0;0;0m██                  
                ██[38;2;93;91;90m████[38;2;49;48;49m██[38;2;142;159;175m██[38;2;139;157;172m██[38;2;46;52;57m██[38;2;0;0;0m████        ████[38;2;65;68;71m██[38;2;197;206;213m██[38;2;205;206;213m██[38;2;57;44;41m██[38;2;180;113;90m██[38;2;0;0;0m██                  
          ████  ██[38;2;90;89;86m██████[38;2;49;48;49m██[38;2;139;161;172m████████[38;2;0;4;0m████[38;2;0;0;0m████[38;2;197;210;222m████████[38;2;49;48;49m██[38;2;135;85;65m██[38;2;180;109;90m██[38;2;49;48;49m██[38;2;0;0;0m██                
        ██[38;2;139;133;131m██[38;2;93;89;87m██[38;2;0;0;0m██[38;2;90;89;86m████[38;2;0;0;0m██[38;2;90;89;86m████[38;2;0;0;0m██████[38;2;139;161;172m██[38;2;137;147;159m██[38;2;205;218;238m██[38;2;197;210;222m██████[38;2;0;0;0m██████[38;2;135;85;65m████[38;2;137;89;76m██[38;2;49;48;49m██[38;2;180;113;90m██[38;2;0;0;0m██              
        ██[38;2;90;89;86m████████[38;2;0;0;0m██  ████      ████████████      ████[38;2;131;85;65m████[38;2;180;113;98m████[38;2;0;0;0m██            
          ██[38;2;90;89;86m████[38;2;0;0;0m██                                    ██[38;2;131;85;65m██[38;2;60;40;38m██[38;2;0;4;8m██              
        [38;2;0;0;0m██[38;2;90;89;86m████[38;2;0;0;0m██                                      ██[38;2;131;85;65m██[38;2;180;117;90m██[38;2;0;4;0m██              
          [38;2;0;0;0m████                                          ██[38;2;120;79;60m██[38;2;180;117;90m██[38;2;0;0;0m██            
                                                          ████              
[0m