    [38;2;0;0;0m██████                        
  ██[38;2;140;140;123m████[38;2;65;65;65m██[38;2;0;0;0m██                      
██[38;2;140;140;123m████████[38;2;0;0;0m██          ████        
██[38;2;140;140;123m████[38;2;65;65;65m██[38;2;140;140;123m██[38;2;0;0;0m██        ██[38;2;140;140;123m████[38;2;0;0;0m██      
  ██████[38;2;140;140;123m██[38;2;0;0;0m██  ██████[38;2;65;65;65m██[38;2;140;140;123m██████[38;2;0;0;0m██    
      ██[38;2;65;65;65m██[38;2;140;140;123m██[38;2;0;0;0m██[38;2;247;230;165m████[38;2;65;65;65m██[38;2;140;140;123m██[38;2;65;65;65m██[38;2;140;140;123m████[38;2;0;0;0m██    
        ██[38;2;140;140;123m██[38;2;65;65;65m██████[38;2;140;140;123m████[38;2;65;65;65m████[38;2;0;0;0m██      
      ██[38;2;247;230;165m██[38;2;65;65;65m██[38;2;197;90;74m████[38;2;65;65;65m██[38;2;140;140;123m██[38;2;65;65;65m████[38;2;247;230;165m████[38;2;0;0;0m██    
    ██[38;2;247;230;165m██[38;2;65;65;65m████[38;2;148;90;58m██████[38;2;65;65;65m██[38;2;247;123;74m██[38;2;197;90;74m██[38;2;65;65;65m██[38;2;247;230;165m████[38;2;0;0;0m██  
  ██[38;2;206;189;115m██[38;2;65;65;65m██[38;2;255;255;255m██[38;2;247;123;74m██[38;2;65;65;65m██████[38;2;247;123;74m██████[38;2;197;90;74m██[38;2;65;65;65m██[38;2;247;230;165m██[38;2;206;189;115m██[38;2;0;0;0m██
  ██[38;2;206;189;115m██[38;2;65;65;65m██[38;2;0;0;0m██[38;2;247;123;74m████████[38;2;255;255;255m██[38;2;247;123;74m██████[38;2;65;65;65m██[38;2;206;189;115m████[38;2;0;0;0m██
    ██[38;2;206;189;115m██[38;2;65;65;65m██████[38;2;247;123;74m████[38;2;0;0;0m██[38;2;247;123;74m████[38;2;65;65;65m████[38;2;206;189;115m████[38;2;0;0;0m██
      ██[38;2;148;90;58m██[38;2;197;90;74m██[38;2;148;90;58m██[38;2;65;65;65m██[38;2;247;123;74m████[38;2;197;90;74m██[38;2;65;65;65m████[38;2;206;189;115m████[38;2;0;0;0m██  
    ██[38;2;65;65;65m████[38;2;148;90;58m████[38;2;65;65;65m████████[38;2;206;189;115m██████[38;2;0;0;0m██    
  ██[38;2;140;140;123m████[38;2;197;90;74m██[38;2;65;65;65m████[38;2;247;230;165m██████████[38;2;65;65;65m████[38;2;0;0;0m██    
  ██[38;2;140;140;123m████[38;2;197;90;74m██[38;2;206;189;115m████[38;2;65;65;65m████[38;2;247;230;165m██[38;2;206;189;115m██[38;2;65;65;65m██[38;2;247;123;74m████[38;2;0;0;0m██    
    ████[38;2;247;123;74m██[38;2;247;230;165m██[38;2;65;65;65m██[38;2;140;140;123m████[38;2;65;65;65m████[38;2;247;123;74m██████[38;2;0;0;0m██    
        ████[38;2;65;65;65m██[38;2;140;140;123m████[38;2;65;65;65m██[38;2;247;123;74m██████[38;2;0;0;0m██      
          ██[38;2;115;115;107m██[38;2;65;65;65m██[38;2;0;0;0m██[38;2;206;189;115m██[38;2;197;90;74m████[38;2;65;65;65m██[38;2;0;0;0m██      
            ████  ██[38;2;65;65;65m██[38;2;115;115;107m████[38;2;0;0;0m██      
                  ██[38;2;115;115;107m████[38;2;0;0;0m██        
                    ████          
[0m