        [38;2;0;0;0m██████              ████████                            
      ██[38;2;65;65;65m██[38;2;74;123;164m████[38;2;0;0;0m██        ████[38;2;115;213;255m████[38;2;82;180;255m████[38;2;0;0;0m██                          
      ██[38;2;74;123;164m████████[38;2;0;0;0m██    ██[38;2;82;180;255m██[38;2;115;213;255m████████[38;2;82;180;255m████[38;2;0;0;0m██                        
  ████[38;2;65;65;65m██[38;2;74;123;164m██[38;2;65;65;65m██[38;2;74;123;164m████[38;2;0;0;0m██████[38;2;82;180;255m██████[38;2;115;213;255m████[38;2;82;180;255m██████[38;2;0;0;0m██                        
██[38;2;82;180;255m████[38;2;65;65;65m████[38;2;74;123;164m██[38;2;65;65;65m████[38;2;115;213;255m████[38;2;65;65;65m██[38;2;82;180;255m██████[38;2;65;65;65m████[38;2;82;180;255m██████[38;2;0;0;0m██                        
██[38;2;74;123;164m██[38;2;82;180;255m████[38;2;74;123;164m██[38;2;65;65;65m██[38;2;115;213;255m██████[38;2;82;180;255m████████[38;2;65;65;65m██[38;2;82;180;255m████[38;2;74;123;164m██[38;2;82;180;255m████[38;2;0;0;0m██                        
  ██[38;2;74;123;164m██[38;2;82;180;255m████████████████████[38;2;65;65;65m██[38;2;82;180;255m████████[38;2;0;0;0m██                          
    ██[38;2;82;180;255m██████████[38;2;74;123;164m██[38;2;82;180;255m████[38;2;65;65;65m██[38;2;74;123;164m██[38;2;65;65;65m██[38;2;74;123;164m██[38;2;82;180;255m████[38;2;74;123;164m██[38;2;0;0;0m██                          
      ██[38;2;82;180;255m██████[38;2;74;123;164m██[38;2;82;180;255m████[38;2;65;65;65m██[38;2;255;255;255m██[38;2;74;123;164m████[38;2;65;65;65m██[38;2;0;0;0m██████                            
    ██[38;2;74;123;164m██[38;2;115;213;255m██[38;2;82;180;255m████[38;2;74;123;164m██[38;2;82;180;255m██[38;2;255;255;255m██[38;2;0;0;0m██[38;2;255;255;255m████[38;2;82;180;255m██[38;2;74;123;164m████[38;2;0;0;0m██                              
    ██[38;2;115;213;255m████[38;2;82;180;255m██████[38;2;74;123;164m██[38;2;0;0;0m██[38;2;65;65;65m██[38;2;255;255;255m██[38;2;82;180;255m██████[38;2;74;123;164m██[38;2;0;0;0m██                              
  ██[38;2;115;213;255m██████[38;2;82;180;255m██████[38;2;65;65;65m████[38;2;255;255;255m██[38;2;82;180;255m██████[38;2;74;123;164m████[38;2;0;0;0m██                              
  ██[38;2;115;213;255m████[38;2;82;180;255m██████████████████[38;2;65;65;65m██[38;2;74;123;164m████[38;2;0;0;0m██                              
  ██[38;2;115;213;255m██[38;2;82;180;255m████[38;2;57;82;115m██[38;2;82;180;255m██████████[38;2;65;65;65m████[38;2;205;180;148m██[38;2;74;123;164m██[38;2;0;0;0m██                                
    ██[38;2;74;123;164m██[38;2;82;180;255m██████[38;2;65;65;65m████████[38;2;205;180;148m██████[38;2;74;123;164m██[38;2;65;65;65m██[38;2;0;0;0m██      ████                    
      ████[38;2;74;123;164m████[38;2;205;180;148m████████████[38;2;74;123;164m████[38;2;65;65;65m██[38;2;139;139;131m██[38;2;0;0;0m██  ██[38;2;180;180;180m██[38;2;98;115;131m██[38;2;0;0;0m██                  
          ████████[38;2;205;180;148m██████[38;2;255;230;197m██[38;2;82;180;255m██[38;2;65;65;65m██[38;2;139;139;131m████[38;2;65;65;65m██[38;2;0;0;0m██[38;2;180;180;180m██████[38;2;0;0;0m██                  
                  ██[38;2;255;230;197m██████[38;2;82;180;255m██[38;2;65;65;65m██[38;2;139;139;131m██[38;2;180;180;180m██████████[38;2;65;65;65m██[38;2;139;139;131m██[38;2;0;0;0m██                
                  ██[38;2;255;230;197m██████[38;2;82;180;255m██[38;2;65;65;65m██[38;2;180;180;180m██████[38;2;65;65;65m████[38;2;180;180;180m████[38;2;139;139;131m████[38;2;0;0;0m██████          
              ████[38;2;255;230;197m██████[38;2;82;180;255m████[38;2;65;65;65m██[38;2;98;115;131m██[38;2;180;180;180m██[38;2;65;65;65m██[38;2;180;180;180m████[38;2;65;65;65m██[38;2;180;180;180m████[38;2;139;139;131m██[38;2;65;65;65m██[38;2;139;139;131m██[38;2;98;115;131m██[38;2;0;0;0m██        
            ██[38;2;180;180;180m██[38;2;65;65;65m██[38;2;255;230;197m██████[38;2;82;180;255m████[38;2;65;65;65m██[38;2;180;180;180m██[38;2;98;115;131m██[38;2;180;180;180m██████[38;2;65;65;65m██[38;2;180;180;180m██████[38;2;139;139;131m██████[38;2;0;0;0m██        
            ██[38;2;65;65;65m██[38;2;255;230;197m████████[38;2;82;180;255m██████[38;2;65;65;65m██[38;2;180;180;180m██[38;2;98;115;131m████[38;2;180;180;180m████████[38;2;139;139;131m██████[38;2;0;0;0m██          
          ██[38;2;139;139;131m██[38;2;65;65;65m██[38;2;255;230;197m████████[38;2;82;180;255m██████[38;2;65;65;65m████[38;2;180;180;180m████[38;2;98;115;131m██[38;2;180;180;180m██████[38;2;139;139;131m████[38;2;0;0;0m██            
          ██[38;2;139;139;131m██[38;2;65;65;65m██[38;2;255;230;197m████████[38;2;82;180;255m████████[38;2;65;65;65m████[38;2;180;180;180m████[38;2;98;115;131m██[38;2;180;180;180m██[38;2;139;139;131m██████[38;2;65;65;65m██[38;2;0;0;0m██          
          ██[38;2;65;65;65m██[38;2;255;230;197m██████████[38;2;82;180;255m██████[38;2;57;115;189m██[38;2;82;180;255m██[38;2;65;65;65m████[38;2;180;180;180m██[38;2;65;65;65m██[38;2;139;139;131m██████[38;2;65;65;65m██[38;2;139;139;131m██[38;2;0;0;0m██          
            ██[38;2;255;230;197m████████████[38;2;82;180;255m████[38;2;57;115;189m████[38;2;82;180;255m██[38;2;65;65;65m██[38;2;180;180;180m████[38;2;65;65;65m██████[38;2;139;139;131m██[38;2;0;0;0m██            
            ██[38;2;255;230;197m████████████[38;2;82;180;255m████[38;2;57;115;189m████[38;2;82;180;255m████[38;2;65;65;65m████[38;2;139;139;131m██████[38;2;65;65;65m████[38;2;0;0;0m██          
            ██[38;2;255;230;197m████████████[38;2;82;180;255m██████[38;2;57;115;189m██[38;2;82;180;255m████[38;2;74;123;164m████[38;2;65;65;65m██████[38;2;74;123;164m██████[38;2;0;0;0m████      
          ██[38;2;65;65;65m████[38;2;255;230;197m████████████[38;2;82;180;255m████████[38;2;74;123;164m██████████████████████[38;2;0;0;0m██    
    ██████[38;2;74;123;164m████[38;2;65;65;65m██[38;2;255;230;197m██████████████[38;2;82;180;255m████[38;2;74;123;164m██████████[38;2;65;65;65m██[38;2;205;180;148m████[38;2;0;0;0m████████      
  ██[38;2;82;180;255m████[38;2;74;123;164m████████[38;2;65;65;65m██[38;2;255;230;197m██████████[38;2;205;180;148m████[38;2;74;123;164m████████[38;2;65;65;65m████████[38;2;0;0;0m██              
██[38;2;82;180;255m██[38;2;74;123;164m████████████[38;2;205;180;148m████[38;2;0;0;0m██[38;2;205;180;148m████████████[38;2;65;65;65m██[38;2;74;123;164m██████[38;2;82;180;255m████████[38;2;0;0;0m████████████  
  ████[38;2;205;180;148m██████████[38;2;0;0;0m████  ████████████[38;2;255;230;197m██[38;2;74;123;164m████[38;2;82;180;255m██████████████████████[38;2;0;0;0m██
      ██████████                  ██[38;2;255;230;197m████[38;2;74;123;164m████████████[38;2;82;180;255m██████[38;2;0;0;0m████  
                                    ████[38;2;255;230;197m████████████[38;2;0;0;0m██████      
                                        ████████████            
[0m