          [38;2;0;0;0m██                                                                              
        ██[38;2;172;174;172m██[38;2;0;0;0m██              ██                                                            
        ██[38;2;148;153;156m██[38;2;172;174;172m██[38;2;0;0;0m██          ██[38;2;213;222;222m██[38;2;0;0;0m██                                                          
      ██[38;2;148;153;156m████[38;2;172;174;172m██[38;2;0;0;0m██        ██[38;2;222;222;222m██[38;2;142;148;148m██[38;2;0;0;0m██      ██                                                  
      ██[38;2;169;175;169m████[38;2;172;178;172m██[38;2;8;4;8m██        [38;2;8;8;8m██[38;2;161;161;161m██[38;2;134;145;148m██[38;2;169;174;172m██[38;2;0;0;0m██  ██[38;2;74;121;164m██[38;2;0;0;0m██                                            ████
      ██[38;2;169;175;169m██[38;2;65;64;65m██[38;2;63;62;63m████[38;2;0;0;0m████  ██[38;2;238;238;238m██[38;2;161;161;161m██[38;2;134;145;148m██[38;2;169;174;172m██[38;2;0;0;0m██  ██[38;2;74;121;164m██[38;2;0;0;0m██                                        ████[38;2;74;121;164m██[38;2;0;0;0m██
    [38;2;8;0;0m██[38;2;46;62;79m██[38;2;32;60;90m██[38;2;148;187;200m██[38;2;82;178;255m██[38;2;57;93;127m██[38;2;57;94;126m██[38;2;123;178;213m██[38;2;0;0;0m██[38;2;74;74;71m██[38;2;222;222;222m██[38;2;168;174;172m██[38;2;172;174;172m████[38;2;0;0;0m██  ██[38;2;74;121;164m██[38;2;0;0;0m██                                    ████[38;2;74;121;164m██[38;2;84;124;159m██[38;2;8;0;0m██  
    ██[38;2;84;124;159m██[38;2;205;250;255m██[38;2;90;124;145m██[38;2;82;178;255m████[38;2;123;178;213m██[38;2;57;94;126m██[38;2;74;74;71m██[38;2;222;222;213m██[38;2;168;174;172m████[38;2;172;174;172m██[38;2;0;0;0m██    ██[38;2;74;121;164m██[38;2;0;0;0m██                                ████[38;2;82;178;255m██[38;2;74;121;164m████[38;2;46;62;79m██[38;2;8;0;0m██  
  [38;2;0;0;0m██[38;2;74;121;164m██[38;2;255;255;255m██████[38;2;74;121;168m██[38;2;82;178;255m██████[38;2;65;64;65m██[38;2;222;226;222m██[38;2;169;175;172m████[38;2;172;174;172m██[38;2;0;0;0m██    ██[38;2;74;121;164m████[38;2;0;0;0m██                          ██[38;2;8;0;0m██[38;2;90;182;255m██[38;2;74;124;167m████[38;2;74;121;164m████[38;2;79;124;164m████[38;2;0;0;0m██
  ██[38;2;255;255;255m██████[38;2;74;121;164m██[38;2;82;178;255m████[38;2;74;121;160m██[38;2;65;64;65m██[38;2;222;226;222m██[38;2;169;172;169m██[38;2;169;175;172m████[38;2;0;0;0m██      ██[38;2;74;121;164m████[38;2;0;0;0m██                      ████[38;2;82;178;255m██[38;2;90;182;255m██[38;2;63;121;169m██[38;2;74;124;167m████[38;2;74;121;164m██[38;2;65;64;65m██[38;2;43;62;82m██[38;2;8;0;0m██  
[38;2;0;0;0m██[38;2;60;121;169m██[38;2;238;255;255m██[38;2;57;125;180m██[38;2;112;141;189m██[38;2;65;174;246m██[38;2;255;234;230m██[38;2;152;117;115m██[38;2;246;255;255m██[38;2;41;60;82m██[38;2;169;175;172m████[38;2;169;175;169m████[38;2;71;78;84m██[38;2;0;4;16m██    [38;2;0;0;0m██[38;2;74;121;164m████[38;2;0;0;0m██                  ████[38;2;82;178;255m████[38;2;74;121;168m██[38;2;74;124;167m████[38;2;74;125;172m██[38;2;49;84;115m██[38;2;74;121;164m████[38;2;0;0;0m██    
██[38;2;90;182;255m██[38;2;57;125;180m██[38;2;117;168;205m██[38;2;65;174;246m██[38;2;205;76;74m██[38;2;49;0;0m██[38;2;152;117;115m██[38;2;246;255;255m██[38;2;109;125;139m██[38;2;169;175;172m████[38;2;169;175;169m██[38;2;65;64;65m██[38;2;213;226;222m██[38;2;71;78;84m██[38;2;0;0;0m██  ██[38;2;74;121;164m████[38;2;0;0;0m██              ████[38;2;82;178;255m██████[38;2;74;121;168m████[38;2;74;124;167m████[38;2;74;125;172m██[38;2;0;4;0m██[38;2;0;0;0m████      
██[38;2;90;182;255m██[38;2;82;178;255m████████[38;2;74;122;167m██████[38;2;172;174;172m██[38;2;169;175;172m████[38;2;169;172;169m██[38;2;65;64;65m██[38;2;222;223;219m████[38;2;71;84;101m██[38;2;0;12;32m██[38;2;65;64;65m██[38;2;74;123;160m██[38;2;74;121;164m████[38;2;0;0;0m██        ████[38;2;82;178;255m██████[38;2;74;124;167m████████[38;2;74;121;164m██[38;2;0;0;0m████            
██[38;2;45;91;127m██[38;2;82;178;255m██[38;2;74;121;168m██████[38;2;172;174;172m████████[38;2;169;175;172m████[38;2;65;64;65m██[38;2;222;226;222m██[38;2;222;223;219m████[38;2;213;230;238m██[38;2;71;84;101m██[38;2;82;182;255m██[38;2;65;64;65m██████[38;2;0;0;0m██    ████[38;2;82;178;255m██████[38;2;74;121;168m████[38;2;74;124;167m████████[38;2;0;0;0m██                
  ██████[38;2;172;174;172m████████████[38;2;169;175;172m████████[38;2;168;174;172m██[38;2;222;222;222m██[38;2;222;222;216m████[38;2;57;93;123m████[38;2;82;178;255m████[38;2;38;63;84m██[38;2;16;4;0m██[38;2;0;0;0m██[38;2;82;178;255m██████[38;2;74;124;167m████████[38;2;74;121;164m████[38;2;57;95;127m██[38;2;0;0;0m██                  
        ████████████[38;2;169;175;172m████████[38;2;168;174;172m████[38;2;172;174;172m██[38;2;222;222;216m██[38;2;222;222;222m████[38;2;57;93;127m████[38;2;82;182;255m████[38;2;82;178;255m████[38;2;74;121;168m████[38;2;74;124;167m████████[38;2;74;121;164m██[38;2;0;0;0m████                    
                    ████[38;2;172;174;172m████[38;2;169;175;172m████████[38;2;222;222;216m████[38;2;222;223;219m████[38;2;57;93;123m████[38;2;82;178;255m██████[38;2;74;121;168m██[38;2;74;124;167m████[38;2;74;125;172m████[38;2;0;0;0m██                        
                        ██[38;2;172;174;172m██[38;2;169;175;172m████████[38;2;172;174;172m████[38;2;222;223;219m████[38;2;222;222;222m████[38;2;57;93;127m████[38;2;82;178;255m████[38;2;74;124;167m████[38;2;49;84;115m██[38;2;0;4;0m██                          
                          [38;2;0;0;0m██[38;2;169;175;172m████████████[38;2;169;172;169m██[38;2;222;226;222m██[38;2;79;90;106m████[38;2;222;222;222m████[38;2;49;97;139m██[38;2;123;163;193m██[38;2;82;178;255m██[38;2;74;121;168m██[38;2;0;0;0m██                            
                        ██[38;2;172;174;172m██[38;2;82;89;106m██[38;2;169;175;172m██████████[38;2;169;172;169m██[38;2;65;64;65m██[38;2;222;222;222m████[38;2;79;90;106m████[38;2;197;230;246m██[38;2;49;97;139m██[38;2;74;121;168m██[38;2;82;178;255m██[38;2;65;64;65m██[38;2;0;0;0m██████                      
                        [38;2;0;0;8m██[38;2;172;174;172m██[38;2;86;87;90m██[38;2;172;174;172m██████████[38;2;169;175;169m██[38;2;65;64;65m██[38;2;222;222;222m████[38;2;222;222;216m████[38;2;74;93;106m██[38;2;213;230;222m██[38;2;57;93;131m██[38;2;90;125;153m██[38;2;74;124;167m████████[38;2;0;0;0m██████                
                  ██████[38;2;172;174;172m██[38;2;86;87;90m██[38;2;0;0;8m██[38;2;172;174;172m██[38;2;57;95;128m██████[38;2;172;174;172m██[38;2;169;175;169m████[38;2;65;64;65m██[38;2;222;222;222m██[38;2;172;174;172m████[38;2;74;93;106m██[38;2;167;184;183m██[38;2;156;190;197m██[38;2;57;93;131m██[38;2;74;124;167m████████[38;2;74;121;164m████[38;2;0;0;0m██                
              ██[38;2;0;4;8m██[38;2;104;120;134m██[38;2;169;174;172m██[38;2;134;145;148m██[38;2;172;174;172m██[38;2;0;0;0m██  ██[38;2;74;124;167m████[38;2;74;122;167m██[38;2;57;93;123m██[38;2;57;97;131m██[38;2;164;174;180m██[38;2;164;174;172m██[38;2;49;60;74m██[38;2;65;64;65m██[38;2;222;226;222m██[38;2;205;222;230m██[38;2;57;76;98m██[38;2;68;94;117m██[38;2;71;124;169m██[38;2;74;121;164m██[38;2;65;64;65m██[38;2;74;124;167m████[38;2;74;121;164m██[38;2;0;0;0m██                  
            ██[38;2;164;190;189m██[38;2;52;62;71m██[38;2;156;178;197m██[38;2;134;145;148m██[38;2;169;174;172m██[38;2;0;0;0m██    ██[38;2;74;124;167m████[38;2;74;122;167m████[38;2;93;122;148m██[38;2;57;97;131m██[38;2;87;98;106m██[38;2;164;174;172m██[38;2;169;172;169m██[38;2;65;64;65m██[38;2;57;76;98m██[38;2;106;125;142m██[38;2;65;64;65m██[38;2;71;124;169m██[38;2;74;121;164m██[38;2;65;64;65m██[38;2;74;124;167m████[38;2;0;0;0m██                    
              ██[38;2;164;190;189m██[38;2;54;63;63m██[38;2;0;0;0m████        ██[38;2;74;121;164m██[38;2;255;97;57m████[38;2;74;122;167m████[38;2;74;121;164m████[38;2;65;64;65m██[38;2;82;178;255m██[38;2;82;180;254m████[38;2;65;64;65m██[38;2;74;121;164m████[38;2;65;64;65m██[38;2;74;121;164m██████[38;2;0;0;0m██                  
                ████              ██[38;2;74;121;164m████[38;2;189;60;90m████[38;2;74;121;164m██[38;2;65;64;65m██[38;2;82;178;255m████[38;2;82;180;254m████[38;2;65;64;65m██[38;2;74;121;164m██[38;2;65;64;65m██[38;2;74;121;164m████[38;2;65;64;65m██[38;2;0;0;0m██                    
                                    ████[38;2;131;91;126m████[38;2;84;124;159m██[38;2;46;62;79m██[38;2;238;255;255m██[38;2;57;125;180m██[38;2;82;182;255m██[38;2;38;63;84m██[38;2;74;121;164m██[38;2;0;0;0m████[38;2;65;64;65m██[38;2;74;121;164m████[38;2;0;0;0m██                    
                                        ████[38;2;8;0;0m████[38;2;57;125;180m██[38;2;117;168;205m██[38;2;82;182;255m██[38;2;16;4;0m██[38;2;0;0;0m██    ████[38;2;74;121;164m████[38;2;0;0;0m██                  
                                                ██[38;2;255;255;255m██[38;2;0;0;0m██            ██████                  
                                                  ██                                      
[0m