                  [38;2;0;0;0m██████                                    
              ████[38;2;246;138;161m████[38;2;246;137;164m██[38;2;0;0;0m████                                
            ██[38;2;255;178;197m████[38;2;246;138;161m████[38;2;246;137;164m████[38;2;197;93;106m██[38;2;0;0;0m██                              
          ██[38;2;246;137;164m██[38;2;246;138;161m████[38;2;246;137;164m████[38;2;65;64;65m██[38;2;197;93;106m████[38;2;0;0;0m██                              
          ██[38;2;246;137;164m██[38;2;246;138;161m████[38;2;246;137;164m██[38;2;65;64;65m██[38;2;197;93;106m████[38;2;0;0;0m██                                
          ██[38;2;246;137;164m██[38;2;246;138;161m████████[38;2;82;52;60m██[38;2;0;8;8m██                                  
            [38;2;0;0;0m██[38;2;246;138;161m████████[38;2;246;141;164m████[38;2;0;0;0m██████                            
              [38;2;8;0;0m██[38;2;172;113;126m██[38;2;246;139;160m████[38;2;246;138;161m████████[38;2;246;137;164m██[38;2;0;0;0m████                        
            ██[38;2;255;170;189m████[38;2;255;178;197m██[38;2;246;139;160m██[38;2;246;138;161m████████[38;2;246;137;164m██████[38;2;0;0;0m██                      
          [38;2;16;0;0m██[38;2;255;214;230m██[38;2;254;176;200m████[38;2;255;178;197m██████[38;2;246;139;160m██[38;2;246;138;161m████████████[38;2;0;0;0m██                    
        ██[38;2;255;214;230m██[38;2;175;143;153m██[38;2;254;176;200m████[38;2;255;178;197m██[38;2;246;139;160m██████[38;2;246;138;161m████████████[38;2;246;137;164m██[38;2;0;0;0m██                  
        ████[38;2;246;137;164m██[38;2;246;138;161m████████████[38;2;0;0;0m██[38;2;255;250;246m██[38;2;246;138;161m████████[38;2;246;137;164m██[38;2;0;0;0m██                  
        ██[38;2;246;137;164m████[38;2;246;138;161m████████████[38;2;84;83;82m██[38;2;0;0;0m██[38;2;246;138;161m████████[38;2;246;137;164m██[38;2;0;0;0m██                  
          [38;2;8;0;0m██[38;2;255;137;156m██[38;2;156;64;74m██████[38;2;255;149;156m██[38;2;246;137;164m████[38;2;246;138;161m████[38;2;246;137;164m██[38;2;65;64;65m██[38;2;246;137;164m████[38;2;197;93;106m██[38;2;0;0;0m██                  
          [38;2;8;0;0m██[38;2;131;68;78m██[38;2;255;161;148m████[38;2;255;149;156m██[38;2;156;64;74m██████[38;2;246;138;161m████[38;2;65;64;65m██[38;2;246;137;164m██[38;2;197;94;104m████[38;2;0;0;0m██                    
        ██[38;2;255;161;148m████[38;2;205;105;65m██[38;2;255;161;148m██[38;2;254;161;150m████[38;2;255;153;139m██[38;2;194;122;109m██[38;2;159;63;74m████[38;2;65;64;65m██[38;2;197;93;106m██[38;2;197;95;104m████[38;2;172;91;109m██[38;2;8;0;0m██                  
      [38;2;0;0;0m██[38;2;255;161;148m████[38;2;156;64;74m██[38;2;255;161;148m████[38;2;254;161;150m████[38;2;255;153;139m██[38;2;74;60;49m██[38;2;197;93;106m██████[38;2;65;64;65m██[38;2;197;95;104m████[38;2;255;137;164m████[38;2;0;0;0m██  ██████        
    ██[38;2;255;161;148m████[38;2;156;64;74m██[38;2;255;161;148m██[38;2;254;161;150m████████[38;2;161;128;112m██[38;2;74;60;57m██[38;2;197;93;106m████[38;2;183;175;175m██[38;2;222;97;115m██[38;2;246;138;161m████[38;2;246;137;164m████[38;2;255;137;164m██[38;2;16;0;0m██[38;2;180;72;90m██[38;2;255;242;255m██[38;2;131;68;78m██[38;2;8;0;0m██      
  [38;2;0;0;0m██[38;2;255;161;148m████[38;2;205;105;65m██[38;2;255;161;148m████[38;2;254;161;150m████████[38;2;74;60;57m██[38;2;205;161;139m██[38;2;169;174;172m████[38;2;183;175;175m██[38;2;202;136;145m██[38;2;246;138;161m████[38;2;246;137;164m██[38;2;156;64;74m██[38;2;135;68;82m██[38;2;255;137;164m██[38;2;217;157;172m██[38;2;180;72;90m██[38;2;255;137;156m██[38;2;8;0;0m██      
  [38;2;0;0;0m██[38;2;255;182;172m██[38;2;255;161;148m██[38;2;205;105;65m██[38;2;254;161;150m████████[38;2;255;153;139m██[38;2;194;122;109m██[38;2;74;72;74m██[38;2;164;163;164m██[38;2;169;175;172m██[38;2;255;255;255m██[38;2;255;178;205m██[38;2;246;140;161m██[38;2;246;138;161m████████████████[38;2;246;137;164m██[38;2;0;0;0m██      
██[38;2;255;182;172m████[38;2;255;161;148m████[38;2;254;161;150m████████[38;2;255;153;139m██[38;2;74;60;49m██[38;2;164;163;164m██[38;2;255;255;255m██████[38;2;246;140;161m████[38;2;246;138;161m████████████████[38;2;0;0;0m██        
██[38;2;254;161;150m████████████[38;2;255;161;148m████[38;2;191;110;106m██[38;2;65;64;57m██[38;2;255;255;255m██████████[38;2;249;138;161m██[38;2;246;138;161m████████[38;2;246;137;164m██[38;2;156;64;74m██[38;2;153;76;87m██[38;2;65;60;65m██[38;2;197;93;106m██[38;2;0;0;0m████    
██[38;2;254;161;150m████████████[38;2;255;161;148m██[38;2;205;105;65m██[38;2;65;64;57m██[38;2;255;133;131m██[38;2;249;138;161m████[38;2;254;176;205m██[38;2;255;255;255m██████[38;2;246;138;161m████████[38;2;246;137;164m████[38;2;65;60;65m██[38;2;197;85;98m██[38;2;197;93;106m██████[38;2;0;0;0m██  
  ██[38;2;255;161;148m██████[38;2;255;145;115m██[38;2;194;116;93m██[38;2;191;110;106m██[38;2;65;64;57m██[38;2;255;206;65m████[38;2;246;139;160m████████[38;2;246;138;161m████████████[38;2;246;137;164m██[38;2;197;94;104m██[38;2;65;64;65m██[38;2;197;93;106m██[38;2;197;95;104m████[38;2;197;93;106m████[38;2;0;0;0m██
    ██[38;2;205;105;65m████[38;2;194;116;93m██[38;2;74;56;49m██[38;2;65;64;57m██[38;2;255;133;131m██[38;2;246;139;160m██████[38;2;255;206;65m████[38;2;246;139;160m██[38;2;246;138;161m████████████[38;2;197;94;104m████[38;2;65;64;65m██[38;2;197;93;106m██[38;2;197;95;104m████[38;2;65;64;65m██[38;2;197;93;106m██[38;2;0;0;0m██
      ██[38;2;65;64;65m██[38;2;74;52;74m██[38;2;161;130;74m██[38;2;222;133;109m██[38;2;255;206;82m██[38;2;255;206;65m████[38;2;255;206;82m██[38;2;222;133;109m██[38;2;246;137;164m████[38;2;246;125;164m████[38;2;246;137;164m████[38;2;197;95;104m████[38;2;197;93;106m██[38;2;65;64;65m██[38;2;197;95;104m████[38;2;197;93;106m██[38;2;0;0;0m██████  
        ██[38;2;205;170;74m████[38;2;205;97;123m████[38;2;200;95;104m████[38;2;205;97;123m████[38;2;191;180;65m████[38;2;186;155;60m██[38;2;216;140;112m██[38;2;197;94;104m████[38;2;197;95;104m████[38;2;197;93;106m██[38;2;65;64;65m██[38;2;197;95;104m████[38;2;0;0;0m██        
          ████[38;2;197;149;74m████[38;2;191;179;63m██████████[38;2;197;93;106m██[38;2;197;95;104m████████[38;2;197;93;106m████[38;2;94;52;53m██[38;2;189;101;106m██[38;2;0;0;0m████          
              ██[38;2;197;149;74m██[38;2;197;93;106m████████████[38;2;197;95;104m████████[38;2;197;93;106m██[38;2;0;0;0m██[38;2;0;4;0m████              
            [38;2;0;0;0m██[38;2;172;174;172m████[38;2;142;64;71m██[38;2;213;97;106m██[38;2;0;0;0m██████[38;2;197;93;106m██[38;2;189;113;120m██[38;2;164;56;65m████[38;2;189;113;120m██[38;2;0;0;0m██                    
              ████████      ██[38;2;164;56;65m██[38;2;238;226;230m████[38;2;164;56;65m██[38;2;0;0;0m██                    
                              ████████                      
[0m