              [38;2;0;0;0m██████                                    
            ██[38;2;255;242;139m██████[38;2;0;0;0m████                                
              ██[38;2;148;56;49m████[38;2;255;242;139m██[38;2;164;151;106m██[38;2;0;0;8m██                [38;2;0;0;0m██████        
                ██[38;2;148;56;49m████[38;2;246;226;156m██[38;2;164;151;106m██[38;2;0;0;0m██          ████[38;2;255;242;139m██████[38;2;0;0;0m████    
                ██[38;2;148;56;49m████[38;2;189;178;82m██[38;2;172;137;76m██[38;2;0;0;0m██        ██[38;2;255;242;139m████[38;2;148;56;49m████[38;2;164;60;49m██[38;2;255;242;139m██[38;2;255;238;139m██[38;2;24;0;0m██  
                  [38;2;0;0;0m██[38;2;148;56;49m██[38;2;139;56;65m██[38;2;189;178;82m██[38;2;156;137;131m██[38;2;0;0;0m██    ██[38;2;255;242;139m██[38;2;148;56;49m████[38;2;205;64;57m████[38;2;164;60;49m████[38;2;101;79;46m██[38;2;255;238;139m██[38;2;0;0;0m██
                  ██[38;2;148;56;49m██[38;2;90;60;57m████[38;2;84;84;84m██[38;2;0;0;0m██  ██[38;2;255;242;139m██[38;2;148;56;49m████[38;2;205;64;57m██████████[38;2;0;0;0m████  
                    ██[38;2;90;60;57m██[38;2;255;255;255m████[38;2;84;84;84m██[38;2;0;0;0m██[38;2;65;64;65m██[38;2;148;56;49m██████[38;2;205;64;57m████[38;2;0;0;0m██████      
              ██████  ██[38;2;169;169;169m██[38;2;172;176;172m██[38;2;213;215;213m██[38;2;65;64;65m██[38;2;255;242;139m██[38;2;148;56;49m████[38;2;148;68;65m██[38;2;0;12;16m██[38;2;0;0;0m██            
            ██[38;2;169;169;169m██[38;2;255;255;255m██[38;2;172;174;172m██[38;2;0;0;0m██[38;2;169;169;169m██[38;2;255;255;255m████[38;2;172;176;172m██[38;2;65;64;65m████[38;2;148;56;49m██[38;2;65;64;65m██[38;2;74;40;41m██                
            [38;2;0;0;0m██[38;2;255;255;255m████████████████[38;2;169;175;172m████[38;2;74;72;74m██[38;2;164;163;164m██[38;2;230;230;222m██[38;2;8;8;8m██              
          [38;2;0;0;0m██[38;2;255;242;139m██[38;2;65;64;65m████[38;2;255;255;255m██[38;2;65;64;65m████████[38;2;255;255;255m████[38;2;169;175;172m██[38;2;255;255;255m██[38;2;164;163;164m██[38;2;156;156;150m██[38;2;230;230;222m██[38;2;0;0;0m██            
          ██[38;2;255;242;139m██[38;2;139;116;112m██[38;2;255;242;139m██[38;2;74;64;82m██[38;2;255;222;115m██[38;2;246;222;106m██[38;2;137;114;112m██[38;2;255;238;139m██[38;2;74;60;74m██[38;2;65;64;65m██[38;2;255;246;197m██[38;2;255;255;255m████[38;2;156;156;150m██[38;2;230;230;222m██[38;2;0;0;0m██            
          ██[38;2;255;242;139m██[38;2;139;116;112m██[38;2;255;242;139m██[38;2;134;117;93m██[38;2;255;222;115m██[38;2;246;222;106m██[38;2;137;114;112m██[38;2;255;238;139m██[38;2;134;120;95m██[38;2;255;246;197m██[38;2;65;64;65m██[38;2;255;255;255m██[38;2;169;175;172m██[38;2;230;230;222m██[38;2;8;8;8m██              
        [38;2;0;0;0m██[38;2;169;175;169m██[38;2;65;64;65m██[38;2;255;206;148m██[38;2;156;97;106m██[38;2;246;222;106m██[38;2;176;155;78m██[38;2;175;153;104m██[38;2;139;117;106m██[38;2;255;242;139m██[38;2;139;116;112m██[38;2;255;230;123m██[38;2;74;60;82m██[38;2;222;226;222m██[38;2;169;172;169m██[38;2;230;230;222m██[38;2;8;8;8m██              
        [38;2;0;0;0m██[38;2;169;175;169m██[38;2;65;64;65m██[38;2;255;206;148m██[38;2;189;133;120m██[38;2;246;222;106m████[38;2;246;226;98m██[38;2;139;117;106m██[38;2;139;116;112m██[38;2;255;242;139m██[38;2;134;117;95m██[38;2;255;230;123m██[38;2;65;64;65m██[38;2;222;226;222m██[38;2;156;156;150m██[38;2;230;230;222m██[38;2;0;0;0m██            
          ██[38;2;65;64;65m██[38;2;205;105;115m██[38;2;255;255;255m██[38;2;249;223;109m████[38;2;249;230;120m████[38;2;183;109;112m████[38;2;249;222;109m████[38;2;65;64;65m██[38;2;222;222;222m██[38;2;222;222;216m██[38;2;172;174;172m██[38;2;222;222;222m██[38;2;0;0;0m██          
            ██[38;2;205;105;115m██[38;2;255;255;255m██[38;2;249;223;109m████[38;2;249;230;120m██[38;2;255;182;164m██[38;2;255;255;255m██[38;2;183;109;112m██[38;2;252;238;137m██[38;2;249;222;109m██[38;2;65;64;65m██[38;2;222;222;222m██[38;2;222;222;216m██[38;2;172;174;172m██[38;2;222;222;222m██[38;2;0;0;0m██          
            ██[38;2;197;145;82m████[38;2;65;145;156m██[38;2;246;194;74m██[38;2;255;214;139m████[38;2;255;255;246m██[38;2;211;103;109m██[38;2;255;242;131m██[38;2;230;214;112m██[38;2;65;64;65m██[38;2;222;222;222m██[38;2;172;174;172m██[38;2;0;0;0m████            
              ██[38;2;197;145;82m██[38;2;186;178;101m████[38;2;178;157;79m██[38;2;255;214;139m██[38;2;211;103;109m██[38;2;233;179;178m██[38;2;255;242;131m██[38;2;180;157;74m██[38;2;65;64;65m██[38;2;222;222;222m██[38;2;0;0;0m██                
                [38;2;86;76;49m██[38;2;191;132;98m████[38;2;178;157;79m████[38;2;255;242;131m████[38;2;180;157;82m██[38;2;0;0;0m██[38;2;222;222;222m████[38;2;213;222;222m██[38;2;0;0;0m██              
      ██████  [38;2;0;0;8m██[38;2;172;153;90m██[38;2;65;64;65m████[38;2;178;157;79m████[38;2;164;153;94m██[38;2;74;64;57m██[38;2;0;0;0m██  ██[38;2;222;222;222m██[38;2;142;148;148m██[38;2;0;0;0m██              
  ████[38;2;180;156;82m████[38;2;156;133;98m██[38;2;0;0;8m██[38;2;86;76;45m██[38;2;172;153;82m██[38;2;180;156;82m████[38;2;65;64;65m████[38;2;90;76;41m██[38;2;128;128;109m██[38;2;169;151;82m██[38;2;0;0;16m██[38;2;82;74;53m████[38;2;0;0;0m██                
██[38;2;180;157;82m████[38;2;65;64;65m██[38;2;180;156;82m██[38;2;156;133;98m██[38;2;78;66;53m██[38;2;172;153;82m██[38;2;0;0;8m██[38;2;180;156;82m██[38;2;65;64;65m██[38;2;164;222;255m████[38;2;205;230;246m██[38;2;167;179;178m██[38;2;84;75;49m██[38;2;255;226;115m██[38;2;164;149;90m██[38;2;0;0;16m██                  
  [38;2;0;0;0m██[38;2;65;64;65m██[38;2;180;157;82m████[38;2;139;113;115m██[38;2;0;0;0m████  [38;2;0;8;8m██[38;2;60;60;65m██[38;2;164;134;123m██[38;2;213;161;148m██[38;2;246;218;98m██[38;2;65;64;65m██[38;2;246;222;106m████[38;2;246;214;98m██[38;2;186;163;84m██[38;2;0;0;0m██                
      ██████    ██[38;2;60;60;65m██[38;2;180;165;180m██[38;2;65;80;74m██[38;2;164;134;123m██[38;2;186;167;87m██[38;2;65;64;65m██[38;2;176;155;78m██[38;2;246;222;106m██[38;2;65;60;57m██[38;2;186;163;84m██[38;2;65;64;65m██[38;2;0;0;0m██              
              [38;2;41;0;0m██[38;2;148;107;65m██[38;2;164;60;49m██[38;2;255;255;255m████[38;2;106;60;57m██[38;2;65;64;65m████[38;2;186;167;87m██[38;2;65;64;65m██[38;2;246;222;106m██[38;2;65;64;65m██[38;2;128;79;57m██[38;2;205;165;57m██[38;2;0;0;0m██            
            ██[38;2;148;107;65m██[38;2;255;214;131m██[38;2;164;60;49m████[38;2;106;60;57m██[38;2;255;255;255m██████[38;2;65;64;65m██[38;2;246;218;98m██[38;2;246;222;106m████[38;2;90;36;57m██[38;2;128;79;57m██[38;2;0;0;0m██            
            ██[38;2;255;222;123m██[38;2;161;93;74m██[38;2;65;64;65m████[38;2;205;64;57m██[38;2;159;64;60m██[38;2;164;60;49m████[38;2;74;52;57m██[38;2;255;194;98m██[38;2;134;117;93m██[38;2;255;222;115m██[38;2;82;44;57m██[38;2;120;87;60m██[38;2;213;170;74m██[38;2;8;0;0m██          
          [38;2;0;0;0m██[38;2;148;56;49m██[38;2;161;93;74m██[38;2;115;28;49m██[38;2;255;242;139m████[38;2;65;64;65m██[38;2;205;64;57m██[38;2;255;242;139m██[38;2;164;60;49m██[38;2;164;123;78m██[38;2;74;52;57m██[38;2;255;222;115m██[38;2;74;64;82m██[38;2;197;174;65m████[38;2;111;85;37m██[38;2;8;0;0m██          
          [38;2;0;0;0m██[38;2;74;74;71m██[38;2;65;64;65m██[38;2;191;180;65m██[38;2;65;64;65m██[38;2;98;103;101m██[38;2;255;242;139m██[38;2;65;64;65m██[38;2;205;64;57m██[38;2;255;242;139m██████[38;2;65;64;65m██[38;2;148;56;49m██████[38;2;74;74;71m██[38;2;0;0;0m██          
          ██[38;2;222;222;213m██[38;2;65;64;65m██[38;2;191;180;65m██[38;2;65;64;65m██[38;2;98;103;101m██[38;2;255;242;139m██[38;2;65;64;65m██[38;2;205;64;57m████████[38;2;148;56;49m██[38;2;65;64;65m██████[38;2;222;222;213m██[38;2;0;0;0m██          
          ██[38;2;222;222;222m██[38;2;131;117;115m██[38;2;82;64;65m██[38;2;191;180;95m██[38;2;255;238;115m██[38;2;65;64;65m██████████████[38;2;222;222;222m██████[38;2;0;0;0m██            
            ██[38;2;131;117;115m██[38;2;230;222;213m██[38;2;65;64;57m████[38;2;65;64;65m██[38;2;255;255;255m██[38;2;139;115;111m████[38;2;255;255;255m████[38;2;222;222;222m████[38;2;139;114;112m████[38;2;0;0;0m██            
            ██[38;2;222;222;213m██[38;2;74;74;71m██[38;2;0;0;0m██[38;2;180;157;82m██[38;2;65;64;65m████[38;2;246;242;246m████[38;2;139;114;112m████[38;2;127;113;111m████[38;2;222;222;222m██[38;2;0;0;0m██              
              ████  ██[38;2;180;156;82m██[38;2;65;64;65m██[38;2;0;0;0m██[38;2;246;242;246m██[38;2;222;222;222m████[38;2;238;226;222m██[38;2;16;0;0m██[38;2;0;0;0m██                
                    ██[38;2;180;157;82m██[38;2;0;0;0m██  ██[38;2;82;74;53m████[38;2;0;0;0m██                    
                      ██    ██[38;2;164;149;90m██[38;2;0;0;16m██                      
                              [38;2;0;0;0m██                        
[0m