                                [38;2;0;0;0m██                                      
                              ██[38;2;255;238;65m██[38;2;0;0;0m██        ██                          
                              ██[38;2;255;238;65m██[38;2;0;0;0m██      ██[38;2;255;238;65m██[38;2;0;0;0m██                        
                          ████[38;2;254;238;63m████[38;2;255;238;65m██[38;2;0;0;0m██  ██[38;2;254;238;63m████[38;2;0;0;0m██                        
                        ██[38;2;255;238;65m████[38;2;254;238;63m████[38;2;0;0;0m██    ██[38;2;254;238;63m████[38;2;255;238;65m██[38;2;0;0;0m██                      
                        ██[38;2;254;238;63m████[38;2;255;238;65m██[38;2;0;0;0m██    ██[38;2;255;238;65m██[38;2;254;238;63m████[38;2;255;238;65m██[38;2;0;0;0m██                      
                    ████[38;2;255;238;65m██[38;2;254;238;63m████[38;2;255;238;65m████[38;2;0;0;0m████[38;2;255;238;65m████[38;2;254;238;63m████[38;2;0;0;0m██                        
                  ██[38;2;255;97;57m██[38;2;254;97;60m████[38;2;255;186;74m████[38;2;160;64;74m████[38;2;254;167;74m██[38;2;255;238;74m██[38;2;255;238;65m████[38;2;255;214;74m██[38;2;0;0;0m██                      [38;2;156;64;74m██  
                [38;2;0;0;0m██[38;2;255;97;57m████[38;2;254;97;60m████[38;2;197;140;71m██[38;2;82;48;65m██[38;2;255;97;57m████[38;2;254;95;74m██[38;2;254;167;74m██[38;2;255;97;65m██[38;2;255;167;65m██[38;2;255;214;74m████[38;2;0;0;0m██                  [38;2;156;64;74m██[38;2;255;165;82m██[38;2;160;64;74m██
                [38;2;0;0;0m██[38;2;255;97;57m████████[38;2;65;64;65m██[38;2;255;97;57m██[38;2;254;97;60m████████████[38;2;255;97;57m████[38;2;68;44;32m██[38;2;0;12;16m██            [38;2;156;64;74m████[38;2;255;165;82m████[38;2;160;64;74m██
                [38;2;0;0;0m██[38;2;160;64;74m██[38;2;255;97;57m████[38;2;208;105;63m██[38;2;65;64;65m██[38;2;255;97;57m██[38;2;254;97;60m████████████[38;2;255;97;57m██[38;2;208;105;63m██[38;2;205;109;65m████[38;2;0;0;0m██        [38;2;160;64;74m██[38;2;255;165;82m██████[38;2;156;64;74m██  
                  [38;2;0;0;0m██[38;2;65;64;65m██[38;2;74;74;71m████[38;2;205;97;65m██[38;2;65;56;65m██[38;2;255;97;57m████████[38;2;255;105;57m██[38;2;191;93;60m██[38;2;65;64;65m██[38;2;205;105;65m████[38;2;0;0;0m██          [38;2;160;64;74m██[38;2;254;95;60m██[38;2;255;165;82m██[38;2;160;64;74m██    
                    [38;2;0;0;0m██[38;2;222;222;213m██[38;2;0;0;0m██[38;2;205;97;65m██[38;2;159;83;65m██[38;2;65;64;65m████[38;2;160;64;74m████[38;2;65;68;65m████[38;2;205;105;65m████[38;2;0;0;0m██          [38;2;160;64;74m██[38;2;255;97;57m██[38;2;255;165;82m██[38;2;254;95;60m██[38;2;160;64;74m██    
                    [38;2;0;0;0m██[38;2;119;99;90m████[38;2;106;80;98m████[38;2;246;238;238m██[38;2;32;0;0m██[38;2;230;234;230m████[38;2;156;64;74m██[38;2;205;105;63m██[38;2;205;105;65m████[38;2;78;40;45m██[38;2;0;12;8m██        [38;2;160;64;74m██[38;2;255;97;57m██[38;2;254;97;60m████[38;2;255;97;57m██[38;2;160;64;74m██  
                      [38;2;0;0;0m██[38;2;238;198;180m██[38;2;238;214;180m██[38;2;106;80;98m██[38;2;104;79;79m██[38;2;246;238;238m██[38;2;230;234;230m██[38;2;156;64;74m██[38;2;205;105;63m████[38;2;205;105;65m██[38;2;65;64;65m██[38;2;156;68;82m████[38;2;0;0;0m██    [38;2;160;64;74m██[38;2;255;97;57m████[38;2;254;97;60m████[38;2;255;97;57m██[38;2;160;64;74m██  
                    [38;2;0;0;0m██[38;2;235;213;178m████████[38;2;79;90;104m████[38;2;205;105;65m████[38;2;208;105;63m████[38;2;205;105;65m██[38;2;65;64;65m██[38;2;156;64;74m██[38;2;0;0;0m██      [38;2;160;64;74m██[38;2;255;97;57m████[38;2;254;97;60m████[38;2;255;97;57m██[38;2;160;64;74m██  
                  [38;2;0;0;0m██[38;2;238;214;180m██[38;2;235;213;178m████████[38;2;238;214;180m████[38;2;79;89;104m██[38;2;205;105;65m██[38;2;208;105;63m████[38;2;65;64;65m████[38;2;0;0;0m██          [38;2;160;64;74m██[38;2;255;97;57m██[38;2;254;97;60m████[38;2;160;64;74m██    
                  [38;2;0;8;16m██[38;2;197;149;115m██[38;2;65;64;65m████[38;2;246;206;180m████[38;2;238;214;180m██[38;2;74;72;82m██[38;2;205;105;65m████[38;2;164;139;65m██[38;2;74;56;65m██[38;2;254;238;63m████[38;2;255;238;65m██[38;2;0;0;0m██          [38;2;156;64;74m██[38;2;164;64;57m████      
              [38;2;0;0;0m████[38;2;197;149;115m██[38;2;65;55;49m██[38;2;205;137;148m████[38;2;189;156;142m██[38;2;74;56;65m██[38;2;74;72;82m████[38;2;65;64;65m████[38;2;74;56;65m██[38;2;255;222;65m██[38;2;254;238;63m████[38;2;255;238;65m████[38;2;0;0;0m██        ██[38;2;246;97;82m██[38;2;0;0;8m██      
          [38;2;0;4;8m████[38;2;205;97;65m██[38;2;65;56;65m██[38;2;191;161;76m████[38;2;65;64;65m████[38;2;65;60;65m██[38;2;255;93;65m██[38;2;65;64;65m██████████[38;2;255;230;74m██[38;2;254;238;63m████[38;2;255;238;65m████[38;2;0;0;0m██        ██[38;2;255;202;74m██[38;2;0;0;0m██      
      ████[38;2;98;56;41m██[38;2;197;109;74m██[38;2;159;83;65m██[38;2;205;97;65m██[38;2;65;64;65m██[38;2;191;161;76m████[38;2;65;64;65m██[38;2;160;76;65m██[38;2;255;93;65m██[38;2;255;97;57m████████[38;2;65;64;65m██[38;2;191;175;71m██[38;2;254;238;63m████[38;2;156;64;74m████[38;2;0;0;0m██      ██[38;2;255;238;65m██[38;2;255;202;74m██[38;2;0;0;0m██      
    ██[38;2;205;105;63m████[38;2;156;64;74m████[38;2;213;101;74m██[38;2;142;67;49m██[38;2;0;0;0m████[38;2;82;78;41m████[38;2;255;230;57m██[38;2;172;56;74m██[38;2;255;97;57m████[38;2;172;56;74m██[38;2;200;114;68m██[38;2;255;97;57m██[38;2;65;64;65m██[38;2;194;106;68m██[38;2;134;87;71m██[38;2;255;97;57m████[38;2;246;101;82m██[38;2;0;12;24m██  [38;2;0;0;0m██[38;2;255;238;65m████[38;2;0;0;0m██        
  ██[38;2;78;89;106m██[38;2;156;64;74m██[38;2;205;105;63m████[38;2;156;64;74m██[38;2;0;0;0m████    [38;2;0;0;24m██[38;2;246;234;74m██[38;2;172;56;74m██[38;2;200;114;68m██[38;2;255;97;57m██[38;2;160;64;74m██[38;2;255;230;57m██[38;2;172;56;74m██[38;2;255;97;57m████[38;2;74;68;74m██[38;2;255;125;65m██[38;2;255;97;57m██[38;2;160;64;74m██[38;2;164;71;63m██[38;2;82;41;43m██[38;2;0;0;0m██[38;2;189;161;82m██[38;2;255;238;65m██[38;2;189;161;79m██[38;2;0;0;0m██        
██[38;2;197;201;205m██[38;2;82;93;106m██[38;2;255;250;255m██[38;2;95;83;84m████[38;2;16;0;0m██        [38;2;0;0;24m██[38;2;255;238;82m██[38;2;172;56;74m██[38;2;200;114;68m██[38;2;156;64;74m██[38;2;255;238;65m████[38;2;156;64;74m██[38;2;255;97;57m████[38;2;255;105;57m██[38;2;74;80;82m██[38;2;160;72;69m██[38;2;255;89;65m██[38;2;255;97;57m████[38;2;65;64;65m██[38;2;191;161;76m██[38;2;189;161;82m██[38;2;0;0;0m██          
██[38;2;82;93;106m██[38;2;255;255;255m██[38;2;16;0;0m████[38;2;255;250;255m██[38;2;16;0;0m██      [38;2;0;0;0m██[38;2;169;159;63m██[38;2;84;79;43m██[38;2;255;230;57m██[38;2;172;56;74m██[38;2;156;64;74m██[38;2;255;238;65m██████[38;2;160;64;74m██[38;2;255;97;57m██[38;2;194;97;65m██[38;2;74;80;82m██[38;2;65;56;74m██[38;2;160;72;69m██[38;2;160;64;74m████[38;2;65;64;65m██[38;2;191;161;76m██[38;2;0;0;0m██            
  ████    ██      ██[38;2;189;161;82m██[38;2;191;161;76m██[38;2;65;64;65m██[38;2;191;171;74m██[38;2;255;226;74m██[38;2;255;238;65m██████████[38;2;117;79;87m██[38;2;82;89;106m██[38;2;255;238;65m██[38;2;65;64;65m████[38;2;255;97;57m████[38;2;74;74;71m██[38;2;0;0;0m██              
                  ██[38;2;189;161;82m██[38;2;191;161;76m████[38;2;65;60;74m██[38;2;191;171;74m██[38;2;189;161;79m██[38;2;255;238;65m████[38;2;189;161;79m██[38;2;186;159;76m██[38;2;117;79;87m██[38;2;255;238;65m████[38;2;65;64;65m██[38;2;222;222;222m██[38;2;160;64;74m████[38;2;222;222;213m██[38;2;0;0;0m██              
                    ██[38;2;189;161;82m████[38;2;191;161;76m██[38;2;65;64;65m██[38;2;189;161;82m████[38;2;189;161;79m████[38;2;74;76;82m██[38;2;255;238;65m████[38;2;65;64;65m██[38;2;255;255;255m██[38;2;194;194;194m██[38;2;156;64;74m██[38;2;255;255;255m██[38;2;123;107;106m██[38;2;230;214;213m██[38;2;0;0;0m██            
                      [38;2;0;4;16m██[38;2;63;56;38m██[38;2;65;64;65m████[38;2;0;0;0m████[38;2;189;161;79m████[38;2;74;76;82m██[38;2;255;238;65m████[38;2;65;64;65m██[38;2;255;255;255m██[38;2;74;72;74m██[38;2;156;64;74m██[38;2;255;255;255m██[38;2;16;0;0m██[38;2;230;214;213m██[38;2;0;0;0m██            
                    ██[38;2;0;12;16m██[38;2;68;44;32m████[38;2;0;12;16m██    [38;2;0;0;0m████████[38;2;255;238;65m████[38;2;65;64;65m██[38;2;191;161;76m██[38;2;65;64;65m██[38;2;0;0;0m██  ██              
                ████[38;2;205;105;65m██[38;2;205;109;65m████████[38;2;0;0;0m██          [38;2;0;0;16m██[38;2;84;79;32m██[38;2;65;64;65m████[38;2;0;0;0m██                    
              ██[38;2;222;222;222m██[38;2;95;75;79m████[38;2;135;99;98m████[38;2;213;101;74m██[38;2;142;67;49m██[38;2;0;0;0m██        ██[38;2;255;97;57m██[38;2;65;64;65m██████[38;2;255;97;57m██[38;2;0;0;0m██                  
                ██[38;2;24;0;8m██[38;2;238;226;222m██[38;2;246;198;197m██[38;2;24;0;0m██[38;2;0;0;0m████          ██[38;2;255;97;57m██████████[38;2;0;0;0m██                  
                    ████              ██[38;2;255;255;255m██[38;2;164;64;57m██[38;2;246;97;82m██[38;2;156;64;74m████[38;2;255;97;57m██[38;2;0;0;0m██                  
                                      ████[38;2;0;0;8m██[38;2;164;64;57m██[38;2;255;255;255m██[38;2;156;64;74m██[38;2;0;0;0m██                    
                                            ██████                      
[0m