                    [38;2;0;0;0m██████                    
                  ██[38;2;255;255;255m██[38;2;206;206;197m████[38;2;0;0;0m██                  
      ████████  ████[38;2;65;65;65m██████[38;2;0;0;0m██                  
    ██[38;2;173;82;82m████[38;2;132;132;115m████[38;2;0;0;0m██[38;2;165;197;255m████[38;2;65;65;65m██████[38;2;165;197;255m██[38;2;0;0;0m██                
    ██[38;2;65;65;65m████████[38;2;165;197;255m████████████████[38;2;0;0;0m██              
  ██[38;2;65;65;65m██████████[38;2;255;255;255m██████[38;2;165;197;255m████[38;2;255;255;255m██[38;2;165;197;255m██████[38;2;0;0;0m████████████  
██[38;2;58;107;156m████[38;2;132;132;115m████[38;2;65;65;65m██[38;2;255;255;255m██████████[38;2;165;197;255m████████[38;2;65;65;65m██[38;2;206;206;197m████████[38;2;82;123;214m████[38;2;0;0;0m██
██[38;2;65;65;65m██████████[38;2;255;255;255m██[38;2;0;0;0m██[38;2;255;255;255m██████[38;2;165;197;255m████[38;2;115;165;156m██[38;2;65;65;65m██[38;2;206;206;197m████[38;2;132;132;115m██████[38;2;58;107;156m████[38;2;0;0;0m██
  ██████████[38;2;255;255;255m██████████[38;2;115;165;156m██████[38;2;65;65;65m██[38;2;206;206;197m████[38;2;0;0;0m██████████  
          ██[38;2;65;65;65m██[38;2;255;255;255m██████[38;2;115;165;156m████████[38;2;65;65;65m██[38;2;132;132;115m██[38;2;206;206;197m████[38;2;247;99;49m████[38;2;0;0;0m██    
        ██[38;2;206;206;197m██[38;2;132;132;115m██[38;2;65;65;65m██[38;2;115;165;156m██████████████[38;2;0;0;0m██[38;2;132;132;115m████[38;2;173;82;82m████[38;2;0;0;0m██    
        ██[38;2;132;132;115m████[38;2;0;0;0m████[38;2;115;165;156m████[38;2;65;65;65m████[38;2;115;165;156m██[38;2;0;0;0m██  ████████      
          ████    ████[38;2;206;206;197m██[38;2;132;132;115m██[38;2;0;0;0m██                  
                    ██[38;2;132;132;115m████[38;2;0;0;0m██                  
                      ████                    
[0m