                [38;2;0;0;0m████                  ██████          
              ██[38;2;140;142;198m████[38;2;0;0;0m██      ██      ██[38;2;140;142;198m██████[38;2;0;0;0m██        
                ██[38;2;140;142;198m██[38;2;107;207;239m██[38;2;0;0;0m██  ██[38;2;68;132;142m██[38;2;8;0;0m██  [38;2;0;0;0m██[38;2;140;140;197m████[38;2;107;207;239m██[38;2;0;0;0m██          
            ██  ██[38;2;140;142;198m██[38;2;107;207;239m██[38;2;0;0;0m██  ██[38;2;68;132;142m██[38;2;38;66;71m██[38;2;0;0;0m██[38;2;66;65;66m██[38;2;140;140;197m██[38;2;107;207;239m██[38;2;0;0;0m██            
          ██[38;2;66;132;142m██[38;2;0;0;0m██[38;2;66;65;66m██[38;2;140;142;198m██[38;2;120;150;189m██[38;2;140;195;247m██[38;2;0;0;0m████[38;2;66;65;66m██████[38;2;140;142;198m██[38;2;140;140;197m██[38;2;107;207;239m██[38;2;0;0;0m██            
            ██[38;2;66;132;142m██[38;2;66;65;66m██[38;2;140;142;198m██[38;2;120;150;189m██[38;2;82;60;74m██[38;2;66;64;66m████[38;2;140;142;198m████████[38;2;140;140;197m██[38;2;107;207;239m██[38;2;0;0;0m██            
            [38;2;8;12;0m██[38;2;54;56;66m██[38;2;140;142;198m████[38;2;66;65;66m██[38;2;140;142;198m██[38;2;140;140;198m████████[38;2;140;140;197m████[38;2;115;207;239m██[38;2;16;0;0m██  [38;2;0;0;0m██          
      ██████[38;2;54;56;66m██[38;2;148;146;198m██[38;2;140;142;198m██[38;2;66;65;66m██[38;2;140;142;198m████[38;2;140;140;198m████████[38;2;140;140;197m██[38;2;107;207;239m██[38;2;49;69;79m████[38;2;0;0;0m██[38;2;66;130;140m██[38;2;0;0;0m██        
    ██[38;2;140;142;198m██[38;2;101;101;137m██[38;2;62;64;68m██[38;2;140;140;198m████[38;2;66;65;66m██[38;2;140;142;198m██[38;2;140;140;198m████[38;2;140;142;198m██████[38;2;66;65;66m██████[38;2;66;132;144m████[38;2;82;130;140m██[38;2;49;65;70m██[38;2;0;0;0m██        
      ██[38;2;140;138;206m██[38;2;62;64;68m██[38;2;140;140;198m████[38;2;66;65;66m██[38;2;140;142;198m██[38;2;140;140;198m████[38;2;140;142;198m██[38;2;66;65;66m████[38;2;140;142;198m██████[38;2;66;65;66m████[38;2;49;65;70m██[38;2;16;0;0m██    [38;2;0;0;0m██    
      ██[38;2;99;99;148m████[38;2;140;140;198m████[38;2;98;98;148m██[38;2;139;140;197m██[38;2;140;140;198m████[38;2;98;98;148m██[38;2;139;140;197m██[38;2;140;140;198m████████[38;2;107;207;239m████[38;2;66;65;66m████[38;2;0;0;0m████[38;2;123;174;222m██[38;2;0;0;0m██  
      ██[38;2;99;99;148m████[38;2;140;140;198m████[38;2;139;140;197m████[38;2;140;140;198m████[38;2;139;140;197m████[38;2;140;140;198m████████[38;2;140;140;197m████[38;2;107;207;239m████████[38;2;123;174;222m██[38;2;0;0;0m██  
        ██[38;2;99;97;148m██[38;2;98;98;148m██[38;2;139;140;197m██[38;2;140;142;198m████[38;2;148;139;201m██[38;2;99;97;148m██[38;2;139;140;197m████[38;2;140;140;198m████████[38;2;139;140;197m████████[38;2;140;140;198m████[38;2;140;142;198m██[38;2;0;0;0m██  
          ██[38;2;98;98;148m██[38;2;139;140;197m██[38;2;66;65;66m██[38;2;140;142;198m██[38;2;99;97;148m██[38;2;198;182;255m██[38;2;98;98;148m██[38;2;139;140;197m██[38;2;140;140;198m████████[38;2;98;98;148m████████[38;2;140;140;198m████[38;2;0;0;0m██    
      ██[38;2;0;16;0m██[38;2;82;28;70m██[38;2;123;64;126m██[38;2;57;73;74m██[38;2;206;40;165m██[38;2;66;65;66m██[38;2;214;199;222m████[38;2;255;231;198m██[38;2;99;97;156m██[38;2;140;142;198m████[38;2;66;65;66m████████[38;2;57;73;74m██[38;2;123;64;126m██[38;2;0;0;0m████      
    ██[38;2;165;32;140m██[38;2;165;40;140m████[38;2;57;73;74m██[38;2;189;56;178m██[38;2;206;40;165m██[38;2;66;65;66m██[38;2;214;199;222m██[38;2;0;0;0m██[38;2;203;186;184m██[38;2;99;97;156m██[38;2;66;65;66m████[38;2;206;40;165m████████[38;2;189;56;178m██[38;2;57;73;74m██[38;2;0;0;0m██        
  ██[38;2;152;81;140m██[38;2;66;65;66m████[38;2;152;81;140m██[38;2;66;65;66m██[38;2;206;40;165m██[38;2;206;36;165m████[38;2;82;40;74m██[38;2;206;170;255m██[38;2;165;105;189m██[38;2;74;56;66m██[38;2;206;40;165m████████████[38;2;206;41;165m████[38;2;214;40;173m██[38;2;8;0;8m██      
  [38;2;0;0;0m██[38;2;66;65;66m██[38;2;152;81;140m████[38;2;66;65;66m████[38;2;206;40;165m██[38;2;66;60;66m██[38;2;159;44;132m██[38;2;123;83;134m████[38;2;74;56;66m██[38;2;134;88;148m██[38;2;66;65;66m████[38;2;136;127;144m████[38;2;164;32;140m██[38;2;206;40;165m██[38;2;206;41;165m████[38;2;214;40;173m██[38;2;145;26;118m██[38;2;0;0;0m██    
  ██[38;2;137;126;142m████████[38;2;0;0;0m██[38;2;66;65;66m██[38;2;156;52;156m██[38;2;62;74;74m██[38;2;104;94;148m██[38;2;66;65;66m██[38;2;93;71;109m████████[38;2;94;71;111m██[38;2;0;0;0m██[38;2;214;170;255m██[38;2;119;85;131m██[38;2;206;40;165m████[38;2;181;36;148m████[38;2;0;0;0m██    
    ██[38;2;137;126;142m████[38;2;0;0;0m██  ██[38;2;62;74;74m██[38;2;109;63;115m██[38;2;66;65;66m██[38;2;85;79;107m██[38;2;93;71;109m██████[38;2;165;150;214m██[38;2;0;0;0m██  [38;2;24;0;8m██[38;2;214;170;255m██[38;2;164;32;140m██[38;2;206;40;165m██[38;2;181;36;148m██[38;2;198;182;255m██[38;2;0;0;0m██    
      ██[38;2;137;126;142m██[38;2;0;0;0m██  ██[38;2;98;76;110m██[38;2;66;60;66m██[38;2;117;94;131m██████[38;2;255;235;148m████[38;2;117;94;131m██[38;2;181;166;239m██[38;2;0;0;0m██  ██[38;2;198;182;255m██[38;2;165;32;140m██[38;2;198;182;255m██[38;2;0;0;0m██      
      ██[38;2;137;126;142m████[38;2;0;0;0m██[38;2;206;190;107m██[38;2;98;76;110m██[38;2;115;85;132m██[38;2;117;94;131m██[38;2;255;235;148m██████[38;2;117;94;131m████[38;2;181;166;239m██[38;2;0;0;0m██  ██[38;2;198;182;255m██████[38;2;0;0;0m██      
        ██[38;2;137;126;142m██[38;2;74;66;79m████[38;2;117;96;131m████[38;2;117;94;131m████[38;2;117;96;131m████[38;2;115;97;132m████[38;2;198;182;255m██[38;2;0;0;0m██  ██[38;2;198;182;255m████[38;2;0;0;0m██        
        ██[38;2;137;126;142m██[38;2;74;66;79m██[38;2;206;190;107m██[38;2;117;96;131m████[38;2;255;235;148m██[38;2;117;94;131m██[38;2;117;96;131m████[38;2;115;97;132m██[38;2;198;182;255m██[38;2;0;0;0m██  ██[38;2;198;182;255m████[38;2;0;0;0m██          
        ██[38;2;137;126;142m██[38;2;68;65;49m██[38;2;206;195;115m██[38;2;117;96;131m████[38;2;255;235;148m██[38;2;117;94;131m██[38;2;115;93;132m████[38;2;74;73;85m██[38;2;222;219;255m██[38;2;0;0;0m██  ██[38;2;198;182;255m██[38;2;0;0;0m██            
      ██[38;2;137;126;142m████[38;2;0;0;16m██[38;2;68;65;49m██[38;2;117;96;131m████[38;2;117;94;131m████[38;2;90;76;101m██[38;2;65;60;71m██[38;2;222;219;255m██[38;2;0;0;0m██  ██[38;2;198;182;255m████[38;2;0;0;0m██            
    [38;2;0;0;8m██[38;2;132;126;134m██[38;2;189;186;189m██[38;2;0;0;0m██  ██[38;2;206;178;140m██[38;2;103;89;82m██[38;2;255;235;148m██[38;2;90;73;107m██[38;2;74;69;82m████[38;2;255;255;255m████[38;2;0;0;0m██[38;2;82;83;82m██[38;2;198;182;255m██[38;2;136;129;144m██[38;2;255;255;255m██[38;2;0;0;0m████        
  ██[38;2;132;126;134m██[38;2;198;190;198m██[38;2;189;186;189m██[38;2;0;0;0m██    [38;2;0;0;24m██[38;2;103;89;82m██[38;2;90;73;107m████[38;2;74;69;82m██[38;2;255;255;255m██████[38;2;247;251;247m██[38;2;0;0;0m██[38;2;198;182;255m██[38;2;136;129;144m██[38;2;255;255;255m██████[38;2;0;0;0m██      
██[38;2;126;126;132m██[38;2;189;186;189m██[38;2;0;0;0m████        ██[38;2;93;71;110m████[38;2;66;65;66m██[38;2;255;255;255m██████[38;2;0;0;0m██  ██[38;2;198;182;255m██[38;2;135;127;144m██[38;2;255;255;255m████[38;2;0;0;0m██      
██[38;2;189;190;198m██[38;2;0;0;0m██            ██[38;2;66;65;66m██[38;2;93;71;110m██[38;2;66;65;66m██[38;2;192;191;192m██[38;2;255;255;255m██[38;2;0;0;0m██    ██[38;2;198;182;255m██[38;2;135;127;144m██[38;2;255;255;255m██████[38;2;0;0;0m██    
  ██            ██[38;2;189;186;189m████[38;2;0;0;0m████[38;2;189;186;189m██[38;2;192;191;192m██[38;2;66;65;66m██[38;2;0;0;0m██    ██[38;2;198;182;247m██[38;2;132;121;164m██[38;2;255;255;255m████[38;2;0;0;0m██    
                  ████    ██[38;2;255;255;255m██████[38;2;0;0;0m██    ██[38;2;198;182;247m██[38;2;135;127;144m██[38;2;255;255;255m████[38;2;0;0;0m██  
                            ██████        ████[38;2;198;182;255m██[38;2;255;255;255m████[38;2;0;0;0m██
                                              ██████  
[0m