                                  [38;2;0;0;0m██████    
                                ██[38;2;255;255;255m██[38;2;255;222;115m██[38;2;230;107;58m██[38;2;0;0;0m██  
                                ██[38;2;255;222;115m████[38;2;255;140;107m██[38;2;0;0;0m██  
          ████████              ██[38;2;230;107;58m██[38;2;255;140;107m██[38;2;189;66;33m██[38;2;0;0;0m██  
        ██[38;2;222;197;90m██[38;2;255;239;173m████[38;2;189;148;82m██[38;2;0;0;0m██  ██████      ████[38;2;65;65;65m██[38;2;0;0;0m██  
      ██[38;2;255;239;173m██████████[38;2;222;197;90m██[38;2;0;0;0m██[38;2;222;197;90m██[38;2;255;239;173m████[38;2;0;0;0m██████    ██[38;2;255;197;58m██[38;2;0;0;0m██
  ████[38;2;255;239;173m████[38;2;189;148;82m████[38;2;255;239;173m██████[38;2;65;65;65m██[38;2;255;239;173m██████[38;2;189;148;82m██[38;2;255;239;173m████[38;2;0;0;0m██  ██[38;2;65;65;65m██[38;2;0;0;0m██
██[38;2;123;123;123m██[38;2;0;0;0m██[38;2;255;239;173m██[38;2;189;148;82m██[38;2;255;239;173m████[38;2;189;148;82m██[38;2;255;239;173m████[38;2;189;148;82m██[38;2;255;239;173m████████████[38;2;222;197;90m██[38;2;0;0;0m██[38;2;255;197;58m██[38;2;65;65;65m██[38;2;0;0;0m██
██[38;2;123;123;123m██[38;2;0;0;0m██[38;2;255;239;173m██[38;2;222;197;90m██[38;2;189;148;82m██[38;2;255;239;173m██[38;2;189;148;82m██[38;2;255;239;173m██[38;2;65;65;65m██████[38;2;255;239;173m████████████[38;2;65;65;65m██[38;2;189;148;82m██[38;2;255;197;58m██[38;2;0;0;0m██
  ██[38;2;189;148;82m██[38;2;65;65;65m██[38;2;255;239;173m████[38;2;222;197;90m██[38;2;65;65;65m████[38;2;123;123;123m██[38;2;255;222;115m██[38;2;123;123;123m██[38;2;65;65;65m██[38;2;255;239;173m██[38;2;222;197;90m██[38;2;255;239;173m████████[38;2;65;65;65m██[38;2;255;197;58m██[38;2;0;0;0m██
    ██[38;2;255;255;255m██[38;2;65;65;65m██████[38;2;82;132;206m██[38;2;65;65;65m██[38;2;123;123;123m██[38;2;255;197;58m██[38;2;123;123;123m██[38;2;65;65;65m██[38;2;255;239;173m████[38;2;222;197;90m██[38;2;255;239;173m██████[38;2;65;65;65m██[38;2;0;0;0m██  
    ████[38;2;148;189;247m████████[38;2;82;132;206m██[38;2;65;65;65m██[38;2;239;156;0m██[38;2;65;65;65m██[38;2;255;239;173m██████[38;2;222;197;90m██[38;2;255;239;173m████[38;2;222;197;90m██[38;2;0;0;0m██    
    ██[38;2;148;189;247m██████[38;2;255;255;255m██[38;2;0;0;0m██[38;2;82;132;206m██[38;2;65;65;65m████[38;2;222;197;90m██[38;2;255;239;173m████[38;2;222;197;90m████[38;2;255;239;173m████[38;2;0;0;0m██      
    ██[38;2;82;132;206m██[38;2;148;189;247m████[38;2;0;0;0m████[38;2;82;132;206m██[38;2;65;65;65m██[38;2;222;197;90m██████████████[38;2;189;148;82m██[38;2;222;197;90m██[38;2;0;0;0m██    
      ██[38;2;82;132;206m████████[38;2;65;65;65m██[38;2;222;197;90m████████████████████[38;2;0;0;0m██    
        ████[38;2;65;65;65m██[38;2;189;148;82m██[38;2;222;197;90m██████████[38;2;65;65;65m██[38;2;222;197;90m████████[38;2;0;0;0m██      
          ██[38;2;82;132;206m██[38;2;0;0;0m██[38;2;222;197;90m██████[38;2;189;148;82m██[38;2;0;0;0m████[38;2;222;197;90m████[38;2;65;65;65m██[38;2;0;0;0m██        
          ████  ██[38;2;65;65;65m██[38;2;0;0;0m████    ████[38;2;82;132;206m██[38;2;0;0;0m██        
                ██[38;2;82;132;206m██[38;2;0;0;0m██        ████          
                ████                        
[0m