            [38;2;0;0;0m████████                    
          ██[38;2;107;115;132m██[38;2;65;65;65m██[38;2;107;115;132m██[38;2;65;65;65m██[38;2;0;0;0m██                  
          ██[38;2;107;115;132m██[38;2;65;65;65m██[38;2;107;115;132m██[38;2;65;65;65m██[38;2;107;115;132m██[38;2;0;0;0m██                
            ██[38;2;107;115;132m██[38;2;65;65;65m██[38;2;107;115;132m██[38;2;65;65;65m██[38;2;0;0;0m██                
          ████[38;2;107;115;132m██[38;2;65;65;65m██[38;2;107;115;132m██[38;2;65;65;65m██[38;2;107;115;132m██[38;2;0;0;0m██              
        ██[38;2;74;181;173m██[38;2;65;65;65m██[38;2;107;115;132m██[38;2;65;65;65m██████[38;2;107;115;132m██[38;2;0;0;0m██              
      ██[38;2;107;222;197m██[38;2;140;255;222m██[38;2;65;65;65m████[38;2;140;255;222m████[38;2;74;181;173m██[38;2;65;65;65m██[38;2;0;0;0m██              
    ██[38;2;140;255;222m██[38;2;255;255;255m██[38;2;140;255;222m████████████[38;2;107;222;197m██[38;2;82;123;115m██[38;2;0;0;0m██            
  ██[38;2;82;123;115m██[38;2;140;255;222m██[38;2;0;0;0m██[38;2;140;255;222m██████[38;2;255;255;255m██[38;2;140;255;222m████[38;2;107;222;197m██[38;2;74;181;173m██[38;2;0;0;0m██            
██[38;2;247;123;90m████[38;2;140;255;222m██[38;2;214;82;66m██[38;2;140;255;222m██████[38;2;0;0;0m██[38;2;140;255;222m████[38;2;74;181;173m██[38;2;247;123;90m████[38;2;0;0;0m██          
  ██[38;2;148;58;49m██[38;2;74;181;173m██[38;2;107;222;197m██[38;2;140;255;222m██[38;2;107;222;197m██[38;2;140;255;222m██[38;2;214;82;66m██[38;2;107;222;197m██[38;2;74;181;173m██[38;2;247;123;90m██[38;2;214;82;66m████[38;2;0;0;0m██          
    ██[38;2;82;123;115m██[38;2;189;222;214m████[38;2;140;255;222m████[38;2;107;222;197m██[38;2;74;181;173m████[38;2;247;123;90m██[38;2;214;82;66m██[38;2;247;123;90m████[38;2;0;0;0m██        
      ██[38;2;65;65;65m██[38;2;189;222;214m██████████[38;2;82;123;115m████[38;2;247;123;90m██[38;2;148;58;49m██[38;2;0;0;0m██  ██████  
    ██[38;2;74;181;173m████[38;2;82;123;115m██[38;2;74;181;173m██[38;2;189;222;214m██[38;2;82;123;115m████[38;2;74;181;173m██[38;2;82;123;115m████[38;2;0;0;0m██  ██[38;2;107;115;132m██████[38;2;0;0;0m██
  ██[38;2;107;222;197m████[38;2;65;65;65m██[38;2;82;123;115m██[38;2;189;222;214m██████[38;2;74;181;173m██████[38;2;107;222;197m██[38;2;74;181;173m██[38;2;0;0;0m██[38;2;65;65;65m██[38;2;107;115;132m██[38;2;65;65;65m████[38;2;0;0;0m██
    ██████[38;2;74;181;173m██[38;2;189;115;90m██[38;2;247;123;90m██[38;2;189;115;90m██[38;2;74;181;173m████[38;2;82;123;115m██[38;2;107;222;197m████[38;2;74;181;173m██[38;2;65;65;65m████[38;2;107;115;132m████[38;2;0;0;0m██
        ██[38;2;74;181;173m██[38;2;247;123;90m██████[38;2;189;115;90m██[38;2;74;181;173m████[38;2;82;123;115m██[38;2;107;222;197m██[38;2;140;255;222m████[38;2;65;65;65m██[38;2;107;115;132m██[38;2;0;0;0m██  
          ██[38;2;82;123;115m██[38;2;247;123;90m██[38;2;189;115;90m████[38;2;82;123;115m██[38;2;107;222;197m██[38;2;74;181;173m██[38;2;82;123;115m██[38;2;65;65;65m████[38;2;107;115;132m██[38;2;65;65;65m██[38;2;0;0;0m██  
          ██[38;2;74;181;173m██[38;2;82;123;115m██[38;2;0;0;0m████[38;2;74;181;173m██[38;2;107;222;197m██[38;2;74;181;173m██[38;2;65;65;65m██[38;2;107;115;132m████[38;2;0;0;0m████    
            ████  ██[38;2;74;181;173m████[38;2;0;0;0m██  ████        
                    ████                
[0m