      [38;2;0;0;0m██                                            
    ██[38;2;247;123;90m██[38;2;0;0;0m██                                          
    ██[38;2;247;123;90m██[38;2;0;0;0m██                                          
    ██[38;2;247;123;90m██[38;2;0;0;0m██                  ██                      
  ██[38;2;247;123;90m████[38;2;255;255;255m██[38;2;0;0;0m██              ██[38;2;197;247;255m██[38;2;0;0;0m██                ████
  ██[38;2;247;123;90m██[38;2;255;255;255m████[38;2;0;0;0m██              ██[38;2;197;247;255m██[38;2;0;0;0m██              ██[38;2;247;123;90m██[38;2;0;0;0m██
██[38;2;255;255;255m██[38;2;247;123;90m██[38;2;255;255;255m██[38;2;189;140;156m██[38;2;0;0;0m██            ██[38;2;197;247;255m██[38;2;132;197;247m██[38;2;0;0;0m██            ██[38;2;247;123;90m████[38;2;0;0;0m██
██[38;2;247;123;90m████[38;2;255;255;255m██[38;2;148;66;99m████[38;2;0;0;0m██          ██[38;2;197;247;255m██[38;2;0;0;0m██            ██[38;2;247;123;90m████[38;2;0;0;0m██  
██[38;2;255;255;255m██[38;2;247;123;90m██[38;2;255;255;255m██[38;2;148;66;99m████[38;2;0;0;0m██        ██[38;2;197;247;255m██[38;2;132;197;247m██[38;2;0;0;0m██          ██[38;2;255;255;255m██[38;2;247;123;90m████[38;2;0;0;0m██  
██[38;2;247;123;90m████[38;2;255;255;255m████[38;2;148;66;99m██[38;2;0;0;0m██        ██[38;2;197;247;255m██[38;2;0;0;0m██          ██[38;2;189;140;156m██[38;2;255;255;255m████[38;2;247;123;90m██[38;2;255;255;255m██[38;2;0;0;0m██
  ██[38;2;255;255;255m██[38;2;247;123;90m██[38;2;255;255;255m██████[38;2;0;0;0m██    ██[38;2;197;247;255m████[38;2;0;0;0m██        ██[38;2;148;66;99m████[38;2;255;255;255m████[38;2;247;123;90m████[38;2;0;0;0m██
  ██[38;2;247;123;90m██[38;2;255;255;255m██[38;2;247;123;90m██████[38;2;0;0;0m██  ██[38;2;197;247;255m████[38;2;132;197;247m██[38;2;0;0;0m██      ██[38;2;148;66;99m██████[38;2;255;255;255m████[38;2;247;123;90m██[38;2;255;255;255m██[38;2;0;0;0m██
    ██[38;2;255;255;255m██[38;2;247;123;90m██[38;2;255;255;255m██[38;2;247;123;90m████[38;2;0;0;0m██[38;2;197;247;255m██████[38;2;132;197;247m████[38;2;0;0;0m██  ██[38;2;255;255;255m██[38;2;148;66;99m████[38;2;255;255;255m████[38;2;247;123;90m████[38;2;255;255;255m██[38;2;0;0;0m██
      ████[38;2;255;255;255m██[38;2;247;123;90m██[38;2;65;65;65m██[38;2;132;197;247m██[38;2;197;247;255m████████[38;2;132;197;247m████[38;2;0;0;0m██[38;2;247;123;90m████[38;2;255;255;255m██████[38;2;247;123;90m██[38;2;255;255;255m████[38;2;0;0;0m██  
          ████[38;2;132;197;247m██[38;2;197;247;255m████████████[38;2;65;65;65m██[38;2;247;123;90m██████████████[38;2;255;255;255m██[38;2;0;0;0m██    
            ██[38;2;255;255;255m██[38;2;214;99;66m████[38;2;197;247;255m██[38;2;132;197;247m██[38;2;197;247;255m████[38;2;65;65;65m████[38;2;255;255;255m████[38;2;247;123;90m██[38;2;255;255;255m████[38;2;0;0;0m████      
          ██[38;2;65;65;65m██[38;2;0;0;0m██[38;2;247;123;90m████[38;2;214;99;66m██[38;2;255;255;255m██[38;2;0;0;0m██[38;2;197;247;255m██[38;2;132;197;247m████[38;2;65;65;65m████████[38;2;0;0;0m██          
        ██[38;2;197;247;255m██[38;2;65;65;65m██[38;2;214;99;66m██[38;2;247;123;90m██████[38;2;0;0;0m██[38;2;65;65;65m██[38;2;132;197;247m██████[38;2;65;65;65m██[38;2;132;197;247m████[38;2;197;247;255m██[38;2;0;0;0m██          
      ██[38;2;197;247;255m██████[38;2;0;0;0m██[38;2;247;123;90m██████[38;2;214;99;66m██[38;2;132;197;247m██████[38;2;65;65;65m██████[38;2;197;247;255m██████[38;2;0;0;0m██        
      ████████  ████[38;2;214;99;66m██[38;2;132;197;247m████[38;2;0;0;0m████[38;2;197;247;255m██[38;2;132;197;247m████[38;2;65;65;65m██[38;2;0;0;0m██████        
                    ██████    ██[38;2;197;247;255m██████[38;2;0;0;0m██            
                                ██[38;2;197;247;255m██████[38;2;0;0;0m██          
                                  ████████          
[0m