                              [38;2;0;0;0m████                          
                              ██[38;2;115;132;140m██[38;2;0;0;0m██                        
                                ██[38;2;115;132;140m██[38;2;0;0;0m██                      
                      ████████  ██[38;2;115;132;140m██[38;2;0;0;0m██                      
                      ██[38;2;99;107;115m██████[38;2;0;0;0m██[38;2;65;65;65m██[38;2;115;132;140m████[38;2;0;0;0m██                    
                        ██[38;2;65;65;65m████[38;2;115;132;140m████████[38;2;65;65;65m██[38;2;0;0;0m██████              
                    ████[38;2;99;107;115m████[38;2;65;65;65m██████[38;2;115;132;140m██[38;2;65;65;65m████[38;2;115;132;140m██████[38;2;0;0;0m████          
                  ██[38;2;99;107;115m████[38;2;65;65;65m████[38;2;115;132;140m██████████████[38;2;65;65;65m████[38;2;115;132;140m██[38;2;99;107;115m██[38;2;0;0;0m██        
                ██[38;2;99;107;115m████[38;2;65;65;65m██[38;2;115;132;140m██████████████████[38;2;65;65;65m██[38;2;99;107;115m██[38;2;65;65;65m██[38;2;99;107;115m██[38;2;0;0;0m██        
              ██[38;2;99;107;115m██████[38;2;65;65;65m██[38;2;255;239;132m████[38;2;115;132;140m████████[38;2;65;65;65m██[38;2;115;132;140m████[38;2;65;65;65m██[38;2;99;107;115m██[38;2;115;132;140m████[38;2;0;0;0m████      
              ██[38;2;99;107;115m████[38;2;65;65;65m██[38;2;255;239;132m████████[38;2;115;132;140m██████[38;2;65;65;65m██[38;2;115;132;140m████[38;2;99;107;115m██[38;2;65;65;65m████[38;2;115;132;140m██████[38;2;0;0;0m██    
            ██[38;2;99;107;115m██████[38;2;65;65;65m██[38;2;255;239;132m████████[38;2;115;132;140m████[38;2;65;65;65m██[38;2;181;66;107m██[38;2;115;132;140m██[38;2;99;107;115m████[38;2;65;65;65m██[38;2;255;239;132m██[38;2;197;181;82m██[38;2;65;65;65m██[38;2;115;132;140m██[38;2;0;0;0m██    
            ██[38;2;99;107;115m██████[38;2;65;65;65m██[38;2;255;239;132m████████[38;2;115;132;140m████[38;2;65;65;65m██[38;2;181;66;107m██[38;2;65;65;65m██[38;2;99;107;115m████[38;2;65;65;65m██[38;2;255;239;132m████[38;2;65;65;65m████[38;2;115;132;140m██[38;2;0;0;0m██  
        ████[38;2;99;107;115m██████[38;2;65;65;65m██[38;2;255;239;132m████████[38;2;115;132;140m████[38;2;65;65;65m██[38;2;206;206;206m██[38;2;214;99;132m██[38;2;65;65;65m██[38;2;99;107;115m██[38;2;65;65;65m██[38;2;197;181;82m████[38;2;65;65;65m██[38;2;115;132;140m██[38;2;65;65;65m██[38;2;197;181;82m██[38;2;0;0;0m██  
      ██[38;2;99;107;115m██████████[38;2;65;65;65m██[38;2;115;132;140m██[38;2;255;239;132m████[38;2;115;132;140m██████[38;2;65;65;65m██[38;2;255;255;255m██[38;2;214;99;132m██[38;2;65;65;65m██[38;2;99;107;115m██[38;2;0;0;0m████[38;2;197;181;82m██[38;2;65;65;65m██[38;2;115;132;140m██[38;2;65;65;65m██[38;2;197;181;82m██[38;2;0;0;0m██  
      ██[38;2;99;107;115m████████[38;2;65;65;65m██[38;2;115;132;140m████████████[38;2;65;65;65m██[38;2;214;99;132m████[38;2;65;65;65m██[38;2;99;107;115m████[38;2;0;0;0m██  ██[38;2;65;65;65m██[38;2;115;132;140m██[38;2;65;65;65m██[38;2;0;0;0m██    
  ████[38;2;99;107;115m████████[38;2;65;65;65m██[38;2;115;132;140m██████████████[38;2;65;65;65m██[38;2;214;99;132m██[38;2;65;65;65m██[38;2;255;255;255m██[38;2;99;107;115m██[38;2;0;0;0m██  ██[38;2;197;181;82m██[38;2;65;65;65m██[38;2;115;132;140m██[38;2;0;0;0m██      
██[38;2;99;107;115m██████████[38;2;65;65;65m██[38;2;115;132;140m████████████[38;2;65;65;65m████[38;2;206;206;206m██[38;2;214;99;132m██[38;2;65;65;65m████[38;2;99;107;115m██[38;2;0;0;0m████[38;2;197;181;82m██[38;2;65;65;65m██[38;2;115;132;140m████[38;2;0;0;0m██████  
  ████[38;2;99;107;115m██████[38;2;0;0;0m██[38;2;115;132;140m██████████[38;2;0;0;0m████[38;2;214;99;132m██[38;2;255;255;255m██[38;2;214;99;132m██[38;2;65;65;65m██[38;2;99;107;115m████[38;2;65;65;65m██[38;2;255;239;132m████[38;2;65;65;65m██[38;2;115;132;140m██[38;2;65;65;65m██[38;2;255;239;132m████[38;2;214;99;132m██[38;2;0;0;0m██
      ██████  ██[38;2;115;132;140m██████[38;2;0;0;0m██    ██[38;2;214;99;132m████[38;2;65;65;65m██[38;2;99;107;115m██[38;2;65;65;65m██[38;2;181;66;107m██[38;2;255;239;132m██[38;2;65;65;65m██[38;2;115;132;140m████[38;2;65;65;65m██[38;2;255;239;132m██[38;2;214;99;132m██[38;2;0;0;0m████
              ██[38;2;115;132;140m██████[38;2;0;0;0m██    ██[38;2;214;99;132m██[38;2;65;65;65m██[38;2;99;107;115m██[38;2;65;65;65m██[38;2;181;66;107m████[38;2;65;65;65m██[38;2;115;132;140m██████[38;2;65;65;65m████[38;2;0;0;0m████  
            ██[38;2;115;132;140m██████[38;2;65;65;65m██[38;2;206;206;206m██[38;2;0;0;0m██  ██[38;2;65;65;65m██[38;2;255;255;255m██[38;2;99;107;115m██[38;2;65;65;65m██[38;2;181;66;107m████[38;2;65;65;65m████[38;2;115;132;140m██[38;2;65;65;65m██[38;2;214;99;132m██[38;2;0;0;0m██      
          ██[38;2;115;132;140m██████[38;2;0;0;0m████[38;2;255;255;255m██[38;2;0;0;0m████[38;2;214;99;132m██[38;2;65;65;65m████[38;2;99;107;115m██[38;2;0;0;0m██[38;2;181;66;107m██████[38;2;214;99;132m██[38;2;65;65;65m██[38;2;181;66;107m██[38;2;214;99;132m████[38;2;0;0;0m██    
            ██████    ██  ██[38;2;214;99;132m██[38;2;99;107;115m████[38;2;0;0;0m██  ██████[38;2;214;99;132m████[38;2;181;66;107m██[38;2;214;99;132m██[38;2;0;0;0m██      
                        ██[38;2;99;107;115m████[38;2;0;0;0m████          ████████        
                        ██████                              
[0m