        [38;2;0;0;0m████                                  
      ██[38;2;255;197;0m████[38;2;0;0;0m██  ████                          
    ██[38;2;255;197;0m██[38;2;0;0;0m████  ██[38;2;255;197;0m████[38;2;0;0;0m██                        
    ██[38;2;255;197;0m██[38;2;0;0;0m██  ██[38;2;255;197;0m██[38;2;0;0;0m████                          
  ██[38;2;255;197;0m██[38;2;0;0;0m██  ██[38;2;255;197;0m██[38;2;0;0;0m██                              
  ██[38;2;255;197;0m██[38;2;0;0;0m████[38;2;255;197;0m██[38;2;65;65;65m██[38;2;0;0;0m████                            
  ██[38;2;255;197;0m██[38;2;107;148;74m██[38;2;255;197;0m██[38;2;189;173;16m██[38;2;148;189;132m██[38;2;181;247;132m██[38;2;107;148;74m██[38;2;0;0;0m██                          
  ██[38;2;107;148;74m██[38;2;181;247;132m██[38;2;255;197;0m██[38;2;148;189;132m██[38;2;181;247;132m████████[38;2;0;0;0m██  ████                  
  ██[38;2;181;247;132m██[38;2;255;197;0m██[38;2;148;189;132m██[38;2;181;247;132m██[38;2;148;189;132m██[38;2;107;148;74m██[38;2;181;247;132m████[38;2;148;189;132m██[38;2;0;0;0m██[38;2;255;255;255m████[38;2;0;0;0m██                
██[38;2;181;247;132m████[38;2;255;197;0m██[38;2;181;247;132m██[38;2;107;148;74m██[38;2;255;197;0m██[38;2;255;255;255m██[38;2;107;148;74m██[38;2;181;247;132m████[38;2;65;65;65m██[38;2;255;165;222m████[38;2;255;255;255m██[38;2;0;0;0m██              
██[38;2;222;255;189m██[38;2;181;247;132m██[38;2;148;189;132m██[38;2;181;247;132m██[38;2;255;255;255m██[38;2;65;65;65m██[38;2;255;255;255m██[38;2;148;189;132m██[38;2;181;247;132m██████[38;2;65;65;65m██[38;2;255;165;222m██[38;2;255;255;255m██[38;2;0;0;0m██████    ██████
██[38;2;222;255;189m████[38;2;181;247;132m████[38;2;189;173;16m██[38;2;65;65;65m██[38;2;255;255;255m██[38;2;181;247;132m████████[38;2;107;148;74m██[38;2;239;115;156m██[38;2;65;65;65m██[38;2;255;165;222m██[38;2;255;255;255m████[38;2;0;0;0m████[38;2;181;247;132m██[38;2;148;189;132m██[38;2;0;0;0m██
██[38;2;148;189;132m██[38;2;222;255;189m██[38;2;181;247;132m████████[38;2;107;148;74m██[38;2;181;247;132m██████████[38;2;107;148;74m██[38;2;181;66;107m██[38;2;239;115;156m██[38;2;255;165;222m██[38;2;255;255;255m██[38;2;65;65;65m██[38;2;181;247;132m████[38;2;148;189;132m██[38;2;0;0;0m██
  ██[38;2;181;247;132m██[38;2;148;189;132m██[38;2;181;247;132m████[38;2;65;65;65m██[38;2;181;247;132m████████████[38;2;107;148;74m██[38;2;239;115;156m████[38;2;255;165;222m██[38;2;255;255;255m██[38;2;65;65;65m██[38;2;107;148;74m██[38;2;181;247;132m██[38;2;148;189;132m██[38;2;0;0;0m██
    ████████[38;2;189;189;189m██[38;2;65;65;65m██[38;2;181;247;132m██████████[38;2;107;148;74m██[38;2;239;115;156m████[38;2;255;255;255m██[38;2;65;65;65m██[38;2;181;247;132m████[38;2;107;148;74m██[38;2;148;189;132m██[38;2;0;0;0m██
            ██[38;2;255;165;222m██[38;2;65;65;65m██[38;2;181;247;132m████████[38;2;107;148;74m██[38;2;181;66;107m██[38;2;65;65;65m██[38;2;107;148;74m██[38;2;148;189;132m██[38;2;181;247;132m██████[38;2;0;0;0m██  
          ██[38;2;255;255;255m██[38;2;239;115;156m██[38;2;65;65;65m██[38;2;148;189;132m██[38;2;181;247;132m████[38;2;107;148;74m██[38;2;255;197;0m██[38;2;239;115;156m██[38;2;255;165;222m██[38;2;65;65;65m██[38;2;181;247;132m████████[38;2;0;0;0m██  
          ██[38;2;255;255;255m██[38;2;239;115;156m██[38;2;255;197;0m██[38;2;181;66;107m██[38;2;107;148;74m████[38;2;181;66;107m██[38;2;255;197;0m██[38;2;239;115;156m██[38;2;255;165;222m██[38;2;255;255;255m██[38;2;65;65;65m██[38;2;181;247;132m████[38;2;148;189;132m████[38;2;0;0;0m██
          ██[38;2;255;255;255m████[38;2;181;66;107m██[38;2;239;115;156m██████[38;2;181;66;107m██[38;2;239;115;156m████[38;2;255;165;222m██[38;2;255;255;255m██[38;2;65;65;65m██[38;2;181;247;132m██[38;2;148;189;132m██████[38;2;0;0;0m██
            ██[38;2;107;148;74m██[38;2;65;65;65m██[38;2;255;165;222m██[38;2;239;115;156m████[38;2;255;255;255m██[38;2;65;65;65m██[38;2;255;255;255m██████[38;2;65;65;65m██[38;2;148;189;132m████████[38;2;0;0;0m██
            ██[38;2;181;247;132m██[38;2;65;65;65m██[38;2;255;255;255m██[38;2;255;165;222m██[38;2;255;255;255m████[38;2;107;148;74m████[38;2;65;65;65m████[38;2;148;189;132m████[38;2;65;65;65m██[38;2;148;189;132m████[38;2;0;0;0m██
            ██[38;2;148;189;132m██[38;2;181;247;132m██[38;2;65;65;65m██[38;2;255;255;255m██[38;2;65;65;65m██[38;2;107;148;74m██[38;2;181;247;132m██████[38;2;148;189;132m██[38;2;0;0;0m████[38;2;189;189;189m████[38;2;148;189;132m██[38;2;0;0;0m██
              ██[38;2;181;247;132m██[38;2;148;189;132m██[38;2;65;65;65m██[38;2;181;247;132m██████████[38;2;148;189;132m██[38;2;0;0;0m██  ██████  
            ██[38;2;255;255;255m██[38;2;189;189;189m██[38;2;148;189;132m██[38;2;0;0;0m████[38;2;148;189;132m██[38;2;181;247;132m████[38;2;148;189;132m██[38;2;0;0;0m██            
              ██████    ██[38;2;148;189;132m██[38;2;181;247;132m██[38;2;148;189;132m██[38;2;0;0;0m██            
                        ██[38;2;255;255;255m██[38;2;189;189;189m██[38;2;148;189;132m██[38;2;0;0;0m██            
                          ██████              
[0m