      [38;2;0;0;0m██  ██                  
    ██[38;2;115;115;115m██[38;2;0;0;0m██[38;2;115;115;115m██[38;2;0;0;0m████████          
████[38;2;65;65;65m██[38;2;115;115;115m██████[38;2;65;65;65m██[38;2;214;115;82m██████[38;2;0;0;0m████      
██[38;2;214;115;82m████[38;2;65;65;65m██[38;2;115;115;115m██[38;2;65;65;65m██[38;2;214;115;82m██[38;2;247;148;74m████[38;2;214;115;82m██████[38;2;0;0;0m██    
██[38;2;247;148;74m██[38;2;65;65;65m██[38;2;115;115;115m██████[38;2;65;65;65m██[38;2;214;115;82m████[38;2;247;148;74m████[38;2;214;115;82m████[38;2;0;0;0m██  
  ██[38;2;65;65;65m██[38;2;115;115;115m██████[38;2;65;65;65m██[38;2;247;148;74m████[38;2;214;115;82m██████[38;2;247;148;74m██[38;2;214;115;82m██[38;2;0;0;0m██
  ██[38;2;165;90;74m██[38;2;65;65;65m██████[38;2;165;90;74m████████[38;2;247;148;74m██[38;2;214;115;82m████[38;2;247;148;74m██[38;2;0;0;0m██
    ██[38;2;115;115;115m██[38;2;65;65;65m██[38;2;214;115;82m██[38;2;255;255;255m██████[38;2;214;115;82m██[38;2;165;90;74m████[38;2;247;148;74m██[38;2;214;115;82m██[38;2;0;0;0m██
      ██[38;2;165;90;74m██[38;2;189;189;189m██[38;2;247;148;74m██[38;2;189;189;189m████[38;2;255;255;255m██[38;2;214;115;82m████[38;2;165;90;74m██[38;2;247;148;74m██[38;2;0;0;0m██
      ██[38;2;239;115;156m██[38;2;255;255;255m██[38;2;214;115;82m██[38;2;255;255;255m████[38;2;189;189;189m████[38;2;214;115;82m████[38;2;165;90;74m██[38;2;0;0;0m██
      ██[38;2;197;90;107m██[38;2;255;255;255m██████[38;2;239;115;156m████[38;2;214;214;214m██[38;2;115;115;115m██[38;2;214;115;82m██[38;2;0;0;0m██  
      ██[38;2;255;255;255m██████████[38;2;197;90;107m██[38;2;255;255;255m██[38;2;115;115;115m██[38;2;65;65;65m██[38;2;0;0;0m██  
        ██[38;2;255;255;255m██████[38;2;197;90;107m██[38;2;239;115;156m██[38;2;214;214;214m██[38;2;65;65;65m██[38;2;0;0;0m██    
          ██[38;2;189;189;189m██[38;2;255;255;255m████[38;2;214;214;214m██[38;2;0;0;0m████      
        ██[38;2;65;65;65m██[38;2;0;0;0m██[38;2;65;65;65m██[38;2;115;115;115m██[38;2;0;0;0m██          
        ████  ██[38;2;115;115;115m██[38;2;65;65;65m██[38;2;0;0;0m██        
              ██[38;2;214;115;82m██[38;2;0;0;0m██[38;2;65;65;65m██[38;2;0;0;0m████    
          ████[38;2;115;115;115m████[38;2;0;0;0m██  [38;2;65;65;65m██[38;2;0;0;0m██    
      ██[38;2;65;65;65m██[38;2;115;115;115m████[38;2;65;65;65m██[38;2;115;115;115m████[38;2;0;0;0m████      
        ██████[38;2;189;189;189m██[38;2;65;65;65m██[38;2;115;115;115m██████[38;2;65;65;65m██[38;2;0;0;0m██  
          ██[38;2;189;189;189m██[38;2;115;115;115m██[38;2;255;255;255m██[38;2;189;189;189m██[38;2;65;65;65m████[38;2;0;0;0m██    
            ████[38;2;255;255;255m██[38;2;0;0;0m██████      
                ██            
[0m