                          [38;2;0;0;0m██████████                                    
                    ██████[38;2;255;133;172m██████████[38;2;0;0;0m████                                
                ██[38;2;8;4;8m██[38;2;172;95;123m██[38;2;255;133;172m████[38;2;252;133;172m████████████[38;2;255;141;180m██[38;2;8;4;8m██[38;2;0;0;0m██                            
            ████[38;2;205;101;131m██[38;2;172;95;123m██[38;2;255;141;180m██[38;2;255;133;172m██[38;2;189;56;49m██[38;2;252;133;172m████████████[38;2;172;95;123m████[38;2;205;101;131m██[38;2;0;0;0m██                          
          ██[38;2;205;101;131m██████[38;2;82;60;65m██[38;2;255;133;172m██[38;2;172;56;49m██[38;2;255;255;255m██[38;2;148;52;49m██[38;2;255;133;172m██[38;2;252;133;172m████[38;2;255;133;172m██████[38;2;156;74;101m██[38;2;205;101;131m████[38;2;0;0;0m██                        
        ██[38;2;205;101;131m██████[38;2;65;64;65m██[38;2;139;84;101m██[38;2;255;133;172m██[38;2;172;56;49m████[38;2;148;52;49m██[38;2;255;133;172m██[38;2;252;133;172m████[38;2;65;64;65m██[38;2;255;133;172m██████[38;2;65;64;65m██[38;2;205;101;131m████[38;2;0;0;0m██      ██              
      ██[38;2;205;101;131m██[38;2;202;99;131m████[38;2;197;109;148m██[38;2;57;76;82m██[38;2;172;210;238m██[38;2;205;101;131m██[38;2;172;52;49m██[38;2;213;93;106m██[38;2;131;48;57m██[38;2;246;133;172m██[38;2;156;75;101m████[38;2;95;116;134m██[38;2;57;68;82m██[38;2;255;133;172m██████[38;2;65;64;65m██[38;2;205;101;131m████[38;2;0;0;0m██  [38;2;16;4;0m██[38;2;115;157;189m██[38;2;0;0;0m██            
    ██[38;2;205;101;131m████[38;2;202;99;131m████[38;2;57;76;82m██[38;2;104;87;104m██[38;2;172;210;238m██[38;2;205;101;131m██[38;2;255;133;164m██[38;2;172;52;49m██[38;2;246;133;172m██[38;2;169;76;95m██[38;2;172;210;238m████████[38;2;65;64;65m██[38;2;255;133;172m██████[38;2;65;64;65m██[38;2;205;101;131m████[38;2;0;0;0m██[38;2;49;55;63m██[38;2;115;157;189m██[38;2;0;0;0m██            
  ██[38;2;205;101;131m██[38;2;202;99;131m████[38;2;205;101;131m██[38;2;0;0;0m██[38;2;84;84;71m██[38;2;255;255;213m██[38;2;74;117;148m██[38;2;194;120;153m██[38;2;252;133;172m████[38;2;156;75;101m██[38;2;172;210;238m██████[38;2;65;117;156m██[38;2;126;161;189m██[38;2;65;64;65m██[38;2;213;170;205m██[38;2;252;133;172m████[38;2;65;64;65m██[38;2;191;107;137m██[38;2;205;101;131m██[38;2;65;64;65m██[38;2;115;159;191m████[38;2;115;157;189m██[38;2;16;4;0m██[38;2;0;0;0m██        
  ██[38;2;205;101;131m██[38;2;202;99;131m████[38;2;0;0;0m██  ██[38;2;169;169;142m██[38;2;74;117;148m██[38;2;255;121;156m██[38;2;252;133;172m████[38;2;156;75;101m██[38;2;172;210;238m██[38;2;74;121;156m████[38;2;246;250;255m██[38;2;126;161;189m██[38;2;213;170;205m██[38;2;65;64;65m██[38;2;252;133;172m████[38;2;255;129;172m██[38;2;65;64;65m██[38;2;205;101;131m████[38;2;65;64;65m██[38;2;115;159;191m██[38;2;115;157;189m██[38;2;49;55;63m██[38;2;172;210;238m██[38;2;0;0;0m██      
██[38;2;202;99;131m████[38;2;205;101;131m████[38;2;0;0;0m██    ██[38;2;156;74;101m██[38;2;255;133;172m██[38;2;252;133;172m████[38;2;145;105;104m██[38;2;90;80;148m██[38;2;255;255;156m██[38;2;178;169;104m██[38;2;255;255;255m██[38;2;112;157;194m██[38;2;172;210;238m██[38;2;57;70;79m██[38;2;252;133;172m████[38;2;255;133;172m██[38;2;65;64;65m██[38;2;205;101;131m████[38;2;65;64;65m██[38;2;159;129;164m██[38;2;131;159;186m██[38;2;65;64;65m██[38;2;172;210;238m██[38;2;0;0;0m██      
██[38;2;202;99;131m████[38;2;205;101;131m██[38;2;0;0;0m██      ██[38;2;255;133;172m████[38;2;252;133;172m████[38;2;145;105;104m██[38;2;255;153;16m██[38;2;24;0;0m██[38;2;178;169;104m██[38;2;255;255;255m██[38;2;112;157;194m██[38;2;172;210;238m██[38;2;0;0;0m██[38;2;252;133;172m████[38;2;255;133;172m████[38;2;65;64;65m██[38;2;205;101;131m██[38;2;159;129;164m██[38;2;65;64;65m████[38;2;164;206;246m██[38;2;172;210;238m████[38;2;0;0;0m██    
██[38;2;205;101;131m██████[38;2;0;0;0m██        ██[38;2;255;133;172m████████[38;2;74;121;156m██[38;2;180;121;65m██[38;2;213;242;255m██[38;2;115;149;172m██[38;2;172;222;255m██[38;2;0;0;0m██  ██[38;2;255;133;172m██[38;2;252;133;172m████[38;2;65;64;65m██[38;2;191;107;137m██[38;2;205;101;131m██[38;2;65;64;65m██[38;2;65;121;164m██[38;2;180;210;224m██[38;2;172;210;238m████[38;2;52;67;79m██[38;2;0;0;0m██  
  ██████            ██[38;2;205;99;131m████[38;2;255;133;172m████[38;2;180;121;65m██[38;2;197;182;160m██[38;2;115;149;172m██[38;2;0;4;8m██    [38;2;0;0;0m██[38;2;255;133;172m██[38;2;252;133;172m████[38;2;255;129;172m██[38;2;65;64;65m██[38;2;205;101;131m██[38;2;65;64;65m██[38;2;180;210;224m██[38;2;238;255;255m██[38;2;148;52;49m██[38;2;172;210;238m██[38;2;104;134;159m██[38;2;156;202;238m██[38;2;0;0;0m██
                      [38;2;16;4;0m██[38;2;49;55;63m██[38;2;65;64;65m██[38;2;93;124;153m██[38;2;90;126;153m██[38;2;57;64;65m██[38;2;0;0;0m██      ██[38;2;255;133;172m██[38;2;252;133;172m████[38;2;255;133;172m██[38;2;65;64;65m██[38;2;57;68;74m██[38;2;164;210;246m██[38;2;172;210;238m██[38;2;189;64;57m██[38;2;148;52;49m██[38;2;172;210;238m██████[38;2;0;0;0m██
                  ████[38;2;115;157;189m████[38;2;106;153;197m██[38;2;65;64;65m██[38;2;106;157;197m████[38;2;115;157;189m██[38;2;0;0;0m████  ██[38;2;255;133;172m██[38;2;252;133;172m████[38;2;255;133;172m██[38;2;65;64;65m██[38;2;93;116;131m██[38;2;57;68;74m██[38;2;172;210;238m██[38;2;189;64;57m██[38;2;172;210;238m██████[38;2;0;0;0m██  
                ██[38;2;112;157;191m████[38;2;115;159;191m████[38;2;57;64;65m██[38;2;172;206;238m██[38;2;115;159;194m████[38;2;172;210;238m██████[38;2;0;0;0m██[38;2;65;64;65m██[38;2;213;170;205m██[38;2;252;133;172m████[38;2;238;141;189m██[38;2;49;72;82m██[38;2;93;116;131m██[38;2;57;68;74m██[38;2;74;117;156m██[38;2;172;206;238m██[38;2;172;214;246m████[38;2;0;0;0m██    
              ██[38;2;115;157;189m██[38;2;76;121;153m██[38;2;112;157;191m██[38;2;65;64;65m████[38;2;134;159;180m██[38;2;172;206;238m██[38;2;172;210;238m████[38;2;74;121;156m██[38;2;172;210;238m██████[38;2;213;170;205m██[38;2;65;64;65m██[38;2;252;133;172m████[38;2;49;72;82m██[38;2;112;95;117m██[38;2;57;68;74m██[38;2;164;210;246m██[38;2;172;206;238m██[38;2;123;161;197m██[38;2;115;144;167m██[38;2;0;4;8m██      
                [38;2;0;0;0m██[38;2;65;64;65m████[38;2;175;209;238m████████████[38;2;115;159;191m██[38;2;65;64;65m██[38;2;172;210;238m████████[38;2;65;64;65m████[38;2;74;121;156m██[38;2;65;64;65m██[38;2;93;116;131m██[38;2;57;68;74m██[38;2;65;64;65m██[38;2;172;210;238m██████[38;2;0;0;0m██    
              ██[38;2;115;157;189m██[38;2;65;64;65m██[38;2;115;159;191m██[38;2;175;209;238m████████████[38;2;115;159;191m██[38;2;65;64;65m██[38;2;0;0;0m████[38;2;172;210;238m██[38;2;115;159;194m██[38;2;172;210;238m██[38;2;65;64;65m████[38;2;74;121;156m██[38;2;57;68;74m██[38;2;164;210;246m██[38;2;172;210;238m████[38;2;57;70;79m██[38;2;0;0;0m██      
              ██[38;2;115;157;189m██[38;2;115;159;191m██[38;2;65;64;65m██[38;2;172;210;238m██████[38;2;65;64;65m██[38;2;156;206;246m██[38;2;123;159;186m██[38;2;115;157;189m██[38;2;0;0;0m██    ██████[38;2;65;64;65m██[38;2;74;121;156m████[38;2;0;0;0m██[38;2;65;64;65m██[38;2;74;121;156m██[38;2;172;210;238m████[38;2;0;0;0m██      
                ██[38;2;115;159;191m████[38;2;115;159;194m██[38;2;172;210;238m██[38;2;65;64;65m██[38;2;172;210;238m██[38;2;57;64;65m██[38;2;123;159;186m██[38;2;115;157;189m██[38;2;0;0;0m██          ██[38;2;74;121;156m██[38;2;0;0;0m██  ██[38;2;172;210;238m██[38;2;74;121;156m██[38;2;0;0;0m██        
                ██[38;2;123;161;197m██[38;2;46;56;65m██[38;2;115;157;189m████[38;2;65;64;65m██[38;2;172;210;238m██[38;2;172;206;238m██[38;2;123;161;197m██[38;2;49;55;63m██[38;2;115;157;189m██[38;2;0;0;0m████    ██[38;2;74;121;156m████[38;2;0;0;0m██  ██[38;2;172;218;255m██[38;2;0;4;0m██          
                  [38;2;8;4;0m████[38;2;0;0;0m██[38;2;115;157;189m██[38;2;65;64;65m██[38;2;172;210;238m██[38;2;172;206;238m██[38;2;74;117;156m██[38;2;16;4;0m██[38;2;115;157;189m██████[38;2;0;0;0m████[38;2;74;121;156m████[38;2;0;0;0m██  ██[38;2;172;210;238m██[38;2;115;147;169m██[38;2;0;4;0m██          
                        [38;2;0;0;0m████[38;2;74;121;156m██[38;2;172;210;238m██[38;2;0;0;0m██  ████[38;2;115;157;189m██[38;2;115;149;172m████[38;2;65;64;65m████[38;2;57;70;79m██[38;2;0;0;0m██[38;2;172;210;238m████[38;2;0;0;0m██            
                            ████        ██[38;2;0;4;8m██[38;2;172;222;255m██[38;2;172;210;238m████████[38;2;0;0;0m████              
                                            ██████████                  
[0m