        [38;2;0;0;0m████                        
      ██[38;2;255;247;123m████[38;2;0;0;0m██████                  
      ██[38;2;222;206;82m██[38;2;189;165;49m██[38;2;255;247;123m████[38;2;222;206;82m██[38;2;0;0;0m██████            
      ██[38;2;123;123;107m████[38;2;255;247;123m██████[38;2;65;65;65m██[38;2;255;247;123m████[38;2;0;0;0m██          
    ██[38;2;255;247;123m██[38;2;123;123;107m████[38;2;255;247;123m██[38;2;123;123;107m████[38;2;255;247;123m██████[38;2;0;0;0m██          
    ██[38;2;189;165;49m██[38;2;255;247;123m██████[38;2;123;123;107m████[38;2;255;247;123m██[38;2;189;165;49m██[38;2;0;0;0m██            
    ██[38;2;255;255;255m██[38;2;222;206;82m██[38;2;255;247;123m████[38;2;222;206;82m██[38;2;189;165;49m██[38;2;255;247;123m██[38;2;222;206;82m██[38;2;0;0;0m██            
  ██[38;2;65;65;65m██[38;2;197;82;115m██[38;2;255;247;123m████[38;2;189;165;49m██[38;2;255;255;255m██[38;2;255;247;123m██[38;2;222;206;82m██[38;2;189;165;49m██[38;2;0;0;0m██            
██[38;2;230;107;140m██[38;2;197;82;115m██[38;2;255;247;123m████████[38;2;197;82;115m██[38;2;222;206;82m██[38;2;189;165;49m██[38;2;0;0;0m██              
██[38;2;255;247;123m██[38;2;189;165;49m██[38;2;65;65;65m██[38;2;189;165;49m██[38;2;255;247;123m██[38;2;222;206;82m████[38;2;65;65;65m██[38;2;255;247;123m████[38;2;0;0;0m██            
██[38;2;255;247;123m████[38;2;230;107;140m██[38;2;65;65;65m████[38;2;123;123;107m██[38;2;189;165;49m████[38;2;65;65;65m██[38;2;197;82;115m██[38;2;0;0;0m██      ████  
  ██[38;2;197;82;115m████[38;2;65;65;65m██[38;2;222;206;82m██████[38;2;65;65;65m██[38;2;230;107;140m██████[38;2;0;0;0m██  ██[38;2;230;107;140m██[38;2;0;0;0m████
    ██[38;2;65;65;65m██[38;2;255;247;123m████[38;2;222;206;82m██[38;2;65;65;65m██[38;2;255;247;123m██[38;2;189;165;49m██[38;2;230;107;140m██[38;2;197;82;115m██[38;2;0;0;0m████[38;2;255;247;123m██[38;2;230;107;140m████[38;2;0;0;0m██
    ██[38;2;255;247;123m████████[38;2;65;65;65m██[38;2;255;247;123m████[38;2;197;82;115m██[38;2;65;65;65m██[38;2;189;165;49m██[38;2;255;247;123m██[38;2;222;206;82m██[38;2;197;82;115m██[38;2;0;0;0m██  
      ██[38;2;197;82;115m██[38;2;222;206;82m██████[38;2;65;65;65m██████[38;2;189;165;49m██[38;2;222;206;82m████[38;2;0;0;0m████    
    ██[38;2;230;107;140m████[38;2;0;0;0m██████[38;2;222;206;82m██████[38;2;65;65;65m██[38;2;0;0;0m████        
      ████      ██[38;2;65;65;65m██[38;2;197;82;115m██[38;2;0;0;0m██            
                ██[38;2;230;107;140m████[38;2;0;0;0m██            
                  ████              
[0m