                [38;2;0;0;0m████              
              ██[38;2;255;255;255m██[38;2;172;230;255m██[38;2;0;0;0m██            
            ██[38;2;172;230;255m██[38;2;255;255;255m████[38;2;74;148;197m██[38;2;0;0;0m██          
      ██████[38;2;74;148;197m██[38;2;131;213;255m██[38;2;172;230;255m████[38;2;131;213;255m██[38;2;0;0;0m██          
    ██[38;2;213;246;255m██[38;2;98;172;222m██[38;2;74;148;197m██[38;2;131;213;255m██████████[38;2;74;148;197m██[38;2;0;0;0m██        
    ██[38;2;98;172;222m██[38;2;65;65;65m██[38;2;131;213;255m████████[38;2;74;148;197m████[38;2;131;213;255m██[38;2;98;172;222m██[38;2;0;0;0m██      
  ██[38;2;98;172;222m██[38;2;65;65;65m██[38;2;131;213;255m████[38;2;74;148;197m██[38;2;98;172;222m██[38;2;131;213;255m██████████[38;2;74;148;197m██[38;2;0;0;0m████  
  ██[38;2;213;246;255m██[38;2;74;148;197m██[38;2;131;213;255m████[38;2;74;148;197m████[38;2;131;213;255m██[38;2;98;172;222m██[38;2;131;213;255m████████[38;2;255;255;255m██[38;2;74;148;197m██[38;2;0;0;0m██
██[38;2;172;230;255m██[38;2;213;246;255m████[38;2;98;172;222m██[38;2;131;213;255m██████[38;2;98;172;222m██[38;2;213;246;255m██[38;2;98;172;222m██[38;2;131;213;255m██████[38;2;213;246;255m██[38;2;255;255;255m██[38;2;0;0;0m██
██[38;2;172;230;255m██[38;2;255;255;255m██[38;2;213;246;255m██[38;2;98;172;222m██[38;2;131;213;255m████[38;2;98;172;222m██████[38;2;213;246;255m██[38;2;98;172;222m██[38;2;131;213;255m████[38;2;213;246;255m██[38;2;65;65;65m██[38;2;0;0;0m██
██[38;2;74;148;197m██[38;2;255;255;255m██[38;2;213;246;255m██[38;2;98;172;222m██[38;2;131;213;255m██[38;2;98;172;222m██[38;2;213;246;255m████[38;2;98;172;222m██[38;2;172;230;255m██[38;2;213;246;255m██[38;2;98;172;222m██[38;2;74;148;197m████[38;2;0;0;0m██  
  ██[38;2;213;246;255m██[38;2;98;172;222m██[38;2;213;246;255m██[38;2;98;172;222m██[38;2;213;246;255m██[38;2;255;255;255m████[38;2;213;246;255m██[38;2;172;230;255m██[38;2;213;246;255m██[38;2;98;172;222m████[38;2;0;0;0m██    
    ██[38;2;98;172;222m██[38;2;131;213;255m██[38;2;98;172;222m██[38;2;213;246;255m██[38;2;255;255;255m████[38;2;213;246;255m████[38;2;98;172;222m██████[38;2;0;0;0m██    
    ██[38;2;213;246;255m██[38;2;74;148;197m██[38;2;131;213;255m██[38;2;98;172;222m██[38;2;213;246;255m██████[38;2;98;172;222m██[38;2;131;213;255m████[38;2;74;148;197m██[38;2;0;0;0m██    
      ██[38;2;172;230;255m██[38;2;74;148;197m████[38;2;98;172;222m██████[38;2;131;213;255m██████[38;2;0;0;0m██      
        ██████[38;2;65;65;65m██[38;2;74;148;197m██[38;2;98;172;222m████[38;2;131;213;255m██[38;2;255;255;255m██[38;2;0;0;0m██      
              ██████[38;2;255;255;255m████[38;2;74;148;197m██[38;2;0;0;0m██      
                    ██████        
[0m