                [38;2;0;0;0m████              
              ██[38;2;255;255;255m██[38;2;197;180;246m██[38;2;0;0;0m██            
            ██[38;2;197;180;246m██[38;2;255;255;255m████[38;2;115;98;172m██[38;2;0;0;0m██          
      ██████[38;2;115;98;172m██[38;2;164;139;222m██[38;2;197;180;246m████[38;2;164;139;222m██[38;2;0;0;0m██          
    ██[38;2;230;222;255m██[38;2;131;123;197m██[38;2;115;98;172m██[38;2;164;139;222m██████████[38;2;115;98;172m██[38;2;0;0;0m██        
    ██[38;2;131;123;197m██[38;2;65;65;65m██[38;2;164;139;222m████████[38;2;115;98;172m████[38;2;164;139;222m██[38;2;131;123;197m██[38;2;0;0;0m██      
  ██[38;2;131;123;197m██[38;2;65;65;65m██[38;2;164;139;222m████[38;2;115;98;172m██[38;2;131;123;197m██[38;2;164;139;222m██████████[38;2;115;98;172m██[38;2;0;0;0m████  
  ██[38;2;230;222;255m██[38;2;115;98;172m██[38;2;164;139;222m████[38;2;115;98;172m████[38;2;164;139;222m██[38;2;131;123;197m██[38;2;164;139;222m████████[38;2;255;255;255m██[38;2;115;98;172m██[38;2;0;0;0m██
██[38;2;197;180;246m██[38;2;230;222;255m████[38;2;131;123;197m██[38;2;164;139;222m██████[38;2;131;123;197m██[38;2;230;222;255m██[38;2;131;123;197m██[38;2;164;139;222m██████[38;2;230;222;255m██[38;2;255;255;255m██[38;2;0;0;0m██
██[38;2;197;180;246m██[38;2;255;255;255m██[38;2;230;222;255m██[38;2;131;123;197m██[38;2;164;139;222m████[38;2;131;123;197m██████[38;2;230;222;255m██[38;2;131;123;197m██[38;2;164;139;222m████[38;2;230;222;255m██[38;2;65;65;65m██[38;2;0;0;0m██
██[38;2;115;98;172m██[38;2;255;255;255m██[38;2;230;222;255m██[38;2;131;123;197m██[38;2;164;139;222m██[38;2;131;123;197m██[38;2;230;222;255m████[38;2;131;123;197m██[38;2;197;180;246m██[38;2;230;222;255m██[38;2;131;123;197m██[38;2;115;98;172m████[38;2;0;0;0m██  
  ██[38;2;230;222;255m██[38;2;131;123;197m██[38;2;230;222;255m██[38;2;131;123;197m██[38;2;230;222;255m██[38;2;255;255;255m████[38;2;230;222;255m██[38;2;197;180;246m██[38;2;230;222;255m██[38;2;131;123;197m████[38;2;0;0;0m██    
    ██[38;2;131;123;197m██[38;2;164;139;222m██[38;2;131;123;197m██[38;2;230;222;255m██[38;2;255;255;255m████[38;2;230;222;255m████[38;2;131;123;197m██████[38;2;0;0;0m██    
    ██[38;2;230;222;255m██[38;2;115;98;172m██[38;2;164;139;222m██[38;2;131;123;197m██[38;2;230;222;255m██████[38;2;131;123;197m██[38;2;164;139;222m████[38;2;115;98;172m██[38;2;0;0;0m██    
      ██[38;2;197;180;246m██[38;2;115;98;172m████[38;2;131;123;197m██████[38;2;164;139;222m██████[38;2;0;0;0m██      
        ██████[38;2;65;65;65m██[38;2;115;98;172m██[38;2;131;123;197m████[38;2;164;139;222m██[38;2;255;255;255m██[38;2;0;0;0m██      
              ██████[38;2;255;255;255m████[38;2;115;98;172m██[38;2;0;0;0m██      
                    ██████        
[0m