                [38;2;0;0;0m██    ██        
        ████  ██[38;2;206;115;181m██[38;2;0;0;0m████[38;2;206;115;181m██[38;2;0;0;0m██      
    ████[38;2;247;148;222m██[38;2;0;0;0m████[38;2;90;115;148m██[38;2;165;90;140m██[38;2;0;0;0m██[38;2;165;90;140m██[38;2;206;115;181m██[38;2;0;0;0m██  ██  
  ██[38;2;206;115;181m██[38;2;247;148;222m██[38;2;206;115;181m████[38;2;65;65;65m██[38;2;90;115;148m██[38;2;82;148;181m████[38;2;206;115;181m██[38;2;82;148;181m██[38;2;165;90;140m██[38;2;0;0;0m██[38;2;206;115;181m██[38;2;0;0;0m██
  ██[38;2;206;115;181m████[38;2;65;65;65m████[38;2;82;148;181m██████████████[38;2;206;115;181m████[38;2;0;0;0m██
██[38;2;115;165;214m██[38;2;82;148;181m██[38;2;65;65;65m██[38;2;90;115;148m██[38;2;82;148;181m██████████[38;2;65;65;65m██[38;2;82;148;181m██[38;2;65;65;65m██[38;2;82;148;181m██[38;2;0;0;0m██  
██[38;2;115;165;214m████[38;2;65;65;65m██[38;2;82;148;181m██████████[38;2;65;65;65m██[38;2;206;115;181m██[38;2;65;65;65m██[38;2;247;148;222m██[38;2;65;65;65m██[38;2;0;0;0m██  
██[38;2;82;148;181m██[38;2;115;165;214m████[38;2;90;115;148m██[38;2;82;148;181m██████[38;2;90;115;148m██[38;2;65;65;65m██[38;2;206;115;181m██[38;2;247;148;222m██[38;2;206;115;181m██[38;2;65;65;65m██[38;2;82;148;181m██[38;2;0;0;0m██
  ██[38;2;65;65;65m██[38;2;82;148;181m██[38;2;115;165;214m██[38;2;82;148;181m██[38;2;90;115;148m██[38;2;65;65;65m████[38;2;115;165;214m██[38;2;206;115;181m████[38;2;165;90;140m██[38;2;65;65;65m██[38;2;82;148;181m██[38;2;0;0;0m██
  ██[38;2;247;148;41m██[38;2;0;0;0m██[38;2;90;115;148m██[38;2;82;148;181m██████[38;2;115;165;214m██████[38;2;65;65;65m████[38;2;82;148;181m██[38;2;0;0;0m██  
  ██[38;2;214;66;115m██[38;2;65;65;65m██[38;2;90;115;148m████[38;2;65;65;65m██[38;2;90;115;148m████[38;2;65;65;65m████[38;2;82;148;181m████[38;2;90;115;148m██[38;2;0;0;0m██  
    ██[38;2;90;115;148m██████[38;2;0;0;0m██[38;2;239;222;181m██[38;2;214;66;115m██[38;2;247;148;41m██[38;2;0;0;0m██[38;2;90;115;148m██[38;2;0;0;0m████    
      ██[38;2;90;115;148m██████[38;2;0;0;0m██[38;2;214;66;115m██[38;2;65;65;65m██[38;2;90;115;148m██[38;2;0;0;0m██        
        ████[38;2;90;115;148m██████[38;2;0;0;0m████[38;2;90;115;148m██[38;2;0;0;0m██      
      ██[38;2;181;33;82m██[38;2;255;255;255m██[38;2;181;33;82m██[38;2;0;0;0m████[38;2;214;66;115m██[38;2;90;115;148m██[38;2;82;148;181m████[38;2;0;0;0m██    
      ██[38;2;90;115;148m██[38;2;181;33;82m██[38;2;214;66;115m██[38;2;65;65;65m██[38;2;214;66;115m██[38;2;90;115;148m██[38;2;82;148;181m██[38;2;90;115;148m██[38;2;82;148;181m██[38;2;0;0;0m██    
        ████[38;2;90;115;148m████[38;2;82;148;181m████████[38;2;0;0;0m██      
            ██[38;2;82;148;181m████[38;2;90;115;148m██[38;2;0;0;0m████        
              ██████            
[0m