            [38;2;0;4;0m██████                                                
          ██[38;2;66;101;132m██[38;2;60;98;132m████[38;2;0;4;0m██                                              
        ██[38;2;62;100;132m████████[38;2;0;4;0m██          ██████                    ████      
      ██[38;2;66;101;132m██[38;2;62;100;132m████████[38;2;66;101;132m██[38;2;0;4;0m████  ████[38;2;255;235;247m████[38;2;239;211;214m██[38;2;0;4;0m████              ██[38;2;74;117;156m████[38;2;0;4;0m██    
      ██[38;2;66;101;132m██[38;2;0;4;0m██[38;2;66;64;66m██[38;2;62;100;132m████████[38;2;79;79;84m██[38;2;0;12;16m██[38;2;241;212;211m██[38;2;255;235;247m████████[38;2;241;212;211m██[38;2;239;211;214m██[38;2;0;4;0m██        ████[38;2;76;118;159m████████[38;2;0;4;0m██  
        ██  ██[38;2;62;100;132m████████[38;2;79;79;84m██[38;2;239;215;222m██[38;2;241;212;211m██[38;2;255;235;247m████████[38;2;241;212;211m██[38;2;239;211;214m████[38;2;0;4;0m██    ██[38;2;76;117;159m████[38;2;76;118;159m████████[38;2;0;4;0m██  
            ██[38;2;66;101;132m██[38;2;0;4;0m██[38;2;74;97;115m██[38;2;52;66;76m██[38;2;183;179;183m██[38;2;148;142;148m██[38;2;241;211;211m████[38;2;255;235;247m████[38;2;239;211;214m████████[38;2;45;62;78m██[38;2;8;8;0m██[38;2;0;4;0m██[38;2;76;117;159m██[38;2;76;118;159m████[38;2;76;119;159m████[38;2;76;118;159m████[38;2;76;117;159m██[38;2;0;4;0m██
              ██  [38;2;8;4;0m██[38;2;52;66;76m██[38;2;219;217;219m██[38;2;255;255;255m██[38;2;241;211;211m████[38;2;216;205;214m██[38;2;140;146;148m██[38;2;134;145;148m██[38;2;239;211;214m████[38;2;66;65;66m██[38;2;82;117;156m████[38;2;76;117;159m████[38;2;76;118;159m████[38;2;76;119;159m██[38;2;66;65;66m██[38;2;76;118;159m████[38;2;76;117;159m██[38;2;0;4;0m██
                  [38;2;0;8;16m██[38;2;198;174;181m██[38;2;255;255;255m██[38;2;85;93;101m██[38;2;239;211;214m████[38;2;192;186;195m██[38;2;255;231;231m██[38;2;255;255;255m██[38;2;135;145;148m██[38;2;239;211;214m██[38;2;66;65;66m██[38;2;76;119;161m████[38;2;76;119;159m████[38;2;54;64;77m██[38;2;93;121;154m██[38;2;82;117;156m██[38;2;45;62;78m██[38;2;0;4;0m██[38;2;74;117;156m██[38;2;76;117;159m██[38;2;0;4;0m██
                ██[38;2;99;91;98m██[38;2;198;174;181m██[38;2;255;255;255m██[38;2;0;12;24m██[38;2;239;211;214m██[38;2;66;65;66m██[38;2;255;231;231m██[38;2;66;97;123m██[38;2;255;255;255m██[38;2;135;145;148m██[38;2;239;211;214m██[38;2;66;65;66m██[38;2;76;119;161m██[38;2;62;100;134m██[38;2;66;65;66m██[38;2;76;119;159m██[38;2;54;64;77m██[38;2;16;8;0m██[38;2;82;117;156m██[38;2;8;8;0m██  [38;2;0;4;0m██[38;2;76;117;159m██[38;2;0;4;0m██
                ██[38;2;66;89;107m██[38;2;239;211;214m██[38;2;230;201;211m██[38;2;255;255;255m██[38;2;41;69;82m██[38;2;107;116;126m██[38;2;247;227;222m██[38;2;0;4;0m██[38;2;247;255;255m██[38;2;203;152;167m██[38;2;239;211;214m████[38;2;66;65;66m██[38;2;61;99;132m██[38;2;66;101;132m██[38;2;0;4;0m████  ██      ██  
                ██[38;2;66;89;107m████[38;2;230;201;211m██[38;2;181;93;123m██[38;2;239;211;214m████[38;2;247;227;222m████[38;2;225;203;211m██[38;2;181;101;123m██[38;2;239;211;214m██[38;2;66;65;66m████[38;2;61;99;132m██[38;2;0;4;0m██                  
    ████          [38;2;8;12;0m██[38;2;43;58;77m██[38;2;247;207;214m██[38;2;164;131;140m██[38;2;181;85;115m██[38;2;200;125;145m██[38;2;239;211;214m████[38;2;181;81;115m██[38;2;197;124;145m██[38;2;66;65;66m██[38;2;76;119;159m██[38;2;66;117;165m██[38;2;66;99;132m██[38;2;0;4;0m██                  
  ██[38;2;255;255;255m██[38;2;222;223;222m██[38;2;0;4;0m██      ██[38;2;115;150;231m████[38;2;82;56;66m██[38;2;247;207;214m██[38;2;239;207;206m██[38;2;181;85;115m██[38;2;183;89;120m████[38;2;214;167;175m██[38;2;231;211;206m██[38;2;66;65;66m██[38;2;76;119;159m██[38;2;66;99;132m██[38;2;66;65;66m██[38;2;0;4;0m██                  
██[38;2;255;255;255m████[38;2;222;223;222m██[38;2;134;144;150m██[38;2;0;4;0m██    ██[38;2;115;150;231m██[38;2;66;65;66m██[38;2;95;141;151m██[38;2;24;85;99m██[38;2;41;73;74m██[38;2;189;219;231m██[38;2;239;211;214m████[38;2;222;227;231m██[38;2;33;97;107m██[38;2;66;77;90m████[38;2;66;65;66m██[38;2;148;178;255m██[38;2;132;166;247m██[38;2;0;4;0m██                
██[38;2;255;255;255m██[38;2;222;225;218m██[38;2;222;223;222m██[38;2;134;144;150m██[38;2;222;223;222m██[38;2;0;4;0m██  ██[38;2;115;150;231m██[38;2;66;65;66m██[38;2;239;255;255m██[38;2;95;141;151m██[38;2;189;219;231m██[38;2;115;146;152m██[38;2;66;162;173m████[38;2;96;140;148m████[38;2;255;255;255m██[38;2;66;77;90m██[38;2;148;178;255m████[38;2;132;166;247m████[38;2;0;4;0m██              
██[38;2;239;239;239m████[38;2;222;224;219m████[38;2;222;223;222m██[38;2;66;65;66m██[38;2;0;4;0m██[38;2;198;174;173m██[38;2;66;65;66m██[38;2;255;255;255m██████[38;2;66;166;189m██[38;2;160;210;222m██[38;2;160;208;218m██[38;2;66;162;181m██[38;2;255;255;255m██████[38;2;66;65;66m██[38;2;148;178;255m████[38;2;115;149;228m████[38;2;0;4;0m██              
  ████[38;2;222;224;219m████[38;2;222;223;222m██[38;2;66;65;66m██[38;2;198;174;173m████[38;2;66;65;66m██[38;2;255;255;255m████[38;2;66;162;173m██[38;2;255;255;255m██[38;2;160;210;222m██[38;2;66;162;181m██[38;2;255;255;255m████████[38;2;66;65;66m██[38;2;115;150;231m████[38;2;115;149;228m████[38;2;0;4;0m██      ████    
      ██████[38;2;198;174;173m████[38;2;0;4;0m██[38;2;85;83;85m██[38;2;255;251;255m██[38;2;255;255;255m██[38;2;101;155;161m██[38;2;156;215;239m██[38;2;68;161;173m██[38;2;66;162;173m██[38;2;255;255;255m████████[38;2;222;225;218m██[38;2;66;65;66m████[38;2;148;144;167m██[38;2;0;4;8m██      [38;2;0;4;0m██[38;2;255;255;255m████[38;2;0;4;0m██  
            ████  [38;2;0;0;0m██[38;2;255;251;255m██[38;2;101;155;161m██[38;2;255;255;255m██[38;2;68;161;173m████[38;2;255;255;255m████████[38;2;222;225;218m████[38;2;144;144;144m██[38;2;222;223;222m██[38;2;74;74;87m██[38;2;222;215;247m██[38;2;0;4;0m██  ██[38;2;140;146;148m██[38;2;255;255;255m██████[38;2;0;4;0m██
                    ██[38;2;66;77;90m██[38;2;255;255;255m██████[38;2;239;251;255m██[38;2;49;60;74m██[38;2;222;223;222m████████[38;2;33;52;74m██[38;2;206;219;222m██[38;2;66;60;57m██[38;2;198;174;173m██[38;2;239;211;214m██[38;2;0;4;0m██[38;2;255;255;255m██[38;2;135;145;148m██[38;2;255;255;255m██████[38;2;0;4;0m██
                    ██[38;2;66;77;90m████[38;2;255;255;255m████[38;2;49;60;74m██[38;2;112;123;134m██[38;2;66;65;66m██[38;2;222;223;222m████[38;2;66;65;66m██[38;2;90;107;123m████[38;2;0;4;0m████[38;2;239;211;214m██[38;2;159;142;142m██[38;2;255;255;255m██████████[38;2;0;4;0m██
                  ██[38;2;60;98;132m██[38;2;46;68;82m██[38;2;66;101;123m██[38;2;0;4;0m██[38;2;66;64;66m██[38;2;76;117;159m████[38;2;74;110;148m██[38;2;41;59;74m██[38;2;66;65;66m██[38;2;74;117;165m██[38;2;71;112;148m██[38;2;0;4;0m██    ██[38;2;198;174;173m██[38;2;82;83;82m██[38;2;247;251;247m██[38;2;255;255;255m██[38;2;0;4;0m████  
            ████  ██[38;2;60;98;132m██[38;2;66;101;123m██[38;2;8;4;0m██  [38;2;0;4;0m██████[38;2;8;8;0m██[38;2;74;110;148m██[38;2;71;99;132m██[38;2;66;65;66m██[38;2;71;112;148m████[38;2;0;4;0m██    ██[38;2;0;0;0m████[38;2;0;4;0m██      
          ██[38;2;132;162;239m██[38;2;115;150;231m██[38;2;0;4;0m██[38;2;41;56;74m██[38;2;98;111;123m██[38;2;0;4;0m██            ████[38;2;66;101;132m██[38;2;71;112;148m████[38;2;0;4;0m██                  
          ██[38;2;132;162;239m██[38;2;115;150;231m██[38;2;0;4;0m██[38;2;214;223;222m████[38;2;0;4;0m██                ██[38;2;71;112;148m██[38;2;0;4;0m██                    
        ██[38;2;115;150;231m████████[38;2;66;65;66m████[38;2;132;182;239m██[38;2;0;4;0m██              ██[38;2;101;121;139m████[38;2;8;4;0m████[38;2;0;4;0m██              
        ██[38;2;115;150;231m██[38;2;153;217;241m████[38;2;115;150;231m██████[38;2;132;182;239m██[38;2;0;4;0m██            ██[38;2;66;64;66m██[38;2;239;251;255m██[38;2;33;56;82m██[38;2;54;62;82m██[38;2;148;178;247m██[38;2;148;178;255m██[38;2;0;4;0m██            
        ██[38;2;52;74;79m██[38;2;156;215;239m████████[38;2;0;4;0m████              ██[38;2;132;182;239m██[38;2;66;65;66m██[38;2;115;150;231m██[38;2;148;178;255m████[38;2;148;199;247m██[38;2;0;4;0m██            
          ██████████                  ██[38;2;132;182;239m██[38;2;115;150;231m████[38;2;148;178;255m██[38;2;156;216;243m██[38;2;148;199;247m██[38;2;0;4;0m██            
                                        ████[38;2;156;215;239m████████[38;2;0;4;0m██            
                                            ████████              
[0m