                                  [38;2;0;0;0m████                      
                                ██[38;2;255;123;156m████[38;2;0;0;0m██      ████          
                  ████████  ████[38;2;255;121;156m██[38;2;255;123;156m████[38;2;255;121;156m██[38;2;0;0;0m██████[38;2;255;121;156m████[38;2;0;0;0m██        
              ████[38;2;255;123;156m████████[38;2;0;0;0m██[38;2;255;121;156m██████[38;2;140;89;132m██[38;2;0;0;0m████[38;2;255;121;156m██[38;2;255;123;156m████[38;2;255;121;156m██████[38;2;0;0;0m██      
            ██[38;2;255;121;156m████[38;2;255;123;156m████████[38;2;255;121;156m██████[38;2;0;0;0m████    ██[38;2;255;123;156m████[38;2;139;88;131m████[38;2;255;121;156m██[38;2;0;0;0m██      
            ██[38;2;140;89;132m██[38;2;255;121;156m████[38;2;0;0;0m████[38;2;255;121;156m██████[38;2;0;0;0m██          ██████[38;2;255;121;156m████[38;2;0;0;0m██      
        ████[38;2;255;121;156m██████[38;2;0;0;0m██    ██████  ████████        ████        
      ██[38;2;255;121;156m██████[38;2;255;123;156m████[38;2;255;121;156m██[38;2;0;0;0m██      ████[38;2;173;138;214m██[38;2;161;125;208m████[38;2;173;138;214m██[38;2;0;0;0m██████              
    ██[38;2;255;121;156m██████[38;2;140;89;132m██[38;2;255;123;156m████[38;2;255;121;156m██[38;2;0;0;0m██  ████[38;2;165;125;206m██[38;2;173;138;214m████[38;2;181;154;214m████[38;2;173;138;214m████[38;2;165;125;206m████[38;2;0;0;0m████          
  ██[38;2;255;121;156m██[38;2;255;123;156m████[38;2;139;88;131m██[38;2;255;121;156m██████[38;2;0;0;0m██  [38;2;0;0;16m██[38;2;170;121;148m██[38;2;162;126;209m████[38;2;181;153;216m████████[38;2;161;125;208m██[38;2;181;154;214m██[38;2;162;126;209m████████[38;2;0;0;0m██        
  ██[38;2;255;121;156m██[38;2;255;123;156m████[38;2;139;88;131m██[38;2;255;121;156m████[38;2;0;0;0m██  ██[38;2;255;182;214m██[38;2;170;121;148m██[38;2;162;126;209m████[38;2;164;125;211m██[38;2;181;153;216m████[38;2;164;125;211m██[38;2;181;154;214m██[38;2;161;125;208m██[38;2;162;126;209m████████[38;2;165;125;206m██[38;2;0;0;0m██      
  ██[38;2;255;121;156m██[38;2;255;123;156m████[38;2;255;121;156m██[38;2;0;0;0m████  ██[38;2;255;190;189m██[38;2;255;189;189m████[38;2;164;127;210m██[38;2;255;190;189m████[38;2;164;127;210m██[38;2;162;126;209m████████████████████[38;2;0;0;0m██    
    ██[38;2;255;123;156m████[38;2;0;0;0m██      ██[38;2;255;190;189m██[38;2;255;189;189m████[38;2;255;190;189m████████[38;2;162;126;209m████████████████████[38;2;0;0;0m██    
    ██[38;2;255;121;156m██[38;2;0;0;0m██      ██[38;2;255;189;189m████████████[38;2;255;190;189m████[38;2;165;121;206m████[38;2;162;125;208m████[38;2;162;126;209m████████████[38;2;148;109;206m██[38;2;0;0;0m██  
  ██[38;2;255;121;156m████[38;2;0;0;0m██      ██[38;2;255;189;189m████████████[38;2;255;190;189m██[38;2;164;127;210m██[38;2;255;174;165m██[38;2;225;156;178m██[38;2;140;93;198m██[38;2;162;125;208m██[38;2;162;126;209m████████████[38;2;148;109;206m██[38;2;0;0;0m██  
██[38;2;255;123;156m████[38;2;255;121;156m██[38;2;139;88;131m██[38;2;0;0;0m██  ██[38;2;255;190;189m██[38;2;255;189;189m████████████████████[38;2;137;93;200m██[38;2;165;125;206m██[38;2;162;125;208m████[38;2;162;126;209m████[38;2;162;125;208m████[38;2;137;92;200m████[38;2;0;0;0m██
██[38;2;255;123;156m████[38;2;139;88;131m██[38;2;255;121;156m████[38;2;0;0;0m████[38;2;255;190;189m██[38;2;255;189;189m████████████████████[38;2;137;93;200m██[38;2;165;125;206m██[38;2;162;125;208m██[38;2;140;93;198m██[38;2;162;126;209m████[38;2;162;125;208m██[38;2;140;93;198m██[38;2;137;92;200m████[38;2;0;0;0m██
██[38;2;255;123;156m████[38;2;140;89;132m██[38;2;255;121;156m████[38;2;139;88;131m██[38;2;0;0;0m██[38;2;255;190;189m██[38;2;255;189;189m████████[38;2;255;188;189m██[38;2;255;122;156m██[38;2;255;188;189m████[38;2;255;190;189m██[38;2;66;65;66m██[38;2;162;126;209m████[38;2;165;125;206m██[38;2;66;65;66m██[38;2;156;113;206m████[38;2;137;92;200m████[38;2;140;93;198m████[38;2;0;0;0m██
██[38;2;255;123;156m████[38;2;255;121;156m██████[38;2;139;88;131m██[38;2;0;0;0m██[38;2;255;190;189m██[38;2;255;189;189m████████[38;2;255;188;189m████[38;2;255;122;156m██[38;2;255;188;189m██[38;2;255;190;189m██[38;2;66;65;66m██[38;2;162;126;209m████[38;2;165;125;206m██[38;2;66;65;66m████[38;2;156;113;206m██[38;2;137;92;200m████[38;2;140;93;198m██[38;2;0;0;0m██  
  ██[38;2;255;121;156m██[38;2;255;123;156m████[38;2;239;125;165m██[38;2;0;0;0m██  ██[38;2;255;190;189m████[38;2;255;189;189m████[38;2;255;190;189m██[38;2;66;65;66m██[38;2;255;190;189m████[38;2;222;138;140m██[38;2;66;65;66m██[38;2;255;121;156m████[38;2;140;93;198m██[38;2;66;65;66m██[38;2;137;92;200m████████[38;2;140;93;198m██[38;2;0;0;0m██  
  ██[38;2;255;121;156m██[38;2;255;123;156m████[38;2;159;83;110m██[38;2;0;0;0m██  ██[38;2;225;138;137m██[38;2;255;190;189m██[38;2;255;189;189m████[38;2;255;190;189m████[38;2;0;0;0m██[38;2;255;190;189m██[38;2;222;138;140m██[38;2;66;65;66m██[38;2;255;121;156m██[38;2;230;99;131m██[38;2;66;65;66m██[38;2;140;93;198m██[38;2;137;92;200m████████[38;2;0;0;0m██    
    ██[38;2;255;121;156m████[38;2;255;123;156m████[38;2;0;0;0m██[38;2;255;121;156m██[38;2;66;65;66m████[38;2;148;85;132m██[38;2;255;174;181m██[38;2;255;190;189m████[38;2;0;0;0m██[38;2;255;190;189m██[38;2;66;65;66m██[38;2;192;145;142m██[38;2;57;65;74m██[38;2;214;101;173m██[38;2;66;65;66m██[38;2;170;94;176m██[38;2;137;92;200m████[38;2;140;93;198m████[38;2;0;0;0m██    
      ████[38;2;255;123;156m████[38;2;255;121;156m████[38;2;247;121;165m██[38;2;156;93;115m██[38;2;219;144;164m██[38;2;148;85;132m██[38;2;225;138;137m██[38;2;255;190;189m██████[38;2;255;186;181m██[38;2;66;65;66m██[38;2;161;89;140m██[38;2;57;65;74m██[38;2;170;94;176m████[38;2;137;92;200m████[38;2;140;93;198m██[38;2;0;0;0m██      
          ██[38;2;140;89;132m████[38;2;255;121;156m██████[38;2;239;134;148m██[38;2;79;50;54m██[38;2;225;138;137m████████████[38;2;74;50;52m██[38;2;0;4;8m██[38;2;230;99;132m████[38;2;181;97;165m████[38;2;0;0;0m██        
            ██[38;2;255;121;156m██████[38;2;0;0;0m██[38;2;0;8;8m██[38;2;239;134;148m██[38;2;225;138;137m████████████[38;2;222;142;140m██[38;2;0;4;8m██[38;2;230;99;132m████[38;2;0;0;0m████          
              ██████    ████[38;2;222;138;140m████████[38;2;0;0;0m████  ████              
                            ████████                        
[0m