                    [38;2;0;4;0m██                                                                                    
                  ████                                                                                    
                  [38;2;66;64;66m██[38;2;0;4;0m██                                    ████                                            
                ████                                    ██[38;2;82;78;68m██[38;2;0;4;0m██                                            
              ██[38;2;66;65;66m██[38;2;0;4;0m██                                  ██[38;2;82;78;68m██[38;2;0;4;0m██                                              
            ██[38;2;60;62;60m██[38;2;0;4;0m██                                  ██[38;2;82;78;68m██[38;2;0;4;0m██                                                
            ██[38;2;120;120;120m██[38;2;0;4;0m██                          ████████[38;2;82;78;68m██[38;2;0;4;0m██                                                  
            ████                      ██████[38;2;193;146;66m██[38;2;247;211;66m████[38;2;66;65;66m██[38;2;82;79;70m██[38;2;0;4;0m██                                                  
          ██[38;2;94;97;94m██[38;2;0;4;0m██                  ████[38;2;255;239;222m██[38;2;255;231;181m██[38;2;170;155;120m██[38;2;247;211;66m████[38;2;66;65;66m████[38;2;0;4;0m██                                                    
          ██[38;2;94;97;94m██[38;2;0;4;0m██              ██[38;2;8;4;0m██[38;2;255;223;132m██[38;2;252;239;219m████[38;2;189;146;66m████[38;2;194;147;66m██[38;2;74;69;66m██[38;2;142;147;148m██[38;2;0;4;0m██                                    ████              
          ██[38;2;94;97;94m██[38;2;0;4;0m██  ██    ██████[38;2;189;146;66m██[38;2;255;223;132m██[38;2;172;150;88m██[38;2;252;239;219m████[38;2;255;239;222m████[38;2;74;69;66m████[38;2;71;75;74m██[38;2;0;4;0m██                                  ██[38;2;82;78;68m████[38;2;0;4;0m██            
          ██[38;2;82;78;68m██[38;2;66;65;66m██[38;2;0;0;16m██[38;2;239;211;74m██[38;2;0;4;0m████[38;2;255;243;206m██[38;2;99;81;57m██[38;2;247;211;66m████[38;2;156;136;98m██[38;2;255;239;214m██[38;2;90;81;57m██[38;2;255;251;173m██[38;2;255;239;222m████[38;2;66;65;66m██[38;2;82;78;68m██[38;2;0;4;0m██    ████████████                  ██[38;2;142;147;148m██[38;2;82;79;70m██[38;2;0;4;0m██              
        ██[38;2;82;79;70m██[38;2;82;78;68m██[38;2;66;65;66m██[38;2;79;70;35m██[38;2;239;211;74m██[38;2;85;82;71m██[38;2;255;239;214m██[38;2;99;81;57m██[38;2;151;135;106m██[38;2;247;211;66m██[38;2;193;146;66m██[38;2;255;239;214m██[38;2;107;85;41m██[38;2;200;194;134m██[38;2;90;81;57m██[38;2;255;239;222m██[38;2;66;65;66m██[38;2;82;78;68m████[38;2;66;64;66m██[38;2;0;4;0m████[38;2;255;239;222m██[38;2;170;144;49m██[38;2;255;215;74m██[38;2;247;211;66m██████[38;2;0;4;0m██                ██[38;2;71;75;74m██[38;2;0;4;0m██  ██████████    
        ██[38;2;123;117;115m██[38;2;66;65;66m██[38;2;192;145;66m██[38;2;66;65;66m██[38;2;247;211;66m██[38;2;82;81;66m██[38;2;255;239;222m██[38;2;115;89;33m██[38;2;161;140;88m██[38;2;156;136;98m██[38;2;255;239;214m██[38;2;82;78;71m██[38;2;247;211;66m██[38;2;145;136;112m██[38;2;90;77;49m██[38;2;255;239;222m██[38;2;74;69;66m██[38;2;82;78;68m██[38;2;66;65;66m██[38;2;255;239;222m██████[38;2;189;146;66m██████[38;2;172;150;88m██[38;2;255;223;132m██[38;2;0;4;0m██              ████[38;2;66;65;66m████[38;2;71;68;66m██[38;2;0;4;0m██[38;2;82;78;68m████[38;2;136;146;148m██[38;2;74;69;66m██[38;2;70;75;74m██[38;2;0;4;0m██  
        ██[38;2;82;79;76m██[38;2;66;65;66m██[38;2;192;145;66m██[38;2;66;65;66m██[38;2;247;211;66m██[38;2;82;81;66m██[38;2;255;239;222m██[38;2;255;243;198m██[38;2;161;140;88m██[38;2;255;239;214m██[38;2;107;85;41m██[38;2;82;78;71m██[38;2;247;211;66m██[38;2;90;77;49m██[38;2;255;255;239m██[38;2;74;69;66m████[38;2;82;78;68m██[38;2;66;65;66m██[38;2;189;146;66m██[38;2;255;239;222m██[38;2;189;146;66m████[38;2;255;239;222m████[38;2;255;223;132m██[38;2;8;4;0m██            [38;2;0;4;0m████[38;2;247;247;222m████████[38;2;71;68;66m████[38;2;82;78;68m██[38;2;66;65;66m██[38;2;74;69;66m████[38;2;140;146;148m██[38;2;70;75;74m██[38;2;0;4;0m██
        ██[38;2;71;68;66m██[38;2;189;146;66m██[38;2;255;239;222m██[38;2;66;65;66m██[38;2;247;211;66m██[38;2;66;65;66m████[38;2;255;239;222m████[38;2;255;251;173m██[38;2;90;81;57m██[38;2;247;207;66m██[38;2;192;163;66m██[38;2;82;78;68m██[38;2;66;65;66m██[38;2;82;78;68m████[38;2;74;65;49m██[38;2;164;152;119m██[38;2;252;239;219m████████[38;2;255;239;222m████[38;2;0;4;0m██  ████████████[38;2;82;79;68m████[38;2;82;81;66m████[38;2;247;247;222m████[38;2;82;81;66m████[38;2;66;65;66m██[38;2;82;78;68m██████[38;2;0;4;0m██████
      ██[38;2;71;68;66m████[38;2;255;239;222m████[38;2;66;65;66m████[38;2;99;97;90m██[38;2;77;75;74m██[38;2;66;65;66m██[38;2;255;239;222m██[38;2;90;81;57m██[38;2;200;194;134m██[38;2;192;163;66m██[38;2;82;77;66m██[38;2;66;65;66m██████[38;2;82;78;68m██[38;2;74;65;49m██[38;2;255;239;189m██[38;2;252;239;219m████████[38;2;66;65;66m████[38;2;0;4;0m████[38;2;82;78;68m████[38;2;66;64;66m████[38;2;82;78;68m████[38;2;82;79;68m████[38;2;137;145;148m████[38;2;82;81;66m████[38;2;137;145;148m██[38;2;82;81;66m██[38;2;66;65;66m██[38;2;82;78;68m██[38;2;0;4;0m████      
      ██[38;2;82;78;68m██[38;2;66;65;66m██[38;2;239;223;247m██[38;2;66;60;74m██[38;2;93;97;96m████[38;2;82;79;68m████[38;2;82;78;68m██[38;2;66;65;66m██[38;2;247;211;66m████[38;2;151;139;106m██[38;2;99;85;57m██[38;2;66;65;66m██[38;2;115;117;115m██[38;2;136;146;148m██[38;2;74;69;66m██[38;2;255;239;222m████████[38;2;66;65;66m████[38;2;82;81;66m██[38;2;117;119;115m██[38;2;123;117;115m██[38;2;82;79;76m██[38;2;71;68;66m████[38;2;82;79;68m████[38;2;82;81;66m████[38;2;137;145;148m████[38;2;82;79;68m████████[38;2;82;81;66m██[38;2;137;145;148m██[38;2;66;64;66m██[38;2;0;4;0m██          
      ██[38;2;82;78;68m██[38;2;66;65;66m██[38;2;66;60;74m██[38;2;181;168;189m██[38;2;132;162;222m████[38;2;82;79;68m████[38;2;82;78;68m████[38;2;66;65;66m██[38;2;186;162;66m██[38;2;99;85;57m██[38;2;255;247;206m██[38;2;66;65;66m██[38;2;82;82;82m██[38;2;74;69;66m████[38;2;255;239;222m██[38;2;82;81;66m██[38;2;74;73;66m████[38;2;82;82;82m██[38;2;115;117;115m██[38;2;117;119;115m██[38;2;82;81;66m██[38;2;82;79;76m██[38;2;0;4;0m████[38;2;71;68;66m██[38;2;82;79;68m████[38;2;137;145;148m████[38;2;82;81;66m████[38;2;82;79;68m████████[38;2;137;145;148m████[38;2;0;4;0m██            
    ██[38;2;66;64;66m██[38;2;82;78;68m██[38;2;66;65;66m██[38;2;66;69;49m██[38;2;156;146;222m██[38;2;156;138;222m██[38;2;222;197;112m██[38;2;189;239;132m██[38;2;255;97;57m████[38;2;85;78;68m██[38;2;82;78;68m██[38;2;66;65;66m██[38;2;82;78;68m██[38;2;66;65;66m██[38;2;82;79;68m████[38;2;74;69;66m████[38;2;82;78;71m██[38;2;247;211;66m██████[38;2;66;65;66m██[38;2;82;78;68m██[38;2;77;74;68m████[38;2;0;4;0m██  [38;2;8;8;0m██[38;2;145;148;148m██[38;2;137;145;148m████[38;2;82;79;68m████[38;2;82;81;66m██████[38;2;137;145;148m██████[38;2;82;78;68m██[38;2;66;65;66m██[38;2;0;4;0m██            
  ██[38;2;66;64;66m████[38;2;82;78;68m██[38;2;66;65;66m██[38;2;96;94;106m████[38;2;222;197;112m██[38;2;255;227;57m██[38;2;255;97;57m████[38;2;85;78;68m████[38;2;82;78;68m████[38;2;66;65;66m██[38;2;82;78;68m██[38;2;82;79;68m████[38;2;74;69;66m██[38;2;247;211;66m██████[38;2;82;78;71m████[38;2;82;78;68m██[38;2;66;65;66m██[38;2;77;74;68m██[38;2;0;4;0m██  ██[38;2;76;78;74m████[38;2;82;81;66m██[38;2;137;145;148m██[38;2;82;79;68m████[38;2;137;145;148m██████[38;2;82;81;66m██████[38;2;82;78;68m██[38;2;66;65;66m██[38;2;189;158;66m██[38;2;0;4;0m██          
██[38;2;255;239;222m████[38;2;66;65;66m████[38;2;94;97;94m██[38;2;74;121;165m██[38;2;84;94;99m██[38;2;255;138;82m██[38;2;82;81;66m██████[38;2;74;123;164m████[38;2;99;140;152m██[38;2;66;69;74m██[38;2;66;65;66m██[38;2;82;78;68m████[38;2;66;65;66m██[38;2;247;211;66m████[38;2;82;81;66m██████[38;2;255;239;222m██████████[38;2;0;4;0m██[38;2;77;74;68m██[38;2;66;65;66m██[38;2;82;78;68m██████[38;2;137;143;148m████[38;2;82;78;68m████████[38;2;0;4;0m██████[38;2;66;64;66m██[38;2;255;239;222m██[38;2;0;4;0m██          
  ██[38;2;255;239;222m██[38;2;66;65;66m████[38;2;94;97;94m██[38;2;74;121;165m██[38;2;90;81;66m██[38;2;82;81;66m██████[38;2;74;121;165m██[38;2;148;223;222m████[38;2;132;211;231m██[38;2;66;69;74m██[38;2;82;78;68m██████[38;2;66;65;66m██[38;2;82;78;71m████[38;2;255;239;222m██████████[38;2;82;81;66m██[38;2;74;73;66m████[38;2;77;74;68m████[38;2;82;78;68m██[38;2;66;65;66m██████[38;2;68;71;74m██[38;2;0;0;0m██[38;2;0;4;0m████████      ██[38;2;255;239;222m██[38;2;0;4;0m██          
    [38;2;0;0;0m██[38;2;170;164;142m██[38;2;66;65;66m██[38;2;99;97;90m██[38;2;82;79;68m████[38;2;85;79;68m██[38;2;173;174;173m██[38;2;94;136;156m██[38;2;123;207;231m██[38;2;148;223;222m████[38;2;74;123;164m██[38;2;74;69;66m██[38;2;82;79;68m████[38;2;74;65;49m██[38;2;164;152;119m██[38;2;255;239;222m████████████[38;2;252;239;219m████████[38;2;66;65;66m████[38;2;82;78;68m████[38;2;137;145;148m██[38;2;82;81;66m██[38;2;82;79;68m████[38;2;0;4;0m██          [38;2;8;12;0m██[38;2;172;174;142m██[38;2;255;239;222m██[38;2;0;4;0m██          
  ██[38;2;255;247;214m██[38;2;85;82;71m██[38;2;99;97;90m██[38;2;77;75;74m██[38;2;82;79;68m████[38;2;85;79;68m████[38;2;66;65;82m██[38;2;94;136;156m██[38;2;74;123;164m████[38;2;74;69;66m████[38;2;82;79;68m████[38;2;74;65;49m██[38;2;255;239;189m██[38;2;255;239;222m██[38;2;205;187;140m████████[38;2;255;239;222m██[38;2;252;239;219m████████[38;2;255;239;222m████[38;2;66;65;66m██[38;2;82;78;68m██[38;2;82;81;66m██[38;2;137;145;148m██[38;2;82;79;68m████[38;2;82;79;70m██[38;2;0;4;0m██      ██[38;2;172;174;142m██[38;2;255;255;214m██[38;2;0;4;0m██            
    ██[38;2;66;64;66m██[38;2;82;78;68m████[38;2;94;137;152m██[38;2;132;215;231m██[38;2;148;223;222m██[38;2;74;69;66m██[38;2;66;65;66m████████[38;2;74;69;66m████[38;2;66;65;66m████[38;2;255;239;222m████[38;2;252;239;219m████[38;2;255;239;222m██████[38;2;205;187;140m██[38;2;255;239;222m██[38;2;82;81;66m██████[38;2;66;65;66m████[38;2;117;119;115m██[38;2;82;81;66m██[38;2;82;79;68m████[38;2;115;117;115m██[38;2;82;78;65m██[38;2;82;81;66m████[38;2;0;0;0m████[38;2;8;4;0m██[38;2;255;239;198m██[38;2;255;239;222m██[38;2;0;4;0m██              
      ██[38;2;66;65;66m████[38;2;57;60;74m████[38;2;74;69;66m████[38;2;255;239;222m████████[38;2;194;158;66m██[38;2;74;69;66m██[38;2;66;65;66m██████[38;2;255;239;222m██[38;2;252;239;219m████[38;2;255;239;222m██[38;2;205;187;140m████[38;2;255;239;222m██████████[38;2;66;65;66m██[38;2;82;78;68m██[38;2;82;81;66m██[38;2;117;119;115m██[38;2;82;79;68m████[38;2;82;78;65m████[38;2;117;119;115m████[38;2;82;78;71m██[38;2;247;235;214m██[38;2;255;239;198m██[38;2;172;160;132m██[38;2;0;4;0m██                
    ██[38;2;189;158;66m██[38;2;192;157;66m██[38;2;66;65;66m██[38;2;255;239;222m████████[38;2;255;239;189m██[38;2;74;65;49m██[38;2;247;211;66m████[38;2;66;65;66m██[38;2;247;211;66m████[38;2;186;162;66m████[38;2;66;65;66m██████[38;2;255;239;222m████████████[38;2;66;65;66m████[38;2;82;78;65m████[38;2;82;79;68m████[38;2;82;81;66m████[38;2;117;119;115m████[38;2;82;79;70m██[38;2;0;4;0m██████████                  
      ██[38;2;66;65;66m██[38;2;192;157;66m██[38;2;66;65;66m██[38;2;255;239;222m██[38;2;66;65;66m████[38;2;74;65;49m██[38;2;164;152;119m██[38;2;66;65;66m████[38;2;186;162;66m██[38;2;66;65;66m████[38;2;247;211;66m██████████[38;2;66;65;66m████████████[38;2;82;78;68m████[38;2;115;117;115m██[38;2;82;78;65m██[38;2;82;79;68m████[38;2;117;119;115m████[38;2;82;81;66m████[38;2;0;4;0m██                            
        ██[38;2;189;158;66m██[38;2;192;157;66m██[38;2;66;65;66m████[38;2;82;78;68m██[38;2;66;65;66m████[38;2;82;78;68m████[38;2;66;65;66m████[38;2;255;239;189m██[38;2;74;65;49m██████[38;2;74;69;57m██[38;2;194;190;134m██[38;2;247;211;66m████[38;2;74;73;66m██[38;2;255;239;222m████[38;2;66;65;66m██[38;2;82;79;68m████[38;2;82;81;66m████[38;2;117;119;115m████[38;2;82;79;68m████[38;2;82;78;68m████[38;2;82;78;71m██[38;2;0;0;0m██                          
      [38;2;0;4;0m██[38;2;189;158;66m██[38;2;0;4;0m██[38;2;66;65;66m████[38;2;82;78;68m██[38;2;66;65;66m██[38;2;82;78;68m████[38;2;66;65;66m██[38;2;82;78;68m██[38;2;66;65;66m██[38;2;192;157;66m██[38;2;74;65;49m██[38;2;164;152;119m████[38;2;255;239;189m██[38;2;255;251;173m██[38;2;74;69;57m██[38;2;66;65;66m████[38;2;255;239;222m██[38;2;74;73;66m██[38;2;255;239;222m██[38;2;66;65;66m██[38;2;82;79;68m████[38;2;137;145;148m██[38;2;82;81;66m██████[38;2;82;79;68m████[38;2;82;78;68m██[38;2;66;65;66m██[38;2;247;235;214m██[38;2;0;0;0m██                          
      [38;2;0;4;0m████  ██[38;2;82;78;68m██[38;2;66;65;66m████[38;2;82;78;68m████[38;2;74;69;66m████[38;2;66;65;66m██[38;2;192;157;66m████[38;2;66;65;66m██[38;2;247;211;66m██[38;2;186;162;66m██[38;2;198;162;49m██[38;2;255;247;206m██[38;2;252;239;219m████████[38;2;66;65;66m████[38;2;57;60;66m██[38;2;148;147;144m██[38;2;136;146;148m██[38;2;74;73;66m██[38;2;66;65;66m████[38;2;82;78;68m████[38;2;66;65;66m██[38;2;255;239;222m██[38;2;205;187;140m██[38;2;255;239;222m██[38;2;0;4;0m██                        
            ████[38;2;255;239;222m██[38;2;66;65;66m██[38;2;82;78;68m██[38;2;66;65;66m██[38;2;255;239;222m██[38;2;74;69;66m██[38;2;66;65;66m██████[38;2;192;157;66m██[38;2;66;65;66m██[38;2;247;211;66m██[38;2;217;190;101m██[38;2;198;162;49m██[38;2;252;239;219m████████[38;2;255;239;222m██[38;2;66;65;66m██[38;2;239;235;222m██[38;2;148;147;144m██[38;2;74;73;66m████[38;2;82;78;68m██[38;2;66;65;66m██[38;2;82;78;68m██[38;2;66;65;66m██[38;2;255;239;222m██[38;2;66;65;66m██[38;2;255;239;222m████[38;2;0;4;0m██                        
                ████[38;2;82;78;71m██[38;2;247;235;214m██[38;2;252;239;219m████[38;2;66;65;66m██[38;2;255;239;222m████[38;2;66;65;66m████████[38;2;255;239;222m██[38;2;255;239;181m██[38;2;170;160;120m██[38;2;194;156;63m██████[38;2;247;211;66m██[38;2;66;65;66m██████[38;2;82;78;68m██[38;2;82;79;70m██[38;2;0;4;0m██[38;2;82;78;71m████[38;2;74;69;57m██[38;2;194;185;151m██[38;2;255;239;222m████[38;2;0;4;0m██                        
                    [38;2;0;0;0m██[38;2;82;78;71m██[38;2;252;239;219m████[38;2;66;65;66m████[38;2;255;239;222m██████████[38;2;66;65;66m██[38;2;0;4;0m████[38;2;247;211;66m██████████[38;2;66;65;66m████[38;2;82;78;68m██[38;2;0;4;0m██  [38;2;0;0;0m██[38;2;247;235;214m██[38;2;255;243;198m██[38;2;194;185;151m██[38;2;255;239;222m██[38;2;0;4;0m██                          
                  ██[38;2;77;74;68m████[38;2;255;239;222m██[38;2;66;65;66m██[38;2;255;239;222m██[38;2;74;69;66m████[38;2;255;239;222m████[38;2;205;187;140m██[38;2;255;239;222m██[38;2;0;4;0m██    ██[38;2;74;71;68m██[38;2;66;65;66m████████[38;2;82;78;68m████[38;2;0;4;0m██    ██[38;2;247;211;66m████[38;2;172;174;120m██[38;2;8;12;0m██                          
                    [38;2;0;4;0m██[38;2;77;74;68m██[38;2;66;65;66m████[38;2;74;69;66m████████[38;2;255;239;222m████[38;2;0;4;0m██      ██[38;2;74;71;68m██[38;2;66;65;66m██[38;2;255;239;222m██[38;2;66;65;66m██[38;2;82;78;68m████[38;2;0;4;0m██      ██[38;2;255;239;222m████[38;2;255;255;181m██[38;2;8;12;0m██                          
                      [38;2;0;4;0m██[38;2;76;76;71m████[38;2;115;117;115m██[38;2;82;78;65m██[38;2;74;69;66m████[38;2;82;78;71m██[38;2;247;235;214m██[38;2;0;4;0m██        ██[38;2;82;79;76m██[38;2;66;60;57m██[38;2;82;79;68m████[38;2;66;64;66m██[38;2;0;4;0m██    [38;2;0;0;16m██[38;2;239;211;74m██[38;2;247;211;66m████[38;2;255;255;181m██[38;2;8;12;0m██                          
                        [38;2;0;4;0m██[38;2;115;113;107m██[38;2;82;78;65m████[38;2;74;69;66m██[38;2;247;211;66m██[38;2;82;78;71m██[38;2;0;0;0m██          [38;2;0;4;0m██[38;2;82;79;76m██[38;2;115;117;115m██[38;2;82;79;68m████[38;2;0;4;0m██    ██[38;2;239;211;74m██[38;2;79;70;35m██[38;2;247;211;66m██[38;2;66;65;66m██[38;2;172;174;120m██[38;2;8;12;0m██                          
                      [38;2;0;4;0m██[38;2;0;0;16m██[38;2;90;77;49m██[38;2;74;65;49m████[38;2;247;235;214m██[38;2;82;78;71m██[38;2;0;4;0m██              [38;2;8;8;8m██[38;2;90;90;90m██[38;2;74;69;66m████[38;2;0;4;0m██  ██[38;2;82;78;68m██[38;2;247;215;82m██[38;2;82;77;49m██[38;2;247;215;82m██[38;2;82;77;49m██[38;2;247;211;66m██[38;2;0;4;0m██                          
                    ██[38;2;66;64;66m██[38;2;181;154;82m██[38;2;90;77;49m██[38;2;164;152;119m██[38;2;255;239;189m██[38;2;82;78;71m██[38;2;0;0;0m██              [38;2;0;4;0m██[38;2;255;255;255m██[38;2;90;90;90m██[38;2;74;69;66m██[38;2;255;255;255m██[38;2;0;4;0m██  ██[38;2;82;78;68m██[38;2;0;8;33m██[38;2;82;77;49m██[38;2;0;8;33m██[38;2;82;77;49m██[38;2;0;4;0m██                            
                  ██[38;2;74;71;68m████[38;2;66;65;66m██[38;2;82;78;68m██[38;2;198;158;74m██[38;2;66;58;30m██[38;2;82;79;70m██[38;2;0;4;0m██            [38;2;0;4;16m██[38;2;170;144;60m██[38;2;186;159;66m████[38;2;168;156;102m██[38;2;255;243;181m██[38;2;66;64;66m██[38;2;0;4;0m██  ██  ██  ██                              
                    ████[38;2;66;65;66m██[38;2;82;78;68m██[38;2;0;8;8m████[38;2;0;4;0m██            ██[38;2;85;74;38m██[38;2;255;215;82m██[38;2;66;65;66m██[38;2;247;207;66m██[38;2;82;69;24m██[38;2;168;156;102m██[38;2;66;64;66m██[38;2;0;4;0m██                                          
                        ████                ██[38;2;82;79;70m██[38;2;79;69;43m██[38;2;239;207;82m██[38;2;79;69;43m██[38;2;239;207;82m██[38;2;79;69;43m██[38;2;239;207;82m██[38;2;71;68;66m████[38;2;0;4;0m██                                        
                                              ██[38;2;79;69;43m██[38;2;0;0;24m██[38;2;79;69;43m██[38;2;0;0;24m██[38;2;79;69;43m██[38;2;0;0;24m██[38;2;71;68;66m██[38;2;0;4;0m██                                          
                                                ██  ██  ██  ██                                            
[0m