            [38;2;0;0;0m████                                                                    
            ██[38;2;153;99;153m██[38;2;0;0;0m██                            ████                                  
            [38;2;0;16;0m██[38;2;148;107;153m██[38;2;153;99;153m██[38;2;0;0;0m██      ██                ██[38;2;205;149;213m██[38;2;0;0;0m██                                  
          ██[38;2;148;107;153m██[38;2;74;62;76m██[38;2;153;99;153m████[38;2;0;0;0m██  ██[38;2;205;149;213m██[38;2;0;0;0m██          ████[38;2;205;149;213m████[38;2;0;0;0m████████████                        
          ██[38;2;98;116;159m████[38;2;57;93;74m██[38;2;150;101;150m██[38;2;0;0;0m██  ██[38;2;213;149;213m██[38;2;0;0;0m██  ██  ████[38;2;208;149;213m████[38;2;205;149;213m████████[38;2;208;149;213m████[38;2;205;149;213m████[38;2;0;0;0m██                      
            ██[38;2;98;116;159m██[38;2;57;93;74m██[38;2;150;101;150m██[38;2;148;101;148m██[38;2;0;0;0m██[38;2;142;99;142m██[38;2;213;149;213m██[38;2;65;64;65m██[38;2;0;0;0m██[38;2;148;101;148m██[38;2;0;0;0m██[38;2;205;149;213m████[38;2;208;149;213m████[38;2;205;149;213m██[38;2;57;93;74m██████[38;2;208;149;213m████[38;2;205;149;213m██[38;2;0;0;0m██                        
    ██████  [38;2;8;8;0m██[38;2;82;129;156m██[38;2;74;122;167m██[38;2;57;93;74m██[38;2;152;99;152m██[38;2;65;64;65m██[38;2;208;149;213m████[38;2;150;99;150m██[38;2;79;90;104m██[38;2;152;99;152m██[38;2;65;64;65m██[38;2;208;149;213m████[38;2;197;153;222m██[38;2;49;93;82m██[38;2;52;86;79m██[38;2;106;202;222m██[38;2;115;210;211m████[38;2;57;93;74m██[38;2;164;178;213m██[38;2;0;0;0m██                          
    ██[38;2;205;149;213m████[38;2;0;0;0m██[38;2;45;68;78m████[38;2;74;122;167m██[38;2;57;93;74m██[38;2;152;99;152m██[38;2;65;64;65m██[38;2;208;149;213m████[38;2;150;99;150m████[38;2;152;99;152m██[38;2;65;64;65m██[38;2;208;149;213m████[38;2;49;93;82m██[38;2;98;113;128m██[38;2;79;144;150m██[38;2;52;86;79m██[38;2;115;210;211m████[38;2;164;178;213m██[38;2;57;93;74m██[38;2;0;0;0m██                          
      ██[38;2;213;149;213m████[38;2;205;149;213m██[38;2;65;64;65m██[38;2;57;68;74m██[38;2;123;111;148m██[38;2;57;76;74m██[38;2;205;149;213m██[38;2;208;149;213m██████[38;2;148;101;148m██[38;2;65;64;65m██[38;2;205;149;213m██[38;2;213;141;213m██[38;2;57;89;74m██[38;2;74;124;167m████████[38;2;57;93;74m██[38;2;115;210;213m████[38;2;57;93;74m██[38;2;205;149;213m██[38;2;0;0;0m██                        
        ██[38;2;142;99;142m██[38;2;205;149;213m████[38;2;189;153;222m██[38;2;57;68;74m██[38;2;57;76;74m██[38;2;205;149;213m██[38;2;208;149;213m████████[38;2;65;64;65m██[38;2;205;149;213m██[38;2;135;115;143m██[38;2;57;89;74m██[38;2;74;124;167m████████[38;2;57;93;74m██[38;2;115;210;213m████[38;2;57;93;74m██[38;2;0;0;0m██          ████            
          ██[38;2;150;101;153m██[38;2;205;149;213m██[38;2;208;149;213m████████████[38;2;205;149;213m██[38;2;65;64;65m██[38;2;205;149;213m████[38;2;57;93;74m██[38;2;74;122;167m██[38;2;74;124;167m████[38;2;74;122;167m████[38;2;60;78;71m██[38;2;115;210;213m██[38;2;57;91;74m██[38;2;0;0;0m██          ██[38;2;208;149;213m████[38;2;0;0;0m████        
          ██[38;2;150;101;153m████[38;2;148;101;148m██[38;2;208;149;213m██████████[38;2;205;149;213m██████[38;2;57;93;74m████[38;2;74;122;167m██[38;2;74;124;167m████[38;2;74;122;167m██[38;2;57;93;74m██[38;2;115;210;213m██[38;2;60;78;71m██[38;2;0;0;0m██            ██[38;2;208;149;213m████[38;2;213;149;213m██[38;2;142;99;142m██[38;2;0;0;0m██      
            [38;2;0;4;0m██[38;2;148;109;164m██[38;2;142;102;153m████[38;2;208;149;213m████[38;2;205;149;213m████[38;2;208;149;213m████████[38;2;57;85;74m████[38;2;74;121;164m████[38;2;60;74;65m████[38;2;65;64;65m██[38;2;152;99;152m██[38;2;0;0;0m██              ██[38;2;205;149;213m██████[38;2;71;55;71m██[38;2;0;8;0m██    
            [38;2;0;4;0m██[38;2;98;74;109m██[38;2;106;80;123m██[38;2;213;145;213m██[38;2;208;149;213m████[38;2;205;149;213m██[38;2;233;187;235m██[38;2;208;149;213m████████[38;2;205;149;213m██[38;2;57;85;74m██[38;2;65;64;65m████[38;2;60;74;65m██[38;2;148;101;148m██[38;2;152;99;152m████[38;2;148;101;148m██[38;2;0;0;0m████            ██[38;2;205;149;213m██[38;2;95;84;120m██[38;2;213;149;213m██[38;2;142;102;142m██[38;2;0;0;0m██  
            [38;2;0;4;8m██[38;2;205;149;213m██[38;2;208;149;213m████[38;2;205;149;213m████[38;2;233;187;235m████[38;2;205;149;213m██[38;2;65;64;65m██[38;2;156;85;156m██[38;2;205;161;205m██[38;2;205;149;213m██████████[38;2;65;64;65m████████[38;2;152;99;152m██[38;2;153;99;153m██[38;2;0;0;0m██          ██[38;2;102;76;111m██[38;2;205;149;213m██[38;2;208;149;213m████[38;2;0;0;0m██  
          ██[38;2;205;149;213m██[38;2;102;76;111m██[38;2;208;149;213m████[38;2;205;149;213m██[38;2;95;84;120m██[38;2;233;187;235m██[38;2;205;149;213m████[38;2;65;64;65m██[38;2;255;238;255m██[38;2;205;161;205m██[38;2;150;101;153m████[38;2;205;149;213m██[38;2;65;64;65m██████[38;2;205;149;213m████[38;2;152;99;152m██[38;2;65;64;65m██[38;2;153;99;153m████[38;2;0;0;0m████        [38;2;0;4;8m██[38;2;205;149;213m██[38;2;208;149;213m████[38;2;148;101;148m██[38;2;0;0;0m██
          ██[38;2;197;152;208m██[38;2;98;85;131m██[38;2;233;187;235m██[38;2;205;149;213m████[38;2;95;84;120m██[38;2;205;149;213m████[38;2;8;0;8m██[38;2;255;246;255m██[38;2;205;161;205m██[38;2;156;85;156m██[38;2;205;149;213m████████[38;2;71;62;71m██[38;2;213;145;213m██[38;2;205;149;213m████[38;2;213;145;222m██[38;2;143;103;148m██[38;2;65;64;65m██[38;2;152;99;152m██[38;2;150;101;153m██[38;2;205;149;213m██[38;2;0;0;0m████    [38;2;0;4;8m██[38;2;102;76;111m██[38;2;98;85;123m████[38;2;148;109;164m██[38;2;0;4;0m██
          [38;2;0;0;0m██[38;2;197;152;208m██[38;2;246;186;246m██[38;2;233;187;235m██[38;2;205;149;213m██████[38;2;95;84;120m██[38;2;205;149;213m██[38;2;8;0;8m██[38;2;172;164;172m██[38;2;205;161;205m██[38;2;255;238;255m██[38;2;79;90;104m██[38;2;205;149;213m██[38;2;65;64;65m████[38;2;142;103;142m██[38;2;213;145;213m██[38;2;205;149;213m██[38;2;65;64;65m██[38;2;74;60;74m██[38;2;143;103;148m██[38;2;65;64;65m██[38;2;152;99;152m██[38;2;150;101;153m████[38;2;102;76;111m██[38;2;205;153;222m██[38;2;0;0;0m████[38;2;205;149;213m████[38;2;213;145;213m██[38;2;137;105;153m██[38;2;98;74;109m██[38;2;0;4;0m██
      [38;2;0;0;0m████[38;2;153;99;153m██[38;2;65;60;65m██[38;2;230;178;238m██[38;2;233;187;235m██[38;2;205;149;213m██[38;2;208;149;213m████████[38;2;197;176;205m██[38;2;139;122;156m██[38;2;90;60;98m██[38;2;255;238;255m██[38;2;79;90;104m██[38;2;150;99;150m██[38;2;152;99;152m██[38;2;164;190;189m██[38;2;65;64;65m██[38;2;189;170;197m██[38;2;65;64;65m██[38;2;213;145;213m██[38;2;205;149;213m██[38;2;65;64;65m██[38;2;152;99;152m██[38;2;65;64;65m██[38;2;150;99;150m██████[38;2;98;85;123m██[38;2;205;149;213m████[38;2;98;85;123m██[38;2;213;145;213m██[38;2;150;99;150m████[38;2;148;101;148m██[38;2;0;0;0m██
  ████[38;2;148;101;148m██[38;2;153;99;153m████[38;2;148;119;152m██[38;2;65;60;65m██[38;2;233;187;235m██[38;2;205;149;213m██[38;2;208;149;213m████████[38;2;82;68;106m██[38;2;255;230;255m██[38;2;145;120;150m████[38;2;150;99;150m████[38;2;164;190;189m████[38;2;189;170;197m██[38;2;65;64;65m██[38;2;139;105;139m██[38;2;65;64;65m████[38;2;205;149;213m██[38;2;65;64;65m██[38;2;152;99;152m██[38;2;150;99;150m██████[38;2;98;85;123m██[38;2;150;101;153m████[38;2;137;105;153m██[38;2;98;85;123m██[38;2;150;99;150m████[38;2;0;0;0m██  
[38;2;0;4;0m██[38;2;98;74;109m██[38;2;255;242;255m██[38;2;98;72;115m██[38;2;150;99;150m████[38;2;152;99;152m██[38;2;65;64;65m██[38;2;142;99;142m██[38;2;213;149;213m██[38;2;84;87;115m██[38;2;205;149;213m██[38;2;79;90;104m████[38;2;152;99;152m████[38;2;143;123;148m██[38;2;65;64;65m██[38;2;57;64;65m██[38;2;178;191;191m██[38;2;164;190;189m██[38;2;255;255;255m██████[38;2;65;64;65m██[38;2;205;149;213m████[38;2;150;101;153m██[38;2;255;255;255m██[38;2;65;64;65m██[38;2;152;99;152m██[38;2;65;64;65m██[38;2;150;99;150m██[38;2;98;85;123m██[38;2;150;99;150m██████[38;2;98;85;123m██[38;2;153;99;153m████[38;2;0;0;0m██  
[38;2;0;4;0m██[38;2;148;109;164m██[38;2;98;72;115m██[38;2;150;129;161m██[38;2;150;99;150m████[38;2;152;99;152m████[38;2;0;0;0m████[38;2;205;149;213m██[38;2;84;87;115m██[38;2;150;99;150m████[38;2;65;64;65m██████[38;2;143;123;148m██[38;2;178;191;191m██[38;2;238;255;255m██[38;2;255;255;255m████[38;2;65;64;65m████[38;2;205;149;213m██████[38;2;150;101;153m██[38;2;255;255;255m██[38;2;65;64;65m██[38;2;152;99;152m██[38;2;65;64;65m██[38;2;98;85;123m██[38;2;150;99;150m████████[38;2;98;85;123m██[38;2;153;99;153m██[38;2;0;0;0m██    
██[38;2;148;101;148m██[38;2;255;242;255m██[38;2;98;72;115m██[38;2;127;119;131m████[38;2;0;0;0m████    ██[38;2;65;64;65m██████[38;2;164;190;189m██████[38;2;135;145;148m██[38;2;255;255;255m████[38;2;255;246;255m██[38;2;74;56;74m██[38;2;205;161;205m████[38;2;208;149;213m██████[38;2;148;101;148m██[38;2;65;66;68m██[38;2;148;101;156m██[38;2;150;99;150m████[38;2;65;64;65m██[38;2;152;99;152m██[38;2;153;99;153m████[38;2;94;85;123m██[38;2;0;0;0m████      
  ██[38;2;150;129;161m██[38;2;98;72;115m██[38;2;255;238;255m██[38;2;0;0;8m██          [38;2;0;0;0m██[38;2;152;99;152m████[38;2;65;64;65m██[38;2;131;148;148m██[38;2;135;145;148m████████[38;2;74;56;74m██[38;2;134;120;134m██[38;2;255;238;255m██[38;2;156;85;156m██[38;2;148;101;148m██[38;2;208;149;213m██████[38;2;65;66;68m██[38;2;106;83;112m██[38;2;150;99;150m████[38;2;65;64;65m██[38;2;152;99;152m██[38;2;0;0;0m██████          
    ██████          ██[38;2;153;99;153m██[38;2;65;64;65m██[38;2;152;99;152m████[38;2;65;64;65m██[38;2;255;255;255m████████[38;2;65;64;65m██[38;2;205;149;213m██[38;2;150;101;153m████[38;2;255;242;255m██[38;2;150;94;150m██[38;2;205;149;213m██[38;2;65;64;65m██[38;2;208;149;213m████[38;2;98;85;123m██[38;2;150;99;150m██[38;2;0;0;0m████                
                  ██[38;2;153;99;153m████[38;2;152;99;152m██[38;2;65;64;65m██[38;2;152;99;152m████[38;2;65;64;65m██[38;2;255;255;255m████[38;2;135;145;148m██[38;2;65;64;65m██[38;2;205;149;213m████[38;2;150;101;153m██[38;2;150;94;150m██[38;2;202;168;202m██[38;2;65;64;65m██[38;2;205;149;213m██[38;2;208;149;213m████[38;2;98;85;123m██[38;2;150;99;150m██[38;2;0;0;0m██                  
                  ██[38;2;153;99;153m████[38;2;152;99;152m██[38;2;65;64;65m██████[38;2;152;99;152m██[38;2;65;64;65m██[38;2;65;59;65m██[38;2;180;178;197m██[38;2;164;190;189m██[38;2;54;63;63m██[38;2;131;123;131m██[38;2;255;246;255m██[38;2;148;101;156m██[38;2;65;66;68m██[38;2;208;149;213m████[38;2;205;149;213m██[38;2;95;84;120m██[38;2;98;85;123m████[38;2;153;99;153m██[38;2;0;0;0m██                
                    ██[38;2;153;99;153m██[38;2;65;64;65m██[38;2;152;99;152m██████████[38;2;123;118;131m██[38;2;8;0;0m██[38;2;0;0;0m████[38;2;8;0;8m████[38;2;65;66;68m██[38;2;106;83;112m██[38;2;208;149;213m████[38;2;95;84;120m████[38;2;213;145;213m██[38;2;137;105;153m██[38;2;153;99;153m████[38;2;0;0;0m██              
                      ██[38;2;65;64;65m████[38;2;148;101;148m████[38;2;153;99;153m████[38;2;0;0;0m██          ██[38;2;153;99;153m██[38;2;95;84;123m████[38;2;106;76;131m██[38;2;180;163;193m██[38;2;213;149;213m████[38;2;153;99;153m████[38;2;0;0;0m██              
                    ██[38;2;164;190;189m██████[38;2;74;52;74m██[38;2;0;4;0m██[38;2;0;0;0m████            ██[38;2;153;99;153m██[38;2;95;84;123m██[38;2;255;255;255m██[38;2;255;250;255m████[38;2;106;80;123m██[38;2;142;103;153m██[38;2;0;0;0m████                
                      ████████                    ██[38;2;255;255;255m██████████[38;2;0;0;0m██                    
                                                    ██[38;2;255;255;255m██████[38;2;0;0;0m██                      
                                                      ██████                        
[0m