              [38;2;0;0;0m██      ████████                
            ██[38;2;173;222;107m██[38;2;0;0;0m██████[38;2;189;206;206m██[38;2;255;255;255m██████[38;2;0;0;0m████            
            ██[38;2;173;222;107m██[38;2;115;115;115m██[38;2;255;255;255m██████[38;2;189;206;206m████[38;2;115;115;115m██████[38;2;0;0;0m██          
            ██[38;2;65;65;65m██[38;2;115;115;115m████[38;2;255;255;255m██████[38;2;115;115;115m██[38;2;173;222;107m████[38;2;115;115;115m██[38;2;189;206;206m██[38;2;0;0;0m██        
          ██[38;2;255;255;255m████████[38;2;115;115;115m██[38;2;189;206;206m██[38;2;115;115;115m██[38;2;173;222;107m████[38;2;115;115;115m██[38;2;189;206;206m██[38;2;115;115;115m██[38;2;0;0;0m██        
    ██████[38;2;255;255;255m████████████[38;2;115;115;115m██[38;2;189;206;206m██[38;2;115;115;115m████[38;2;189;206;206m██[38;2;115;115;115m██[38;2;255;255;255m██[38;2;189;206;206m██[38;2;0;0;0m██      
  ██[38;2;214;189;173m██[38;2;181;156;132m██[38;2;65;65;65m██[38;2;189;206;206m██[38;2;255;255;255m██[38;2;189;206;206m████[38;2;65;65;65m██[38;2;255;255;255m████[38;2;65;65;65m██[38;2;189;206;206m████[38;2;115;115;115m██[38;2;255;255;255m██[38;2;115;115;115m██[38;2;255;255;255m████[38;2;0;0;0m██    
██[38;2;214;189;173m██[38;2;181;156;132m████[38;2;65;65;65m██[38;2;255;255;255m██[38;2;189;206;206m██[38;2;255;255;255m██[38;2;65;65;65m██[38;2;173;222;107m██[38;2;65;65;65m██[38;2;255;255;255m██[38;2;65;65;65m██████[38;2;189;206;206m██[38;2;115;115;115m██[38;2;0;0;0m██[38;2;189;206;206m██[38;2;255;255;255m████[38;2;0;0;0m██  
██[38;2;65;65;65m██[38;2;132;115;99m██[38;2;65;65;65m████[38;2;255;255;255m██████[38;2;115;115;115m██[38;2;173;222;107m██[38;2;115;115;115m██[38;2;189;206;206m██[38;2;65;65;65m██[38;2;214;189;173m██[38;2;181;156;132m██[38;2;0;0;0m████  ██[38;2;189;206;206m██[38;2;255;255;255m████[38;2;0;0;0m██
██[38;2;181;156;132m██[38;2;65;65;65m████[38;2;255;255;255m██[38;2;65;65;65m██[38;2;255;255;255m██[38;2;115;115;115m██[38;2;65;65;65m██[38;2;115;115;115m██[38;2;189;206;206m██[38;2;65;65;65m██[38;2;214;189;173m██[38;2;181;156;132m████[38;2;0;0;0m██      ██[38;2;189;206;206m████[38;2;0;0;0m██
  ████[38;2;255;255;255m██[38;2;0;0;0m██  ████[38;2;255;255;255m██[38;2;65;65;65m██[38;2;0;0;0m████[38;2;181;156;132m████[38;2;132;115;99m██[38;2;0;0;0m██    ██[38;2;189;206;206m██[38;2;65;65;65m██[38;2;189;206;206m██[38;2;0;0;0m██
    ██[38;2;189;206;206m██[38;2;0;0;0m██    ██[38;2;255;255;255m██[38;2;0;0;0m██  ██[38;2;65;65;65m████[38;2;132;115;99m██[38;2;0;0;0m██      ██████  
      ██      ██[38;2;189;206;206m██[38;2;0;0;0m██    ██[38;2;181;156;132m██[38;2;0;0;0m██                
                ██      ████                  
[0m