                              [38;2;0;0;0m████                          
                    ██      ██[38;2;205;230;255m██[38;2;0;0;0m██                          
            ████  ██[38;2;205;230;255m██[38;2;0;0;0m██  ██[38;2;205;230;255m██[38;2;0;0;0m██            ████  ████      
          ██[38;2;205;230;255m████[38;2;0;0;0m██[38;2;115;148;197m██[38;2;205;230;255m██[38;2;0;0;0m██  ██[38;2;205;230;255m██[38;2;0;0;0m██████      ██[38;2;246;246;255m████[38;2;0;0;0m██[38;2;246;246;255m██[38;2;0;0;0m██      
      ████[38;2;205;230;255m██████████[38;2;0;0;0m██  ██[38;2;65;65;65m████[38;2;115;148;197m██[38;2;205;230;255m████[38;2;0;0;0m██  ██[38;2;205;230;255m████[38;2;246;246;255m████[38;2;0;0;0m██        
    ██[38;2;205;230;255m██[38;2;65;65;65m██[38;2;205;230;255m████[38;2;115;148;197m████[38;2;0;0;0m██  ██[38;2;115;148;197m██[38;2;205;230;255m██[38;2;115;148;197m██[38;2;205;230;255m██████[38;2;164;213;238m██[38;2;0;0;0m██[38;2;65;65;65m██[38;2;205;230;255m██[38;2;0;0;0m██████          
    ██[38;2;115;148;197m██[38;2;205;230;255m████[38;2;115;148;197m██[38;2;164;213;238m██[38;2;0;0;0m██  ██[38;2;115;148;197m██[38;2;205;230;255m████████████[38;2;115;148;197m██[38;2;205;230;255m████[38;2;0;0;0m██      ████      
  ██[38;2;205;230;255m██████[38;2;164;213;238m████[38;2;65;65;65m██[38;2;0;0;0m████[38;2;65;65;65m██[38;2;164;213;238m██[38;2;205;230;255m██[38;2;164;213;238m████[38;2;205;230;255m████████████[38;2;115;148;197m██[38;2;0;0;0m██████[38;2;246;246;255m████[38;2;0;0;0m██    
  ██[38;2;164;213;238m██[38;2;205;230;255m██[38;2;164;213;238m████[38;2;65;65;65m██[38;2;205;230;255m██[38;2;65;65;65m██[38;2;115;148;197m██[38;2;65;65;65m██[38;2;164;213;238m██████████████[38;2;205;230;255m████████[38;2;65;65;65m██[38;2;205;230;255m████[38;2;246;246;255m██[38;2;0;0;0m██      
    ██[38;2;164;213;238m██[38;2;115;148;197m████[38;2;205;230;255m██[38;2;65;98;197m██[38;2;65;65;65m██[38;2;115;148;197m██[38;2;65;65;65m██[38;2;164;213;238m██████████████████[38;2;205;230;255m██████[38;2;65;65;65m██[38;2;0;0;0m████        
    ██[38;2;205;230;255m████[38;2;164;213;238m██[38;2;205;230;255m██[38;2;65;98;197m██[38;2;205;230;255m██[38;2;65;65;65m██[38;2;115;148;197m██[38;2;65;65;65m██[38;2;164;213;238m██[38;2;115;148;197m██[38;2;164;213;238m████[38;2;115;148;197m██[38;2;164;213;238m██████[38;2;205;230;255m██[38;2;164;213;238m████[38;2;0;0;0m██            
    ██[38;2;205;230;255m██[38;2;164;213;238m██[38;2;255;255;255m██[38;2;65;98;197m██[38;2;164;213;238m██[38;2;205;230;255m████[38;2;65;65;65m████[38;2;164;213;238m██[38;2;115;148;197m██[38;2;164;213;238m██[38;2;115;148;197m██[38;2;164;213;238m██████████[38;2;115;148;197m██[38;2;164;213;238m██[38;2;0;0;0m██  ██████    
  ██[38;2;205;230;255m██████[38;2;65;98;197m██[38;2;98;139;197m██[38;2;164;213;238m████[38;2;205;230;255m████[38;2;65;65;65m████[38;2;115;148;197m██[38;2;164;213;238m██[38;2;115;148;197m██[38;2;164;213;238m████████[38;2;115;148;197m██[38;2;164;213;238m████[38;2;205;230;255m██[38;2;0;0;0m██[38;2;246;246;255m██████[38;2;0;0;0m██  
██[38;2;205;230;255m████████[38;2;164;213;238m████[38;2;65;65;65m██[38;2;164;213;238m████[38;2;205;230;255m██[38;2;115;148;197m██[38;2;164;213;238m██[38;2;65;65;65m████[38;2;115;148;197m████████[38;2;164;213;238m██[38;2;0;0;0m████[38;2;164;213;238m██[38;2;205;230;255m██[38;2;246;246;255m████[38;2;0;0;0m████[38;2;246;246;255m██[38;2;0;0;0m██
██[38;2;65;65;65m██[38;2;164;213;238m████[38;2;115;148;197m██[38;2;65;65;65m████[38;2;164;213;238m██████████[38;2;115;148;197m██[38;2;164;213;238m████[38;2;65;65;65m████[38;2;164;213;238m████[38;2;65;65;65m██[38;2;0;0;0m██  ██[38;2;246;246;255m████[38;2;0;0;0m██  ██████
  ██████████[38;2;164;213;238m██████████[38;2;115;148;197m██[38;2;164;213;238m████████[38;2;65;65;65m████[38;2;205;230;255m████[38;2;164;213;238m██[38;2;0;0;0m██  ████          
          ██[38;2;164;213;238m██████████[38;2;115;148;197m██[38;2;65;65;65m██[38;2;164;213;238m████[38;2;115;148;197m██[38;2;164;213;238m██[38;2;65;65;65m██[38;2;205;230;255m████████[38;2;0;0;0m██              
            ██[38;2;164;213;238m██████[38;2;115;148;197m██[38;2;164;213;238m██[38;2;65;65;65m██[38;2;164;213;238m████[38;2;65;65;65m██[38;2;164;213;238m████[38;2;65;65;65m██[38;2;164;213;238m██[38;2;205;230;255m████[38;2;0;0;0m██              
            ██[38;2;65;65;65m██[38;2;164;213;238m██[38;2;115;148;197m██[38;2;164;213;238m████[38;2;65;65;65m██[38;2;115;148;197m████[38;2;65;65;65m██[38;2;205;230;255m████[38;2;65;65;65m██[38;2;164;213;238m██████[38;2;0;0;0m██              
              ██[38;2;65;65;65m████[38;2;164;213;238m██[38;2;65;65;65m██[38;2;115;148;197m████[38;2;65;65;65m██[38;2;205;230;255m██████[38;2;65;65;65m██[38;2;246;246;255m██[38;2;164;213;238m██[38;2;0;0;0m██                
              ██[38;2;115;148;197m██[38;2;65;65;65m██[38;2;164;213;238m██[38;2;65;65;65m██████[38;2;246;246;255m██████[38;2;65;65;65m██[38;2;246;246;255m████[38;2;0;0;0m██  ████            
            ██[38;2;115;148;197m██[38;2;65;65;65m██[38;2;115;148;197m██[38;2;164;213;238m██[38;2;0;0;0m██    ██[38;2;246;246;255m████[38;2;0;0;0m████[38;2;246;246;255m████[38;2;0;0;0m██[38;2;246;246;255m██[38;2;0;0;0m██            
              ██[38;2;65;65;65m██[38;2;164;213;238m██[38;2;65;65;65m██[38;2;0;0;0m██    ██[38;2;246;246;255m██[38;2;0;0;0m██    ██[38;2;246;246;255m████[38;2;0;0;0m██              
                ██████        ██[38;2;246;246;255m██[38;2;0;0;0m██    ████                
                                ████                        
[0m