                    [38;2;0;0;0m██                                              
                  ██[38;2;255;255;255m██[38;2;0;4;8m██                                            
                  [38;2;0;0;0m██[38;2;170;171;172m██[38;2;0;4;8m██                                            
                [38;2;0;0;0m██[38;2;255;255;255m██[38;2;181;130;132m██[38;2;8;0;0m██                                            
                [38;2;0;0;0m██[38;2;255;255;255m██[38;2;123;86;88m██[38;2;8;0;0m██                                            
                [38;2;0;0;0m██[38;2;189;207;214m██[38;2;119;99;103m██[38;2;33;0;0m██                                            
              [38;2;0;0;0m██[38;2;189;207;214m████[38;2;206;199;206m████[38;2;0;0;0m██                                          
              ██[38;2;106;89;65m██[38;2;222;211;165m██[38;2;148;147;148m██[38;2;181;56;66m██[38;2;0;0;0m██                              ██████████  
              ██[38;2;222;211;165m██[38;2;106;89;65m██[38;2;148;147;148m██[38;2;181;56;66m██[38;2;0;0;0m██                        ██████[38;2;255;255;255m██████████[38;2;0;0;0m██
            [38;2;0;0;8m██[38;2;255;211;107m██[38;2;107;89;66m████[38;2;148;148;148m████[38;2;167;148;98m██[38;2;8;8;16m██[38;2;0;0;0m██                ████[38;2;255;255;255m██████[38;2;189;207;214m████[38;2;178;155;159m████[38;2;198;113;107m██[38;2;0;0;0m██
          ██[38;2;255;211;107m██[38;2;127;105;57m██[38;2;198;150;66m████[38;2;107;89;66m████[38;2;87;78;57m██[38;2;247;219;140m██[38;2;255;215;107m██[38;2;0;0;0m████        ████[38;2;255;255;255m██████[38;2;148;147;148m████[38;2;148;148;148m████[38;2;156;195;206m██[38;2;222;77;66m██[38;2;198;113;107m██[38;2;0;0;0m██
          ██[38;2;255;215;107m██[38;2;197;148;65m██[38;2;192;159;88m██[38;2;255;207;99m██[38;2;255;214;107m████[38;2;255;215;107m██[38;2;107;89;66m██████[38;2;255;215;107m██[38;2;0;0;16m██[38;2;0;0;0m██  [38;2;8;8;8m██[38;2;255;255;255m██[38;2;189;207;214m████[38;2;148;148;148m████[38;2;189;207;214m████████[38;2;206;105;99m████[38;2;0;0;0m██  
        ██[38;2;255;215;107m██[38;2;197;148;65m████[38;2;66;65;66m████[38;2;255;255;206m████[38;2;255;215;107m████[38;2;107;89;66m██[38;2;255;215;107m████[38;2;85;71;46m██[38;2;255;215;107m██[38;2;0;0;0m██[38;2;255;255;255m██[38;2;172;172;172m██[38;2;189;207;214m██[38;2;148;148;148m██[38;2;189;207;214m██████[38;2;148;148;148m██████[38;2;206;105;99m██[38;2;0;0;0m██    
      ██[38;2;90;40;57m██[38;2;255;207;107m██[38;2;192;159;88m██[38;2;66;65;66m██[38;2;99;99;99m████[38;2;66;65;66m██[38;2;255;215;107m████[38;2;107;89;66m██[38;2;255;215;107m████[38;2;198;150;66m██[38;2;66;66;66m██[38;2;255;215;107m████[38;2;66;65;66m██[38;2;189;203;206m██[38;2;148;148;148m██████████[38;2;189;207;214m████[38;2;239;81;74m██[38;2;189;207;214m██[38;2;0;0;0m██    
    ██[38;2;239;81;74m██[38;2;145;95;73m██[38;2;255;207;107m██[38;2;255;207;99m██[38;2;66;65;66m██[38;2;99;99;99m████[38;2;66;65;66m██[38;2;255;215;107m██[38;2;107;89;66m██[38;2;255;215;107m████[38;2;197;148;65m██[38;2;198;150;66m██[38;2;66;66;66m██[38;2;255;215;107m██[38;2;197;148;65m██[38;2;66;65;66m██[38;2;148;157;159m██[38;2;189;207;214m████████████[38;2;239;81;74m████[38;2;0;0;0m██      
    ██[38;2;164;56;54m██[38;2;231;203;206m██[38;2;57;60;66m██[38;2;66;65;66m██[38;2;99;99;99m██████[38;2;66;65;66m██[38;2;255;215;107m██[38;2;255;211;99m████[38;2;198;150;66m████[38;2;198;148;66m████[38;2;66;66;66m██[38;2;198;150;66m████[38;2;66;66;66m██[38;2;148;148;148m████████████[38;2;148;150;148m██[38;2;0;0;0m██        
    ██[38;2;247;85;82m██[38;2;57;60;66m██[38;2;115;107;112m██[38;2;99;99;99m██████[38;2;66;65;66m██[38;2;255;215;107m████[38;2;192;160;85m██[38;2;66;60;57m██[38;2;66;66;66m██[38;2;198;150;66m██[38;2;198;148;66m████[38;2;66;66;66m████[38;2;198;150;66m██[38;2;66;66;66m██[38;2;189;207;214m████████[38;2;239;81;74m████[38;2;0;0;0m██          
      ██[38;2;170;143;74m██[38;2;255;215;107m██[38;2;99;97;99m████[38;2;99;99;99m████[38;2;66;66;66m████[38;2;99;32;33m██[38;2;151;84;85m██[38;2;239;77;74m██[38;2;66;60;66m██[38;2;198;150;66m████[38;2;66;66;66m██[38;2;99;100;99m██[38;2;66;66;66m████[38;2;189;207;214m██████[38;2;66;65;66m██[38;2;63;69;71m██[38;2;0;0;0m██            
        [38;2;0;0;8m██[38;2;85;71;41m██[38;2;255;215;107m████[38;2;99;99;99m████[38;2;99;100;99m██[38;2;66;66;66m██[38;2;151;84;85m██[38;2;255;190;189m██[38;2;181;71;71m██[38;2;239;77;74m██[38;2;66;66;66m██[38;2;198;150;66m██[38;2;66;66;66m██[38;2;99;100;99m██████[38;2;66;65;66m██████[38;2;189;207;214m██████[38;2;0;0;0m██          
    ████[38;2;74;73;74m██[38;2;148;146;148m██[38;2;66;65;66m██[38;2;255;207;99m████[38;2;192;159;88m██[38;2;198;150;66m████[38;2;82;52;57m██[38;2;123;94;98m██[38;2;231;89;82m██[38;2;57;73;74m██[38;2;198;150;74m██[38;2;66;69;74m██[38;2;99;99;99m████[38;2;93;96;93m██[38;2;66;69;66m██[38;2;189;207;214m██[38;2;148;148;148m████████[38;2;189;207;214m████[38;2;0;0;0m██        
  ██[38;2;148;148;148m████[38;2;148;146;148m██[38;2;0;0;0m██[38;2;66;65;66m██[38;2;192;159;88m██[38;2;66;65;66m████[38;2;66;66;66m████[38;2;206;178;181m██[38;2;82;52;57m██[38;2;57;73;74m██[38;2;115;78;76m██[38;2;66;69;74m██[38;2;110;96;74m██[38;2;99;99;99m████[38;2;66;69;66m██[38;2;148;150;148m██[38;2;148;148;148m██[38;2;189;207;214m██[38;2;148;148;148m██[38;2;189;207;214m████[38;2;148;148;148m██[38;2;0;0;0m██          
██[38;2;148;148;148m██[38;2;140;138;140m████[38;2;0;0;0m██  ██[38;2;66;67;66m██[38;2;198;150;66m████[38;2;74;65;57m██[38;2;214;190;156m██[38;2;98;97;98m██[38;2;115;113;115m██[38;2;66;66;66m████[38;2;148;148;148m██[38;2;66;65;66m██[38;2;99;99;99m████[38;2;66;67;66m██[38;2;0;0;0m██[38;2;189;207;214m████[38;2;148;148;148m████[38;2;189;207;214m██[38;2;0;0;0m██            
██[38;2;148;148;148m██[38;2;206;203;206m██[38;2;8;8;8m██        [38;2;0;0;0m████[38;2;167;148;123m██[38;2;74;65;57m██[38;2;115;113;115m██[38;2;66;65;66m██[38;2;99;100;99m████[38;2;66;65;66m██[38;2;189;190;189m██[38;2;66;65;66m██[38;2;99;99;99m██[38;2;0;0;0m██  ████[38;2;189;207;214m████[38;2;0;0;0m██              
██[38;2;148;150;148m██[38;2;222;207;156m██[38;2;0;4;8m██            [38;2;0;0;0m██████[38;2;99;99;99m██[38;2;99;100;99m████[38;2;107;105;107m██[38;2;66;65;66m██[38;2;66;67;66m██[38;2;0;0;0m██        ████                
  ██[38;2;148;139;106m██[38;2;222;207;156m██[38;2;0;0;0m██                ██[38;2;66;66;66m████[38;2;189;186;189m██[38;2;148;145;148m██[38;2;0;0;0m██                              
    ████                    ██[38;2;189;190;189m██[38;2;206;203;206m██[38;2;140;138;140m██[38;2;0;0;0m██                              
                        ████[38;2;189;190;189m████[38;2;140;138;140m██[38;2;8;8;8m██                                
                      [38;2;0;0;0m██[38;2;239;219;156m██[38;2;159;146;112m██[38;2;206;203;206m██[38;2;140;138;140m██[38;2;148;150;148m██[38;2;0;0;0m██                                
                        [38;2;0;0;24m██[38;2;159;146;112m██[38;2;140;138;140m██[38;2;8;8;8m██[38;2;0;0;0m██                                  
                          ████                                      
[0m