                        [38;2;0;0;0m████              
                    ████[38;2;132;82;181m██[38;2;0;0;0m██              
                ████[38;2;132;82;181m██████[38;2;0;0;0m██      ████    
              ██[38;2;132;82;181m████[38;2;156;140;181m██[38;2;132;82;181m██[38;2;0;0;0m██  ██████[38;2;132;82;181m██[38;2;0;0;0m██    
              ██[38;2;132;82;181m██[38;2;156;140;181m██[38;2;132;82;181m████[38;2;0;0;0m████[38;2;99;74;140m██[38;2;132;82;181m████[38;2;99;74;140m██[38;2;0;0;0m██    
            ██[38;2;132;82;181m██[38;2;156;140;181m████[38;2;132;82;181m██[38;2;99;74;140m██[38;2;132;82;181m██[38;2;156;140;181m██████[38;2;132;82;181m██[38;2;0;0;0m██      
            ██[38;2;132;82;181m██[38;2;156;140;181m██[38;2;132;82;181m██████[38;2;156;140;181m██[38;2;0;0;0m██[38;2;99;74;140m██[38;2;156;140;181m██[38;2;99;74;140m██[38;2;0;0;0m██      
      ████    ██[38;2;65;65;65m████[38;2;132;82;181m██[38;2;156;140;181m██[38;2;99;74;140m██[38;2;0;0;0m██[38;2;156;140;181m██[38;2;132;82;181m██[38;2;0;0;0m██        
    ██[38;2;123;107;140m██[38;2;0;0;0m██████[38;2;156;140;181m██████[38;2;65;65;65m██[38;2;156;140;181m██████[38;2;132;82;181m██[38;2;99;74;140m██[38;2;0;0;0m██        
  ██[38;2;123;107;140m████[38;2;65;65;65m██[38;2;132;82;181m██[38;2;156;140;181m██████████[38;2;132;82;181m████[38;2;99;74;140m██[38;2;0;0;0m████          
  ██[38;2;123;107;140m██[38;2;65;65;65m██[38;2;156;140;181m██[38;2;132;82;181m██[38;2;156;140;181m██[38;2;132;82;181m████[38;2;156;140;181m██████[38;2;0;0;0m████              
██[38;2;123;107;140m████[38;2;65;65;65m██[38;2;156;140;181m██[38;2;132;82;181m██████[38;2;156;140;181m██[38;2;255;181;58m██[38;2;156;140;181m██████[38;2;0;0;0m██              
██[38;2;115;90;74m██[38;2;123;107;140m████[38;2;65;65;65m██[38;2;132;82;181m████[38;2;156;140;181m██[38;2;0;0;0m██[38;2;255;181;58m██[38;2;156;140;181m██[38;2;65;65;65m██[38;2;0;0;0m██                
████[38;2;115;90;74m██[38;2;0;0;0m██[38;2;123;107;140m██[38;2;65;65;65m██[38;2;156;140;181m██████████████[38;2;0;0;0m██  ████  ██████
  ████  ████[38;2;65;65;65m████[38;2;156;140;181m████[38;2;65;65;65m██████[38;2;156;140;181m██[38;2;0;0;0m██[38;2;156;140;181m██[38;2;65;65;65m██[38;2;0;0;0m██[38;2;123;107;140m██[38;2;156;140;181m██[38;2;0;0;0m██
            ██[38;2;115;90;74m██[38;2;65;65;65m████[38;2;115;90;74m██[38;2;65;65;65m██[38;2;156;140;181m██████████████[38;2;0;0;0m██  
          ██[38;2;156;140;181m██[38;2;65;65;65m██[38;2;115;90;74m████[38;2;65;65;65m████[38;2;156;140;181m██████[38;2;123;107;140m██[38;2;156;140;181m████[38;2;0;0;0m██    
            ██[38;2;123;107;140m██[38;2;0;0;0m████[38;2;156;140;181m██[38;2;65;65;65m████[38;2;156;140;181m██[38;2;123;107;140m██[38;2;156;140;181m██[38;2;0;0;0m████      
              ████  ██[38;2;123;107;140m██[38;2;0;0;0m██[38;2;115;90;74m████[38;2;0;0;0m██          
                      ██  ████            
[0m