            [38;2;0;0;0m████      ██████      
      ██  ██[38;2;74;123;66m██[38;2;0;0;0m██  ████[38;2;156;206;74m██████[38;2;0;0;0m██    
    ██[38;2;99;156;74m██[38;2;0;0;0m██[38;2;74;123;66m████[38;2;65;65;65m██[38;2;0;0;0m██[38;2;156;206;74m██[38;2;99;156;74m████[38;2;0;0;0m████      
  ██[38;2;156;206;74m██[38;2;99;156;74m██[38;2;65;65;65m██[38;2;74;123;66m██[38;2;65;65;65m██[38;2;156;206;74m████[38;2;99;156;74m██[38;2;156;206;74m██[38;2;0;0;0m██          
  ██[38;2;156;206;74m██[38;2;99;156;74m██[38;2;156;206;74m██[38;2;65;65;65m██[38;2;99;156;74m██[38;2;156;206;74m██[38;2;99;156;74m██[38;2;156;206;74m████[38;2;65;65;65m██[38;2;0;0;0m██████    
  ██[38;2;156;206;74m██[38;2;74;123;66m██[38;2;156;206;74m██[38;2;65;65;65m██[38;2;99;156;74m██[38;2;74;123;66m██[38;2;156;206;74m████[38;2;65;65;65m██[38;2;74;123;66m██████[38;2;0;0;0m██    
    ██[38;2;99;156;74m██[38;2;74;123;66m██[38;2;65;65;65m██[38;2;74;123;66m██[38;2;99;156;74m████[38;2;65;65;65m██████████[38;2;0;0;0m████  
    ██[38;2;99;156;74m██[38;2;74;123;66m██[38;2;65;65;65m██[38;2;74;123;66m██[38;2;99;156;74m██[38;2;65;65;65m████[38;2;156;206;74m██[38;2;99;156;74m██████[38;2;156;206;74m████[38;2;0;0;0m██
      ██[38;2;99;156;74m██[38;2;74;123;66m██[38;2;99;156;74m██[38;2;74;123;66m██[38;2;99;156;74m██████[38;2;156;206;74m██████[38;2;0;0;0m████  
    ██[38;2;123;148;189m████████[38;2;99;156;74m██[38;2;65;65;65m████[38;2;0;0;0m████████      
  ██[38;2;123;148;189m██[38;2;230;74;41m██[38;2;123;148;189m██████████[38;2;0;0;0m██              
██[38;2;90;115;148m██[38;2;123;148;189m████████[38;2;230;74;41m██[38;2;123;148;189m████[38;2;90;115;148m██[38;2;0;0;0m██            
██[38;2;90;115;148m████[38;2;123;148;189m██[38;2;0;0;0m██[38;2;123;148;189m██████[38;2;90;115;148m████[38;2;0;0;0m██            
██[38;2;65;65;65m██[38;2;90;115;148m████████████████[38;2;0;0;0m██            
  ██[38;2;90;115;148m██████████████[38;2;65;65;65m██[38;2;0;0;0m██            
    ████[38;2;90;115;148m██████[38;2;65;65;65m████[38;2;0;0;0m██              
  ██[38;2;90;115;148m████[38;2;0;0;0m████[38;2;65;65;65m████[38;2;0;0;0m██                
    ████    ██[38;2;90;115;148m████[38;2;0;0;0m██              
              ████                
[0m