                                          [38;2;0;0;0m██                                  
                                        ██[38;2;230;226;180m██[38;2;0;0;0m██                                
                                        ██[38;2;230;226;180m██[38;2;0;0;0m██                                
                          ████        ██[38;2;230;226;180m██████[38;2;0;0;0m██      ██                      
                          ██[38;2;230;226;180m██[38;2;0;0;0m████  ██[38;2;74;76;82m██[38;2;230;226;180m██████[38;2;76;80;74m██[38;2;0;8;16m██  [38;2;0;0;0m██[38;2;230;226;180m██[38;2;0;0;0m██                    
                          ██[38;2;230;226;180m██████[38;2;0;0;0m██[38;2;78;89;106m██[38;2;230;226;180m██[38;2;74;76;82m██[38;2;76;89;104m████[38;2;230;226;189m████[38;2;0;0;0m██[38;2;65;64;65m██[38;2;230;226;180m██[38;2;0;0;0m██                    
                            ██[38;2;230;226;180m████[38;2;227;226;180m████[38;2;82;89;82m██[38;2;131;134;109m██[38;2;148;137;57m████[38;2;230;226;180m████[38;2;227;226;180m████[38;2;123;119;82m██[38;2;8;4;0m██                    
                            [38;2;0;0;0m██[38;2;76;89;104m██[38;2;230;226;180m██[38;2;227;226;180m████[38;2;230;226;164m██[38;2;82;89;82m██[38;2;230;226;180m████[38;2;148;137;57m████[38;2;227;226;180m████[38;2;238;234;164m██[38;2;8;4;0m██                    
                          [38;2;0;0;0m██[38;2;230;226;180m██[38;2;76;89;104m██[38;2;230;226;180m██████[38;2;76;89;104m██[38;2;230;226;180m██[38;2;227;226;180m████████[38;2;148;137;57m██[38;2;230;226;180m██[38;2;205;188;139m██[38;2;230;226;180m██[38;2;0;0;0m██                  
                        ██[38;2;230;226;180m██████[38;2;76;89;104m██████[38;2;230;226;180m████[38;2;227;226;180m████████[38;2;230;226;180m██[38;2;148;137;57m██[38;2;205;188;139m████[38;2;65;64;65m██[38;2;0;0;0m██                
                        ██[38;2;148;137;57m████████[38;2;230;226;180m████████[38;2;227;226;180m████████[38;2;205;186;139m██[38;2;131;99;94m██[38;2;205;186;139m██[38;2;131;99;94m██[38;2;205;178;139m██[38;2;0;0;0m██                
                      ██[38;2;148;137;57m██[38;2;230;226;180m████████[38;2;148;137;57m████████[38;2;227;226;180m████████[38;2;205;186;139m████[38;2;131;99;94m██[38;2;205;186;139m██[38;2;137;118;93m██[38;2;0;0;0m██                
                      ██[38;2;213;218;189m██[38;2;230;226;180m██[38;2;76;89;104m██████[38;2;230;226;180m████[38;2;227;226;180m████[38;2;148;137;57m████[38;2;230;222;180m██[38;2;202;192;139m██[38;2;205;186;139m██[38;2;131;99;94m██████[38;2;205;178;139m██[38;2;0;0;0m██                
                      ██[38;2;106;109;94m██[38;2;76;89;104m██[38;2;230;226;180m██████[38;2;76;89;104m██[38;2;230;226;180m██[38;2;227;226;180m████[38;2;230;226;180m████[38;2;148;133;57m██[38;2;202;192;139m██[38;2;205;186;139m██[38;2;131;99;94m██[38;2;205;186;139m████[38;2;137;118;93m██[38;2;0;0;0m██                
          ████      ██[38;2;82;89;82m██[38;2;230;226;164m██[38;2;227;226;180m████████[38;2;230;226;180m██[38;2;76;89;104m██[38;2;227;226;180m████[38;2;230;226;180m████[38;2;205;186;139m██[38;2;131;99;94m████[38;2;205;186;139m████[38;2;131;99;94m██[38;2;205;186;139m██[38;2;0;0;0m██                
        ██[38;2;106;198;222m████[38;2;0;0;0m██  ██[38;2;78;89;106m██[38;2;131;134;109m██[38;2;82;89;82m██[38;2;227;226;180m████████[38;2;230;226;180m██[38;2;76;89;104m██[38;2;227;226;180m████[38;2;230;226;180m██[38;2;205;188;139m██[38;2;205;186;139m████[38;2;131;99;94m██[38;2;205;186;139m██[38;2;131;99;94m██[38;2;205;186;139m██[38;2;0;0;0m██                  
          ██[38;2;180;242;255m██[38;2;120;169;169m██[38;2;0;0;0m██[38;2;76;89;104m██[38;2;230;226;180m██[38;2;227;226;180m████[38;2;76;89;104m██[38;2;230;226;180m██████[38;2;90;89;74m██[38;2;137;134;106m██[38;2;148;137;57m████████[38;2;205;186;139m████[38;2;120;102;90m██[38;2;213;186;139m██[38;2;65;64;65m████[38;2;0;0;0m██                  
          ██[38;2;180;242;255m██[38;2;180;255;255m██[38;2;60;84;84m██[38;2;230;226;180m████[38;2;227;226;180m████[38;2;230;226;180m██[38;2;76;89;104m██████[38;2;230;226;172m████[38;2;230;226;180m████████[38;2;145;134;52m██[38;2;205;186;139m██[38;2;120;102;90m██[38;2;74;60;65m██[38;2;106;198;222m██████[38;2;0;0;0m████              
          ██[38;2;106;198;222m██[38;2;156;250;255m██[38;2;49;68;74m██[38;2;230;226;180m██[38;2;74;72;82m██[38;2;65;64;65m████[38;2;230;226;180m████[38;2;227;226;180m████[38;2;238;230;180m████[38;2;230;226;180m████[38;2;238;230;180m████[38;2;205;186;139m██[38;2;117;102;90m██[38;2;65;64;65m██[38;2;180;242;255m██[38;2;186;242;254m████[38;2;106;198;222m██████[38;2;0;0;0m██            
  ██      ██[38;2;106;198;222m██[38;2;120;190;194m████[38;2;74;72;82m████[38;2;255;250;222m████[38;2;65;64;65m██[38;2;230;226;180m██[38;2;227;226;180m████[38;2;183;176;142m██[38;2;74;68;65m██[38;2;65;64;65m████[38;2;74;68;65m██[38;2;183;176;142m██[38;2;205;186;139m██[38;2;74;60;65m██[38;2;180;242;255m████[38;2;186;242;254m████[38;2;106;198;222m██[38;2;0;0;0m████              
██[38;2;65;161;172m██[38;2;0;0;0m██    ██[38;2;106;198;222m██[38;2;104;199;222m████[38;2;90;89;82m██[38;2;255;246;172m██[38;2;0;0;0m██[38;2;255;250;180m██[38;2;255;246;164m██[38;2;74;76;74m██[38;2;205;186;139m████[38;2;65;64;65m██[38;2;255;250;180m██[38;2;255;250;205m████[38;2;74;72;82m████[38;2;65;64;65m██[38;2;106;198;222m██[38;2;180;242;255m████[38;2;115;206;255m██[38;2;0;0;0m████                  
██[38;2;65;161;172m██[38;2;0;0;0m██      ██[38;2;104;199;222m████[38;2;172;167;127m██[38;2;255;246;172m██[38;2;0;0;0m██[38;2;255;250;180m██[38;2;164;161;119m██[38;2;74;76;74m██[38;2;65;64;65m████[38;2;255;250;180m████[38;2;0;0;0m██[38;2;255;250;205m██[38;2;255;250;180m██[38;2;74;72;82m██[38;2;106;198;222m████[38;2;104;199;222m████[38;2;0;0;0m██  ██████              
  ██[38;2;65;161;172m██[38;2;0;0;0m████  ██[38;2;104;199;222m████[38;2;106;198;222m██[38;2;189;160;79m██[38;2;0;0;0m██[38;2;109;161;142m██[38;2;71;161;175m████[38;2;74;161;172m██[38;2;74;94;101m██[38;2;169;183;128m██[38;2;255;226;131m██[38;2;0;0;0m██[38;2;255;246;164m██[38;2;111;139;127m██[38;2;82;68;57m██[38;2;104;199;222m████[38;2;106;198;222m████[38;2;41;78;86m██[38;2;8;0;0m██[38;2;68;161;175m████[38;2;71;140;156m██[38;2;0;8;8m██[38;2;0;0;0m██          
    ██[38;2;65;161;172m████[38;2;0;0;0m████[38;2;104;199;222m████[38;2;106;198;222m████[38;2;109;161;142m████[38;2;71;161;175m██[38;2;65;64;65m██[38;2;74;60;65m██[38;2;74;161;172m██[38;2;84;140;126m██[38;2;169;183;128m██[38;2;0;0;0m██[38;2;169;164;109m██[38;2;82;68;57m██[38;2;139;210;197m██[38;2;104;199;222m████[38;2;106;198;222m██[38;2;65;64;65m██[38;2;74;157;172m████[38;2;68;161;175m████[38;2;106;206;230m████[38;2;106;198;222m██[38;2;0;0;0m██        
      ██[38;2;65;64;65m██[38;2;71;161;175m████[38;2;65;64;65m██[38;2;106;198;222m██[38;2;104;199;222m████[38;2;150;182;167m██[38;2;57;68;74m██[38;2;74;80;90m████████[38;2;49;68;74m██[38;2;123;149;135m██[38;2;69;161;176m████[38;2;104;199;222m████████[38;2;98;202;222m██[38;2;65;64;65m██[38;2;71;161;175m████[38;2;65;64;65m██[38;2;0;0;0m██████[38;2;106;198;222m████[38;2;0;0;0m██      
        ██[38;2;65;64;65m████████[38;2;104;199;222m████[38;2;57;68;74m██[38;2;197;238;213m██[38;2;230;226;180m██[38;2;74;80;90m████[38;2;230;226;180m██[38;2;197;230;197m██[38;2;49;68;74m██[38;2;106;198;222m████[38;2;104;199;222m████████[38;2;87;156;169m██[38;2;65;64;65m██████[38;2;0;0;0m██      ██[38;2;106;198;222m████[38;2;0;0;0m████  
  ██████[38;2;65;161;172m██████[38;2;71;161;175m██[38;2;65;64;65m██[38;2;106;198;222m██[38;2;65;64;65m██[38;2;74;76;82m████[38;2;230;226;180m██[38;2;76;89;104m██[38;2;230;226;180m████████[38;2;65;64;65m██[38;2;106;198;222m██████[38;2;71;161;175m████[38;2;65;64;65m██[38;2;71;161;175m██[38;2;65;161;172m██████[38;2;0;0;0m████    ██[38;2;106;198;222m██████[38;2;0;0;0m██
██[38;2;65;161;172m██████[38;2;0;0;0m██████[38;2;71;161;175m████[38;2;65;64;65m████[38;2;183;179;148m██[38;2;238;230;180m██[38;2;76;89;104m████████████[38;2;65;64;65m██[38;2;106;198;222m██[38;2;69;161;176m████[38;2;71;161;175m██[38;2;65;64;65m██[38;2;71;161;175m████[38;2;65;161;172m██[38;2;0;0;0m████[38;2;65;161;172m████[38;2;0;0;0m██    ██████  
  ██████      [38;2;8;0;0m██[38;2;41;78;86m██[38;2;65;64;65m██[38;2;71;161;175m██[38;2;57;64;74m██[38;2;164;194;164m██[38;2;197;182;148m██[38;2;93;98;98m██[38;2;205;186;139m████[38;2;164;194;164m██[38;2;57;64;74m██[38;2;68;161;175m████████[38;2;71;161;175m██[38;2;65;64;65m██████[38;2;0;0;0m██    ████              
        ██████[38;2;74;157;172m████[38;2;65;64;65m██[38;2;71;161;175m██[38;2;128;151;134m██[38;2;57;64;74m██[38;2;41;56;74m██[38;2;93;98;98m██[38;2;205;186;139m██[38;2;79;89;106m██[38;2;57;64;74m██[38;2;128;151;134m██[38;2;68;161;175m████████[38;2;71;161;175m████[38;2;65;64;65m██[38;2;71;161;175m██[38;2;65;64;65m██[38;2;0;0;0m████                  
      ██[38;2;65;161;172m██████[38;2;0;0;0m██[38;2;65;64;65m██[38;2;68;161;175m████[38;2;65;161;172m██████[38;2;0;0;0m██████[38;2;65;161;172m████████[38;2;68;161;175m████████[38;2;65;64;65m██[38;2;71;161;175m██[38;2;65;161;172m████[38;2;41;78;86m██[38;2;8;0;0m██[38;2;0;0;0m████            
        ██████  ██[38;2;68;161;175m████[38;2;65;161;172m██[38;2;0;0;0m████      ██████[38;2;65;161;172m██[38;2;68;161;175m████████[38;2;71;161;175m██[38;2;65;64;65m██[38;2;0;0;0m████[38;2;74;157;172m████[38;2;65;161;172m████[38;2;0;0;0m██          
                  ██████                ████[38;2;65;161;172m██████[38;2;0;0;0m████    ████████            
                                            ██████                            
[0m