              [38;2;0;0;0m██                                                  
            ██[38;2;197;197;197m██[38;2;0;0;0m██                                                
            ██[38;2;197;197;197m██[38;2;0;0;0m██                                                
            ██[38;2;197;197;197m██[38;2;0;0;0m██                                                
            ██[38;2;197;197;197m██[38;2;0;0;0m██                                                
            ██[38;2;197;197;197m██[38;2;0;0;0m██                                                
            ██[38;2;197;197;197m██[38;2;0;0;0m██                                                
            ██[38;2;197;197;197m████[38;2;0;0;0m██        ████                                  
            ██[38;2;197;197;197m████[38;2;0;0;0m██    ████[38;2;197;197;197m████[38;2;0;0;0m████    ██████████                
            ██[38;2;197;197;197m██[38;2;131;131;131m██[38;2;0;0;0m██████[38;2;197;197;197m██████████[38;2;131;131;131m██[38;2;0;0;0m████[38;2;197;197;197m████████[38;2;131;131;131m██[38;2;0;0;0m██              
            ██[38;2;197;197;197m██[38;2;131;131;131m██[38;2;74;74;74m██[38;2;197;197;197m████████████[38;2;131;131;131m██[38;2;197;197;197m████[38;2;74;74;74m██[38;2;197;197;197m████████[38;2;131;131;131m██[38;2;197;197;197m██[38;2;0;0;0m██            
        ████[38;2;74;74;74m██[38;2;197;197;197m██[38;2;131;131;131m████[38;2;74;74;74m██[38;2;197;197;197m██████████[38;2;131;131;131m██[38;2;197;197;197m██████[38;2;74;74;74m██[38;2;197;197;197m████[38;2;131;131;131m██[38;2;197;197;197m██████[38;2;0;0;0m██          
      ██[38;2;197;197;197m██[38;2;74;74;74m██[38;2;197;197;197m██[38;2;131;131;131m██[38;2;197;197;197m██[38;2;131;131;131m██[38;2;197;197;197m██[38;2;74;74;74m████[38;2;197;197;197m██[38;2;131;131;131m██████[38;2;197;197;197m██████[38;2;74;74;74m██[38;2;197;197;197m██[38;2;131;131;131m████[38;2;197;197;197m██████[38;2;131;131;131m██[38;2;0;0;0m██        
    ██[38;2;131;131;131m████[38;2;74;74;74m██[38;2;197;197;197m██[38;2;131;131;131m██[38;2;197;197;197m██[38;2;131;131;131m██[38;2;197;197;197m██████[38;2;74;74;74m██[38;2;197;197;197m██[38;2;131;131;131m██[38;2;197;197;197m██[38;2;131;131;131m██[38;2;197;197;197m██████[38;2;74;74;74m██[38;2;197;197;197m████[38;2;131;131;131m██[38;2;197;197;197m██[38;2;98;106;98m████[38;2;0;0;0m██        
  ██[38;2;197;197;197m██████[38;2;74;74;74m██[38;2;197;197;197m██[38;2;131;131;131m██[38;2;74;74;74m██[38;2;197;197;197m██████████[38;2;74;74;74m██[38;2;197;197;197m██[38;2;131;131;131m██[38;2;197;197;197m██[38;2;98;106;98m██████[38;2;74;74;74m██[38;2;197;197;197m██████[38;2;98;106;98m██[38;2;131;131;131m████[38;2;74;74;74m██[38;2;0;0;0m████    
  ██[38;2;197;197;197m████████[38;2;74;74;74m████[38;2;197;197;197m████████████[38;2;74;74;74m██[38;2;131;131;131m██[38;2;197;197;197m██[38;2;98;106;98m██[38;2;131;131;131m██████[38;2;74;74;74m██[38;2;98;106;98m██████[38;2;131;131;131m██████[38;2;74;74;74m██[38;2;197;197;197m██[38;2;131;131;131m██[38;2;0;0;0m██  
██[38;2;197;197;197m████████████████████████[38;2;131;131;131m████[38;2;74;74;74m██[38;2;98;106;98m██[38;2;131;131;131m██████[38;2;74;74;74m██[38;2;131;131;131m████████████[38;2;74;74;74m██[38;2;197;197;197m██[38;2;131;131;131m██[38;2;197;197;197m██[38;2;131;131;131m██[38;2;0;0;0m██
██[38;2;197;197;197m██████████████████████[38;2;74;74;74m██[38;2;131;131;131m████[38;2;74;74;74m██[38;2;131;131;131m████████[38;2;74;74;74m██[38;2;131;131;131m██████████[38;2;74;74;74m██[38;2;98;106;98m██[38;2;131;131;131m██[38;2;197;197;197m██[38;2;131;131;131m██[38;2;197;197;197m██[38;2;0;0;0m██
██[38;2;197;197;197m████[38;2;131;131;131m██[38;2;197;197;197m██████████████[38;2;131;131;131m██████████[38;2;74;74;74m██[38;2;131;131;131m██████[38;2;0;0;0m████[38;2;131;131;131m████[38;2;74;74;74m████[38;2;131;131;131m████[38;2;98;106;98m██[38;2;131;131;131m██[38;2;197;197;197m██[38;2;98;106;98m██[38;2;0;0;0m██
██[38;2;74;74;74m██[38;2;197;197;197m██[38;2;131;131;131m██[38;2;197;197;197m██[38;2;131;131;131m██[38;2;197;197;197m██████[38;2;74;74;74m████[38;2;255;255;255m██[38;2;131;131;131m██[38;2;197;197;197m██[38;2;131;131;131m██████[38;2;0;0;0m██████    ████[38;2;131;131;131m██████[38;2;98;106;98m██[38;2;131;131;131m██[38;2;98;106;98m████[38;2;0;0;0m██  
  ██[38;2;74;74;74m██[38;2;131;131;131m██[38;2;197;197;197m██[38;2;74;74;74m██[38;2;197;197;197m██[38;2;74;74;74m██[38;2;0;0;0m██[38;2;255;255;255m██████[38;2;131;131;131m██[38;2;197;197;197m██[38;2;131;131;131m██████[38;2;0;0;0m██          ██[38;2;131;131;131m██████[38;2;98;106;98m██[38;2;131;131;131m██████[38;2;0;0;0m██  
  ██[38;2;197;197;197m██[38;2;74;74;74m██[38;2;197;197;197m████[38;2;74;74;74m██[38;2;255;255;255m██[38;2;0;0;0m██[38;2;255;255;255m████[38;2;74;74;74m██[38;2;197;197;197m████[38;2;74;74;74m████[38;2;131;131;131m██[38;2;0;0;0m██            ██[38;2;131;131;131m████[38;2;98;106;98m██[38;2;131;131;131m██[38;2;74;74;74m██[38;2;0;0;0m██    
  ██[38;2;131;131;131m████[38;2;197;197;197m████[38;2;131;131;131m██[38;2;74;74;74m██[38;2;131;131;131m██████[38;2;197;197;197m████[38;2;131;131;131m██████[38;2;0;0;0m██                ██[38;2;74;74;74m██████[38;2;131;131;131m██[38;2;0;0;0m██    
██[38;2;197;197;197m██[38;2;131;131;131m██[38;2;197;197;197m████[38;2;131;131;131m██████[38;2;197;197;197m████████[38;2;131;131;131m██[38;2;74;74;74m████[38;2;0;0;0m██                ██[38;2;131;131;131m████████[38;2;98;106;98m██[38;2;197;197;197m██[38;2;0;0;0m██  
██[38;2;197;197;197m██[38;2;131;131;131m██[38;2;197;197;197m████[38;2;131;131;131m████[38;2;197;197;197m████████[38;2;131;131;131m██[38;2;74;74;74m██[38;2;131;131;131m████[38;2;0;0;0m██              ██[38;2;197;197;197m██[38;2;98;106;98m██[38;2;131;131;131m██████[38;2;98;106;98m██[38;2;197;197;197m████[38;2;0;0;0m██
██[38;2;131;131;131m██[38;2;197;197;197m████[38;2;131;131;131m████[38;2;197;197;197m████████[38;2;131;131;131m██[38;2;74;74;74m████[38;2;131;131;131m██[38;2;0;0;0m██                ██[38;2;197;197;197m██[38;2;98;106;98m██[38;2;131;131;131m██████[38;2;98;106;98m████[38;2;197;197;197m██[38;2;0;0;0m██
  ██[38;2;197;197;197m████[38;2;131;131;131m████[38;2;197;197;197m████[38;2;131;131;131m████[38;2;74;74;74m████[38;2;131;131;131m██[38;2;0;0;0m██                ██[38;2;197;197;197m██[38;2;98;106;98m██[38;2;131;131;131m██[38;2;98;106;98m██[38;2;131;131;131m██[38;2;98;106;98m██[38;2;131;131;131m████[38;2;98;106;98m██[38;2;0;0;0m██
    ██[38;2;74;74;74m██[38;2;131;131;131m██████████[38;2;74;74;74m████[38;2;131;131;131m██[38;2;0;0;0m██                  ██[38;2;98;106;98m██[38;2;131;131;131m██████[38;2;98;106;98m██[38;2;131;131;131m██████[38;2;98;106;98m██[38;2;0;0;0m██
      ████[38;2;74;74;74m██████████[38;2;131;131;131m████[38;2;0;0;0m██                    ██[38;2;131;131;131m██████[38;2;98;106;98m██[38;2;131;131;131m████[38;2;0;0;0m████  
          ██[38;2;131;131;131m██████████[38;2;0;0;0m██                      ██[38;2;74;74;74m██[38;2;131;131;131m████[38;2;98;106;98m██[38;2;131;131;131m██[38;2;0;0;0m██      
            ██████████                      ██[38;2;131;131;131m██[38;2;197;197;197m██[38;2;74;74;74m██████[38;2;0;0;0m██        
                                          ██[38;2;131;131;131m██[38;2;197;197;197m██[38;2;131;131;131m██[38;2;98;106;98m██[38;2;131;131;131m██████[38;2;0;0;0m██      
                                          ██[38;2;197;197;197m██[38;2;131;131;131m██[38;2;197;197;197m██[38;2;98;106;98m██[38;2;131;131;131m██████[38;2;0;0;0m██      
                                          ██[38;2;131;131;131m██[38;2;197;197;197m██[38;2;98;106;98m██[38;2;131;131;131m██[38;2;98;106;98m██[38;2;131;131;131m████[38;2;0;0;0m██      
                                      ████[38;2;131;131;131m██[38;2;98;106;98m████[38;2;131;131;131m██████[38;2;98;106;98m██[38;2;0;0;0m██        
                  ██████  ██████  ████[38;2;131;131;131m████[38;2;74;74;74m██[38;2;131;131;131m████████████[38;2;0;0;0m██        
                ██[38;2;98;106;98m██████[38;2;0;0;0m██[38;2;131;131;131m██████[38;2;0;0;0m██[38;2;131;131;131m██████[38;2;98;106;98m██[38;2;131;131;131m██[38;2;74;74;74m████[38;2;131;131;131m████[38;2;0;0;0m████          
                ██[38;2;98;106;98m████[38;2;74;74;74m██[38;2;98;106;98m████[38;2;131;131;131m██[38;2;98;106;98m██[38;2;74;74;74m██[38;2;131;131;131m████[38;2;98;106;98m██[38;2;131;131;131m██████[38;2;0;0;0m██████              
                  ██████[38;2;98;106;98m██████[38;2;74;74;74m██[38;2;0;0;0m██[38;2;98;106;98m████[38;2;74;74;74m██[38;2;131;131;131m██████[38;2;0;0;0m██                  
                        ████████  ██[38;2;131;131;131m████[38;2;74;74;74m██[38;2;131;131;131m██[38;2;0;0;0m██                    
                                    ████████                      
[0m