            [38;2;0;0;0m██████                
        ████[38;2;57;65;82m██[38;2;255;255;255m██[38;2;57;65;82m██[38;2;0;0;0m██              
      ██[38;2;230;82;90m██████[38;2;57;65;82m██[38;2;180;180;172m██[38;2;0;0;0m██              
    ██[38;2;230;82;90m██████[38;2;148;123;205m██[38;2;230;82;90m██[38;2;0;0;0m██                
    ██[38;2;156;82;98m██[38;2;230;82;90m██[38;2;156;82;98m██[38;2;255;255;255m██[38;2;156;82;98m████[38;2;0;0;0m████            
  ██[38;2;255;189;189m████[38;2;156;82;98m██[38;2;230;82;90m██[38;2;0;0;0m██[38;2;156;82;98m██[38;2;255;255;255m██[38;2;57;65;82m██[38;2;180;180;172m██[38;2;0;0;0m██          
██[38;2;255;189;189m████[38;2;57;65;82m██[38;2;82;74;74m██[38;2;230;82;90m██████[38;2;156;82;98m██[38;2;255;255;255m██[38;2;0;0;0m██            
██[38;2;255;189;189m██[38;2;57;65;82m██[38;2;230;82;90m██████████[38;2;82;74;74m██[38;2;230;82;90m██[38;2;0;0;0m██            
██[38;2;57;65;82m████[38;2;230;82;90m████████[38;2;82;74;74m██[38;2;230;82;90m██████[38;2;0;0;0m██          
  ██[38;2;156;82;98m██[38;2;57;65;82m██[38;2;230;82;90m██████[38;2;57;65;82m██[38;2;230;82;90m████[38;2;82;74;74m████[38;2;0;0;0m██        
  ██[38;2;156;82;98m██[38;2;57;65;82m██[38;2;230;82;90m████████[38;2;57;65;82m██[38;2;82;74;74m████[38;2;230;82;90m██[38;2;0;0;0m██████    
    ██[38;2;156;82;98m██[38;2;57;65;82m██[38;2;230;82;90m████[38;2;156;82;98m██[38;2;57;65;82m██[38;2;230;82;90m████[38;2;82;74;74m████[38;2;230;82;90m████[38;2;0;0;0m██  
      ████[38;2;57;65;82m██[38;2;156;82;98m██████[38;2;57;65;82m██[38;2;82;74;74m████[38;2;230;82;90m████[38;2;0;0;0m██    
          ██[38;2;57;65;82m████[38;2;156;82;98m████[38;2;57;65;82m████████[38;2;0;0;0m██    
        ████[38;2;197;139;139m██[38;2;57;65;82m████[38;2;197;139;139m██[38;2;156;82;98m████[38;2;57;65;82m██[38;2;230;82;90m██[38;2;82;74;74m██[38;2;0;0;0m██  
      ██[38;2;197;139;139m████[38;2;0;0;0m██[38;2;156;82;98m██[38;2;57;65;82m██[38;2;197;139;139m██[38;2;0;0;0m████[38;2;156;82;98m██[38;2;57;65;82m██[38;2;82;74;74m██[38;2;230;82;90m██[38;2;0;0;0m██
        ████  ██[38;2;255;189;189m██[38;2;0;0;0m██    ████[38;2;230;82;90m██[38;2;82;74;74m██[38;2;0;0;0m██
            ██[38;2;255;189;189m██[38;2;197;139;139m██[38;2;255;189;189m██[38;2;0;0;0m██      ████  
              ██████              
[0m