        [38;2;0;0;0m████████                
    ████[38;2;189;206;222m██[38;2;255;255;255m████[38;2;189;206;222m██[38;2;0;0;0m████            
  ██[38;2;82;140;255m██[38;2;255;255;255m████████████[38;2;115;115;115m██[38;2;0;0;0m██          
  ██[38;2;255;255;255m████████████[38;2;74;107;156m██[38;2;82;140;255m██[38;2;0;0;0m██          
██[38;2;189;206;222m██[38;2;255;255;255m████████████[38;2;74;107;156m██[38;2;82;140;255m██[38;2;255;255;255m██[38;2;0;0;0m██        
██[38;2;255;255;255m████████████████[38;2;74;107;156m██[38;2;189;206;222m██[38;2;0;0;0m██        
██[38;2;255;255;255m██[38;2;148;82;33m████[38;2;255;255;255m████[38;2;0;0;0m██[38;2;255;255;255m████[38;2;189;206;222m████[38;2;0;0;0m██        
  ██[38;2;206;115;41m████[38;2;148;82;33m██[38;2;255;255;255m██[38;2;0;0;0m██[38;2;255;255;255m██[38;2;189;206;222m████[38;2;0;0;0m██          
  ██[38;2;206;115;41m████[38;2;148;82;33m██[38;2;189;206;222m████[38;2;148;165;165m██[38;2;189;206;222m██[38;2;115;115;115m██[38;2;0;0;0m██          
██[38;2;255;255;255m██[38;2;65;65;65m████[38;2;189;206;222m████[38;2;65;65;65m██████[38;2;0;0;0m██            
  ██[38;2;65;65;65m██[38;2;82;206;197m██[38;2;65;65;65m████[38;2;82;206;197m████[38;2;65;65;65m██[38;2;82;148;148m██[38;2;0;0;0m██  ██████  
    ██[38;2;65;65;65m██[38;2;82;148;148m██[38;2;82;206;197m██[38;2;82;148;148m████[38;2;255;255;255m████[38;2;65;65;65m██[38;2;0;0;0m██[38;2;74;107;156m██████[38;2;0;0;0m██
    ██[38;2;82;206;197m██[38;2;255;255;107m██[38;2;189;165;66m██[38;2;255;255;107m██[38;2;82;206;197m██[38;2;65;65;65m██[38;2;255;255;255m████[38;2;65;65;65m██[38;2;74;107;156m██████[38;2;0;0;0m██
    ██[38;2;82;148;148m██[38;2;255;255;107m██[38;2;189;165;66m██[38;2;255;255;107m██[38;2;82;206;197m████[38;2;65;65;65m██[38;2;74;107;156m██████[38;2;0;0;0m████  
  ██[38;2;82;140;255m██[38;2;0;0;0m██[38;2;82;148;148m██[38;2;255;255;107m██[38;2;82;148;148m████[38;2;65;65;65m██[38;2;0;0;0m████████      
    ████████[38;2;65;65;65m████[38;2;0;0;0m██              
          ██[38;2;82;140;255m██[38;2;74;107;156m██[38;2;82;140;255m██[38;2;0;0;0m██            
            ██████              
[0m