                            [38;2;0;0;0m████                          
                          ██[38;2;230;97;106m████[38;2;0;0;0m██                        
                          ██[38;2;230;97;106m██[38;2;238;105;115m██[38;2;8;4;8m██                        
                        [38;2;0;0;0m██[38;2;230;97;106m████[38;2;238;105;115m██[38;2;161;71;79m██[38;2;0;0;0m██                      
                        ██[38;2;230;101;106m██[38;2;76;44;46m██[38;2;230;101;106m██[38;2;175;89;93m██[38;2;0;0;0m██                      
                          [38;2;0;16;16m██[38;2;230;101;106m██[38;2;65;64;65m██[38;2;175;89;93m██[38;2;0;0;0m██                      
                        ██[38;2;65;48;57m██[38;2;191;129;101m██[38;2;68;53;41m██[38;2;0;8;16m██                        
                      [38;2;0;0;0m██[38;2;255;194;131m██[38;2;255;170;123m██[38;2;128;89;79m██[38;2;205;145;90m████[38;2;0;0;0m██                      
                    ██[38;2;254;195;128m████[38;2;233;175;120m██[38;2;255;194;131m████[38;2;205;144;90m██[38;2;205;145;90m██[38;2;0;0;0m██                    
          ████    ██[38;2;230;133;180m██[38;2;254;195;128m████[38;2;255;194;131m████████[38;2;205;145;90m████[38;2;0;0;0m██                  
      ████[38;2;205;145;90m████[38;2;0;4;8m████[38;2;205;144;90m██[38;2;255;194;131m██[38;2;255;202;139m██[38;2;167;188;189m██[38;2;254;195;128m████[38;2;242;155;193m██[38;2;255;194;131m██[38;2;222;161;106m██[38;2;106;161;189m██[38;2;0;0;0m██                  
    ██[38;2;205;145;90m████[38;2;115;82;57m████[38;2;205;149;98m██[38;2;68;52;38m██[38;2;255;194;131m████[38;2;255;202;139m██[38;2;123;182;213m██[38;2;254;195;128m████[38;2;242;155;193m██[38;2;255;194;131m██[38;2;222;161;106m████[38;2;205;145;90m██[38;2;0;0;0m██                
  ██[38;2;255;194;131m██[38;2;115;80;57m████[38;2;205;145;90m████[38;2;65;64;65m████[38;2;255;194;123m████[38;2;254;195;128m████████████[38;2;255;194;123m██[38;2;208;155;98m██[38;2;205;145;90m██[38;2;0;0;0m██                
  ██[38;2;255;194;131m██[38;2;208;153;101m██[38;2;255;190;123m██[38;2;205;145;90m██[38;2;65;64;65m██[38;2;205;145;90m██[38;2;65;64;65m██[38;2;208;155;98m██[38;2;115;76;49m██[38;2;254;195;128m████████████[38;2;255;194;123m██[38;2;115;76;49m██[38;2;205;145;90m██[38;2;0;0;0m██  ██████        
    ██[38;2;254;195;128m████[38;2;57;52;49m██[38;2;255;194;123m██[38;2;65;64;65m██[38;2;115;82;57m██[38;2;178;141;104m██[38;2;255;255;246m██[38;2;238;174;123m██[38;2;115;80;57m██[38;2;201;172;139m██[38;2;148;89;41m██[38;2;205;144;90m██[38;2;255;194;131m██[38;2;255;194;123m██[38;2;115;76;49m██[38;2;205;145;90m██[38;2;112;89;68m██[38;2;0;0;8m██[38;2;169;134;90m██[38;2;205;145;90m████[38;2;0;0;0m████    
    ██[38;2;254;195;128m████[38;2;123;99;74m██[38;2;255;194;123m██[38;2;65;64;65m██[38;2;115;82;57m██[38;2;178;141;104m██[38;2;139;85;32m██[38;2;238;174;123m██[38;2;115;80;57m██[38;2;201;172;139m██[38;2;255;255;238m██[38;2;205;144;90m██[38;2;255;194;131m██[38;2;255;194;123m██[38;2;208;155;98m██[38;2;205;145;90m██[38;2;65;60;57m██[38;2;255;202;131m██[38;2;84;67;49m██[38;2;115;82;57m████[38;2;123;95;61m██[38;2;246;190;123m██[38;2;0;0;0m██  
    ██[38;2;255;194;131m████[38;2;115;76;49m██[38;2;255;194;123m██[38;2;191;144;93m██[38;2;65;52;49m██[38;2;65;64;65m████[38;2;230;170;115m██[38;2;120;97;76m██[38;2;230;161;106m██[38;2;120;94;74m██[38;2;205;145;90m████[38;2;191;151;104m██[38;2;65;64;65m██[38;2;65;60;57m██[38;2;112;87;65m██[38;2;255;194;131m██[38;2;205;144;90m██[38;2;255;194;131m██[38;2;115;80;57m██[38;2;255;194;131m██[38;2;205;144;90m██[38;2;0;0;0m██  
      ██[38;2;255;194;131m██[38;2;208;155;98m██[38;2;255;194;123m██[38;2;255;190;115m██[38;2;128;98;71m██[38;2;255;194;131m████[38;2;65;60;57m████████[38;2;205;145;90m████[38;2;65;64;65m██[38;2;255;194;123m██[38;2;205;141;82m██[38;2;112;87;65m██[38;2;255;194;131m████████[38;2;205;144;90m████[38;2;0;0;0m██  
      ██[38;2;255;194;131m██[38;2;205;144;90m██[38;2;255;194;131m██████[38;2;246;174;148m████[38;2;164;143;119m██[38;2;230;202;164m██[38;2;255;194;131m████[38;2;65;56;57m████[38;2;115;80;57m██[38;2;255;194;131m██[38;2;115;82;57m██[38;2;205;145;90m██[38;2;255;194;131m██[38;2;115;80;57m██[38;2;255;194;131m██[38;2;115;80;57m██[38;2;205;145;90m██[38;2;0;0;0m██    
    ██[38;2;127;97;65m██[38;2;255;194;131m████████[38;2;106;159;186m██[38;2;246;174;148m██[38;2;115;80;57m██[38;2;98;85;74m████[38;2;234;133;176m██[38;2;255;194;131m██[38;2;128;101;79m██[38;2;255;190;123m██[38;2;255;194;131m████[38;2;115;82;57m██[38;2;205;145;90m██[38;2;255;194;131m██[38;2;115;80;57m██[38;2;255;194;131m██[38;2;115;80;57m██[38;2;205;145;90m██[38;2;0;0;0m██    
  [38;2;8;4;0m██[38;2;172;138;87m██[38;2;115;80;57m██[38;2;255;194;131m██████[38;2;254;195;128m████[38;2;115;82;57m████████[38;2;98;85;74m██[38;2;230;202;164m██[38;2;254;195;128m████████[38;2;205;144;90m████[38;2;254;195;128m████[38;2;255;194;131m██[38;2;205;144;90m██[38;2;213;149;90m██[38;2;0;0;0m██    
██[38;2;255;206;131m██[38;2;172;138;87m██[38;2;255;194;131m██████[38;2;233;175;120m██[38;2;254;195;128m████[38;2;115;82;57m████████[38;2;98;85;74m██[38;2;164;143;119m██[38;2;254;195;128m████████[38;2;205;144;90m██[38;2;255;194;131m██[38;2;254;195;128m████[38;2;255;194;131m██[38;2;205;144;90m██[38;2;106;74;45m██[38;2;0;0;0m██    
██[38;2;255;194;131m████[38;2;254;196;128m██[38;2;255;242;172m██[38;2;254;195;128m████████[38;2;115;80;57m████[38;2;115;82;57m████[38;2;115;80;57m██[38;2;255;194;131m████[38;2;233;175;120m██[38;2;254;195;128m████████[38;2;233;175;120m██[38;2;255;194;131m████[38;2;205;144;90m██[38;2;115;82;57m██[38;2;205;145;90m██[38;2;0;0;0m██  
  ████[38;2;254;196;128m████[38;2;254;195;128m████████[38;2;255;190;123m██[38;2;208;153;101m██[38;2;205;145;90m██[38;2;115;82;57m██[38;2;115;80;57m██[38;2;255;194;131m██████[38;2;254;195;128m████████[38;2;255;194;131m████[38;2;205;144;90m████[38;2;115;82;57m██[38;2;205;145;90m████[38;2;0;0;0m██
      ████[38;2;255;194;131m████[38;2;254;196;128m████[38;2;254;195;128m████████████████[38;2;255;194;131m████[38;2;254;195;128m████████[38;2;205;145;90m██████[38;2;115;82;57m██[38;2;205;145;90m██[38;2;0;0;0m██
          ██[38;2;255;194;131m██[38;2;254;196;128m██[38;2;255;242;172m██[38;2;254;195;128m████████████████[38;2;255;194;131m██[38;2;233;175;120m██[38;2;254;195;128m████████[38;2;205;145;90m██████████[38;2;0;0;0m██
          ██[38;2;255;194;131m██████[38;2;255;242;172m██[38;2;254;196;128m██[38;2;255;242;172m██[38;2;254;196;128m██[38;2;254;195;128m████████[38;2;254;196;128m████[38;2;254;195;128m████████[38;2;255;198;131m██[38;2;172;133;87m██[38;2;205;145;90m████[38;2;0;0;0m██  
            ████[38;2;255;194;131m██[38;2;254;196;128m████████[38;2;254;195;128m████████[38;2;254;196;128m██[38;2;255;242;172m██[38;2;254;195;128m████████[38;2;255;198;131m██[38;2;8;4;0m██[38;2;0;0;0m████    
                ██████████████[38;2;255;194;131m████████[38;2;254;196;128m██[38;2;255;242;172m██[38;2;255;194;131m██[38;2;0;0;0m████          
                              ██████[38;2;255;194;131m██[38;2;254;196;128m████[38;2;0;0;0m██              
                                    ██████                
[0m