              [38;2;0;0;0m████            
            ██[38;2;156;132;90m██[38;2;255;247;197m██[38;2;0;0;0m████        
        ████[38;2;255;247;197m██[38;2;156;132;90m██[38;2;255;247;197m██[38;2;156;132;90m██[38;2;255;247;197m██[38;2;0;0;0m██      
      ██[38;2;115;115;115m██[38;2;206;197;148m██[38;2;255;247;197m██[38;2;206;197;148m██[38;2;255;247;197m██████[38;2;0;0;0m██      
    ██[38;2;115;115;115m██[38;2;255;247;197m██[38;2;156;132;90m██[38;2;255;247;197m████████████[38;2;0;0;0m████  
    ████[38;2;255;247;197m██████████████[38;2;65;65;65m██[38;2;115;115;115m████[38;2;0;0;0m██
    ██[38;2;255;247;197m██████████████████[38;2;65;65;65m██[38;2;115;115;115m██[38;2;0;0;0m██
  ████[38;2;115;115;115m██[38;2;255;247;197m████████[38;2;206;197;148m██[38;2;65;65;65m██[38;2;115;115;115m██[38;2;255;247;197m██[38;2;65;65;65m████[38;2;0;0;0m██
██[38;2;206;197;148m██[38;2;65;65;65m██[38;2;255;247;197m██████[38;2;65;65;65m██[38;2;0;0;0m██[38;2;255;255;255m██[38;2;65;65;65m████[38;2;206;197;148m████[38;2;0;0;0m██  
  ████[38;2;65;65;65m████[38;2;255;247;197m████[38;2;0;0;0m██[38;2;255;255;255m██[38;2;65;65;65m████[38;2;206;197;148m██[38;2;156;132;90m██[38;2;0;0;0m██  
      ██[38;2;206;197;148m████████[38;2;65;65;65m████[38;2;206;197;148m██[38;2;156;132;90m██[38;2;255;247;197m████[38;2;0;0;0m██
    ████[38;2;33;99;41m██[38;2;222;140;123m████[38;2;156;132;90m██[38;2;206;197;148m████[38;2;65;65;65m████[38;2;0;0;0m████  
  ██[38;2;16;189;41m████[38;2;0;0;0m████[38;2;65;65;65m██████████[38;2;0;0;0m██      
  ██████  ██[38;2;65;65;65m████[38;2;115;115;115m██[38;2;65;65;65m██████[38;2;0;0;0m██    
        ██[38;2;65;65;65m██[38;2;115;115;115m██[38;2;65;65;65m██[38;2;115;115;115m██[38;2;0;0;0m██[38;2;65;65;65m██████[38;2;0;0;0m██  
        ██[38;2;115;115;115m██████████[38;2;0;0;0m██[38;2;65;65;65m████[38;2;0;0;0m██  
        ██[38;2;65;65;65m████[38;2;0;0;0m████[38;2;115;115;115m████[38;2;0;0;0m████    
          ████    ██[38;2;65;65;65m████[38;2;0;0;0m██    
                    ████      
[0m