                                    [38;2;0;0;0m██                                              
                                  ██[38;2;74;138;74m██[38;2;0;0;0m██    ██                                      
                                  ██[38;2;74;138;74m██[38;2;0;0;0m██  ██[38;2;90;174;123m██[38;2;0;0;0m██                    ██████████      
                                  ██[38;2;74;138;74m██[38;2;62;83;57m██[38;2;8;0;8m██[38;2;74;138;74m██[38;2;86;176;123m██[38;2;0;0;0m██                ████[38;2;103;103;90m██[38;2;101;103;90m██[38;2;255;255;255m██████[38;2;8;4;0m████  
                                  [38;2;0;0;0m██[38;2;74;138;74m██[38;2;90;125;82m██[38;2;62;83;57m██[38;2;86;176;123m████[38;2;0;0;0m██            ████[38;2;103;103;90m██████[38;2;101;103;90m████[38;2;255;255;255m██████[38;2;90;87;85m██[38;2;0;0;0m██
                                    ██[38;2;78;131;86m██[38;2;74;85;57m██[38;2;90;178;123m██[38;2;60;120;82m██[38;2;0;0;0m██          ██[38;2;103;103;90m██[38;2;104;103;93m████[38;2;103;103;90m████[38;2;99;99;94m██[38;2;198;199;189m██[38;2;200;195;189m████[38;2;198;195;181m██[38;2;104;105;98m██[38;2;0;0;0m██
                                    ██[38;2;78;131;86m██[38;2;82;178;115m██[38;2;90;178;123m██[38;2;0;4;0m██          [38;2;0;0;0m██[38;2;103;103;90m████[38;2;104;103;93m████[38;2;103;103;90m██[38;2;0;0;0m██████[38;2;200;195;189m████[38;2;104;105;98m██[38;2;57;60;57m██[38;2;0;0;0m██
                                ██[38;2;0;0;8m██[38;2;77;81;60m██[38;2;77;128;84m██[38;2;88;183;112m██[38;2;74;138;74m██[38;2;0;0;0m██          ██[38;2;104;103;93m████[38;2;103;103;90m██[38;2;0;0;0m████      ████████  
                    ██    ██  ██[38;2;231;243;173m██[38;2;231;243;165m████[38;2;66;73;57m██[38;2;77;128;84m██[38;2;0;0;0m██        ████[38;2;103;103;90m██[38;2;104;103;93m████[38;2;0;0;0m██                    
                  ██[38;2;255;255;255m██[38;2;0;4;0m████[38;2;239;247;198m██[38;2;0;0;0m██[38;2;231;243;165m████[38;2;225;247;145m████[38;2;222;247;148m██[38;2;161;175;104m██[38;2;0;0;0m██    ████[38;2;255;255;247m██[38;2;255;255;255m██[38;2;82;81;66m██[38;2;85;85;85m██[38;2;0;0;0m██                      
                  ██[38;2;255;255;255m████[38;2;170;171;170m██[38;2;79;82;66m██[38;2;239;247;198m██[38;2;231;243;165m██[38;2;239;174;111m██[38;2;225;247;145m████[38;2;222;247;148m████[38;2;165;174;107m██[38;2;0;0;0m████[38;2;255;255;255m██[38;2;85;85;82m████[38;2;255;255;255m████████[38;2;0;0;0m██                    
                    ██[38;2;255;255;255m██[38;2;66;65;66m██[38;2;222;247;148m██[38;2;238;174;111m██[38;2;222;247;148m██[38;2;238;174;111m██[38;2;225;247;145m████[38;2;222;247;148m████[38;2;145;144;126m██[38;2;90;89;66m██[38;2;255;255;255m████[38;2;198;195;189m██[38;2;82;78;68m██[38;2;255;255;255m██████████[38;2;0;0;0m██                  
                  ██[38;2;66;65;66m██[38;2;192;191;192m██[38;2;66;65;66m██[38;2;222;247;148m██[38;2;238;174;111m████[38;2;222;247;148m██[38;2;225;247;145m████[38;2;222;247;148m██[38;2;161;175;104m██[38;2;90;89;66m██[38;2;255;255;247m██[38;2;255;255;255m██[38;2;101;103;90m██[38;2;198;195;189m██[38;2;82;78;68m██[38;2;255;255;255m██████████[38;2;0;0;0m██                  
                  ██[38;2;255;255;255m██[38;2;192;191;192m██[38;2;66;65;66m██[38;2;255;239;140m██[38;2;203;183;115m██[38;2;238;174;111m██[38;2;222;247;148m██████[38;2;164;175;104m████[38;2;82;81;66m██[38;2;255;255;255m██[38;2;104;102;90m██[38;2;198;195;189m██[38;2;79;79;71m██[38;2;101;102;93m██[38;2;104;103;93m████[38;2;255;255;255m██████[38;2;0;0;0m██                  
                    ██[38;2;255;255;255m██[38;2;192;191;192m██[38;2;99;73;66m██[38;2;203;183;115m██[38;2;238;174;111m██[38;2;222;247;148m████[38;2;161;175;104m██[38;2;82;81;66m████[38;2;255;255;255m████[38;2;104;102;90m██[38;2;198;195;189m██[38;2;79;79;71m██[38;2;101;102;93m██[38;2;104;103;93m████[38;2;101;103;90m██[38;2;255;255;255m████[38;2;0;0;0m██                  
                  ██[38;2;82;125;78m██[38;2;198;195;189m██[38;2;66;65;66m██[38;2;222;178;123m██[38;2;0;0;16m██[38;2;79;79;71m████[38;2;79;68;51m██[38;2;0;12;16m██[38;2;205;184;99m██[38;2;255;235;66m██[38;2;255;255;255m██[38;2;101;103;90m██[38;2;198;195;181m██[38;2;66;65;66m██[38;2;104;103;93m████[38;2;103;103;90m██[38;2;66;65;66m██[38;2;57;56;57m██[38;2;247;247;247m██[38;2;255;255;255m██[38;2;200;195;189m██[38;2;0;0;0m██                
                ██[38;2;82;125;78m████[38;2;66;65;66m██[38;2;198;195;189m██[38;2;111;89;69m████[38;2;101;102;93m████[38;2;79;68;51m██[38;2;239;182;123m██[38;2;255;235;66m██[38;2;156;134;132m██[38;2;255;255;255m██[38;2;101;103;90m██[38;2;66;65;66m██[38;2;110;108;104m██[38;2;104;103;93m████[38;2;103;103;90m████[38;2;120;119;120m██[38;2;57;56;57m██[38;2;200;195;189m████[38;2;198;195;189m██[38;2;0;0;0m██              
                ██[38;2;95;95;85m████[38;2;82;78;68m██[38;2;66;65;66m██[38;2;102;103;90m████[38;2;104;103;93m████[38;2;255;255;255m██[38;2;90;89;82m██[38;2;82;77;66m██[38;2;255;255;255m██[38;2;192;191;192m██[38;2;66;65;66m██[38;2;103;103;90m████[38;2;102;103;90m████[38;2;82;81;66m████[38;2;102;103;90m████[38;2;66;65;66m██[38;2;198;195;189m████[38;2;0;0;0m██              
            ████[38;2;255;255;255m████[38;2;95;95;85m██[38;2;82;78;68m██[38;2;66;65;66m██[38;2;102;103;90m██[38;2;82;81;66m██[38;2;104;103;93m████[38;2;90;89;82m██[38;2;255;255;255m██[38;2;197;195;192m████[38;2;192;191;192m██[38;2;255;255;255m██[38;2;66;65;66m██[38;2;103;103;90m██[38;2;102;103;90m██[38;2;82;81;66m██[38;2;87;175;120m████[38;2;82;81;66m██[38;2;102;103;90m██[38;2;66;65;66m██[38;2;198;195;189m██[38;2;0;0;0m██                
          [38;2;16;12;0m██[38;2;255;255;255m████████[38;2;200;195;189m██[38;2;74;73;66m████[38;2;66;65;66m██[38;2;103;103;90m██[38;2;107;101;90m████[38;2;82;78;68m██[38;2;198;195;189m██[38;2;200;195;189m████[38;2;255;255;255m██████[38;2;74;69;66m██[38;2;102;103;90m████[38;2;79;79;71m████[38;2;90;174;123m██[38;2;90;106;90m██[38;2;107;105;90m██[38;2;66;65;66m██[38;2;0;0;0m██                
    ██████[38;2;95;93;85m████[38;2;82;81;66m██[38;2;255;255;255m██[38;2;200;195;189m████[38;2;198;195;189m████[38;2;66;65;66m██████[38;2;79;77;74m██[38;2;198;195;189m████[38;2;255;255;255m██████[38;2;66;65;66m██[38;2;74;69;66m████[38;2;82;81;66m██[38;2;102;103;90m██[38;2;101;102;93m████[38;2;90;106;90m██[38;2;90;73;74m██[38;2;66;65;66m██[38;2;79;78;74m██[38;2;82;79;70m██[38;2;0;0;0m██              
  ██[38;2;132;130;107m██[38;2;82;79;68m██[38;2;131;130;104m████████[38;2;82;79;68m██[38;2;198;195;189m██[38;2;0;0;0m██████[38;2;66;65;63m██[38;2;198;195;189m██[38;2;82;85;82m██[38;2;255;255;255m██████████[38;2;74;71;68m████[38;2;82;78;68m████[38;2;66;65;66m████[38;2;101;102;93m████[38;2;54;85;63m██[38;2;93;170;126m██[38;2;0;0;0m██[38;2;82;79;70m██[38;2;82;79;68m████[38;2;0;0;0m██            
██[38;2;132;130;107m██[38;2;88;86;71m██[38;2;131;130;104m████[38;2;82;79;68m████[38;2;131;130;104m████[38;2;0;0;0m██      ██[38;2;66;65;63m██[38;2;82;85;82m██[38;2;255;255;255m████[38;2;66;65;66m██[38;2;255;255;255m██[38;2;66;65;66m██[38;2;0;0;0m████[38;2;66;65;66m████[38;2;255;255;255m████[38;2;79;79;71m████[38;2;93;170;126m██[38;2;16;0;0m██  [38;2;0;0;0m██[38;2;82;79;68m████[38;2;82;79;70m██[38;2;0;0;0m██          
██[38;2;148;154;115m██[38;2;74;77;57m██[38;2;82;81;66m████[38;2;222;247;148m██[38;2;82;81;66m██[38;2;88;83;71m██[38;2;132;125;107m██[38;2;0;0;0m██    ██[38;2;74;71;68m████[38;2;82;79;70m██[38;2;0;0;0m██[38;2;255;255;255m██[38;2;0;0;0m██[38;2;255;255;255m██[38;2;0;0;0m██    ██[38;2;255;255;255m██████████[38;2;198;195;189m██[38;2;66;65;63m██[38;2;0;0;0m██[38;2;77;74;68m██[38;2;82;78;68m████[38;2;82;79;68m██[38;2;0;0;0m██          
  ██[38;2;222;231;173m██[38;2;231;247;165m████[38;2;222;247;148m████[38;2;88;83;71m██[38;2;0;0;0m██        ██████  ██  ██      ██[38;2;255;255;255m████████[38;2;200;195;189m██[38;2;0;0;0m████[38;2;77;74;68m████[38;2;82;78;68m██[38;2;66;65;66m██[38;2;82;79;68m██[38;2;0;0;0m██          
██[38;2;225;247;145m██[38;2;236;243;175m████[38;2;225;247;145m██████[38;2;162;175;104m████[38;2;0;0;0m██                        ██[38;2;104;103;93m████[38;2;255;255;255m██████[38;2;0;0;0m██    ██████████            
██[38;2;225;247;145m████████████[38;2;162;175;104m████[38;2;0;0;0m██                      ██[38;2;103;103;90m██[38;2;104;103;93m████[38;2;101;103;90m████[38;2;0;0;0m██                            
██[38;2;222;247;148m████[38;2;225;247;145m████[38;2;222;247;148m██[38;2;161;175;104m██[38;2;165;174;107m████[38;2;0;0;0m██                      ██[38;2;103;103;90m██[38;2;66;67;60m██[38;2;99;101;90m██[38;2;66;65;66m██[38;2;103;103;90m██[38;2;0;0;0m██                            
  ██[38;2;222;247;148m██[38;2;225;247;145m████[38;2;161;175;104m████[38;2;165;174;107m██[38;2;0;0;0m██                          ████[38;2;99;101;90m██[38;2;66;65;66m██[38;2;103;103;90m████[38;2;0;0;0m██                          
    ██[38;2;165;174;107m████████[38;2;0;0;0m██                                ████████                            
      ████████                                                                      
[0m