      [38;2;0;0;0m████                                          
    ██[38;2;159;159;159m████[38;2;0;0;0m██                                        
      ██[38;2;159;159;159m██[38;2;165;162;165m██[38;2;0;4;0m██                                      
      [38;2;0;0;0m██[38;2;159;159;159m██[38;2;55;56;55m██[38;2;0;4;0m██[38;2;0;0;0m██  ████████                    ████  
      ██[38;2;66;65;66m████[38;2;0;0;0m██[38;2;99;97;99m██[38;2;0;0;0m██[38;2;192;191;192m██████[38;2;66;65;66m██[38;2;0;0;0m██              ████[38;2;189;190;189m████[38;2;0;0;0m██
    ██[38;2;66;65;66m████████[38;2;99;97;99m██[38;2;66;64;66m██[38;2;99;97;99m████[38;2;192;191;192m██[38;2;66;65;66m██[38;2;99;99;99m██[38;2;0;0;0m██  ██      ██[38;2;189;190;189m██████[38;2;0;0;0m██  
    ██[38;2;66;65;66m████[38;2;66;64;66m██[38;2;0;0;0m██[38;2;66;65;66m██[38;2;189;190;189m██[38;2;192;191;192m████[38;2;107;106;107m██[38;2;66;65;66m██[38;2;99;99;99m██[38;2;66;65;66m██[38;2;0;0;0m██[38;2;99;99;99m██[38;2;0;0;0m██    ██[38;2;192;191;192m████[38;2;0;0;0m██    
    ██[38;2;66;65;66m████[38;2;0;0;0m██[38;2;99;97;99m██[38;2;66;65;66m██[38;2;107;106;107m██[38;2;99;97;99m██[38;2;192;191;192m██[38;2;189;190;189m██[38;2;66;65;66m████[38;2;99;99;99m██████[38;2;0;0;0m██  ██[38;2;189;190;189m██[38;2;99;97;99m██[38;2;192;191;192m██[38;2;0;0;0m██    
      ████[38;2;99;99;99m████[38;2;66;65;66m██[38;2;189;190;189m██[38;2;192;191;192m██[38;2;99;97;99m██[38;2;66;65;66m██[38;2;99;99;99m████████[38;2;66;65;66m██[38;2;66;64;66m██[38;2;0;0;0m██[38;2;99;99;99m████████[38;2;0;0;0m██    
    ████[38;2;66;64;66m██[38;2;99;99;99m████[38;2;107;106;107m██[38;2;66;65;66m██[38;2;192;191;192m████[38;2;66;65;66m██[38;2;99;99;99m██████████[38;2;99;97;99m████[38;2;99;99;99m████████[38;2;0;0;0m██    
  ██[38;2;189;195;189m██[38;2;66;65;66m██[38;2;107;106;107m██[38;2;255;134;66m██[38;2;0;0;0m██[38;2;255;134;66m██[38;2;99;97;99m██[38;2;66;65;66m████[38;2;119;83;66m████[38;2;99;97;99m████[38;2;99;99;99m██████████████[38;2;0;0;0m██      
  ██[38;2;94;97;94m██[38;2;189;190;189m██[38;2;66;65;66m██[38;2;255;134;66m██[38;2;0;0;0m██[38;2;255;134;66m██[38;2;99;97;99m██[38;2;99;99;99m████[38;2;239;150;99m██[38;2;0;16;33m██[38;2;255;134;66m██[38;2;99;97;99m██[38;2;99;99;99m████████[38;2;66;65;66m██[38;2;99;99;99m████[38;2;0;0;0m██      
██[38;2;189;190;189m████[38;2;192;191;192m██[38;2;66;65;66m██[38;2;120;92;74m██[38;2;247;138;74m██[38;2;99;99;99m████████[38;2;247;142;74m██[38;2;0;12;24m██[38;2;255;135;66m████[38;2;255;134;66m██[38;2;99;97;99m██[38;2;107;106;107m██[38;2;66;65;66m██[38;2;189;190;189m██[38;2;63;63;63m██[38;2;0;0;0m██        
  ██[38;2;189;190;189m██[38;2;192;191;192m████[38;2;57;69;74m████[38;2;66;65;66m████[38;2;99;99;99m████[38;2;123;77;49m██[38;2;247;142;74m██[38;2;255;135;66m████[38;2;99;97;99m████[38;2;66;65;66m██[38;2;189;190;189m████[38;2;0;0;0m██          
██[38;2;189;190;189m████[38;2;99;97;99m██[38;2;192;191;192m██[38;2;99;97;99m██[38;2;247;251;247m██[38;2;192;191;192m██[38;2;255;255;255m██[38;2;66;65;66m████████████████[38;2;192;191;192m████[38;2;99;97;99m████[38;2;0;0;0m██  ████  
  ██[38;2;94;95;94m██[38;2;192;191;192m████[38;2;197;199;197m██[38;2;99;97;99m██[38;2;255;255;255m██[38;2;192;191;192m██[38;2;255;255;255m██[38;2;192;191;192m██[38;2;255;255;255m██[38;2;192;191;192m██[38;2;255;255;255m████[38;2;107;106;107m██[38;2;189;190;189m██[38;2;192;191;192m████████[38;2;189;190;189m██[38;2;0;0;0m██[38;2;137;116;104m████[38;2;0;0;0m██
    ██[38;2;159;157;159m██[38;2;189;190;189m██[38;2;192;191;192m████[38;2;99;97;99m████[38;2;197;199;197m██[38;2;247;251;247m██[38;2;197;199;197m██[38;2;247;251;247m██[38;2;99;97;99m████[38;2;192;191;192m████████[38;2;101;103;101m████[38;2;66;65;66m██[38;2;132;117;107m██[38;2;137;116;104m██[38;2;0;0;0m██  
  ██[38;2;66;65;66m██[38;2;159;157;159m████[38;2;192;191;192m████████[38;2;99;97;99m████████[38;2;192;191;192m████████[38;2;99;97;99m██[38;2;192;191;192m██[38;2;189;190;189m██[38;2;57;60;57m██[38;2;110;99;93m██[38;2;66;65;66m██[38;2;137;116;104m████[38;2;0;0;0m██
██[38;2;136;117;103m██[38;2;66;65;66m████[38;2;159;159;159m████[38;2;189;190;189m██████[38;2;192;191;192m████████████[38;2;189;190;189m██████[38;2;99;97;99m██[38;2;192;191;192m████[38;2;66;65;66m██[38;2;99;99;99m██[38;2;66;64;66m██[38;2;0;0;0m██  
██[38;2;136;117;103m████[38;2;66;65;66m██[38;2;159;159;159m██[38;2;99;97;99m██[38;2;189;190;189m██[38;2;159;157;159m██[38;2;189;190;189m██[38;2;192;191;192m████████████[38;2;189;190;189m██[38;2;159;157;159m██[38;2;159;159;159m████[38;2;66;65;66m████[38;2;99;99;99m████[38;2;99;97;99m██[38;2;0;0;0m██  
  ████████[38;2;159;159;159m████████[38;2;189;190;189m██[38;2;159;157;159m██[38;2;189;190;189m██[38;2;159;157;159m██[38;2;159;159;159m██[38;2;99;97;99m██[38;2;159;159;159m████[38;2;156;158;156m██[38;2;96;96;96m██[38;2;66;65;66m██[38;2;110;99;93m██[38;2;99;99;99m████[38;2;0;0;0m██    
          ██[38;2;159;159;159m██████[38;2;159;157;159m██[38;2;189;190;189m██[38;2;159;157;159m██[38;2;189;190;189m██[38;2;159;159;159m████[38;2;99;97;99m██[38;2;159;159;159m██[38;2;96;96;96m██[38;2;66;65;66m██[38;2;132;117;107m██[38;2;66;65;66m██████[38;2;173;154;148m██[38;2;0;0;0m██  
            ██[38;2;96;96;96m██[38;2;156;158;156m██[38;2;159;159;159m████████[38;2;99;97;99m██[38;2;159;159;159m██[38;2;99;97;99m████[38;2;126;113;104m██[38;2;74;69;66m██[38;2;136;117;103m██[38;2;66;65;66m██[38;2;173;158;148m████[38;2;173;154;148m██[38;2;0;0;0m██  
            ██[38;2;66;65;66m██[38;2;156;158;156m██[38;2;99;97;99m██[38;2;159;159;159m██████[38;2;99;97;99m████[38;2;136;115;103m████[38;2;178;158;142m████[38;2;66;65;66m██[38;2;136;117;103m██[38;2;57;55;54m██[38;2;0;4;8m██[38;2;0;0;0m██    
        ██[38;2;0;4;8m██[38;2;137;120;106m██[38;2;66;65;66m████[38;2;66;64;66m██[38;2;99;97;99m██[38;2;156;158;156m██[38;2;0;0;0m██████[38;2;123;110;101m██[38;2;181;162;148m██[38;2;176;154;142m████[38;2;68;62;60m██[38;2;137;120;112m██[38;2;0;0;0m██        
      ██[38;2;140;117;107m██[38;2;137;120;106m██[38;2;68;62;57m██[38;2;136;117;103m████[38;2;0;0;0m██████      [38;2;8;8;8m██[38;2;65;59;54m██[38;2;176;154;142m██[38;2;66;65;66m██[38;2;68;62;60m██[38;2;0;4;8m██          
      [38;2;0;0;0m██[38;2;140;117;107m██[38;2;68;59;55m██[38;2;137;118;110m██[38;2;140;117;107m██[38;2;0;0;0m██            ██[38;2;66;65;66m██████[38;2;0;0;0m██            
        ████████            ██[38;2;66;65;66m██████████[38;2;0;0;0m██          
                              ██[38;2;173;154;148m██[38;2;176;154;142m████[38;2;181;158;148m██[38;2;0;4;8m██          
                              [38;2;0;0;0m██[38;2;173;154;148m██[38;2;66;65;66m██[38;2;176;154;142m██[38;2;60;55;54m██[38;2;0;4;8m██          
                                [38;2;0;0;0m████████            
[0m