[38;2;0;0;0m████                          
██[38;2;65;65;65m██[38;2;0;0;0m██                        
██[38;2;65;65;65m████[38;2;0;0;0m██                      
██[38;2;197;156;66m██[38;2;255;255;107m██[38;2;65;65;65m██[38;2;0;0;0m██                    
██[38;2;255;255;107m██████[38;2;0;0;0m██          ██████    
██[38;2;255;255;107m████[38;2;132;115;49m██[38;2;0;0;0m██████  ████[38;2;65;65;65m████[38;2;0;0;0m██    
  ██[38;2;132;115;49m██[38;2;255;255;107m██████[38;2;197;156;66m██[38;2;0;0;0m██[38;2;197;156;66m██[38;2;255;255;107m██[38;2;197;156;66m██[38;2;65;65;65m██[38;2;0;0;0m██    
  ██[38;2;255;255;107m██████████[38;2;132;115;49m██[38;2;255;255;107m██████[38;2;65;65;65m██[38;2;0;0;0m██    
██[38;2;255;255;255m██[38;2;255;255;107m████████████████[38;2;197;156;66m██[38;2;0;0;0m██      
████[38;2;255;255;107m████████████[38;2;197;156;66m██[38;2;0;0;0m██████      
[38;2;197;74;82m██[38;2;255;255;107m██[38;2;230;197;74m██[38;2;255;255;107m████[38;2;255;255;255m██[38;2;0;0;0m██[38;2;255;255;107m████[38;2;0;0;0m██          
  ██[38;2;255;255;107m██████[38;2;0;0;0m████[38;2;255;123;165m████[38;2;0;0;0m██          
  ██[38;2;65;65;65m██[38;2;197;156;66m██[38;2;230;197;74m██[38;2;255;255;107m████[38;2;255;123;165m██[38;2;0;0;0m██    ████    
  ██[38;2;255;255;107m██[38;2;65;65;65m████████[38;2;0;0;0m████  ████████  
    ██[38;2;230;197;74m██[38;2;65;65;65m████[38;2;230;197;74m██[38;2;197;156;66m██[38;2;255;255;107m██[38;2;0;0;0m████████████
    ██[38;2;65;65;65m██[38;2;230;197;74m████[38;2;197;156;66m██[38;2;132;115;49m██[38;2;65;65;65m██[38;2;0;0;0m██    ████  
    ██[38;2;197;156;66m██[38;2;132;115;49m██████[38;2;0;0;0m████            
      ████[38;2;197;156;66m████[38;2;0;0;0m██              
          ████                
[0m