                                        [38;2;0;4;0m██████████                    
                                ████████[38;2;255;239;66m████████[38;2;0;4;0m██                    
                        ████████[38;2;255;239;66m████████████████[38;2;0;4;0m██                    
                      ██[38;2;255;239;66m██████████[38;2;255;249;181m██[38;2;255;255;255m██████[38;2;255;239;66m████[38;2;0;4;0m██                      
                      ██[38;2;255;239;63m████[38;2;255;255;255m████████████[38;2;255;249;181m██[38;2;255;239;66m████[38;2;0;4;0m██                      
                      ██[38;2;255;239;63m████[38;2;255;255;255m████████████[38;2;255;239;66m████[38;2;0;4;0m██                        
                    ██[38;2;255;239;66m████[38;2;255;249;186m██[38;2;255;255;255m████████████[38;2;255;239;66m████[38;2;0;4;0m██                        
                    ██[38;2;255;239;66m████[38;2;255;255;247m██[38;2;255;255;255m██████████[38;2;255;249;181m██[38;2;255;239;66m██[38;2;0;4;0m██                          
                    ██[38;2;255;239;66m██[38;2;255;239;57m██[38;2;255;255;255m██████████[38;2;255;255;247m██[38;2;255;239;66m████[38;2;0;4;0m██                          
                    ██[38;2;255;239;66m██[38;2;255;249;189m██[38;2;255;255;255m██████████[38;2;255;249;186m██[38;2;255;239;66m████[38;2;0;4;0m██                          
                  ██[38;2;255;239;63m████[38;2;255;255;255m████████████[38;2;255;239;63m████[38;2;0;4;0m██                            
                  ██[38;2;255;239;63m████[38;2;255;255;255m████████████[38;2;255;239;63m████[38;2;0;4;0m██                            
                  ██[38;2;255;239;66m████[38;2;255;255;255m██████████[38;2;255;249;189m██[38;2;255;239;66m██[38;2;0;4;0m██                              
                  ██[38;2;255;239;66m██[38;2;255;249;181m██[38;2;255;255;255m██████████[38;2;255;239;57m██[38;2;255;239;66m██[38;2;0;4;0m██                              
                ██[38;2;255;239;66m████[38;2;255;255;255m██████████[38;2;255;249;181m██[38;2;255;239;66m██[38;2;0;4;0m██                                
                ██[38;2;255;239;66m████[38;2;255;255;255m██████████[38;2;255;239;66m████[38;2;0;4;0m██                                
                ██[38;2;255;239;66m██[38;2;255;249;181m██[38;2;255;255;255m██████████[38;2;255;239;66m████[38;2;0;4;0m██████████                        
                ██[38;2;255;239;66m██[38;2;255;255;255m████████████[38;2;255;255;247m██[38;2;255;249;186m██[38;2;255;239;66m████████[38;2;0;4;0m██                        
              ██[38;2;255;239;63m████████[38;2;255;239;66m██████████[38;2;255;255;255m██████[38;2;255;239;66m██[38;2;0;4;0m██                          
              ██[38;2;255;239;63m████████[38;2;255;239;66m██[38;2;0;4;0m██████[38;2;255;239;66m██[38;2;255;255;255m████[38;2;255;239;66m████[38;2;0;4;0m██                          
  ████          ██████████    ██[38;2;255;239;57m██[38;2;255;255;255m██[38;2;255;249;181m██[38;2;255;239;66m██[38;2;0;4;0m██                            
  ██[38;2;82;81;82m██[38;2;0;4;0m████                    ██[38;2;255;249;189m██[38;2;255;255;255m██[38;2;255;239;66m████[38;2;0;4;0m██                            
  ██[38;2;82;82;82m████[38;2;0;4;0m████                ██[38;2;255;239;66m██[38;2;255;255;255m██[38;2;255;249;181m██[38;2;255;239;66m██[38;2;0;4;0m██  ██████                      
  ██[38;2;82;82;82m██[38;2;66;65;66m██[38;2;198;166;41m████[38;2;0;4;0m██              ██[38;2;255;239;66m██[38;2;255;255;255m████[38;2;255;239;66m██[38;2;0;4;0m████[38;2;82;81;82m██[38;2;82;82;82m████[38;2;0;4;0m██                    
    ██[38;2;198;166;41m██[38;2;198;165;41m████[38;2;198;166;49m██[38;2;0;8;24m██            [38;2;0;4;0m██[38;2;255;239;66m██[38;2;255;227;66m██[38;2;66;65;66m██[38;2;74;69;74m████[38;2;82;82;82m████[38;2;82;81;82m██[38;2;0;4;0m██        ██            
    ██[38;2;198;166;41m██[38;2;198;165;41m████[38;2;198;166;49m██[38;2;66;60;32m██[38;2;0;4;0m████████      ██[38;2;66;65;66m██[38;2;255;227;66m██[38;2;247;219;66m██[38;2;74;69;74m██[38;2;82;82;82m████[38;2;0;4;0m██        ██[38;2;255;239;66m██[38;2;0;4;0m██          
      ██[38;2;192;167;54m██[38;2;66;65;66m████[38;2;255;239;132m██[38;2;255;239;128m████[38;2;255;239;132m██[38;2;247;219;66m██[38;2;0;4;0m██████[38;2;247;219;66m██[38;2;247;218;63m████[38;2;247;219;66m██[38;2;66;65;66m██[38;2;74;69;74m████[38;2;255;243;132m██[38;2;0;4;0m██  ████[38;2;255;243;132m██[38;2;255;239;66m██[38;2;0;4;0m██          
      ██[38;2;66;65;66m██[38;2;255;219;49m██[38;2;255;239;132m████[38;2;255;239;128m████[38;2;255;239;132m████[38;2;247;219;66m████████[38;2;247;218;63m████[38;2;247;219;66m████[38;2;74;69;74m██[38;2;255;255;255m██[38;2;255;243;132m████[38;2;0;4;0m██[38;2;255;239;66m██[38;2;255;243;132m████[38;2;255;239;66m██[38;2;0;4;0m██          
    [38;2;0;0;0m██[38;2;170;167;132m██[38;2;247;218;63m████[38;2;247;219;66m██[38;2;255;239;132m██████[38;2;247;219;66m████[38;2;247;218;63m████████████[38;2;247;219;66m██[38;2;0;4;0m████[38;2;255;239;66m██[38;2;255;255;255m████[38;2;255;239;66m██[38;2;255;255;255m██[38;2;255;255;247m████[38;2;255;255;231m██[38;2;24;20;0m██          
  [38;2;0;4;0m██[38;2;255;251;198m██[38;2;85;83;66m██[38;2;247;218;63m████[38;2;247;219;66m██████████[38;2;198;166;41m██[38;2;247;218;63m████████████[38;2;0;4;0m██    ██[38;2;255;239;66m██[38;2;255;255;255m████[38;2;255;239;66m██[38;2;214;186;16m██[38;2;227;209;93m██[38;2;255;255;231m██[38;2;178;176;154m██[38;2;0;4;0m██        
  ██[38;2;82;74;30m██[38;2;0;4;8m██[38;2;247;218;63m████████████[38;2;139;133;104m██[38;2;255;255;231m██[38;2;82;73;32m██[38;2;247;219;66m██[38;2;247;218;63m████[38;2;247;219;66m██[38;2;198;166;41m██[38;2;0;4;0m██      ██[38;2;255;239;66m████[38;2;0;4;0m████[38;2;255;239;66m██[38;2;255;255;255m████[38;2;0;4;0m██████████
██[38;2;198;81;99m██[38;2;0;4;8m██[38;2;247;215;74m██[38;2;247;218;63m████████████[38;2;82;73;41m████[38;2;0;0;16m██[38;2;247;219;66m██[38;2;247;218;63m████[38;2;247;219;66m██████[38;2;0;4;0m██    ██[38;2;255;239;66m██[38;2;0;4;0m██  ██[38;2;255;239;66m████[38;2;255;255;255m██████[38;2;255;239;66m████[38;2;0;4;0m██
[38;2;0;0;8m██[38;2;170;126;62m██[38;2;247;219;66m██████[38;2;66;65;66m██[38;2;247;218;63m████████[38;2;172;151;44m██[38;2;8;8;0m██[38;2;220;170;62m██[38;2;231;215;49m██[38;2;247;218;63m████████████[38;2;0;4;0m██    ██    ████████[38;2;255;239;66m██[38;2;255;255;255m██[38;2;255;239;66m██[38;2;0;4;0m██  
[38;2;0;0;8m██[38;2;255;190;90m██[38;2;247;219;66m██[38;2;148;117;49m██[38;2;247;219;66m████[38;2;247;218;63m████████[38;2;255;223;66m████[38;2;198;81;90m████[38;2;247;218;63m████████████[38;2;0;4;0m██                ██[38;2;255;239;66m██[38;2;255;255;255m██[38;2;255;239;66m██[38;2;0;4;0m██  
  ██[38;2;247;219;66m██[38;2;198;166;41m██[38;2;66;65;66m████[38;2;192;167;54m██[38;2;255;219;49m██[38;2;247;219;66m██[38;2;148;117;49m██[38;2;247;219;66m██[38;2;198;81;99m██[38;2;200;82;96m████[38;2;198;81;99m██[38;2;247;219;66m██[38;2;247;218;63m████████[38;2;255;211;74m██[38;2;8;0;8m██            [38;2;0;4;0m██[38;2;255;243;132m██[38;2;255;255;255m████[38;2;0;4;0m██    
  ██[38;2;247;219;66m████████[38;2;66;65;66m████[38;2;148;117;49m██[38;2;247;219;66m██████[38;2;200;82;96m████[38;2;247;219;66m████[38;2;247;218;63m████████[38;2;131;105;41m██[38;2;8;0;8m██          [38;2;0;4;0m██[38;2;255;243;132m████[38;2;255;255;255m██[38;2;255;239;66m██[38;2;0;4;0m██    
    ██[38;2;247;219;66m██[38;2;247;218;63m████████████████████████████████[38;2;247;219;66m████[38;2;0;4;0m██          ██[38;2;255;239;66m██[38;2;255;255;255m██[38;2;255;239;66m████[38;2;0;4;0m██  
    ██[38;2;247;219;66m██[38;2;247;218;63m████████████████████████████████[38;2;247;219;66m██[38;2;159;89;66m██[38;2;0;4;0m██            ██[38;2;255;239;66m██[38;2;255;255;255m██[38;2;255;239;66m████[38;2;0;4;0m██
  ██[38;2;247;218;63m████[38;2;131;116;57m██[38;2;247;219;57m██[38;2;247;218;63m████████[38;2;247;219;66m████[38;2;247;218;63m████[38;2;247;219;66m████[38;2;247;218;63m████████[38;2;159;89;66m████[38;2;0;4;0m██          ██[38;2;255;247;156m██[38;2;255;243;132m████[38;2;0;4;0m████  
  ██[38;2;247;218;63m████[38;2;74;65;57m██[38;2;247;219;57m██[38;2;247;218;63m████████[38;2;148;117;49m██[38;2;247;219;66m██[38;2;247;218;63m████[38;2;148;117;49m██[38;2;247;219;66m██[38;2;247;218;63m████████[38;2;247;219;66m██████[38;2;0;4;0m██  ████  ██[38;2;255;247;156m██[38;2;255;243;132m██[38;2;0;4;0m██      
  ██[38;2;247;219;66m████[38;2;66;65;66m██[38;2;247;219;66m██[38;2;247;218;63m████[38;2;247;219;57m██[38;2;131;116;57m██[38;2;247;218;63m████[38;2;247;219;57m██[38;2;131;116;57m██[38;2;148;117;49m██[38;2;247;219;66m██[38;2;247;218;63m████████[38;2;247;219;66m████[38;2;156;93;66m██[38;2;0;12;16m██  [38;2;0;4;0m██[38;2;255;239;66m██[38;2;0;4;0m██[38;2;255;239;66m██[38;2;255;255;255m██[38;2;0;4;0m██        
██[38;2;198;166;41m██[38;2;66;65;66m██[38;2;247;219;66m██[38;2;66;65;66m██[38;2;247;219;66m██[38;2;247;218;63m████[38;2;247;219;57m██[38;2;74;65;57m██[38;2;247;218;63m████[38;2;247;219;57m██[38;2;74;65;57m██[38;2;247;219;66m████[38;2;247;218;63m████████[38;2;247;219;66m██[38;2;159;89;66m██[38;2;156;93;66m██[38;2;78;52;41m██[38;2;0;4;0m██[38;2;255;239;66m██████[38;2;255;255;255m██[38;2;255;239;66m██[38;2;0;4;0m██        
██[38;2;198;166;41m████[38;2;74;73;74m██[38;2;247;219;66m████[38;2;247;218;63m████[38;2;247;219;66m██[38;2;66;65;66m██[38;2;192;167;54m██[38;2;255;219;49m██[38;2;66;65;66m██[38;2;247;219;66m██[38;2;247;218;63m████████████████[38;2;198;166;41m██[38;2;66;65;66m██[38;2;255;239;63m████[38;2;0;4;0m████[38;2;255;239;66m████[38;2;0;4;0m██        
██[38;2;198;166;41m████[38;2;74;73;74m██[38;2;198;166;41m██[38;2;247;219;66m██[38;2;247;218;63m████[38;2;247;219;66m████[38;2;66;65;66m████[38;2;247;219;66m██[38;2;66;65;66m██[38;2;247;218;63m████████████████[38;2;198;166;41m██[38;2;66;65;66m██[38;2;255;239;63m████[38;2;0;4;0m██  ████          
  ██[38;2;198;165;41m████[38;2;198;166;41m████[38;2;197;166;41m██[38;2;247;219;66m██████████[38;2;66;65;66m██[38;2;192;167;54m██[38;2;247;219;66m██[38;2;197;166;41m██[38;2;247;219;66m██████████[38;2;197;166;41m██[38;2;192;175;60m██[38;2;66;65;66m██[38;2;255;239;66m██[38;2;0;4;0m██                  
  ██[38;2;198;165;41m████[38;2;82;81;82m██[38;2;198;166;41m██[38;2;197;166;41m████████████[38;2;66;65;66m██[38;2;255;219;49m██[38;2;197;166;41m██[38;2;247;219;66m██[38;2;198;166;41m██[38;2;247;219;66m██[38;2;198;166;41m██[38;2;247;219;66m██[38;2;197;166;41m████[38;2;66;65;66m██[38;2;255;231;57m██[38;2;255;239;66m██[38;2;0;4;0m██                  
    ██[38;2;198;166;41m██[38;2;198;158;41m██[38;2;74;73;74m██[38;2;82;81;82m██[38;2;206;162;33m██[38;2;198;166;41m████[38;2;198;165;41m████[38;2;66;65;66m██[38;2;198;166;41m██[38;2;247;219;66m██[38;2;197;166;41m██[38;2;247;219;66m██[38;2;197;166;41m██[38;2;198;165;41m████[38;2;198;166;41m████[38;2;0;4;0m██████                    
      ██[38;2;74;73;74m██[38;2;156;129;52m██[38;2;144;121;57m██[38;2;82;81;82m██[38;2;0;4;0m██[38;2;198;166;41m██[38;2;198;165;41m████[38;2;198;166;41m██[38;2;66;65;66m██[38;2;197;166;41m████████[38;2;198;165;41m████[38;2;198;166;41m██[38;2;0;4;0m██                          
    ██[38;2;198;166;41m██[38;2;137;112;32m██[38;2;206;166;49m██[38;2;0;4;0m████  ██████████[38;2;140;116;35m██[38;2;206;170;49m██[38;2;198;166;41m████[38;2;198;166;49m████[38;2;0;4;0m██                            
      ██████                [38;2;8;8;8m██[38;2;140;116;35m██[38;2;151;117;46m████[38;2;66;60;32m██[38;2;0;8;24m██                              
                          [38;2;0;4;0m██[38;2;206;166;49m██[38;2;137;112;32m██[38;2;206;166;49m██[38;2;137;112;32m██[38;2;198;166;41m██[38;2;0;4;0m██                              
                            ██████████                                
[0m