                      [38;2;0;0;0m██████                
                  ████[38;2;247;173;123m██████[38;2;0;0;0m████            
                ██[38;2;189;132;99m██[38;2;247;173;123m██████████[38;2;189;132;99m██[38;2;0;0;0m██          
              ██[38;2;189;132;99m██[38;2;247;173;123m██████████████[38;2;156;107;90m██[38;2;0;0;0m██        
          ████[38;2;156;107;90m████[38;2;247;173;123m██████████████[38;2;189;132;99m██[38;2;0;0;0m██        
        ██[38;2;189;132;99m██[38;2;247;173;123m██████████████████████[38;2;0;0;0m██        
      ██[38;2;247;173;123m██████████████████████████[38;2;156;107;90m██[38;2;0;0;0m██      
    ██[38;2;189;132;99m██[38;2;247;173;123m██████████████████[38;2;189;132;99m██[38;2;247;173;123m██████[38;2;189;132;99m██[38;2;0;0;0m██      
    ██[38;2;189;132;99m██[38;2;247;173;123m████████████████████[38;2;189;132;99m██[38;2;247;173;123m██████[38;2;0;0;0m██      
    ██[38;2;247;173;123m██████████████████████[38;2;156;107;90m██[38;2;247;173;123m██████[38;2;0;0;0m██      
  ██[38;2;189;132;99m██[38;2;247;173;123m██████████████████████[38;2;156;107;90m██[38;2;247;173;123m██████[38;2;0;0;0m██      
  ██[38;2;247;173;123m████[38;2;189;132;99m██[38;2;247;173;123m████████████████████[38;2;156;107;90m██[38;2;247;173;123m██[38;2;189;132;99m██[38;2;0;0;0m██      
██[38;2;247;173;123m██████[38;2;156;107;90m██[38;2;247;173;123m██[38;2;189;132;99m██[38;2;247;173;123m██████████[38;2;189;132;99m██[38;2;247;173;123m████[38;2;65;65;65m██[38;2;189;132;99m████[38;2;156;107;90m██[38;2;0;0;0m██    
██[38;2;247;173;123m██[38;2;65;65;65m██[38;2;247;173;123m██[38;2;65;65;65m██[38;2;247;173;123m██[38;2;156;107;90m██[38;2;247;173;123m██████████[38;2;156;107;90m██[38;2;247;173;123m████[38;2;65;65;65m██[38;2;189;132;99m██[38;2;156;107;90m████[38;2;0;0;0m██    
  ██[38;2;189;189;181m██[38;2;65;65;65m██[38;2;156;107;90m██[38;2;65;65;65m████[38;2;247;173;123m██████████[38;2;65;65;65m██[38;2;247;173;123m██████[38;2;65;65;65m██[38;2;156;107;90m████[38;2;0;0;0m████  
██[38;2;255;255;255m██[38;2;189;189;181m██[38;2;181;74;90m██[38;2;222;115;140m████[38;2;65;65;65m████[38;2;247;173;123m██[38;2;156;107;90m██[38;2;247;173;123m██[38;2;65;65;65m████[38;2;247;173;123m██████[38;2;65;65;65m██[38;2;156;107;90m████████[38;2;0;0;0m██
██[38;2;255;255;255m████[38;2;65;65;65m██[38;2;222;115;140m██[38;2;181;74;90m██[38;2;222;115;140m██[38;2;65;65;65m██[38;2;247;173;123m██[38;2;65;65;65m██[38;2;247;173;123m██[38;2;65;65;65m██[38;2;156;107;90m██[38;2;65;65;65m██[38;2;247;173;123m████[38;2;65;65;65m██[38;2;156;107;90m██[38;2;65;65;65m██[38;2;0;0;0m████  
██[38;2;255;255;255m██[38;2;0;0;0m████[38;2;181;74;90m████[38;2;222;115;140m██[38;2;65;65;65m████[38;2;255;255;255m██[38;2;65;65;65m██[38;2;156;107;90m██████[38;2;65;65;65m████[38;2;156;107;90m██████[38;2;0;0;0m██    
  ██    ██[38;2;65;65;65m████[38;2;255;255;255m██████[38;2;65;65;65m██[38;2;156;107;90m██████████[38;2;0;0;0m████████    
          ██[38;2;255;255;255m██████[38;2;140;140;140m██[38;2;0;0;0m██[38;2;156;107;90m██[38;2;0;0;0m██████████          
            ████████  ████                  
[0m