        [38;2;0;0;0m████████          
    ████[38;2;58;115;197m██[38;2;74;148;247m████[38;2;58;115;197m██[38;2;0;0;0m████      
  ██[38;2;58;115;197m██[38;2;74;148;247m████████████[38;2;58;115;197m██[38;2;0;0;0m██    
  ██[38;2;74;148;247m████████████████[38;2;0;0;0m██    
██[38;2;58;115;197m██[38;2;74;148;247m████████████████[38;2;58;115;197m██[38;2;0;0;0m██  
██[38;2;74;148;247m██[38;2;132;206;255m██[38;2;74;148;247m██████[38;2;255;255;255m████[38;2;74;148;247m██████[38;2;0;0;0m██  
██[38;2;132;206;255m████████[38;2;255;255;255m████████[38;2;74;148;247m████[38;2;0;0;0m██  
  ██[38;2;123;123;123m██[38;2;132;206;255m██[38;2;255;255;255m████[38;2;0;0;0m██[38;2;255;255;255m████[38;2;74;148;247m██[38;2;0;0;0m██    
██[38;2;247;247;41m████[38;2;123;123;123m██[38;2;255;255;255m████[38;2;58;115;197m██[38;2;255;255;255m████[38;2;58;115;197m██[38;2;0;0;0m██    
  ██[38;2;197;173;41m████[38;2;189;189;181m██[38;2;255;255;255m████[38;2;189;189;181m██[38;2;65;65;65m██[38;2;0;0;0m██      
    ██[38;2;65;65;65m██[38;2;189;189;181m██████[38;2;65;65;65m████[38;2;58;115;197m██[38;2;0;0;0m████  
  ██[38;2;65;65;65m██[38;2;58;115;197m████████[38;2;74;148;247m████[38;2;65;65;65m██[38;2;58;115;197m██[38;2;65;65;65m██[38;2;0;0;0m██
  ██[38;2;115;173;206m██[38;2;65;65;65m██[38;2;58;115;197m██[38;2;65;65;65m██[38;2;74;148;247m████[38;2;65;65;65m██[38;2;132;206;255m██[38;2;65;65;65m██[38;2;58;115;197m██[38;2;0;0;0m██
██[38;2;115;173;206m██[38;2;0;0;0m████[38;2;65;65;65m██[38;2;132;206;255m██[38;2;65;65;65m████[38;2;132;206;255m██████[38;2;65;65;65m██[38;2;0;0;0m██
████  ██[38;2;255;255;255m██[38;2;132;206;255m██[38;2;255;255;255m██[38;2;65;65;65m██[38;2;132;206;255m██████[38;2;0;0;0m██  
        ██[38;2;82;123;165m██[38;2;132;206;255m████[38;2;65;65;65m██[38;2;132;206;255m██[38;2;65;65;65m██[38;2;0;0;0m██  
      ██[38;2;197;173;41m████[38;2;0;0;0m██[38;2;82;123;165m██[38;2;115;173;206m██[38;2;65;65;65m██[38;2;115;173;206m██[38;2;0;0;0m██  
        ████  ██[38;2;247;247;41m████[38;2;0;0;0m██    
                ████      
[0m