        [38;2;0;0;0m████████                                
      ██[38;2;98;174;238m████████[38;2;0;0;0m████                            
    ██[38;2;98;174;238m████[38;2;65;64;65m██[38;2;57;64;65m██[38;2;74;117;156m██[38;2;98;174;238m████[38;2;0;0;0m██                          
    ██[38;2;98;174;238m██[38;2;65;64;65m██[38;2;98;174;238m██[38;2;90;170;246m██[38;2;57;64;65m██[38;2;0;0;0m██[38;2;65;116;159m██[38;2;98;174;238m██[38;2;0;0;0m██                        
    ██[38;2;98;174;238m██[38;2;57;64;74m██[38;2;74;119;156m██[38;2;98;174;238m██[38;2;0;0;0m██  ██[38;2;98;174;238m██[38;2;0;0;0m██                        
      ██[38;2;90;174;238m████[38;2;0;0;0m██      ██[38;2;98;174;238m██[38;2;0;0;0m██                      
        ████    ████[38;2;57;68;65m██[38;2;98;149;57m██[38;2;0;0;0m██                      
          ██████[38;2;139;230;49m██████████[38;2;0;0;0m████                  
        ██[38;2;156;234;74m██[38;2;139;230;49m██████████████████[38;2;0;0;0m██                
      ██[38;2;156;234;74m████[38;2;189;238;123m██[38;2;139;230;49m██████████████████[38;2;0;0;0m██              
    [38;2;0;8;0m██[38;2;238;255;197m██[38;2;139;230;49m██[38;2;189;238;123m████[38;2;139;230;49m██████[38;2;131;145;119m██[38;2;255;255;238m██[38;2;246;238;255m██[38;2;131;214;49m██[38;2;139;230;49m██████[38;2;0;0;0m██            
    [38;2;0;8;0m██[38;2;159;172;131m██[38;2;139;230;49m████████████[38;2;255;255;238m██[38;2;8;36;0m██[38;2;208;230;186m██[38;2;246;238;255m██[38;2;139;230;49m██████[38;2;0;0;0m██            
  ██[38;2;139;230;49m██[38;2;115;198;57m██[38;2;139;230;49m██[38;2;115;198;57m██[38;2;139;230;49m████████[38;2;0;0;0m████[38;2;24;0;0m██[38;2;255;250;246m██[38;2;139;230;49m████████[38;2;0;0;0m██          
  ██[38;2;139;230;49m████████████████[38;2;90;157;65m██[38;2;0;0;0m██[38;2;101;83;82m██[38;2;255;250;246m██[38;2;139;230;49m██[38;2;246;105;156m██[38;2;139;230;49m████[38;2;0;0;0m██          
  ██[38;2;139;163;94m██[38;2;57;72;57m██[38;2;65;64;65m████[38;2;139;230;49m████████[38;2;123;210;57m██[38;2;255;255;255m██[38;2;255;255;230m██[38;2;128;165;87m██[38;2;246;107;156m████[38;2;246;105;156m██[38;2;139;230;49m████[38;2;0;0;0m██        
  ██[38;2;57;72;57m██[38;2;222;255;131m██[38;2;230;255;148m████[38;2;65;64;65m████████[38;2;123;210;57m████[38;2;128;165;87m██[38;2;65;121;16m██[38;2;246;107;156m████[38;2;246;105;156m██[38;2;139;230;49m████[38;2;0;0;0m██        
    ██[38;2;230;255;148m██████████████[38;2;65;64;65m████[38;2;74;64;32m██[38;2;238;255;131m██[38;2;175;180;68m██[38;2;246;97;139m██[38;2;139;230;49m██████[38;2;0;0;0m██        
      ██[38;2;230;255;148m████████████████[38;2;238;255;131m██[38;2;156;159;82m██[38;2;139;222;32m████[38;2;139;230;49m████████[38;2;0;0;0m██      
        [38;2;8;0;16m██[38;2;53;74;49m██[38;2;180;183;41m██[38;2;213;178;32m██[38;2;222;198;41m████[38;2;222;194;32m██[38;2;178;188;41m██[38;2;176;155;24m██[38;2;139;230;49m██████[38;2;139;234;49m██[38;2;115;179;54m██[38;2;139;230;49m██████[38;2;0;0;0m██    
      ██[38;2;98;149;82m██[38;2;53;74;49m██[38;2;115;194;57m████[38;2;90;157;65m████[38;2;90;178;57m██[38;2;134;183;49m██[38;2;139;230;49m████████[38;2;139;234;49m██[38;2;65;68;65m██[38;2;139;230;49m██████[38;2;0;0;0m██    
    [38;2;8;0;8m██[38;2;90;153;74m██[38;2;65;64;65m██[38;2;115;198;57m██[38;2;90;157;65m████[38;2;230;255;148m██████[38;2;90;157;65m██[38;2;90;165;57m██[38;2;137;195;84m██[38;2;139;230;49m████[38;2;139;234;49m██[38;2;65;68;65m██[38;2;139;230;49m████████[38;2;0;0;0m██  
  ██[38;2;49;76;41m██[38;2;90;153;74m██[38;2;65;64;65m██[38;2;98;153;60m██[38;2;230;255;148m████[38;2;115;198;57m████[38;2;230;255;148m████[38;2;230;255;139m██[38;2;90;165;57m██[38;2;139;230;49m████[38;2;139;234;49m██[38;2;115;179;54m██[38;2;65;64;65m██[38;2;139;230;49m██████[38;2;0;0;0m██  
  ██[38;2;172;157;24m██[38;2;90;157;65m██[38;2;65;64;65m██[38;2;230;255;148m████[38;2;104;176;60m██[38;2;90;157;65m████[38;2;104;176;60m██[38;2;230;255;148m████[38;2;90;157;65m██[38;2;139;230;49m████[38;2;115;198;57m████[38;2;65;68;57m██[38;2;164;192;95m██[38;2;139;230;49m██[38;2;230;255;148m██[38;2;0;0;0m██  
██[38;2;222;198;41m██[38;2;172;157;24m████[38;2;65;64;65m██[38;2;230;255;148m████[38;2;104;176;60m██[38;2;230;255;148m████[38;2;104;176;60m██[38;2;230;255;148m██████[38;2;90;157;65m██[38;2;115;194;57m██[38;2;115;198;57m████[38;2;65;68;57m██[38;2;213;255;115m██[38;2;230;255;148m████[38;2;222;198;41m██[38;2;0;0;0m██
██[38;2;222;198;41m██[38;2;222;198;57m██[38;2;74;66;41m██[38;2;90;155;65m██[38;2;65;64;65m██[38;2;246;242;115m██[38;2;90;153;57m██[38;2;246;246;115m██[38;2;82;157;41m██[38;2;156;186;24m██[38;2;255;250;131m██[38;2;255;238;98m██[38;2;202;209;79m██[38;2;90;155;65m██[38;2;139;230;49m████[38;2;65;64;65m██[38;2;230;255;148m██████████[38;2;0;0;0m██
  ██[38;2;0;0;32m██[38;2;74;66;41m██[38;2;90;155;65m██[38;2;65;64;65m██[38;2;194;213;95m██[38;2;90;153;57m██[38;2;137;187;65m██[38;2;191;217;90m██[38;2;189;207;60m████[38;2;202;209;79m██[38;2;98;149;41m██[38;2;139;230;49m██████[38;2;65;64;65m██[38;2;230;255;148m████[38;2;65;64;65m██[38;2;230;255;148m██[38;2;0;0;0m██  
      ██[38;2;90;153;74m████[38;2;57;76;65m██[38;2;213;210;41m██[38;2;90;155;65m████[38;2;222;198;41m████[38;2;213;214;41m██[38;2;104;133;63m██[38;2;115;198;57m██[38;2;139;230;49m██████[38;2;65;64;65m████[38;2;172;171;82m██[38;2;255;255;123m██[38;2;0;0;0m██  
        [38;2;8;0;8m██[38;2;49;76;41m██[38;2;109;121;57m██[38;2;57;76;65m██[38;2;65;64;65m████[38;2;90;157;65m████[38;2;104;133;63m██[38;2;49;93;74m██[38;2;115;198;57m████████████[38;2;8;4;0m████    
      [38;2;0;0;0m██[38;2;222;206;49m██[38;2;111;113;32m██[38;2;104;132;43m████[38;2;90;157;65m██[38;2;0;0;0m██████████[38;2;52;66;46m██[38;2;123;198;74m██[38;2;115;198;57m████[38;2;123;206;74m██[38;2;16;0;24m██        
      [38;2;0;0;0m██[38;2;0;20;16m██[38;2;222;206;49m██[38;2;156;190;57m██[38;2;0;16;16m██[38;2;0;0;0m██          [38;2;16;0;32m██[38;2;52;66;46m██[38;2;65;64;65m██[38;2;98;153;60m██[38;2;52;68;41m██[38;2;87;137;57m██[38;2;0;0;0m██      
          ████            ██[38;2;255;255;123m██[38;2;172;171;82m██[38;2;90;153;57m████[38;2;222;198;41m████[38;2;0;0;0m██      
                            [38;2;8;4;0m████[38;2;246;242;115m██[38;2;194;213;95m██[38;2;0;0;0m████        
                                ████            
[0m