                      [38;2;0;0;0m██[38;2;8;4;0m████                            
                    [38;2;0;0;0m██[38;2;255;255;255m██[38;2;255;255;206m██[38;2;172;171;137m██[38;2;0;0;0m██                          
                    [38;2;0;0;8m██[38;2;206;223;148m██[38;2;255;207;66m████[38;2;0;0;0m████                        
                ████[38;2;206;223;148m██[38;2;68;74;54m██[38;2;192;158;66m██[38;2;66;60;66m██[38;2;82;164;148m████[38;2;0;0;0m████                    
              ██[38;2;156;231;222m██[38;2;82;166;148m██[38;2;156;231;222m██[38;2;82;166;148m██[38;2;66;65;66m██[38;2;82;165;148m██[38;2;82;166;148m██[38;2;156;231;222m██[38;2;94;156;144m████[38;2;0;0;0m██                  
            ██[38;2;255;255;255m██[38;2;82;166;148m██[38;2;156;231;222m██[38;2;82;166;148m██[38;2;156;231;222m██[38;2;82;165;148m████[38;2;156;231;222m██[38;2;82;166;148m██[38;2;140;239;222m██[38;2;49;73;66m██[38;2;222;215;198m██[38;2;0;0;0m██                
          ██[38;2;206;158;24m██[38;2;255;255;247m██[38;2;247;255;255m██[38;2;109;139;134m██[38;2;247;255;255m██[38;2;109;139;134m██[38;2;156;231;222m████[38;2;82;162;148m████[38;2;66;65;66m██[38;2;222;215;198m████[38;2;189;142;49m██[38;2;0;0;0m██              
          ██[38;2;222;190;98m██[38;2;255;255;247m██[38;2;247;255;255m██[38;2;41;81;74m████[38;2;247;255;255m██[38;2;82;166;148m████[38;2;255;251;247m██[38;2;197;221;214m██[38;2;66;65;66m██[38;2;222;215;198m██[38;2;189;142;49m████[38;2;0;0;0m██              
            ██[38;2;255;215;66m██[38;2;85;66;98m██[38;2;189;142;49m██[38;2;79;66;87m████[38;2;255;255;247m████[38;2;222;215;198m████[38;2;255;211;74m██[38;2;170;140;54m██[38;2;189;142;49m██[38;2;0;0;0m██                
              ██[38;2;189;142;49m██[38;2;85;66;98m██[38;2;189;142;49m██[38;2;79;66;87m██[38;2;206;158;24m██[38;2;222;190;98m██[38;2;255;215;66m████[38;2;85;70;35m██[38;2;0;0;16m██[38;2;0;0;0m██                  
                [38;2;0;0;8m██[38;2;181;130;90m██[38;2;107;65;132m████[38;2;79;66;87m████[38;2;65;65;66m████[38;2;106;65;132m████[38;2;148;85;189m██[38;2;8;16;0m██[38;2;0;0;0m██              
                [38;2;0;0;8m██[38;2;120;86;62m██[38;2;189;140;49m████[38;2;79;66;87m██[38;2;189;142;49m██[38;2;106;65;132m██████[38;2;65;65;66m██[38;2;54;39;63m██[38;2;148;85;189m██[38;2;148;81;189m██[38;2;0;0;0m██            
              ██[38;2;106;68;128m██[38;2;65;60;68m██[38;2;66;65;66m██[38;2;107;71;129m██[38;2;106;65;132m████[38;2;107;66;132m████[38;2;106;65;132m██████[38;2;65;65;66m██[38;2;148;81;189m██[38;2;0;0;0m██  ██████    
              ██[38;2;106;68;128m██[38;2;148;77;189m██[38;2;148;78;192m██[38;2;66;65;66m██[38;2;65;65;66m██[38;2;106;65;132m██[38;2;107;66;132m████[38;2;65;65;66m████████[38;2;148;81;189m██[38;2;0;0;0m████[38;2;255;215;66m████[38;2;170;143;44m██[38;2;0;0;0m██  
            [38;2;0;8;0m██[38;2;239;255;255m██[38;2;66;65;66m██████[38;2;148;81;189m██[38;2;134;115;139m██[38;2;74;52;82m██[38;2;66;69;66m████[38;2;222;215;198m██[38;2;66;65;66m██[38;2;148;81;189m██[38;2;106;71;128m██[38;2;132;121;189m██[38;2;66;77;66m██[38;2;189;142;57m████[38;2;0;0;0m██[38;2;189;142;49m████[38;2;0;0;0m██
            [38;2;0;8;0m██[38;2;119;131;127m██[38;2;255;255;255m████[38;2;66;65;66m██[38;2;148;81;189m██[38;2;74;52;82m██[38;2;255;243;255m██[38;2;255;255;255m██[38;2;192;193;192m██[38;2;222;215;198m████[38;2;65;61;68m██[38;2;148;81;189m██[38;2;66;77;66m██[38;2;110;106;148m██[38;2;63;52;35m██[38;2;0;8;24m██  [38;2;0;0;0m██[38;2;189;142;49m██[38;2;0;0;0m██
  ██████  ██[38;2;156;231;222m██[38;2;82;166;148m██[38;2;156;231;222m██[38;2;82;166;148m████[38;2;65;66;65m██[38;2;214;223;206m████[38;2;214;231;214m██[38;2;82;170;156m██[38;2;82;165;148m████[38;2;94;156;144m██[38;2;49;73;66m██[38;2;102;154;144m██[38;2;148;239;222m██[38;2;82;164;148m██[38;2;0;0;0m██  ██[38;2;189;142;49m██[38;2;0;0;0m██
██[38;2;222;215;198m██[38;2;82;83;82m██[38;2;247;251;247m██[38;2;0;0;0m██[38;2;66;67;66m██[38;2;82;166;148m██[38;2;156;231;222m██[38;2;82;166;148m██[38;2;156;231;222m██[38;2;65;66;65m██[38;2;82;166;148m██[38;2;167;206;189m██[38;2;74;174;156m██[38;2;82;170;156m██[38;2;170;210;194m██[38;2;82;165;148m████[38;2;140;239;222m██[38;2;94;156;144m██[38;2;57;69;66m████[38;2;82;164;148m██[38;2;0;0;0m██  ██[38;2;189;142;49m██[38;2;0;0;0m██
██[38;2;66;67;66m██[38;2;247;243;239m████[38;2;255;255;255m████[38;2;57;77;74m██[38;2;120;136;134m██[38;2;90;158;156m██[38;2;74;56;74m██[38;2;66;52;66m██[38;2;156;219;222m██[38;2;82;166;148m██[38;2;156;231;222m██[38;2;164;210;203m██[38;2;82;165;151m██[38;2;156;231;222m████[38;2;82;166;148m██[38;2;65;66;65m██[38;2;107;65;132m████[38;2;66;65;66m████[38;2;0;0;0m██[38;2;189;142;49m██[38;2;0;0;0m██  
  ████[38;2;247;243;239m██[38;2;255;255;255m████[38;2;247;255;255m██[38;2;57;77;74m██[38;2;74;56;74m██[38;2;79;90;101m██[38;2;96;107;118m██[38;2;66;52;66m██[38;2;82;166;148m████[38;2;82;165;151m██[38;2;247;255;255m██[38;2;82;166;148m██████[38;2;65;66;65m██[38;2;107;65;132m██[38;2;214;121;90m████[38;2;66;65;66m██[38;2;0;0;0m██[38;2;189;142;49m██[38;2;0;0;0m██  
      ██[38;2;231;227;214m████[38;2;255;255;255m████[38;2;82;65;57m██[38;2;164;136;119m██[38;2;145;128;120m██[38;2;90;65;57m██[38;2;255;255;255m██[38;2;82;166;148m██[38;2;255;255;255m██████[38;2;82;166;148m██[38;2;90;65;57m██[38;2;145;128;120m██[38;2;192;140;104m██[38;2;255;178;123m██[38;2;66;65;66m██[38;2;189;142;49m████[38;2;0;0;0m██    
        ██[38;2;231;227;214m██[38;2;255;255;255m████[38;2;247;207;181m██[38;2;82;65;57m██[38;2;90;65;57m██[38;2;255;255;247m██[38;2;255;255;255m████[38;2;82;166;148m██[38;2;255;255;255m██[38;2;82;166;148m██[38;2;255;255;255m██[38;2;255;255;247m██[38;2;90;65;57m██[38;2;66;65;66m██████[38;2;189;142;49m██[38;2;0;0;0m██      
        ██[38;2;222;215;198m██[38;2;222;214;198m████[38;2;222;215;198m██[38;2;66;65;66m██[38;2;222;215;198m██[38;2;66;65;66m██[38;2;255;255;255m████████████[38;2;222;214;198m████[38;2;74;70;66m██[38;2;222;211;198m██[38;2;0;0;0m████        
          ██[38;2;222;214;198m████[38;2;222;215;198m██[38;2;66;65;66m██[38;2;222;215;198m██[38;2;66;65;66m██[38;2;222;214;197m████████████[38;2;222;214;198m████[38;2;74;70;66m██[38;2;0;0;0m██            
            ██████[38;2;222;215;198m██████[38;2;66;65;66m██[38;2;222;215;198m██████████[38;2;66;65;66m████[38;2;189;142;49m██[38;2;0;0;0m██            
                  ██[38;2;66;65;66m████████████████[38;2;222;215;198m████[38;2;189;142;49m██[38;2;0;0;0m██            
                  ██[38;2;162;143;110m██[38;2;239;215;165m██[38;2;222;215;198m████████████[38;2;189;142;49m████[38;2;65;65;66m██[38;2;106;65;132m██[38;2;0;0;0m██          
                    [38;2;8;0;0m████[38;2;189;142;49m████████████[38;2;0;0;0m████[38;2;106;65;132m████[38;2;0;0;0m██          
                        ████████████    ████            
[0m