                [38;2;0;0;0m██████████                            
            ████[38;2;246;105;139m██████████[38;2;0;0;0m████                        
          ██[38;2;246;105;139m██[38;2;255;165;172m████[38;2;246;105;139m██[38;2;246;103;139m████[38;2;246;105;139m████[38;2;255;101;139m██[38;2;8;0;0m██                      
        [38;2;0;0;0m██[38;2;246;105;139m██[38;2;255;165;172m████████[38;2;246;103;139m████[38;2;246;105;139m██[38;2;193;60;90m██[38;2;172;67;93m██[38;2;255;101;139m██[38;2;0;0;0m██                    
        [38;2;8;0;0m██[38;2;246;153;172m██[38;2;246;105;139m██[38;2;255;165;172m████[38;2;246;105;139m██████[38;2;189;68;90m██[38;2;255;255;255m████[38;2;189;60;90m██[38;2;0;0;0m██                    
      ██[38;2;246;153;172m██[38;2;167;102;115m██[38;2;246;105;139m██████████[38;2;193;60;90m██[38;2;233;192;200m██[38;2;255;255;255m██████[38;2;189;60;90m██[38;2;0;0;0m██            ████  
      ██[38;2;230;218;213m██[38;2;142;99;109m██[38;2;246;105;139m████[38;2;246;103;139m████[38;2;246;105;139m██[38;2;193;60;90m██[38;2;238;246;255m██[38;2;119;123;127m██[38;2;255;255;255m████[38;2;197;60;90m██[38;2;0;0;0m██          ██[38;2;156;206;255m████[38;2;0;0;0m██
      ██[38;2;230;218;213m██[38;2;98;40;57m██[38;2;65;64;65m████[38;2;246;103;139m████[38;2;246;105;139m██[38;2;193;60;90m██[38;2;119;123;127m██[38;2;0;0;0m██[38;2;255;255;255m████[38;2;131;40;60m██[38;2;0;0;0m██        ██[38;2;156;206;255m██[38;2;230;242;255m██[38;2;156;206;255m██[38;2;0;0;0m██
    ██[38;2;63;75;84m██[38;2;65;64;65m██[38;2;156;206;255m██████[38;2;65;64;65m████[38;2;246;93;131m██[38;2;126;58;71m██[38;2;142;137;137m██[38;2;16;0;0m██[38;2;222;222;222m████[38;2;0;0;0m██        ██[38;2;156;207;254m████████[38;2;0;0;0m██
  ██[38;2;189;226;255m████[38;2;156;206;255m██████[38;2;98;155;238m██[38;2;98;157;238m████[38;2;65;40;41m██[38;2;126;58;71m██[38;2;79;68;68m██[38;2;205;206;205m██[38;2;222;222;222m██[38;2;131;40;57m██[38;2;0;0;0m██        ██[38;2;156;207;254m████████[38;2;0;0;0m██
██[38;2;156;206;255m██████[38;2;131;182;246m████[38;2;98;157;238m████[38;2;65;64;65m████[38;2;131;41;54m████[38;2;131;40;54m████[38;2;127;40;53m██[38;2;0;0;0m██        ██[38;2;156;206;255m██[38;2;156;207;254m████[38;2;156;206;255m██[38;2;0;0;0m██  
  ██████████[38;2;16;4;0m██[38;2;43;55;79m██[38;2;131;40;53m████[38;2;131;41;54m████[38;2;131;40;54m██[38;2;0;0;0m████          ██[38;2;156;206;255m██[38;2;156;207;254m████[38;2;156;206;255m██[38;2;0;0;0m██  
              ████[38;2;127;40;53m██[38;2;131;41;54m████[38;2;0;0;0m██              ██[38;2;98;157;238m██[38;2;139;190;246m████[38;2;0;0;0m██    
                  ██[38;2;131;41;54m████[38;2;0;0;0m██              ██[38;2;98;157;238m██[38;2;139;190;246m██[38;2;0;0;0m██      
                  ██[38;2;128;40;52m████[38;2;131;40;54m██[38;2;0;0;0m██          ██[38;2;65;106;167m██[38;2;98;157;246m██[38;2;0;0;0m██        
                ██[38;2;127;40;53m██[38;2;191;60;87m██[38;2;128;40;52m██[38;2;131;40;54m██[38;2;197;60;82m██[38;2;0;0;0m██████    ██[38;2;98;157;246m██[38;2;0;4;8m██          
                [38;2;8;0;0m██[38;2;172;67;93m██[38;2;193;60;90m████[38;2;191;62;90m████████[38;2;189;60;90m██[38;2;0;0;0m██[38;2;0;8;0m██[38;2;131;89;139m██[38;2;98;157;238m██[38;2;0;0;0m██          
          ██████[38;2;255;101;139m████[38;2;246;105;139m██[38;2;193;60;90m██[38;2;191;62;90m████████[38;2;189;60;90m████[38;2;131;89;139m██[38;2;65;48;69m██[38;2;0;0;0m██            
      ██[38;2;16;4;0m██[38;2;98;157;238m██[38;2;65;64;65m██[38;2;246;105;139m██[38;2;246;103;139m████████[38;2;193;60;90m████[38;2;191;62;90m████████████[38;2;0;0;0m██            
    ██[38;2;98;157;238m████[38;2;43;55;79m██[38;2;246;105;139m████[38;2;246;103;139m████████[38;2;246;105;139m██[38;2;193;60;90m██[38;2;191;62;90m████████████[38;2;127;40;53m██[38;2;0;0;0m██          
  ██[38;2;98;155;238m██[38;2;156;206;255m██[38;2;98;157;238m██[38;2;65;64;65m██[38;2;213;76;106m████[38;2;74;111;194m████[38;2;246;105;139m██████[38;2;193;60;90m██[38;2;191;62;90m████[38;2;191;62;87m████[38;2;65;64;65m████[38;2;65;64;74m████[38;2;0;0;0m██        
  ██[38;2;98;155;238m████[38;2;98;157;238m██[38;2;65;64;65m██[38;2;213;76;106m██[38;2;76;114;194m██[38;2;156;206;255m████[38;2;74;113;189m██[38;2;246;105;139m██[38;2;193;60;90m████[38;2;191;62;90m████[38;2;65;64;65m████[38;2;156;206;255m████[38;2;148;206;255m██[38;2;120;159;194m██[38;2;98;157;238m██[38;2;0;0;0m██      
    ████[38;2;98;157;238m████[38;2;41;55;79m██[38;2;106;157;238m██[38;2;98;155;238m██[38;2;156;206;255m██[38;2;148;206;255m██[38;2;65;111;200m██[38;2;82;125;205m██[38;2;191;60;90m██[38;2;106;64;74m████[38;2;156;206;255m████[38;2;230;242;255m██[38;2;156;206;255m██████[38;2;98;156;238m████[38;2;0;0;0m██    
        ████[38;2;8;4;0m████[38;2;98;155;238m████[38;2;106;159;227m████[38;2;82;125;205m████[38;2;106;64;74m██[38;2;98;157;238m██[38;2;98;155;238m██[38;2;156;206;255m██████[38;2;98;155;238m████[38;2;98;156;238m████[38;2;0;0;0m██    
                ████[38;2;98;157;238m████████[38;2;0;0;0m██[38;2;98;157;238m██████[38;2;98;156;238m████[38;2;98;157;238m██████[38;2;0;0;0m██      
                    ████████  ████[38;2;98;157;238m██[38;2;98;156;238m████[38;2;98;157;238m██[38;2;0;0;0m████        
                                  ████████            
[0m