        [38;2;0;0;0m████                                  
      ██[38;2;148;123;206m██[38;2;107;90;181m██[38;2;0;0;0m██                  ████          
      ██[38;2;148;123;206m██[38;2;107;90;181m██[38;2;148;123;206m██[38;2;0;0;0m██              ██[38;2;107;90;181m██[38;2;148;123;206m██[38;2;0;0;0m██        
    ██[38;2;107;90;181m██[38;2;148;123;206m████[38;2;107;90;181m██[38;2;0;0;0m██            ██[38;2;148;123;206m██[38;2;107;90;181m██[38;2;148;123;206m██[38;2;65;65;65m██[38;2;0;0;0m████    
    ██[38;2;148;123;206m██[38;2;107;90;181m██[38;2;148;123;206m████[38;2;148;165;181m██[38;2;0;0;0m██          ██[38;2;107;90;181m██[38;2;148;123;206m██[38;2;107;90;181m██[38;2;148;123;206m██[38;2;65;65;65m██[38;2;148;165;181m██[38;2;0;0;0m██  
    ██[38;2;148;123;206m██[38;2;255;123;148m██[38;2;148;123;206m██[38;2;148;165;181m████[38;2;107;123;132m██[38;2;0;0;0m██      ██[38;2;148;123;206m██████[38;2;107;90;181m██[38;2;148;123;206m██[38;2;65;65;65m██[38;2;107;123;132m██[38;2;148;165;181m██[38;2;0;0;0m██
    ██[38;2;148;165;181m██[38;2;255;123;148m██[38;2;148;165;181m██[38;2;107;123;132m████[38;2;148;165;181m████[38;2;0;0;0m██████[38;2;148;165;181m██[38;2;148;123;206m████████[38;2;65;65;65m██[38;2;107;123;132m██[38;2;65;65;65m██[38;2;148;165;181m██[38;2;0;0;0m██
      ██[38;2;255;123;148m██[38;2;107;123;132m██[38;2;148;165;181m████████████████[38;2;148;123;206m██[38;2;65;65;65m██[38;2;148;123;206m████[38;2;65;65;65m██[38;2;107;123;132m██[38;2;65;65;65m██[38;2;107;123;132m██[38;2;0;0;0m██
      ██[38;2;107;123;132m██[38;2;148;165;181m████████████████[38;2;107;123;132m██[38;2;255;123;148m██[38;2;65;65;65m██[38;2;148;123;206m██[38;2;65;65;65m██████[38;2;107;123;132m██[38;2;0;0;0m██  
  ██  ██[38;2;148;165;181m████████████████[38;2;107;123;132m██[38;2;255;123;148m████[38;2;148;165;181m██[38;2;148;123;206m██[38;2;65;65;65m██[38;2;148;165;181m████[38;2;0;0;0m██    
██  ████[38;2;107;123;132m██[38;2;148;165;181m██████████[38;2;148;123;206m██[38;2;255;255;255m████[38;2;255;123;148m██[38;2;107;123;132m██[38;2;148;165;181m██[38;2;65;65;65m██[38;2;255;255;255m██[38;2;65;65;65m██[38;2;148;165;181m████[38;2;0;0;0m██  
        ██[38;2;148;165;181m██████[38;2;255;255;255m██[38;2;148;123;206m██████[38;2;255;255;255m██[38;2;148;165;181m████[38;2;65;65;65m██[38;2;255;255;255m████[38;2;148;165;181m██[38;2;65;65;65m██[38;2;148;165;181m██[38;2;0;0;0m██  
  ██  ████[38;2;107;123;132m██[38;2;255;255;255m████[38;2;148;123;206m██[38;2;0;0;0m██[38;2;255;222;49m██[38;2;148;165;181m██[38;2;255;255;255m██[38;2;148;165;181m██[38;2;65;65;65m██[38;2;148;165;181m██[38;2;107;123;132m██[38;2;148;165;181m██[38;2;255;255;255m██[38;2;65;65;65m██[38;2;148;165;181m██[38;2;107;123;132m██[38;2;0;0;0m██
    ██    ██[38;2;65;65;65m██[38;2;255;255;255m████[38;2;148;165;181m██████[38;2;65;65;65m████[38;2;255;255;255m████[38;2;148;165;181m██[38;2;65;65;65m██[38;2;148;165;181m██[38;2;65;65;65m██[38;2;107;123;132m████[38;2;0;0;0m██
            ██[38;2;65;65;65m████████[38;2;107;123;132m████[38;2;255;255;255m████████[38;2;148;165;181m██[38;2;65;65;65m██[38;2;107;123;132m██████[38;2;0;0;0m██
          ██[38;2;107;123;132m██[38;2;148;165;181m████[38;2;107;123;132m██████[38;2;148;165;181m████[38;2;255;255;255m██[38;2;148;165;181m██[38;2;107;123;132m████[38;2;65;65;65m██[38;2;107;123;132m████[38;2;0;0;0m██  
          ██[38;2;107;123;132m██[38;2;65;65;65m██[38;2;148;165;181m████████████[38;2;65;65;65m██[38;2;107;123;132m██████[38;2;0;0;0m██[38;2;148;165;181m████[38;2;0;0;0m██  
            ██[38;2;107;123;132m██[38;2;65;65;65m██[38;2;0;0;0m██[38;2;148;165;181m████[38;2;65;65;65m████[38;2;107;123;132m██[38;2;148;165;181m████[38;2;0;0;0m██  ████    
              ████  ██████[38;2;107;123;132m████████[38;2;0;0;0m██          
                          ██[38;2;255;255;255m████[38;2;0;0;0m██            
                            ████              
[0m