              [38;2;0;0;0m██                                ████████        
            ██[38;2;255;197;49m██[38;2;0;0;0m██    ██████                ████[38;2;107;90;90m████████[38;2;0;0;0m████████
            ██[38;2;255;197;49m██[38;2;247;58;49m██[38;2;0;0;0m████[38;2;255;197;49m██[38;2;247;58;49m██[38;2;0;0;0m██              ██[38;2;107;90;90m████[38;2;0;0;0m██████[38;2;197;156;107m████[38;2;132;90;58m██[38;2;173;123;82m██[38;2;0;0;0m██
    ██    ██[38;2;255;197;49m████[38;2;132;58;66m██[38;2;255;197;49m████[38;2;247;58;49m██[38;2;0;0;0m██              ██[38;2;82;66;66m██[38;2;107;90;90m██[38;2;0;0;0m██      ██[38;2;197;156;107m████[38;2;0;0;0m██  
  ██[38;2;247;58;49m██[38;2;0;0;0m██  ██[38;2;255;197;49m██[38;2;247;58;49m██[38;2;255;197;49m████[38;2;247;58;49m████[38;2;0;0;0m██        ██    ██[38;2;107;90;90m██[38;2;0;0;0m██          ██[38;2;197;156;107m██[38;2;0;0;0m██  
  ██[38;2;247;58;49m████[38;2;0;0;0m██[38;2;255;197;49m████[38;2;247;58;49m██[38;2;255;197;49m████[38;2;247;58;49m████[38;2;132;58;66m██[38;2;0;0;0m██    ██[38;2;247;58;49m██[38;2;0;0;0m██  ██[38;2;82;66;66m██[38;2;107;90;90m██[38;2;0;0;0m██        ██[38;2;173;123;82m██[38;2;0;0;0m██  
██[38;2;255;197;49m██[38;2;247;58;49m██████[38;2;255;197;49m████████[38;2;247;58;49m████████[38;2;132;58;66m██[38;2;0;0;0m████[38;2;247;58;49m████[38;2;0;0;0m██    ██[38;2;82;66;66m██[38;2;0;0;0m██      ██[38;2;173;123;82m██[38;2;0;0;0m██    
██[38;2;255;197;49m██[38;2;247;58;49m██████[38;2;132;90;58m██[38;2;255;197;49m██████[38;2;247;58;49m██[38;2;132;90;58m████[38;2;247;58;49m████████[38;2;255;197;49m██[38;2;247;58;49m██[38;2;0;0;0m██  ██[38;2;82;66;66m████[38;2;0;0;0m██      ████      
██[38;2;255;197;49m████[38;2;247;58;49m██[38;2;132;90;58m██[38;2;197;156;107m██[38;2;255;197;49m████[38;2;247;58;49m██[38;2;132;90;58m██[38;2;197;156;107m██[38;2;132;90;58m██[38;2;247;58;49m████████[38;2;255;197;49m██[38;2;247;58;49m██[38;2;132;58;66m██[38;2;0;0;0m████[38;2;82;66;66m██[38;2;0;0;0m██                  
  ██[38;2;255;197;49m████[38;2;132;90;58m██[38;2;197;156;107m██[38;2;255;197;49m████[38;2;132;90;58m██[38;2;197;156;107m██████[38;2;65;65;65m██[38;2;247;58;49m████[38;2;255;197;49m████[38;2;247;58;49m██[38;2;132;58;66m██[38;2;107;90;90m████[38;2;0;0;0m██  ██                
  ██[38;2;255;197;49m████[38;2;255;255;255m██[38;2;0;0;0m██[38;2;255;197;49m██[38;2;247;58;49m██[38;2;197;156;107m████[38;2;173;123;82m██[38;2;65;65;65m████[38;2;255;197;49m████████[38;2;132;58;66m██[38;2;107;90;90m████████[38;2;0;0;0m██[38;2;197;156;107m██[38;2;0;0;0m██              
    ██[38;2;255;197;49m██[38;2;132;90;58m██[38;2;66;165;181m██[38;2;197;156;107m████[38;2;173;123;82m██[38;2;0;0;0m██[38;2;255;255;255m██[38;2;65;65;65m████[38;2;255;197;49m██████[38;2;247;58;49m██[38;2;132;58;66m██[38;2;107;90;90m██████[38;2;65;65;65m██[38;2;132;90;58m██[38;2;197;156;107m██[38;2;0;0;0m██              
  ██[38;2;247;58;49m██[38;2;132;58;66m████[38;2;82;66;66m██[38;2;197;156;107m████[38;2;65;65;65m██[38;2;66;165;181m██[38;2;255;255;255m██[38;2;82;66;66m██[38;2;255;197;49m████████[38;2;132;58;66m██[38;2;107;90;90m██████[38;2;65;65;65m██[38;2;197;156;107m██[38;2;132;90;58m██[38;2;197;156;107m██[38;2;0;0;0m██              
  ██[38;2;247;58;49m██████[38;2;0;0;0m██████[38;2;173;123;82m████[38;2;132;90;58m██[38;2;173;123;82m██[38;2;132;58;66m██[38;2;255;197;49m████[38;2;132;58;66m██[38;2;107;90;90m████[38;2;66;58;58m██[38;2;107;90;90m██[38;2;65;65;65m██[38;2;197;156;107m████[38;2;0;0;0m██                
    ██[38;2;247;58;49m████[38;2;132;90;58m██[38;2;0;0;0m██[38;2;132;90;58m██[38;2;197;156;107m██[38;2;132;90;58m██[38;2;173;123;82m██[38;2;65;65;65m██[38;2;247;58;49m██[38;2;132;58;66m████[38;2;197;58;58m██[38;2;132;58;66m██[38;2;0;0;0m██[38;2;66;58;58m██[38;2;107;90;90m██[38;2;65;65;65m██[38;2;132;90;58m██[38;2;197;156;107m██[38;2;0;0;0m██                
    ██[38;2;247;58;49m██████[38;2;65;65;65m██[38;2;197;156;107m████[38;2;132;90;58m██[38;2;65;65;65m██[38;2;247;58;49m██████[38;2;197;58;58m████[38;2;132;58;66m██  [38;2;0;0;0m██[38;2;65;65;65m██[38;2;197;156;107m██[38;2;132;90;58m██[38;2;197;156;107m██[38;2;173;123;82m██[38;2;0;0;0m██              
      ██[38;2;247;58;49m██[38;2;255;197;49m████[38;2;65;65;65m██████[38;2;247;58;49m██████[38;2;197;58;58m██████[38;2;132;58;66m██    [38;2;0;0;0m██[38;2;173;123;82m████████[38;2;0;0;0m██              
    ██[38;2;206;165;49m██[38;2;255;197;49m████[38;2;132;58;66m██[38;2;247;58;49m████[38;2;255;197;49m████[38;2;132;58;66m██[38;2;197;58;58m██████[38;2;132;58;66m██[38;2;0;0;0m██      ██[38;2;173;123;82m████[38;2;132;90;58m██[38;2;0;0;0m██              
  ██[38;2;206;165;49m██████[38;2;132;58;66m██[38;2;197;58;58m██████[38;2;206;165;49m████████[38;2;132;58;66m████[38;2;107;90;90m██[38;2;0;0;0m██      ██[38;2;173;123;82m████[38;2;0;0;0m██                
    ████[38;2;132;58;66m██[38;2;173;123;82m██[38;2;132;58;66m██[38;2;197;58;58m██████[38;2;206;165;49m██████████[38;2;0;0;0m██      ██[38;2;173;123;82m██[38;2;132;90;58m██[38;2;173;123;82m██[38;2;0;0;0m██                
        ██[38;2;173;123;82m██[38;2;132;58;66m██[38;2;197;58;58m██████[38;2;0;0;0m██[38;2;206;165;49m██████[38;2;132;58;66m██[38;2;0;0;0m██        ██████                  
      ██[38;2;173;123;82m██[38;2;132;90;58m██[38;2;173;123;82m██[38;2;0;0;0m██[38;2;197;58;58m██[38;2;0;0;0m██  ██[38;2;132;58;66m████[38;2;197;156;107m██[38;2;0;0;0m██                                
        ██████  ██    [38;2;82;66;66m██[38;2;197;156;107m████[38;2;0;0;0m██                                  
                    ██[38;2;197;156;107m██[38;2;173;123;82m██[38;2;197;156;107m██[38;2;0;0;0m██                                  
                      ██████                                    
[0m