                    [38;2;7;7;7m██                                    
    ████          ██[38;2;181;54;161m██[38;2;7;7;7m██                        ██████    
    ██[38;2;181;54;161m██[38;2;7;7;7m████    ██[38;2;66;66;66m██████[38;2;7;7;7m██          ████    ████[38;2;107;107;107m██████[38;2;7;7;7m██  
    ██[38;2;181;54;161m████[38;2;90;91;90m██[38;2;7;7;7m████[38;2;107;107;107m██████████[38;2;7;7;7m████    ██[38;2;255;95;243m██[38;2;7;7;7m██    ██[38;2;107;107;107m████[38;2;205;188;164m████[38;2;107;107;107m██[38;2;7;7;7m██
      ██[38;2;90;91;90m██[38;2;66;66;66m██[38;2;107;107;107m██████████████████[38;2;7;7;7m████[38;2;255;95;243m██[38;2;181;54;161m██[38;2;7;7;7m██  ██[38;2;107;107;107m████[38;2;205;188;164m████[38;2;90;91;90m██[38;2;205;188;164m██[38;2;7;7;7m██
  ██████[38;2;66;66;66m██[38;2;107;107;107m██████████████████████[38;2;90;91;90m██[38;2;255;95;243m██[38;2;7;7;7m██    ██[38;2;107;107;107m██[38;2;205;188;164m████[38;2;90;91;90m██[38;2;205;188;164m██[38;2;90;91;90m██[38;2;7;7;7m██
  ██[38;2;107;107;107m██[38;2;66;66;66m██[38;2;107;107;107m██████████████████████[38;2;66;66;66m████[38;2;90;91;90m██[38;2;7;7;7m██  ██[38;2;107;107;107m████[38;2;205;188;164m████[38;2;90;91;90m████[38;2;205;188;164m██[38;2;7;7;7m██
  ██[38;2;107;107;107m████[38;2;66;66;66m██[38;2;107;107;107m████[38;2;66;66;66m████[38;2;107;107;107m██████████[38;2;66;66;66m██[38;2;255;95;243m██[38;2;66;66;66m██[38;2;90;91;90m██[38;2;7;7;7m██  ██[38;2;107;107;107m██[38;2;205;188;164m██████[38;2;90;91;90m██[38;2;186;162;129m██[38;2;7;7;7m██  
    ██[38;2;107;107;107m████████[38;2;66;66;66m██[38;2;107;107;107m██[38;2;66;66;66m██[38;2;107;107;107m██████[38;2;66;66;66m██[38;2;255;95;243m████[38;2;66;66;66m██[38;2;90;91;90m████[38;2;7;7;7m██[38;2;107;107;107m██[38;2;205;188;164m██████████[38;2;7;7;7m██    
  ██[38;2;66;66;66m██[38;2;107;107;107m████████[38;2;90;91;90m██[38;2;107;107;107m████████████[38;2;255;95;243m██[38;2;66;66;66m██[38;2;90;91;90m██████[38;2;66;66;66m██[38;2;205;188;164m██████[38;2;7;7;7m██████      
  ██[38;2;248;248;248m██[38;2;90;91;90m██[38;2;107;107;107m████████████[38;2;90;91;90m██[38;2;107;107;107m████████[38;2;66;66;66m██[38;2;90;91;90m██████[38;2;66;66;66m██[38;2;186;162;129m██[38;2;7;7;7m████            
  ██[38;2;248;248;248m██[38;2;7;7;7m██[38;2;107;107;107m████[38;2;90;91;90m██[38;2;107;107;107m████[38;2;90;91;90m██[38;2;248;248;248m██[38;2;90;91;90m██[38;2;107;107;107m████████[38;2;90;91;90m██████[38;2;66;66;66m██[38;2;7;7;7m██                
  ██[38;2;181;54;161m██[38;2;248;248;248m██[38;2;66;66;66m████[38;2;107;107;107m████[38;2;90;91;90m██[38;2;7;7;7m██[38;2;248;248;248m██[38;2;181;54;161m██[38;2;107;107;107m██████[38;2;90;91;90m██████[38;2;205;188;164m██[38;2;186;162;129m██[38;2;66;66;66m██[38;2;7;7;7m██              
██[38;2;90;91;90m████[38;2;66;66;66m██[38;2;255;95;243m████[38;2;66;66;66m██[38;2;90;91;90m██[38;2;248;248;248m██████[38;2;181;54;161m██[38;2;107;107;107m████[38;2;90;91;90m██████[38;2;205;188;164m████[38;2;66;66;66m██[38;2;186;162;129m██[38;2;7;7;7m██              
  ██[38;2;205;188;164m██[38;2;181;54;161m██████[38;2;255;95;243m██[38;2;90;91;90m████[38;2;181;54;161m████[38;2;90;91;90m████████[38;2;205;188;164m██████[38;2;186;162;129m██[38;2;7;7;7m██████              
    ██[38;2;66;66;66m██[38;2;255;95;243m████[38;2;181;54;161m██[38;2;66;66;66m██[38;2;90;91;90m████████[38;2;213;205;180m██████[38;2;205;188;164m██[38;2;213;205;180m████[38;2;7;7;7m██                    
    ██[38;2;186;162;129m██[38;2;66;66;66m██████[38;2;213;205;180m██████████████[38;2;205;188;164m██[38;2;186;162;129m████[38;2;213;205;180m██[38;2;186;162;129m██[38;2;7;7;7m██                  
  ██[38;2;186;162;129m██[38;2;7;7;7m████[38;2;205;188;164m████████[38;2;213;205;180m████[38;2;205;188;164m████[38;2;186;162;129m██[38;2;205;188;164m████[38;2;7;7;7m████[38;2;213;205;180m██[38;2;7;7;7m██                  
  ████    ████[38;2;205;188;164m████[38;2;186;162;129m██[38;2;213;205;180m████[38;2;186;162;129m██[38;2;205;188;164m██[38;2;7;7;7m████    ████                  
              ██████[38;2;205;188;164m██[38;2;213;205;180m██[38;2;66;66;66m██[38;2;7;7;7m██                              
                    ██[38;2;205;188;164m██[38;2;7;7;7m██                                
                      ██                                  
[0m