                [38;2;0;4;0m████                        
              ██[38;2;222;223;222m██[38;2;0;4;0m██    ██████              
            ██[38;2;222;223;222m██████[38;2;0;4;0m████[38;2;222;223;222m████[38;2;0;4;0m██              
            ██[38;2;222;223;222m████[38;2;101;101;74m██[38;2;222;224;219m████[38;2;222;223;222m██[38;2;101;101;74m██[38;2;84;86;74m██[38;2;16;16;0m██[38;2;0;4;0m██          
          ██[38;2;222;223;222m████[38;2;101;101;74m██[38;2;222;223;222m██[38;2;222;224;219m████[38;2;101;101;74m██[38;2;222;223;222m██[38;2;222;227;222m████[38;2;222;223;222m██[38;2;0;4;0m██        
          ██[38;2;142;143;137m██[38;2;214;215;206m██[38;2;132;125;57m██[38;2;222;223;222m████[38;2;101;101;74m██[38;2;222;224;219m████████[38;2;222;223;222m████[38;2;0;4;0m██      
            [38;2;0;0;0m██[38;2;142;143;137m██[38;2;132;125;57m████[38;2;222;223;222m████[38;2;222;224;219m████████[38;2;0;4;0m████        
          ██[38;2;148;142;94m████[38;2;247;218;107m████[38;2;144;135;53m████[38;2;222;223;222m████[38;2;79;81;71m██[38;2;8;8;0m██            
        [38;2;0;4;0m██[38;2;148;150;140m██[38;2;57;65;74m██[38;2;239;219;115m██[38;2;247;218;107m████[38;2;247;219;107m████[38;2;148;138;57m██[38;2;222;223;222m██[38;2;222;227;214m██[38;2;79;81;71m██[38;2;0;4;0m██          
      ██[38;2;148;150;140m██[38;2;66;65;66m██[38;2;214;202;148m██[38;2;148;138;49m██[38;2;148;138;57m████[38;2;148;138;49m██[38;2;214;202;148m██[38;2;247;215;99m██[38;2;66;65;57m██[38;2;222;224;219m████[38;2;0;4;0m██          
      ██[38;2;148;150;140m██[38;2;66;65;66m██[38;2;148;138;49m██[38;2;247;235;198m██[38;2;222;223;222m████[38;2;247;235;198m██[38;2;148;138;49m██[38;2;156;140;78m██[38;2;66;65;57m██[38;2;222;224;219m████[38;2;222;223;222m██[38;2;0;4;0m██        
    ██[38;2;148;150;140m██[38;2;144;144;136m██[38;2;66;65;66m██[38;2;222;223;222m████████[38;2;117;95;85m████[38;2;99;97;90m██[38;2;151;149;145m██[38;2;66;65;66m██[38;2;222;223;222m██[38;2;222;224;219m████[38;2;0;4;0m██      
    ██[38;2;148;150;140m██[38;2;66;65;66m██[38;2;144;144;136m██[38;2;222;223;222m██[38;2;247;219;107m██[38;2;222;223;222m██[38;2;148;150;140m██[38;2;255;255;255m██[38;2;117;95;85m██[38;2;255;255;255m██[38;2;151;149;145m██[38;2;66;65;66m██[38;2;222;223;222m██[38;2;222;224;219m████[38;2;0;4;0m██      
    ██[38;2;148;150;140m██[38;2;66;65;66m██[38;2;159;91;66m██[38;2;206;223;222m██[38;2;177;156;144m██[38;2;222;224;219m████[38;2;181;97;66m████[38;2;247;255;255m██[38;2;164;136;123m██[38;2;74;56;49m██[38;2;231;219;206m██[38;2;222;224;219m████[38;2;222;223;222m██[38;2;0;4;0m██    
  ██[38;2;148;150;140m████[38;2;66;65;66m██[38;2;206;105;66m██[38;2;148;89;66m████[38;2;222;224;219m████[38;2;255;255;255m████[38;2;123;77;57m████[38;2;126;110;101m██[38;2;74;56;49m██[38;2;222;224;219m████[38;2;222;223;222m████[38;2;0;4;0m██  
  ██[38;2;148;149;140m████[38;2;148;150;140m██[38;2;0;4;0m██[38;2;206;105;66m████[38;2;156;90;63m████[38;2;123;73;49m████[38;2;156;90;62m████[38;2;120;75;60m██[38;2;74;60;57m██[38;2;222;223;222m████[38;2;222;224;219m████[38;2;0;4;0m██  
██[38;2;148;150;140m██[38;2;148;149;140m████[38;2;0;4;0m██  ██[38;2;206;105;66m██████[38;2;156;90;62m██████[38;2;123;73;49m██[38;2;214;105;66m████[38;2;66;65;66m██[38;2;222;223;222m██[38;2;222;224;219m████[38;2;0;4;0m██  
  ██████    [38;2;0;8;8m██[38;2;77;52;41m██[38;2;160;89;61m████[38;2;156;89;66m██[38;2;82;79;70m██[38;2;156;90;63m████[38;2;127;71;49m██[38;2;0;4;0m████[38;2;222;223;222m██[38;2;222;224;219m████[38;2;222;223;222m██[38;2;0;4;0m██
            [38;2;0;8;8m██[38;2;154;97;74m██[38;2;66;65;66m██[38;2;160;89;61m██[38;2;82;79;70m████[38;2;156;90;63m██[38;2;206;105;66m██[38;2;0;4;0m██    ██[38;2;222;224;219m████[38;2;222;223;222m██[38;2;0;4;0m██
          ██[38;2;160;89;61m████[38;2;66;65;66m██[38;2;77;75;74m██[38;2;93;95;95m██[38;2;79;77;68m██[38;2;209;105;63m████[38;2;0;4;0m██      ██[38;2;222;223;222m████[38;2;0;4;0m██
          ██[38;2;160;89;61m██[38;2;66;65;66m██[38;2;99;97;90m████[38;2;93;95;95m██[38;2;79;77;68m██[38;2;209;105;63m████[38;2;82;79;70m██[38;2;0;4;0m██      ████  
          ██[38;2;154;97;74m██[38;2;77;52;41m██[38;2;94;97;94m████[38;2;84;86;76m██[38;2;206;105;66m██████[38;2;94;97;94m██[38;2;0;4;0m██            
            [38;2;0;8;8m████[38;2;66;65;66m██[38;2;94;97;94m██[38;2;84;86;76m████[38;2;206;105;66m██[38;2;79;78;71m██[38;2;94;97;94m██[38;2;0;4;0m██            
              ██[38;2;66;64;66m████[38;2;0;4;0m██[38;2;66;64;66m██[38;2;94;97;94m████[38;2;0;4;0m██              
              ██[38;2;66;64;66m██[38;2;0;4;0m██  ██[38;2;66;65;66m██[38;2;94;97;94m██[38;2;0;4;0m██              
          ██[38;2;0;8;8m██[38;2;82;54;40m██[38;2;66;64;66m██[38;2;0;4;0m██    [38;2;0;8;8m██[38;2;126;80;62m██[38;2;0;4;0m██              
        ██[38;2;127;71;49m██[38;2;123;77;57m████[38;2;0;4;0m██      [38;2;0;8;8m██[38;2;189;117;90m██[38;2;127;71;49m██[38;2;0;4;0m██            
          ██████      ██[38;2;206;105;66m██[38;2;137;71;44m██[38;2;206;105;66m██[38;2;137;71;44m██[38;2;0;4;0m██          
                        ████████            
[0m