                                              [38;2;0;0;0m████████                            
                                            ██[38;2;208;149;213m██████[38;2;148;101;148m██[38;2;0;0;0m██                          
                                          ██[38;2;205;149;213m██[38;2;208;149;213m████████[38;2;148;101;148m██[38;2;0;0;0m██                        
                                      ████[38;2;65;64;65m██[38;2;213;145;213m██[38;2;208;149;213m████[38;2;213;145;213m██[38;2;71;62;71m██[38;2;148;107;148m██[38;2;0;8;0m██                        
                [38;2;0;0;0m████    ████        ██[38;2;142;99;142m██[38;2;213;149;213m██[38;2;65;64;65m██[38;2;139;105;139m██[38;2;208;149;213m████[38;2;213;145;213m██[38;2;142;103;142m██[38;2;74;58;74m████[38;2;0;0;0m████                    
              ██[38;2;197;194;205m████[38;2;0;0;0m████[38;2;255;255;255m████[38;2;8;8;8m██      [38;2;0;0;0m██[38;2;208;149;213m████[38;2;65;64;65m██[38;2;152;99;152m██[38;2;150;99;150m████[38;2;152;99;152m████[38;2;65;64;65m██[38;2;139;105;139m██[38;2;205;149;213m██[38;2;95;84;120m██[38;2;0;0;0m██                  
              ██[38;2;197;194;205m████[38;2;65;64;68m██[38;2;255;255;255m████[38;2;172;172;172m████[38;2;0;0;0m██    ██[38;2;148;101;148m██[38;2;208;149;213m██[38;2;152;99;152m██[38;2;65;64;65m██[38;2;150;99;150m████[38;2;152;99;152m██[38;2;65;64;65m████[38;2;213;145;213m██[38;2;205;149;213m████[38;2;0;0;0m██                  
      ████  ██[38;2;65;64;65m██████[38;2;197;194;205m██[38;2;255;250;255m██[38;2;128;124;128m██[38;2;255;255;255m████[38;2;0;0;0m██      [38;2;0;4;8m██[38;2;98;76;112m██[38;2;150;99;150m████[38;2;57;64;65m████[38;2;65;64;65m██[38;2;152;99;152m██[38;2;65;66;68m██[38;2;106;83;112m██[38;2;213;145;213m██[38;2;65;64;65m██[38;2;63;51;68m██[38;2;0;4;0m██  [38;2;0;0;0m██            
      ██[38;2;119;117;119m██[38;2;0;0;0m██[38;2;65;64;65m██[38;2;117;117;117m████[38;2;65;64;65m████[38;2;65;60;65m████[38;2;57;60;57m██[38;2;123;125;123m██[38;2;255;255;255m██[38;2;0;0;0m██  ██[38;2;98;76;112m██[38;2;148;113;164m██[38;2;150;99;150m████[38;2;106;91;115m██[38;2;205;145;213m██[38;2;152;99;152m████[38;2;148;101;156m██[38;2;65;66;68m██[38;2;65;64;65m██[38;2;139;105;139m██[38;2;189;145;205m██[38;2;126;98;137m██[38;2;0;0;0m██[38;2;164;190;189m██[38;2;0;0;0m██          
        ██[38;2;169;175;169m██[38;2;117;120;117m██[38;2;65;64;65m██[38;2;117;117;117m████[38;2;65;64;65m██[38;2;117;118;117m████[38;2;128;124;128m██[38;2;65;60;65m██[38;2;255;255;255m████[38;2;8;16;8m██[38;2;148;109;164m██[38;2;150;99;150m████[38;2;95;84;120m████[38;2;208;149;213m████[38;2;205;149;213m██[38;2;150;101;153m██[38;2;208;149;213m████[38;2;57;60;74m██[38;2;205;145;213m██[38;2;208;149;213m████[38;2;65;64;65m██[38;2;0;0;0m██[38;2;164;190;189m██[38;2;0;0;0m██  ██    
      ██[38;2;119;117;119m██[38;2;65;64;65m████[38;2;117;117;117m████████[38;2;117;118;117m████[38;2;65;60;65m██[38;2;255;250;255m██[38;2;255;255;255m████[38;2;54;47;60m██[38;2;101;78;112m██[38;2;98;85;123m████[38;2;205;149;213m████[38;2;208;149;213m██[38;2;148;101;148m██[38;2;150;101;153m██[38;2;205;149;213m██[38;2;208;149;213m████[38;2;106;89;120m████[38;2;208;149;213m██[38;2;148;101;148m██[38;2;0;0;0m██  ██[38;2;164;190;189m██[38;2;0;0;0m██[38;2;180;242;255m██[38;2;0;0;0m██  
      [38;2;8;4;0m██[38;2;63;62;57m██[38;2;117;117;117m████████[38;2;115;117;115m██[38;2;65;64;65m██[38;2;65;64;82m████[38;2;255;255;255m██████████[38;2;65;64;65m██[38;2;205;149;213m████[38;2;98;85;123m████[38;2;205;149;213m████████[38;2;95;84;120m████[38;2;213;145;222m██[38;2;74;60;74m██[38;2;74;52;74m██[38;2;148;101;148m██[38;2;0;0;0m██    ██[38;2;164;190;189m██[38;2;180;242;255m██[38;2;0;0;0m██  
    ██[38;2;172;178;172m██[38;2;117;120;115m██[38;2;65;64;65m██[38;2;117;117;117m████[38;2;65;64;65m████[38;2;82;82;82m██[38;2;255;238;74m██[38;2;128;122;79m██[38;2;255;255;255m██████████[38;2;65;64;65m██[38;2;150;101;153m████[38;2;150;99;150m████[38;2;95;84;120m████████[38;2;205;149;213m████[38;2;143;103;148m████[38;2;148;101;148m██[38;2;0;4;0m██    [38;2;0;0;0m██[38;2;180;242;255m██[38;2;164;190;189m██████[38;2;0;0;0m██
██[38;2;8;0;0m██[38;2;60;63;63m██[38;2;65;64;65m████[38;2;117;118;115m████[38;2;131;64;74m████[38;2;255;255;238m██[38;2;115;105;32m██[38;2;211;210;159m██[38;2;123;121;98m██[38;2;255;255;255m████████[38;2;205;198;205m██[38;2;65;68;65m██[38;2;152;99;152m████████[38;2;150;99;150m████████[38;2;152;99;152m████[38;2;148;107;148m██[38;2;74;58;74m██[38;2;0;0;0m██        ████[38;2;164;190;189m██[38;2;0;0;0m██  
██[38;2;164;190;189m██[38;2;60;63;63m██[38;2;98;94;109m██[38;2;115;109;131m██[38;2;117;118;115m██[38;2;82;80;65m██[38;2;255;255;255m██[38;2;131;64;74m██[38;2;255;255;238m██[38;2;185;180;135m██[38;2;123;121;98m██[38;2;255;255;189m██[38;2;255;255;255m██████[38;2;200;195;208m██[38;2;112;111;112m██[38;2;65;68;65m██[38;2;65;64;65m████████[38;2;150;99;150m████████[38;2;65;64;65m████[38;2;74;58;74m██[38;2;0;8;0m██            [38;2;0;0;0m██[38;2;164;190;189m██[38;2;0;0;0m██  
  [38;2;8;4;0m██[38;2;139;171;169m██[38;2;106;113;123m████[38;2;112;125;128m██[38;2;74;68;65m██[38;2;139;64;74m██[38;2;213;255;255m██[38;2;222;250;255m██[38;2;65;64;65m████[38;2;222;246;255m██[38;2;255;255;255m██[38;2;200;195;208m██[38;2;197;194;205m████[38;2;65;60;65m██[38;2;191;176;65m██[38;2;189;161;79m████████[38;2;63;64;63m████[38;2;65;64;65m████[38;2;164;190;189m████[38;2;65;64;65m██[38;2;164;190;189m██[38;2;0;0;0m██            ██    
  [38;2;8;4;0m██[38;2;205;255;255m██[38;2;189;234;255m██[38;2;65;52;57m██[38;2;74;68;65m██[38;2;189;238;255m██[38;2;189;191;194m████[38;2;169;188;191m██[38;2;222;250;255m██[38;2;222;246;255m██[38;2;65;64;65m██[38;2;200;195;208m████[38;2;197;194;205m██[38;2;65;64;65m██[38;2;255;234;65m████[38;2;255;238;65m██[38;2;189;161;79m██████[38;2;189;161;74m██[38;2;126;113;68m██[38;2;255;238;65m████[38;2;65;64;65m██[38;2;164;190;189m████████[38;2;0;0;0m██                
██[38;2;180;242;255m████[38;2;65;64;65m██[38;2;189;218;230m██[38;2;186;242;254m████[38;2;180;242;255m████[38;2;189;218;230m██[38;2;65;64;65m████[38;2;197;194;205m██████[38;2;117;109;112m██[38;2;186;169;84m██[38;2;255;234;65m██[38;2;74;68;65m██[38;2;255;238;65m████[38;2;131;126;63m██[38;2;74;72;65m██[38;2;246;230;57m██[38;2;74;64;57m██[38;2;254;238;63m████[38;2;255;238;65m██[38;2;84;79;32m██[38;2;0;0;0m████████                
██[38;2;180;242;255m██[38;2;65;64;65m██[38;2;189;218;230m██[38;2;65;64;65m██[38;2;186;242;254m████[38;2;180;242;255m██[38;2;65;64;65m████[38;2;189;218;230m██[38;2;197;194;205m████[38;2;115;118;117m████[38;2;186;169;84m██[38;2;255;230;57m██[38;2;255;234;65m██[38;2;134;124;65m██[38;2;123;109;54m██[38;2;255;238;65m██[38;2;74;72;65m██[38;2;246;234;57m██[38;2;131;120;57m████[38;2;254;238;63m████[38;2;255;238;65m██[38;2;0;0;16m██                        
[38;2;0;0;0m██[38;2;65;64;65m██[38;2;0;0;0m██[38;2;191;191;191m██[38;2;65;64;65m████[38;2;180;242;255m████[38;2;65;64;65m██[38;2;115;118;117m████████[38;2;197;194;205m██[38;2;189;161;82m██[38;2;254;238;63m████████[38;2;82;80;65m████[38;2;123;109;54m██[38;2;255;238;65m██[38;2;82;80;65m██[38;2;255;238;65m████[38;2;82;80;65m██[38;2;255;238;65m██[38;2;0;0;0m██                        
    ██[38;2;255;255;255m██[38;2;65;64;65m██████[38;2;180;242;255m██[38;2;65;64;65m██[38;2;197;194;205m██████████[38;2;189;161;82m██[38;2;254;238;63m████████[38;2;255;238;65m██[38;2;82;80;65m██[38;2;255;238;65m██████████[38;2;82;80;65m██[38;2;255;238;65m████[38;2;0;0;0m██                      
    ██[38;2;255;255;255m██[38;2;0;0;0m██[38;2;84;83;84m██[38;2;255;250;255m██[38;2;65;64;65m██[38;2;197;194;205m██[38;2;197;195;208m████[38;2;200;194;208m████[38;2;200;195;208m██[38;2;255;255;255m██[38;2;213;186;74m████[38;2;255;238;65m████[38;2;255;242;98m████[38;2;82;80;65m██[38;2;191;161;76m██[38;2;65;64;65m██[38;2;255;238;65m████[38;2;123;109;54m██[38;2;131;120;57m██[38;2;246;230;57m██[38;2;0;0;0m██                      
      ██  ██[38;2;255;250;255m██[38;2;65;64;65m██[38;2;197;194;205m██[38;2;197;195;208m██[38;2;115;117;115m██[38;2;200;194;208m████[38;2;200;195;208m██[38;2;255;255;255m████[38;2;213;186;74m██[38;2;82;80;65m██[38;2;255;238;65m██[38;2;65;68;98m██[38;2;191;184;98m██[38;2;191;161;76m████[38;2;65;64;65m██[38;2;255;238;65m██████[38;2;131;120;57m██[38;2;74;64;57m██[38;2;0;0;0m██                      
            ██[38;2;180;149;82m████[38;2;197;194;205m████[38;2;126;124;131m████[38;2;197;194;205m██[38;2;65;64;68m██[38;2;255;255;255m██[38;2;189;161;82m██[38;2;82;80;65m██[38;2;255;238;65m██[38;2;65;64;65m██[38;2;0;0;0m██[38;2;189;161;82m██[38;2;0;0;0m██[38;2;189;161;82m██[38;2;0;0;0m██[38;2;255;238;65m████████[38;2;0;0;0m██                      
              ██[38;2;180;149;82m██[38;2;164;121;90m██[38;2;197;194;205m██[38;2;189;186;197m██[38;2;0;0;0m████[38;2;65;64;68m██[38;2;255;255;255m██[38;2;189;161;82m██[38;2;82;80;65m██[38;2;255;238;65m██[38;2;0;0;0m██  ██  ██  [38;2;0;0;16m██[38;2;84;79;32m██[38;2;255;238;65m██[38;2;189;161;79m██[38;2;189;161;82m██[38;2;0;0;0m██                    
              ██[38;2;189;161;82m██[38;2;175;134;84m██[38;2;197;194;205m██[38;2;0;0;0m██    ██[38;2;255;250;197m██[38;2;172;167;131m██[38;2;131;120;57m████[38;2;255;234;74m██[38;2;0;0;0m██          ██[38;2;191;161;76m██[38;2;82;80;65m██[38;2;94;80;49m██[38;2;0;0;8m██                    
              [38;2;0;0;0m██[38;2;189;161;82m██[38;2;175;134;84m████[38;2;0;0;0m██      [38;2;8;0;0m██[38;2;172;167;131m██[38;2;246;230;57m██[38;2;74;64;57m██[38;2;127;117;37m██[38;2;0;0;0m██          ██[38;2;191;161;76m████[38;2;189;161;90m██[38;2;0;0;8m██                    
            [38;2;0;0;0m██[38;2;189;161;79m████[38;2;189;161;82m████[38;2;0;0;0m██      ██[38;2;255;238;65m██[38;2;255;234;65m████[38;2;127;117;37m██[38;2;0;0;0m██        [38;2;0;0;16m██[38;2;255;238;98m██[38;2;255;234;65m██[38;2;186;172;90m██[38;2;189;161;79m████[38;2;0;0;0m██                  
            ██[38;2;189;161;79m████[38;2;189;161;82m██[38;2;0;0;0m██        ██[38;2;255;238;65m██[38;2;74;68;65m██[38;2;134;124;65m██[38;2;255;234;74m██[38;2;0;0;0m██        [38;2;0;0;16m██[38;2;127;119;57m██[38;2;117;110;115m██[38;2;255;234;65m██[38;2;189;161;79m████[38;2;0;0;0m██                  
          [38;2;8;4;0m██[38;2;145;136;120m██[38;2;189;161;79m████[38;2;189;161;82m██[38;2;0;0;0m██      ██[38;2;254;238;63m████[38;2;255;238;65m██[38;2;123;109;54m██[38;2;0;0;0m██        ██[38;2;255;255;255m██[38;2;117;117;117m██[38;2;255;255;255m██[38;2;117;117;117m██[38;2;189;161;82m██[38;2;0;0;0m████                  
        ██[38;2;213;202;180m██[38;2;145;136;120m██[38;2;189;161;79m████[38;2;189;161;82m██[38;2;0;0;0m██    ██[38;2;255;238;65m██[38;2;254;238;63m████[38;2;255;238;65m████[38;2;0;0;0m██        ██[38;2;117;117;117m██[38;2;255;255;255m██[38;2;117;117;117m██[38;2;255;255;255m██[38;2;0;0;0m████                    
      ██[38;2;65;64;65m██[38;2;189;190;197m██[38;2;126;126;131m██[38;2;189;161;82m████[38;2;65;64;65m██[38;2;0;0;0m██    ██[38;2;123;125;123m██[38;2;123;121;98m██[38;2;211;210;159m██[38;2;255;238;65m████[38;2;0;0;0m██          ████████                        
        ████████████    ██[38;2;246;250;246m██[38;2;123;125;123m██[38;2;255;255;189m██[38;2;123;121;98m██[38;2;117;117;120m██[38;2;255;238;65m██[38;2;0;0;0m██                                          
                        ██[38;2;255;250;255m██[38;2;127;125;127m██[38;2;255;250;255m██[38;2;127;125;127m██[38;2;255;255;255m██[38;2;0;0;0m██                                            
                          ██████████                                              
[0m