  [38;2;0;0;0m██                                              
██[38;2;206;206;206m██[38;2;0;0;0m██                                            
██[38;2;206;206;206m████[38;2;0;0;0m██  ██          ████    ████                
██[38;2;206;206;206m██████[38;2;0;0;0m██[38;2;255;255;255m██[38;2;0;0;0m██  ██  ██[38;2;74;148;255m████[38;2;0;0;0m████[38;2;255;255;255m██[38;2;0;0;0m██                
  ██[38;2;206;206;206m██[38;2;65;65;65m████[38;2;165;165;165m██[38;2;65;65;65m██[38;2;0;0;0m██[38;2;255;255;255m██[38;2;0;0;0m██[38;2;74;148;255m████[38;2;65;65;65m██[38;2;0;0;0m██[38;2;255;255;255m████[38;2;0;0;0m██                
  ██[38;2;65;65;65m██[38;2;74;148;255m████████[38;2;65;65;65m██[38;2;165;165;165m██[38;2;65;65;65m██████[38;2;255;255;255m██████[38;2;65;65;65m██[38;2;0;0;0m██                
██[38;2;74;148;255m██[38;2;156;197;255m████[38;2;74;148;255m████████[38;2;65;65;65m████[38;2;123;123;123m██[38;2;255;255;255m██████[38;2;206;206;206m██[38;2;65;65;65m██[38;2;74;148;255m██[38;2;0;0;0m██              
██[38;2;66;115;197m████[38;2;74;148;255m██████████[38;2;65;65;65m██████[38;2;255;255;255m██████[38;2;65;65;65m██[38;2;74;148;255m██████[38;2;0;0;0m██            
██[38;2;65;65;65m██[38;2;66;115;197m██████[38;2;74;148;255m████[38;2;66;115;197m██[38;2;65;65;65m██████[38;2;165;165;165m██[38;2;255;255;255m██[38;2;65;65;65m██████[38;2;74;148;255m██[38;2;66;115;197m████[38;2;0;0;0m██          
  ██[38;2;66;115;197m██████████[38;2;65;65;65m██████[38;2;123;123;123m██[38;2;65;65;65m████[38;2;123;123;123m██[38;2;65;65;65m██[38;2;74;148;255m██[38;2;65;65;65m████[38;2;66;115;197m██[38;2;0;0;0m██          
  ██[38;2;255;255;255m████[38;2;66;115;197m████[38;2;65;65;65m██████[38;2;181;74;58m██[38;2;165;165;165m██[38;2;65;65;65m██[38;2;165;165;165m██[38;2;123;123;123m██[38;2;65;65;65m██[38;2;74;148;255m████[38;2;165;165;165m██[38;2;65;65;65m██[38;2;66;115;197m██[38;2;0;0;0m██        
    ██[38;2;165;165;165m██[38;2;65;65;65m██[38;2;255;255;255m████[38;2;65;65;65m██[38;2;0;0;0m██[38;2;247;74;58m██[38;2;165;165;165m██[38;2;65;65;65m██[38;2;165;165;165m██[38;2;65;65;65m██[38;2;165;165;165m██[38;2;255;255;255m████[38;2;123;123;123m████[38;2;65;65;65m██[38;2;0;0;0m██        
    ██[38;2;65;65;65m██████[38;2;165;165;165m██[38;2;65;65;65m██[38;2;247;74;58m██[38;2;165;165;165m██[38;2;65;65;65m████[38;2;123;123;123m██[38;2;65;65;65m██[38;2;74;148;255m██[38;2;65;65;65m██[38;2;123;123;123m██████████[38;2;0;0;0m██      
      ████[38;2;65;65;65m████[38;2;165;165;165m████[38;2;65;65;65m██[38;2;123;123;123m████[38;2;65;65;65m██[38;2;66;115;197m██[38;2;123;123;123m██████████████[38;2;65;65;65m██[38;2;0;0;0m████  
          ██[38;2;165;165;165m██████[38;2;65;65;65m██████[38;2;165;165;165m██[38;2;65;65;65m██[38;2;165;165;165m██[38;2;65;65;65m██[38;2;123;123;123m██[38;2;165;165;165m████[38;2;65;65;65m██[38;2;123;123;123m██[38;2;65;65;65m██[38;2;66;115;197m██[38;2;65;65;65m██[38;2;0;0;0m██
            ██[38;2;65;65;65m██████[38;2;74;148;255m████[38;2;65;65;65m██[38;2;74;148;255m████[38;2;65;65;65m██[38;2;165;165;165m████████[38;2;65;65;65m████[38;2;66;115;197m██[38;2;65;65;65m██[38;2;0;0;0m██
              ██[38;2;123;123;123m████[38;2;65;65;65m██[38;2;165;165;165m██[38;2;65;65;65m██[38;2;165;165;165m██[38;2;65;65;65m██[38;2;165;165;165m████████[38;2;74;148;255m██[38;2;65;65;65m████[38;2;0;0;0m████  
                ██[38;2;65;65;65m██[38;2;123;123;123m██[38;2;65;65;65m██[38;2;123;123;123m██[38;2;65;65;65m████[38;2;74;148;255m██[38;2;255;255;255m████[38;2;74;148;255m██[38;2;66;115;197m██[38;2;65;65;65m██[38;2;0;0;0m██      
              ██[38;2;206;206;206m████[38;2;65;65;65m██[38;2;0;0;0m████████[38;2;66;115;197m████████[38;2;65;65;65m██[38;2;123;123;123m██[38;2;0;0;0m██      
                ██████        ██[38;2;65;65;65m██████[38;2;123;123;123m████[38;2;0;0;0m██      
                                ██[38;2;123;123;123m██[38;2;65;65;65m██[38;2;123;123;123m██[38;2;0;0;0m██        
                              ██[38;2;206;206;206m██[38;2;65;65;65m██[38;2;206;206;206m██[38;2;123;123;123m██[38;2;0;0;0m██        
                                ████████          
[0m