                                            [38;2;0;0;0m████                                          
                                          ██[38;2;131;214;156m██[38;2;0;4;0m██                                          
[38;2;0;0;0m████                                    ██[38;2;131;202;164m██[38;2;87;144;104m██[38;2;0;4;0m██                                          
[38;2;0;0;0m██[38;2;87;159;93m██[38;2;0;0;0m██                                  [38;2;0;4;0m██[38;2;131;210;156m██[38;2;90;157;90m██[38;2;0;0;0m██                                          
██[38;2;87;159;93m██[38;2;90;157;90m██[38;2;0;0;0m██                              ██[38;2;131;210;156m██[38;2;87;141;104m██[38;2;0;0;0m██                                            
  ██[38;2;87;159;93m████[38;2;0;0;0m██                          [38;2;0;4;0m██[38;2;131;214;156m██[38;2;87;159;93m████[38;2;0;0;0m██                                            
  ██[38;2;87;159;93m████[38;2;90;157;90m██[38;2;0;0;0m██                        [38;2;0;4;0m██[38;2;87;144;104m██[38;2;87;159;93m████[38;2;0;0;0m██                                            
    ██[38;2;87;159;93m████[38;2;0;0;0m██                      ██[38;2;131;218;148m██[38;2;87;148;98m██[38;2;0;0;0m████                                              
    ██[38;2;87;159;93m████[38;2;0;0;0m██                    ██[38;2;131;202;164m██[38;2;87;148;98m██[38;2;0;8;0m██                                                  
      [38;2;0;0;0m██[38;2;87;159;93m██[38;2;0;0;0m██                    [38;2;0;8;0m██[38;2;87;148;98m██[38;2;0;0;0m██                                                    
      ██[38;2;87;159;93m████[38;2;0;0;0m██                ██[38;2;131;218;148m██[38;2;87;148;98m██[38;2;0;0;0m██                                                    
        ██[38;2;87;159;93m██[38;2;0;0;0m██              [38;2;0;4;0m██[38;2;131;210;156m██[38;2;90;157;90m██[38;2;0;0;0m██                                                      
        ██[38;2;87;159;93m██[38;2;90;157;90m██[38;2;0;0;0m██    ████████[38;2;131;210;156m██[38;2;87;141;104m██[38;2;0;0;0m██                                                        
          ██[38;2;120;124;74m██[38;2;57;76;74m██[38;2;0;0;0m████[38;2;127;202;160m██[38;2;255;206;65m██[38;2;131;202;164m██[38;2;65;64;65m██[38;2;87;159;93m████[38;2;49;67;60m██[38;2;8;0;8m██                                                      
          [38;2;0;0;0m██[38;2;57;76;74m██[38;2;246;218;74m██[38;2;131;202;164m████[38;2;127;202;160m████[38;2;65;64;65m██[38;2;131;202;164m██[38;2;87;159;93m██[38;2;65;64;65m██[38;2;131;202;164m████[38;2;0;0;0m██████                                                
    ████[38;2;16;0;8m██[38;2;54;67;60m██[38;2;159;182;115m██[38;2;213;234;123m██[38;2;255;206;65m████[38;2;230;226;106m██[38;2;57;68;74m██[38;2;131;202;164m██[38;2;87;159;93m██[38;2;63;70;63m██[38;2;123;210;156m██[38;2;128;203;161m████[38;2;127;202;160m██[38;2;255;206;65m██[38;2;172;202;131m██[38;2;0;0;0m████                                            
  ██[38;2;87;159;93m████[38;2;54;67;60m██[38;2;131;202;164m██[38;2;159;182;115m██[38;2;49;76;98m██[38;2;65;64;65m████[38;2;57;68;74m██[38;2;172;174;95m██[38;2;87;159;93m████[38;2;63;70;63m██[38;2;93;140;109m██[38;2;90;157;90m████[38;2;127;202;160m████[38;2;172;202;131m████[38;2;131;202;164m██[38;2;0;0;0m████                                        
  ██[38;2;87;159;93m████[38;2;65;64;65m██[38;2;131;202;164m██[38;2;65;64;65m██[38;2;131;202;164m██[38;2;128;203;161m████[38;2;123;210;156m██[38;2;93;140;109m██[38;2;87;159;93m████████████████[38;2;84;157;93m██[38;2;255;206;65m██████[38;2;119;131;61m██[38;2;0;28;32m██                                      
  [38;2;0;0;0m██[38;2;87;159;93m██[38;2;65;64;65m██[38;2;131;202;164m████[38;2;65;64;65m██[38;2;131;202;164m██[38;2;90;157;90m████[38;2;63;70;63m████[38;2;87;159;93m██████[38;2;65;64;65m██[38;2;87;159;93m████████[38;2;84;157;93m████[38;2;106;182;126m████[38;2;238;234;90m██[38;2;119;131;61m██[38;2;0;0;0m████      ████                        
  ██[38;2;79;149;93m████[38;2;131;202;164m██[38;2;65;64;65m██[38;2;131;210;156m██[38;2;87;141;104m██[38;2;65;64;65m██████[38;2;87;159;93m██[38;2;106;98;82m██[38;2;57;85;65m██[38;2;65;64;65m██[38;2;87;159;93m██[38;2;65;64;65m██[38;2;0;0;0m████[38;2;90;157;90m██[38;2;87;159;93m████████[38;2;84;157;93m██[38;2;255;206;65m██[38;2;93;140;109m██[38;2;63;70;63m██[38;2;0;8;8m████[38;2;0;20;0m██[38;2;197;125;115m██[38;2;205;105;115m██[38;2;0;0;0m██                      
  ██[38;2;79;149;93m██[38;2;126;202;161m██[38;2;65;64;65m██[38;2;131;202;164m██[38;2;131;210;156m██[38;2;0;4;0m██[38;2;191;156;65m██[38;2;65;64;65m██[38;2;87;159;93m██[38;2;65;64;65m██[38;2;57;85;65m██[38;2;205;125;115m██[38;2;65;64;65m██[38;2;87;159;93m██[38;2;0;0;0m██    ████[38;2;87;159;93m██████[38;2;84;157;93m████[38;2;63;70;63m██[38;2;123;210;156m██[38;2;68;43;46m██[38;2;205;113;123m██[38;2;197;125;115m██[38;2;131;90;76m██[38;2;205;105;115m██[38;2;0;0;0m██                      
  ██[38;2;86;141;106m██[38;2;115;210;156m██[38;2;65;64;65m██[38;2;131;202;164m██[38;2;0;0;24m██[38;2;246;206;74m██[38;2;65;64;65m████[38;2;74;52;57m██[38;2;194;122;123m██[38;2;205;125;115m██[38;2;57;85;65m██[38;2;87;159;93m██████[38;2;0;0;0m██      ██[38;2;87;159;93m████[38;2;65;64;65m██████[38;2;131;202;164m██[38;2;87;159;93m██[38;2;65;64;65m██[38;2;87;159;93m████[38;2;84;159;93m██[38;2;205;105;115m██[38;2;0;0;0m██                    
  ██[38;2;86;141;106m██[38;2;57;72;57m██[38;2;131;202;164m██[38;2;65;64;65m██[38;2;82;68;41m████[38;2;65;64;65m████[38;2;255;157;156m██[38;2;194;122;123m██[38;2;57;85;65m██[38;2;106;98;82m██[38;2;0;0;0m██[38;2;87;159;93m██████[38;2;0;0;0m██    ██[38;2;65;64;65m██████[38;2;131;202;164m██[38;2;65;64;65m████████[38;2;87;159;93m████[38;2;84;159;93m██[38;2;205;105;115m██[38;2;0;0;0m██                    
██[38;2;131;202;164m██[38;2;76;144;93m██[38;2;128;199;161m██[38;2;87;159;93m████[38;2;106;98;82m██[38;2;57;85;65m██[38;2;65;64;65m██[38;2;255;182;164m██[38;2;208;105;115m████[38;2;90;157;90m██[38;2;0;0;0m██  ██[38;2;82;134;104m██[38;2;123;202;156m██[38;2;131;202;164m██[38;2;0;0;0m██  ██[38;2;131;210;156m████[38;2;131;202;164m██[38;2;87;159;93m██[38;2;93;140;109m██[38;2;63;70;63m██[38;2;128;202;161m████[38;2;63;70;63m██[38;2;93;140;109m██[38;2;87;159;93m████[38;2;230;105;98m██[38;2;8;0;0m██                  
[38;2;0;0;0m██[38;2;131;202;164m██[38;2;128;199;161m██[38;2;76;144;93m██[38;2;87;159;93m██[38;2;0;0;0m██[38;2;57;85;65m██[38;2;205;125;115m██[38;2;255;182;164m████[38;2;208;105;115m██[38;2;131;202;164m██[38;2;0;0;0m██      ████[38;2;131;202;164m████[38;2;0;0;0m██  [38;2;0;4;0m██[38;2;87;141;104m██[38;2;87;159;93m████[38;2;63;70;63m██[38;2;123;210;156m██[38;2;128;202;161m████[38;2;123;210;156m██[38;2;63;70;63m██[38;2;87;159;93m████[38;2;156;70;65m██[38;2;8;0;0m██                  
[38;2;0;0;0m██[38;2;131;202;164m██[38;2;87;159;93m████[38;2;0;0;0m██  [38;2;8;0;0m██[38;2;255;178;164m██[38;2;255;182;164m██[38;2;209;105;115m██[38;2;131;202;164m██[38;2;0;0;0m██            ██[38;2;131;202;164m████[38;2;0;0;0m██[38;2;69;133;98m██[38;2;65;64;65m██[38;2;87;159;90m████[38;2;65;64;57m██[38;2;123;202;156m██[38;2;131;202;164m████[38;2;65;64;65m████[38;2;87;159;90m████[38;2;180;72;41m██[38;2;0;0;0m██                  
  ██[38;2;87;159;93m██[38;2;0;0;0m██  ██[38;2;172;118;109m██[38;2;255;178;164m██[38;2;209;105;115m████[38;2;131;202;164m██[38;2;0;0;0m██    ████      ██[38;2;131;202;164m████[38;2;65;64;65m████[38;2;87;159;90m██[38;2;82;105;74m██[38;2;84;110;90m██[38;2;65;64;57m██[38;2;131;202;164m██[38;2;65;64;65m██[38;2;131;202;164m██[38;2;65;64;65m██[38;2;87;159;90m██[38;2;180;72;41m██[38;2;0;0;0m██                    
    ██    ██[38;2;180;137;131m████[38;2;156;170;148m████[38;2;0;0;0m██    ██[38;2;238;255;246m██[38;2;101;136;109m██[38;2;0;0;0m██      ██[38;2;49;80;65m██[38;2;0;0;0m████[38;2;98;149;98m██[38;2;53;74;53m██[38;2;87;159;93m████[38;2;76;129;87m██[38;2;65;64;65m██[38;2;131;202;164m████[38;2;65;64;65m██[38;2;0;0;0m██                      
            ██[38;2;180;137;131m██[38;2;156;170;148m██[38;2;0;0;0m██      ██[38;2;32;76;41m██[38;2;101;136;109m██[38;2;90;157;90m██[38;2;0;0;0m██████[38;2;74;121;98m██[38;2;0;0;0m██    [38;2;8;0;8m██[38;2;53;74;53m██[38;2;87;159;93m██[38;2;65;64;65m████[38;2;82;161;98m██[38;2;65;64;65m██[38;2;131;202;164m██[38;2;0;0;0m██                        
              ████      ██[38;2;255;255;255m██[38;2;84;95;84m████[38;2;82;151;93m████[38;2;87;159;93m████[38;2;0;0;0m██      ██[38;2;90;157;90m██[38;2;65;64;65m██[38;2;255;255;255m██[38;2;123;206;156m██[38;2;63;74;57m██[38;2;69;133;98m████[38;2;131;202;164m██[38;2;0;0;0m██                      
                        ████[38;2;0;16;0m██[38;2;255;255;255m██[38;2;82;151;93m██[38;2;0;0;0m██████          ██[38;2;65;64;65m████[38;2;93;140;106m██[38;2;123;206;156m██[38;2;69;133;98m██[38;2;131;202;164m████[38;2;0;0;0m██                      
                              ████                ██[38;2;255;255;255m██[38;2;84;95;84m██[38;2;49;85;65m██[38;2;143;170;160m██[38;2;76;129;87m██[38;2;65;64;65m██[38;2;0;0;0m██                        
                                                  ██[38;2;0;16;0m██[38;2;84;95;84m██[38;2;238;255;255m██[38;2;143;170;160m██[38;2;65;64;65m██[38;2;82;161;98m██[38;2;0;0;0m██                        
                              ██████████              ██[38;2;65;64;65m████[38;2;82;153;90m██[38;2;197;178;68m██[38;2;0;0;0m██                        
                            ██[38;2;180;72;41m██████████[38;2;0;0;0m██          ██[38;2;131;202;164m██████[38;2;255;190;57m██[38;2;82;153;90m██[38;2;0;0;0m██                        
                        ████[38;2;65;64;65m████████████[38;2;49;79;52m██[38;2;8;0;8m██[38;2;0;0;0m██      ██[38;2;131;202;164m██[38;2;128;203;161m████[38;2;255;186;57m██[38;2;82;149;90m██[38;2;0;0;0m██                        
                  ██████[38;2;71;132;98m████[38;2;65;64;65m██[38;2;87;159;93m██████████[38;2;90;159;95m████[38;2;65;64;65m██[38;2;0;0;0m██████[38;2;131;202;164m████[38;2;128;203;161m██[38;2;90;157;90m██[38;2;197;174;68m████[38;2;0;0;0m██                        
              ██[38;2;8;0;8m██[38;2;90;159;95m██[38;2;87;159;93m████████[38;2;117;124;74m██[38;2;57;72;74m██[38;2;82;149;90m████[38;2;71;132;95m████[38;2;68;89;76m████[38;2;127;125;115m██[38;2;106;52;65m██[38;2;79;116;98m██[38;2;57;68;65m██[38;2;65;64;65m██[38;2;131;202;164m██[38;2;84;157;93m██[38;2;255;206;65m██[38;2;90;159;95m██[38;2;8;0;8m██                          
            [38;2;0;0;0m██[38;2;90;157;90m██[38;2;90;159;95m██[38;2;49;79;52m██[38;2;65;64;65m██[38;2;87;159;93m██████[38;2;178;175;74m██[38;2;57;72;74m██[38;2;82;149;90m██[38;2;180;71;41m██[38;2;180;72;41m████[38;2;68;89;76m██[38;2;205;105;115m██[38;2;148;198;164m████[38;2;57;68;65m██[38;2;123;210;164m██[38;2;131;202;164m██[38;2;65;64;65m██[38;2;84;157;93m██[38;2;255;206;65m██[38;2;90;159;95m██[38;2;49;79;52m██[38;2;0;0;0m██                        
      ████  [38;2;8;0;8m██[38;2;49;67;60m██[38;2;57;72;57m██[38;2;86;141;106m██[38;2;180;137;131m██[38;2;65;64;65m██[38;2;189;165;65m████[38;2;98;153;98m██[38;2;49;76;49m██[38;2;87;159;93m████[38;2;126;101;87m██[38;2;63;60;52m██[38;2;205;105;115m██[38;2;128;202;164m██[38;2;131;202;164m██[38;2;65;64;65m██[38;2;115;190;139m████[38;2;126;203;164m████[38;2;74;64;57m██[38;2;134;156;106m██[38;2;82;161;98m██[38;2;65;64;65m██[38;2;71;132;98m██[38;2;0;0;0m████                    
      ██[38;2;205;105;115m██[38;2;0;0;0m██[38;2;131;202;164m████[38;2;115;210;156m██[38;2;86;141;106m██[38;2;180;137;131m████[38;2;57;93;74m██[38;2;101;117;71m██[38;2;0;0;0m████████[38;2;0;20;16m██[38;2;189;141;123m██[38;2;128;202;164m████[38;2;65;64;65m██[38;2;131;202;164m██[38;2;115;190;139m██[38;2;205;105;115m██[38;2;65;133;98m██[38;2;126;203;164m██[38;2;164;202;131m██[38;2;74;64;57m██[38;2;65;64;65m██[38;2;76;129;87m██[38;2;71;132;98m████[38;2;65;133;98m██[38;2;0;0;0m██                  
        [38;2;0;8;0m██[38;2;180;133;123m██[38;2;128;202;164m████[38;2;128;202;161m████[38;2;86;141;106m████[38;2;205;113;123m██[38;2;0;8;8m██          [38;2;0;0;0m██[38;2;131;202;164m██[38;2;65;64;65m██[38;2;115;190;139m████[38;2;213;125;131m██[38;2;74;153;115m██[38;2;128;202;161m████[38;2;131;202;164m██[38;2;54;67;60m██[38;2;0;0;0m████[38;2;71;132;98m████[38;2;76;129;87m██[38;2;65;64;65m██[38;2;0;0;0m██████            
        [38;2;0;8;0m██[38;2;120;91;82m██[38;2;205;105;115m██[38;2;128;202;164m██[38;2;128;202;161m████[38;2;115;210;156m██[38;2;57;72;57m██[38;2;68;43;46m██[38;2;0;8;8m██        [38;2;0;0;0m██[38;2;65;64;65m████[38;2;131;202;164m██[38;2;115;190;139m██[38;2;205;105;115m██[38;2;74;153;115m██[38;2;120;144;120m██[38;2;128;202;161m████[38;2;54;67;60m██[38;2;16;0;8m██    [38;2;0;0;0m████[38;2;65;64;65m██[38;2;82;161;98m██[38;2;98;153;98m██[38;2;49;76;49m██[38;2;180;72;41m██[38;2;0;0;0m██████      
        [38;2;8;0;0m██[38;2;131;210;156m██[38;2;65;133;98m████[38;2;131;202;164m████[38;2;65;64;65m██[38;2;131;202;164m██[38;2;128;202;161m████[38;2;0;0;0m████████[38;2;128;202;161m████[38;2;65;64;65m██[38;2;131;202;164m██[38;2;126;203;164m██[38;2;65;133;98m██[38;2;128;202;161m████[38;2;123;210;156m██[38;2;63;70;63m██[38;2;84;159;93m██[38;2;205;105;115m██[38;2;0;0;0m██      [38;2;0;8;8m██[38;2;74;36;35m██[38;2;87;159;93m████[38;2;65;64;65m████[38;2;180;72;43m████[38;2;0;0;0m████  
      ██[38;2;90;140;104m██[38;2;49;70;52m██[38;2;126;203;164m████[38;2;131;202;164m██[38;2;65;64;65m██[38;2;131;202;164m████[38;2;128;202;161m████[38;2;131;202;164m████████[38;2;128;202;161m████[38;2;131;202;164m██[38;2;65;64;65m██[38;2;126;203;164m████[38;2;128;202;161m████[38;2;63;70;63m██[38;2;93;140;109m██[38;2;84;159;93m██[38;2;205;105;115m██[38;2;0;0;0m██      [38;2;0;8;8m██[38;2;222;93;90m██[38;2;65;64;65m████[38;2;87;159;93m████[38;2;65;64;65m██[38;2;180;72;43m██[38;2;180;72;41m████[38;2;0;0;0m██
    ██[38;2;205;105;115m██[38;2;84;159;93m████[38;2;63;70;63m██[38;2;123;210;156m██[38;2;123;214;148m██[38;2;63;76;54m██[38;2;189;165;65m██[38;2;101;117;71m██[38;2;84;157;93m████[38;2;82;165;115m██[38;2;139;182;104m████[38;2;82;165;115m██[38;2;84;157;93m████[38;2;90;157;90m██[38;2;194;157;63m██[38;2;49;70;52m██[38;2;131;210;156m████[38;2;49;70;52m██[38;2;84;159;93m████[38;2;205;105;115m██[38;2;0;0;0m██          ██[38;2;222;85;82m██[38;2;65;133;98m██[38;2;65;64;65m██[38;2;0;0;0m██[38;2;98;153;98m██[38;2;49;76;49m██[38;2;0;0;0m████  
      ██[38;2;205;105;115m██[38;2;84;159;93m██[38;2;93;140;109m██[38;2;63;70;63m██[38;2;93;145;101m████[38;2;57;93;74m██[38;2;189;165;65m██[38;2;255;206;65m████[38;2;255;214;82m██[38;2;82;165;115m████[38;2;255;214;82m██[38;2;255;206;65m████[38;2;194;157;63m██[38;2;90;157;90m██[38;2;90;140;104m██[38;2;8;0;0m████[38;2;90;140;104m██[38;2;84;159;93m██[38;2;205;105;115m██[38;2;0;0;0m██            ██[38;2;222;85;82m██[38;2;65;133;98m██[38;2;0;0;0m██  ████      
        ██[38;2;205;105;115m██[38;2;87;159;93m████[38;2;0;0;0m████████[38;2;87;159;93m████[38;2;119;119;45m██[38;2;238;226;82m████[38;2;119;119;45m██[38;2;87;159;93m████[38;2;0;0;0m██████    ██████                ████              
          ██████        ████[38;2;0;12;8m████████[38;2;0;0;0m████                                                  
[0m