                                    [38;2;0;0;0m████                                          
                                  ██[38;2;74;113;194m██[38;2;205;234;255m██[38;2;0;0;0m██                                        
                                ██[38;2;115;206;255m██[38;2;205;234;255m██[38;2;74;113;194m██[38;2;115;206;255m██[38;2;0;0;0m████        ██████                      
                            ████[38;2;205;234;255m████[38;2;123;149;189m██[38;2;74;113;193m██[38;2;115;206;255m████[38;2;76;134;172m██[38;2;0;0;8m██    [38;2;0;0;24m██[38;2;90;119;139m██[38;2;71;113;194m██[38;2;180;242;255m██[38;2;0;0;0m██                    
                          ██[38;2;164;222;255m████[38;2;205;234;255m██[38;2;74;113;194m██[38;2;123;149;189m████[38;2;74;111;193m██[38;2;115;206;255m██[38;2;115;202;255m████[38;2;0;0;0m████[38;2;180;238;255m████[38;2;71;113;194m████[38;2;0;0;0m██                    
                        ██[38;2;197;234;255m██[38;2;205;234;255m████[38;2;205;234;246m██[38;2;74;113;189m██[38;2;120;151;189m████[38;2;82;113;189m██[38;2;123;210;246m██[38;2;115;206;255m████[38;2;115;198;255m██[38;2;65;60;74m██[38;2;189;238;246m██[38;2;74;113;189m██[38;2;123;149;189m██[38;2;0;0;0m██                      
                        ██[38;2;131;156;169m██[38;2;119;149;189m██[38;2;205;234;255m██[38;2;74;113;189m██[38;2;117;153;208m██[38;2;120;151;189m████[38;2;95;145;208m██[38;2;82;113;189m██[38;2;115;206;255m██[38;2;120;149;189m██[38;2;90;129;164m██[38;2;65;60;74m██[38;2;74;113;189m██[38;2;112;155;208m██[38;2;0;0;0m██      ██████            
                        ██[38;2;180;242;255m██[38;2;117;152;202m████[38;2;74;111;193m████████████[38;2;74;113;193m██[38;2;123;149;189m██[38;2;120;151;191m██[38;2;65;64;65m██[38;2;123;149;189m██[38;2;0;0;0m██    ████[38;2;71;113;194m██[38;2;180;242;255m████[38;2;0;0;0m██          
                        ██[38;2;180;242;255m██[38;2;189;238;246m██[38;2;82;109;180m██[38;2;115;206;255m████████████[38;2;74;113;193m██[38;2;123;149;189m██[38;2;120;151;191m████[38;2;0;0;0m██  ████[38;2;123;149;189m████[38;2;71;113;194m████[38;2;180;242;255m██[38;2;0;0;0m██          
                      ██[38;2;186;242;254m████[38;2;156;195;202m██[38;2;106;165;255m██[38;2;117;207;254m████████████[38;2;74;113;193m██[38;2;123;149;189m██[38;2;120;151;189m████[38;2;54;56;63m██[38;2;16;8;0m██[38;2;123;149;189m████[38;2;87;126;191m████[38;2;123;149;189m██[38;2;0;0;0m████            
                      ██[38;2;186;242;254m████[38;2;156;195;202m██[38;2;255;255;98m██[38;2;117;207;254m████████████[38;2;74;113;193m██[38;2;123;149;189m██[38;2;120;151;189m████[38;2;54;56;63m██[38;2;131;153;189m██[38;2;74;113;193m████[38;2;87;126;191m██[38;2;65;64;65m██[38;2;0;0;0m██                
                  ██[38;2;16;4;0m██[38;2;52;60;84m██[38;2;180;242;255m████[38;2;106;178;230m████[38;2;117;207;254m████████████[38;2;82;113;189m██[38;2;95;145;208m██[38;2;120;151;191m████[38;2;65;64;65m████████[38;2;43;66;84m██[38;2;8;0;0m██                  
              [38;2;0;0;0m████[38;2;115;206;255m██[38;2;87;117;169m██[38;2;52;60;84m██[38;2;255;238;65m██[38;2;180;242;255m██[38;2;255;238;65m██[38;2;106;178;230m██[38;2;117;207;254m████████████[38;2;123;210;246m██[38;2;82;113;189m██[38;2;120;151;191m██[38;2;65;64;65m██[38;2;120;151;191m████[38;2;180;242;255m████[38;2;79;132;169m██[38;2;115;198;255m██[38;2;0;0;0m██                
            [38;2;8;0;0m██[38;2;46;68;84m██[38;2;74;113;193m████[38;2;65;64;65m██[38;2;180;242;255m██[38;2;186;242;254m████[38;2;106;178;230m████[38;2;255;238;65m██[38;2;115;206;255m██[38;2;255;238;65m██[38;2;115;206;255m██[38;2;117;207;254m████[38;2;115;206;255m██[38;2;74;111;193m██[38;2;123;153;164m██[38;2;65;64;74m██[38;2;180;242;255m██[38;2;120;151;189m██[38;2;123;149;189m██[38;2;74;113;193m██[38;2;115;206;255m██████[38;2;0;0;0m██              
        ████[38;2;123;206;255m████[38;2;74;113;193m██[38;2;123;149;189m██[38;2;65;64;65m██[38;2;180;242;255m██[38;2;186;242;254m████[38;2;255;238;65m██[38;2;106;178;230m██[38;2;115;206;255m████████[38;2;117;207;254m████[38;2;115;206;255m██[38;2;74;111;193m██[38;2;65;64;74m██[38;2;180;242;255m██████[38;2;74;113;193m██[38;2;123;149;189m██[38;2;74;111;193m██[38;2;115;206;255m██████[38;2;0;0;0m██            
      ██[38;2;117;207;254m████████[38;2;87;126;191m████[38;2;65;64;65m██[38;2;180;242;255m██[38;2;186;242;254m████[38;2;90;117;180m██[38;2;123;210;255m██[38;2;117;207;254m████████[38;2;115;207;254m████[38;2;180;242;255m██[38;2;71;113;194m██[38;2;65;64;65m██[38;2;180;242;255m██[38;2;189;238;246m██[38;2;74;113;189m██[38;2;120;151;189m████[38;2;123;149;189m██[38;2;74;113;193m██[38;2;115;206;255m██████[38;2;0;0;0m██          
  ████[38;2;115;206;255m██[38;2;117;207;254m████████[38;2;87;126;191m██[38;2;65;64;65m██[38;2;180;242;255m████[38;2;186;242;254m████[38;2;101;148;205m██[38;2;123;210;255m██[38;2;117;207;254m████████[38;2;115;207;254m██[38;2;180;242;255m████[38;2;71;113;194m██[38;2;65;64;65m██[38;2;180;242;255m██[38;2;74;113;189m██[38;2;112;155;208m██[38;2;120;151;189m████[38;2;123;149;189m████[38;2;74;111;193m██[38;2;115;206;255m██████[38;2;0;0;0m██        
██[38;2;123;149;189m██[38;2;65;64;65m██[38;2;115;206;255m██████[38;2;123;210;246m██[38;2;82;113;189m██[38;2;98;132;191m██[38;2;65;64;65m██[38;2;186;242;254m████[38;2;189;242;255m██[38;2;117;153;205m██[38;2;117;207;254m████████[38;2;115;207;254m████[38;2;186;242;254m████[38;2;186;238;254m██[38;2;115;206;255m██[38;2;71;113;191m██[38;2;65;64;65m██[38;2;123;149;189m██[38;2;74;113;193m██[38;2;123;149;189m████[38;2;120;151;189m████[38;2;123;149;189m██[38;2;74;113;193m██[38;2;115;206;255m████[38;2;0;0;0m██        
██[38;2;123;149;189m██[38;2;65;64;65m██[38;2;115;206;255m████[38;2;74;111;193m██[38;2;82;113;189m██[38;2;95;145;208m██[38;2;98;132;191m██[38;2;65;64;65m██[38;2;186;242;254m████[38;2;189;242;255m██[38;2;82;109;180m██[38;2;117;207;254m████████[38;2;115;207;254m██[38;2;180;242;255m██[38;2;186;242;254m████[38;2;115;206;255m██[38;2;186;238;254m██[38;2;71;113;191m██[38;2;65;64;65m██[38;2;123;149;189m████[38;2;74;113;193m██[38;2;123;149;189m██[38;2;120;151;189m████[38;2;123;149;189m████[38;2;74;111;193m██[38;2;115;206;255m██[38;2;74;113;189m██[38;2;0;0;0m██      
  ████[38;2;74;113;189m██[38;2;74;113;193m████[38;2;123;149;189m██[38;2;74;113;193m██[38;2;90;125;189m████[38;2;0;0;0m██[38;2;189;238;246m██[38;2;180;242;255m██[38;2;71;113;194m██[38;2;117;207;254m████[38;2;115;207;254m████[38;2;186;242;254m████[38;2;186;238;254m██[38;2;115;206;255m██[38;2;180;242;255m██[38;2;115;207;254m██[38;2;74;113;193m██[38;2;123;149;189m██[38;2;53;66;94m██[38;2;98;133;189m██[38;2;123;149;189m██[38;2;74;113;193m██[38;2;123;149;189m████████[38;2;78;87;143m██[38;2;74;113;189m██[38;2;63;79;82m██[38;2;0;0;0m██      
      ██[38;2;74;113;193m██[38;2;123;149;189m██[38;2;74;113;193m██[38;2;123;149;189m██[38;2;90;125;189m██[38;2;0;0;0m████[38;2;63;79;82m██[38;2;180;242;255m██[38;2;71;113;194m██[38;2;117;207;254m████[38;2;115;207;254m██[38;2;180;242;255m██[38;2;186;242;254m████[38;2;115;206;255m██[38;2;186;238;254m██[38;2;115;207;254m████[38;2;74;113;193m████[38;2;98;133;189m██[38;2;8;0;0m██[38;2;123;149;189m████[38;2;74;113;193m██[38;2;123;149;189m████[38;2;74;113;193m██[38;2;78;87;143m██[38;2;74;113;189m██[38;2;63;79;82m██[38;2;189;238;246m██[38;2;0;0;0m██    
    [38;2;8;4;8m██[38;2;131;210;255m██[38;2;43;66;84m██[38;2;79;132;169m██[38;2;123;149;189m██[38;2;0;0;0m████    ██[38;2;65;64;65m████[38;2;87;126;191m████[38;2;74;113;193m████████████[38;2;87;126;191m████[38;2;123;153;189m████[38;2;0;0;0m██  ██[38;2;123;149;189m██[38;2;106;149;205m██[38;2;65;85;156m██[38;2;78;87;143m██[38;2;74;113;189m████[38;2;78;87;143m██[38;2;180;242;255m██[38;2;123;153;164m██[38;2;180;238;255m██[38;2;0;0;8m██  
  [38;2;0;0;0m██[38;2;131;210;255m██[38;2;90;141;172m██[38;2;115;198;255m██[38;2;8;0;0m██[38;2;0;0;0m██    ████[38;2;115;206;255m██[38;2;65;64;65m██[38;2;71;113;191m██[38;2;65;64;65m██[38;2;87;126;191m██[38;2;123;149;189m████████████[38;2;87;126;191m██[38;2;65;64;65m██[38;2;46;56;63m██[38;2;8;8;0m██      [38;2;0;0;0m██[38;2;86;117;180m████[38;2;74;113;189m██[38;2;78;87;143m██████[38;2;65;64;74m██[38;2;180;242;255m██[38;2;120;159;172m██[38;2;180;238;255m██[38;2;0;0;0m██
  ██[38;2;95;143;169m██[38;2;139;214;255m██[38;2;0;0;0m██      ██[38;2;98;133;189m██[38;2;82;113;189m██[38;2;123;210;246m██[38;2;106;194;255m██[38;2;57;52;82m██[38;2;65;64;65m████████████[38;2;65;60;74m████[38;2;65;64;65m██[38;2;115;206;255m██████[38;2;0;0;0m████    ██[38;2;65;64;65m██████[38;2;52;60;84m██[38;2;87;117;169m██[38;2;0;0;0m████[38;2;189;238;246m██[38;2;63;79;82m██[38;2;0;0;0m██
    [38;2;8;0;0m████        [38;2;0;0;0m██[38;2;98;133;189m██[38;2;95;145;208m██[38;2;82;113;189m██[38;2;82;123;168m████[38;2;78;87;143m██████[38;2;65;64;65m██[38;2;71;113;191m████[38;2;90;129;164m██[38;2;115;198;255m██[38;2;115;206;255m██████[38;2;76;87;145m██[38;2;82;97;131m██[38;2;123;145;197m██[38;2;0;0;0m██    ██[38;2;123;202;255m██[38;2;104;156;191m██[38;2;52;60;84m██[38;2;16;4;0m██    [38;2;0;0;0m████  
                  ████[38;2;123;149;189m██[38;2;115;141;197m██[38;2;87;101;134m██[38;2;82;113;189m████[38;2;74;113;189m██[38;2;0;0;0m██[38;2;180;242;255m██████[38;2;71;113;194m██[38;2;71;105;178m████[38;2;76;87;145m██[38;2;120;151;191m██[38;2;123;149;189m████[38;2;0;0;0m██    ██[38;2;131;210;255m██[38;2;90;141;172m██[38;2;139;214;255m██[38;2;8;0;0m██          
                      [38;2;0;0;0m██[38;2;60;60;71m████[38;2;45;58;94m██[38;2;8;4;0m██[38;2;0;0;0m██  ████[38;2;180;242;255m██████[38;2;71;105;178m██[38;2;120;151;191m████[38;2;0;0;0m████        [38;2;8;4;8m██[38;2;131;210;255m██[38;2;95;143;169m██[38;2;8;0;0m██          
                      [38;2;0;0;0m██[38;2;37;56;102m██[38;2;74;113;197m██[38;2;41;54;111m██[38;2;0;0;0m██        [38;2;8;4;0m██[38;2;46;53;63m██[38;2;65;64;65m██████[38;2;0;0;0m██              ████            
                        [38;2;0;0;8m██[38;2;74;113;197m██[38;2;0;0;0m██          [38;2;8;4;0m██[38;2;123;153;189m██[38;2;98;132;191m████[38;2;0;0;0m██                                
                          ██            ██[38;2;65;64;65m██[38;2;82;113;189m██[38;2;45;58;94m██[38;2;0;0;0m██                                
                                          ██[38;2;82;113;189m██[38;2;8;4;0m██                                  
                                            [38;2;0;0;0m██                                    
[0m