                      [38;2;0;0;0m████                                                              
                    ██[38;2;123;131;139m████[38;2;0;0;0m██                    ██████                                  
                    ██[38;2;65;65;65m██[38;2;123;131;139m████[38;2;0;0;0m██                ██[38;2;123;131;139m██[38;2;189;189;197m██[38;2;123;131;139m██[38;2;0;0;0m██                                
                      ██[38;2;123;131;139m████[38;2;65;65;65m██[38;2;0;0;0m████████      ██[38;2;189;189;197m████[38;2;82;90;82m██[38;2;123;131;139m██[38;2;0;0;0m██                                
                      ██[38;2;65;65;65m████[38;2;189;189;197m██████████[38;2;0;0;0m██████[38;2;189;189;197m████[38;2;65;65;65m██[38;2;123;131;139m██[38;2;0;0;0m██                                  
                  ████[38;2;189;189;197m████████████████████[38;2;65;65;65m██[38;2;189;189;197m██[38;2;65;65;65m██[38;2;123;131;139m████[38;2;0;0;0m██                                  
                ██[38;2;189;189;197m██████████████████████[38;2;123;131;139m██[38;2;189;189;197m████[38;2;65;65;65m██[38;2;123;131;139m██[38;2;0;0;0m██                                    
                  ████[38;2;65;65;65m████[38;2;189;189;197m██████████████████[38;2;65;65;65m██[38;2;123;131;139m████[38;2;0;0;0m██        ██                          
                      ██[38;2;189;189;197m██[38;2;65;65;65m██[38;2;123;131;139m██[38;2;189;189;197m██████████████[38;2;65;65;65m██[38;2;123;131;139m██[38;2;189;189;197m██[38;2;123;131;139m██[38;2;0;0;0m██  ████[38;2;189;189;197m██[38;2;0;0;0m██                        
                    ██[38;2;189;189;197m██████████████████████████████[38;2;65;65;65m██[38;2;0;0;0m██[38;2;189;189;197m████[38;2;123;131;139m██[38;2;0;0;0m████                      
                  ██[38;2;189;189;197m████████████████████████████████████[38;2;123;131;139m██████████[38;2;0;0;0m██                    
        ████████████[38;2;82;90;82m██[38;2;123;131;139m██[38;2;189;189;197m██████████████[38;2;82;90;82m████[38;2;189;189;197m██████[38;2;65;65;65m████[38;2;189;189;197m██[38;2;123;131;139m██████[38;2;65;65;65m████[38;2;0;0;0m██                      
      ██[38;2;246;222;180m████[38;2;205;164;131m██[38;2;246;222;180m██[38;2;205;164;131m██[38;2;246;222;180m██[38;2;205;164;131m██[38;2;246;222;180m██[38;2;82;90;82m██[38;2;189;189;197m██████[38;2;123;131;139m██[38;2;189;189;197m██[38;2;65;65;65m██[38;2;82;90;82m██[38;2;255;255;255m██[38;2;189;189;197m████████[38;2;123;131;139m██[38;2;65;65;65m████[38;2;123;131;139m██████[38;2;0;0;0m██          ████          
        ██[38;2;246;222;180m████[38;2;205;164;131m██[38;2;246;222;180m██[38;2;205;164;131m██[38;2;246;222;180m██[38;2;205;164;131m██[38;2;246;222;180m██[38;2;82;90;82m██[38;2;189;189;197m████[38;2;123;131;139m██[38;2;189;189;197m██[38;2;255;98;65m██[38;2;255;255;255m██████[38;2;189;189;197m████████████[38;2;65;65;65m██[38;2;123;131;139m████[38;2;0;0;0m██        ██[38;2;189;189;197m████[38;2;0;0;0m██        
          ████[38;2;205;164;131m██[38;2;246;222;180m██[38;2;205;164;131m██[38;2;246;222;180m██[38;2;205;164;131m██[38;2;246;222;180m██[38;2;82;90;82m██[38;2;189;189;197m██████[38;2;0;0;0m██[38;2;255;98;65m██[38;2;255;255;255m██[38;2;189;189;197m██████████████[38;2;65;65;65m██[38;2;0;0;0m██████            ██[38;2;189;189;197m████[38;2;0;0;0m██      
              ██[38;2;65;65;65m██[38;2;246;222;180m██[38;2;205;164;131m██[38;2;246;222;180m██[38;2;82;90;82m██[38;2;189;189;197m████████████████[38;2;65;65;65m████[38;2;189;189;197m██████[38;2;65;65;65m██[38;2;123;131;139m██[38;2;0;0;0m██                ██[38;2;189;189;197m██[38;2;65;65;65m████[38;2;0;0;0m██    
                ██[38;2;65;65;65m██[38;2;82;90;82m████[38;2;189;189;197m██████████████[38;2;65;65;65m████[38;2;255;255;255m██[38;2;189;57;90m██[38;2;65;65;65m██[38;2;189;189;197m██████[38;2;65;65;65m██[38;2;123;131;139m██[38;2;0;0;0m██                ██[38;2;65;65;65m██[38;2;189;189;197m████[38;2;0;0;0m██  
    ████████  ██[38;2;123;131;139m██[38;2;65;65;65m██[38;2;189;189;197m████[38;2;123;131;139m██[38;2;189;189;197m██████[38;2;65;65;65m██████[38;2;255;123;139m████[38;2;189;57;90m██[38;2;65;65;65m██[38;2;123;131;139m██[38;2;65;65;65m██[38;2;189;189;197m██[38;2;65;65;65m██[38;2;123;131;139m██[38;2;65;65;65m████[38;2;0;0;0m██              ██[38;2;189;189;197m██████[38;2;0;0;0m██  
  ██[38;2;123;131;139m██[38;2;65;65;65m██[38;2;123;131;139m████[38;2;0;0;0m██[38;2;65;65;65m██[38;2;123;131;139m████[38;2;65;65;65m████████████[38;2;189;57;90m██[38;2;255;123;139m████████[38;2;65;65;65m██[38;2;123;131;139m██████[38;2;65;65;65m██[38;2;123;131;139m██[38;2;189;189;197m██████[38;2;123;131;139m██[38;2;0;0;0m██          ██[38;2;189;189;197m██[38;2;65;65;65m████[38;2;189;189;197m██[38;2;123;131;139m██[38;2;0;0;0m██
██[38;2;65;65;65m████[38;2;255;255;255m██[38;2;65;65;65m██[38;2;123;131;139m██████[38;2;65;65;65m██[38;2;123;131;139m████[38;2;65;65;65m██[38;2;123;131;139m██[38;2;65;65;65m██[38;2;189;57;90m████[38;2;255;123;139m██████[38;2;65;65;65m████[38;2;189;189;197m██[38;2;123;131;139m████████[38;2;189;189;197m██████████[38;2;123;131;139m██[38;2;0;0;0m██    ████[38;2;189;189;197m████████[38;2;65;65;65m██[38;2;123;131;139m██[38;2;0;0;0m██
██[38;2;255;255;255m██[38;2;65;65;65m████[38;2;123;131;139m████████[38;2;65;65;65m██[38;2;123;131;139m██[38;2;65;65;65m██[38;2;189;189;197m██[38;2;65;65;65m██[38;2;189;189;197m██[38;2;65;65;65m██████████[38;2;123;131;139m██[38;2;189;189;197m██[38;2;123;131;139m██[38;2;82;90;82m██[38;2;189;189;197m██[38;2;65;65;65m██[38;2;189;189;197m██████[38;2;65;65;65m██████[38;2;189;189;197m██[38;2;0;0;0m██████[38;2;189;189;197m██[38;2;65;65;65m████[38;2;189;189;197m██████[38;2;123;131;139m██[38;2;65;65;65m██[38;2;0;0;0m██
██[38;2;65;65;65m████[38;2;123;131;139m████████████[38;2;0;0;0m██[38;2;65;65;65m██[38;2;189;189;197m████[38;2;65;65;65m████[38;2;189;189;197m██████████[38;2;65;65;65m████[38;2;189;189;197m████[38;2;65;65;65m██[38;2;189;189;197m██[38;2;65;65;65m████[38;2;189;189;197m██████[38;2;65;65;65m████[38;2;123;131;139m██[38;2;65;65;65m██[38;2;123;131;139m██[38;2;189;189;197m████[38;2;65;65;65m██[38;2;189;189;197m██[38;2;123;131;139m████[38;2;65;65;65m██[38;2;0;0;0m██
  ██[38;2;189;189;197m██[38;2;65;65;65m██[38;2;123;131;139m██████[38;2;0;0;0m████  ██[38;2;189;189;197m████████[38;2;65;65;65m██████████[38;2;189;189;197m██████████[38;2;65;65;65m██[38;2;123;131;139m██[38;2;189;189;197m████████████[38;2;65;65;65m██[38;2;123;131;139m██[38;2;65;65;65m██[38;2;123;131;139m██████[38;2;65;65;65m██[38;2;123;131;139m████[38;2;0;0;0m██  
    ██████████    ██[38;2;189;189;197m██[38;2;65;65;65m██[38;2;189;189;197m████████████████████████[38;2;65;65;65m██[38;2;123;131;139m██[38;2;255;255;255m██[38;2;123;131;139m██[38;2;189;189;197m██████████[38;2;65;65;65m██[38;2;123;131;139m████[38;2;65;65;65m██[38;2;123;131;139m████[38;2;65;65;65m██[38;2;123;131;139m████[38;2;0;0;0m██  
                ██[38;2;189;189;197m████[38;2;65;65;65m██[38;2;189;189;197m████[38;2;123;131;139m██████████[38;2;189;189;197m██████████[38;2;65;65;65m██[38;2;189;189;197m██[38;2;123;131;139m██████[38;2;189;189;197m██████[38;2;65;65;65m██[38;2;123;131;139m██████[38;2;65;65;65m██[38;2;123;131;139m████[38;2;65;65;65m██[38;2;123;131;139m██[38;2;0;0;0m██    
              ██[38;2;189;189;197m████████[38;2;65;65;65m██[38;2;123;131;139m████[38;2;246;222;180m████████[38;2;123;131;139m████[38;2;189;189;197m████[38;2;123;131;139m██[38;2;246;222;180m██[38;2;65;65;65m██[38;2;189;189;197m██[38;2;123;131;139m██[38;2;255;255;255m██[38;2;123;131;139m██[38;2;189;189;197m████[38;2;65;65;65m██[38;2;123;131;139m██████[38;2;65;65;65m██[38;2;123;131;139m████[38;2;65;65;65m██[38;2;0;0;0m██      
              ██[38;2;189;189;197m██████████[38;2;65;65;65m██[38;2;246;222;180m██[38;2;205;164;131m██████████[38;2;246;222;180m██[38;2;123;131;139m████[38;2;246;222;180m██████[38;2;65;65;65m██[38;2;123;131;139m██████[38;2;189;189;197m██[38;2;65;65;65m████[38;2;123;131;139m██████[38;2;65;65;65m██[38;2;123;131;139m██[38;2;65;65;65m██[38;2;0;0;0m██        
              ██[38;2;189;189;197m██████████[38;2;65;65;65m██[38;2;246;222;180m████████████████████[38;2;205;164;131m██[38;2;65;65;65m██[38;2;189;189;197m██[38;2;65;65;65m██[38;2;255;255;255m██[38;2;65;65;65m████[38;2;189;189;197m██[38;2;65;65;65m██[38;2;123;131;139m████[38;2;65;65;65m██[38;2;123;131;139m██[38;2;0;0;0m████          
                ██[38;2;189;189;197m██████[38;2;123;131;139m████[38;2;65;65;65m██[38;2;246;222;180m██████████████[38;2;205;164;131m████[38;2;246;222;180m██[38;2;65;65;65m██[38;2;189;189;197m████[38;2;65;65;65m████[38;2;189;189;197m██████[38;2;65;65;65m████[38;2;0;0;0m████              
                  ██[38;2;123;131;139m██████████[38;2;65;65;65m██[38;2;205;164;131m████████████[38;2;246;222;180m████[38;2;65;65;65m██[38;2;123;131;139m██[38;2;189;189;197m████████████[38;2;123;131;139m██[38;2;0;0;0m████                  
                ██[38;2;123;131;139m██[38;2;65;65;65m████[38;2;123;131;139m████████[38;2;0;0;0m████[38;2;246;222;180m████████[38;2;205;164;131m████[38;2;65;65;65m██[38;2;123;131;139m████[38;2;189;189;197m████████[38;2;123;131;139m████[38;2;0;0;0m██                    
              ██[38;2;189;189;197m██████████[38;2;123;131;139m████[38;2;0;0;0m██    ████[38;2;123;131;139m██████████[38;2;0;0;0m██[38;2;123;131;139m████████████[38;2;0;0;0m██                      
            ██[38;2;255;255;255m██[38;2;123;131;139m██[38;2;189;189;197m██[38;2;123;131;139m████[38;2;189;189;197m████[38;2;0;0;0m██          ██████████  ██[38;2;123;131;139m████████[38;2;0;0;0m██                        
              ████[38;2;65;65;65m██[38;2;255;255;255m████[38;2;0;0;0m████                      ██[38;2;189;189;197m██[38;2;123;131;139m████████[38;2;189;189;197m██[38;2;0;0;0m██                      
                  ██████                          ██[38;2;189;189;197m████████████[38;2;0;0;0m██                      
                                                  ██[38;2;82;90;82m██[38;2;255;255;255m██[38;2;123;131;139m████[38;2;255;255;255m██[38;2;82;90;82m██[38;2;0;0;0m██                      
                                                    ██[38;2;255;255;255m██[38;2;0;0;0m████[38;2;255;255;255m██[38;2;0;0;0m██                        
                                                      ██    ██                          
[0m