              [38;2;0;4;0m████████                  
            [38;2;8;8;0m██[38;2;148;146;132m██[38;2;140;139;128m████[38;2;148;146;132m██[38;2;8;8;0m██  [38;2;0;4;0m██[38;2;0;8;0m████        
        [38;2;0;4;0m████[38;2;101;100;88m████[38;2;140;139;128m████[38;2;101;100;88m████[38;2;0;4;0m██[38;2;140;138;132m██[38;2;148;142;132m██[38;2;74;75;66m██[38;2;0;4;0m██      
      ██[38;2;140;140;127m████[38;2;79;79;74m██[38;2;107;109;90m██[38;2;107;108;95m████[38;2;82;79;68m████[38;2;79;78;68m██[38;2;109;108;95m██[38;2;107;108;95m████[38;2;0;4;0m██      
      ██[38;2;66;65;66m██████[38;2;107;109;90m██[38;2;107;108;95m██[38;2;82;78;68m██[38;2;140;139;128m████[38;2;140;138;123m██[38;2;79;78;68m██[38;2;107;108;95m████[38;2;107;107;94m██[38;2;0;4;0m████  
    ██[38;2;94;97;94m████████[38;2;66;65;66m████[38;2;137;137;126m██[38;2;140;139;132m████[38;2;107;108;95m████[38;2;82;78;68m██████[38;2;107;108;95m██[38;2;76;74;66m██[38;2;0;4;0m██
  ██[38;2;94;97;94m████[38;2;66;65;66m████[38;2;94;97;94m████[38;2;101;101;96m██[38;2;66;65;66m██[38;2;107;108;99m████[38;2;107;108;95m██[38;2;82;78;68m██[38;2;107;108;95m██████[38;2;82;78;68m██[38;2;115;109;99m██[38;2;0;4;0m██
██[38;2;74;71;68m██[38;2;82;60;49m████[38;2;255;136;85m████[38;2;66;65;66m██[38;2;99;97;90m██[38;2;82;79;68m████[38;2;66;65;66m██[38;2;107;107;94m██[38;2;107;108;95m██████[38;2;82;78;68m██[38;2;79;79;74m██[38;2;107;109;90m██[38;2;0;4;0m██  
██[38;2;74;71;68m██[38;2;168;153;140m██[38;2;255;247;231m██[38;2;255;136;85m████[38;2;66;65;66m██[38;2;77;75;74m██[38;2;82;79;68m████[38;2;66;65;66m██[38;2;107;107;94m██[38;2;107;108;95m████████[38;2;107;109;90m██[38;2;66;65;66m██[38;2;0;4;0m██  
██[38;2;255;138;82m██[38;2;255;136;85m██[38;2;255;255;255m██[38;2;255;138;82m████[38;2;66;65;57m██[38;2;82;81;73m██[38;2;82;78;68m████[38;2;66;65;66m██[38;2;107;107;94m██[38;2;66;65;66m██████[38;2;107;109;90m██[38;2;66;65;66m██[38;2;82;78;68m████[38;2;0;4;0m██
  ██[38;2;255;136;85m████[38;2;255;138;82m██[38;2;66;65;66m██[38;2;99;97;90m██[38;2;82;81;73m██[38;2;82;78;68m██[38;2;66;65;66m██[38;2;107;107;94m██[38;2;66;65;66m██[38;2;82;78;68m██[38;2;66;65;66m██[38;2;79;79;74m██[38;2;66;65;66m████[38;2;82;78;68m████[38;2;0;4;0m██
    ██[38;2;66;66;66m██[38;2;66;65;66m██[38;2;94;97;94m██[38;2;82;78;68m████[38;2;66;65;66m██[38;2;107;107;94m████[38;2;66;65;66m████[38;2;82;78;68m██[38;2;79;79;74m██[38;2;66;65;66m██[38;2;107;105;99m██[38;2;71;71;66m██[38;2;0;4;0m██  
    ██[38;2;99;97;99m██[38;2;94;97;94m██[38;2;66;65;66m██████[38;2;107;107;94m████████[38;2;66;65;66m██████[38;2;107;109;90m██[38;2;107;105;99m██[38;2;0;4;0m██    
      ██[38;2;66;64;66m████[38;2;82;78;68m████[38;2;66;65;66m████[38;2;107;107;94m██████████[38;2;66;65;66m██[38;2;0;4;0m██      
        ██████[38;2;82;78;68m██████[38;2;66;65;66m████████████[38;2;0;4;0m██      
              ██[38;2;82;78;68m████[38;2;74;71;68m████[38;2;66;64;66m████[38;2;0;4;0m████        
                ████████████            
[0m