      [38;2;0;0;0m██                              
    ██[38;2;66;65;66m██[38;2;0;0;0m████████  ██            ██    
  ██[38;2;66;65;66m██████[38;2;74;117;189m██████[38;2;0;0;0m██[38;2;78;79;78m██[38;2;0;0;0m██        ██[38;2;74;117;189m██[38;2;0;0;0m██  
  [38;2;16;4;0m██[38;2;54;62;85m██[38;2;76;119;186m████[38;2;68;68;73m██[38;2;74;117;189m██[38;2;66;65;66m██[38;2;79;78;79m████[38;2;66;65;66m██[38;2;0;0;0m██      [38;2;0;4;8m██[38;2;82;121;189m██[38;2;54;83;132m██[38;2;0;0;0m██
██[38;2;54;62;85m██[38;2;93;120;170m██[38;2;76;119;186m██[38;2;66;65;66m██[38;2;68;68;73m████[38;2;79;78;79m██████[38;2;66;65;66m██[38;2;74;117;189m██[38;2;0;0;0m██  ██[38;2;82;121;189m██[38;2;54;82;128m██[38;2;82;125;198m██[38;2;0;0;0m██
██[38;2;66;65;66m██[38;2;76;119;186m██[38;2;66;65;66m██[38;2;79;78;79m██[38;2;74;73;74m████[38;2;79;78;79m████[38;2;68;68;73m████[38;2;78;117;185m████[38;2;0;0;0m██[38;2;66;94;142m██[38;2;82;121;189m████[38;2;0;0;0m██  
██[38;2;66;65;66m████[38;2;79;78;79m████[38;2;255;255;255m██[38;2;74;73;74m██[38;2;66;65;66m██[38;2;79;78;79m██[38;2;68;68;73m██[38;2;74;117;189m██[38;2;78;117;185m██[38;2;66;93;140m██[38;2;66;94;142m████[38;2;54;82;128m██[38;2;0;4;8m██    
[38;2;0;0;0m██[38;2;82;81;82m████[38;2;74;69;74m████[38;2;206;65;82m██[38;2;214;128;137m██[38;2;255;255;255m██[38;2;66;65;66m████████[38;2;71;99;142m████[38;2;66;65;66m██[38;2;0;0;0m██      
  ██[38;2;164;162;164m██[38;2;74;69;74m██[38;2;255;255;255m██[38;2;206;65;82m██[38;2;231;255;247m██[38;2;255;255;255m██[38;2;66;65;66m██[38;2;76;119;186m████[38;2;74;117;181m██[38;2;66;65;66m████[38;2;74;117;181m██[38;2;0;0;0m██      
██[38;2;164;165;170m████[38;2;165;166;165m██[38;2;71;68;71m██[38;2;255;255;255m████[38;2;66;65;66m██[38;2;76;119;186m██[38;2;76;118;186m████████[38;2;82;125;198m██[38;2;0;0;0m██        
██[38;2;164;165;170m██[38;2;66;65;66m██[38;2;71;68;71m████[38;2;66;65;66m██████[38;2;76;119;186m██[38;2;76;118;186m████████[38;2;54;83;132m██[38;2;0;0;0m██        
  ██[38;2;78;79;78m██[38;2;82;79;82m██[38;2;231;215;82m██[38;2;77;74;76m████[38;2;68;68;73m██[38;2;74;117;189m██[38;2;78;117;185m████[38;2;66;94;142m████[38;2;0;0;0m██          
    ██[38;2;231;215;82m██████[38;2;77;74;76m██[38;2;68;68;73m████[38;2;66;93;140m████[38;2;66;94;142m██[38;2;0;0;0m██            
      ████[38;2;173;158;66m████[38;2;66;65;66m██████[38;2;0;0;0m████              
          ████[38;2;170;167;170m██[38;2;118;116;118m██[38;2;0;0;0m██                  
              ████                    
[0m