                  [38;2;0;0;0m██[38;2;8;0;0m████[38;2;0;0;0m██        ██████                                        
              ████[38;2;206;73;99m██[38;2;239;162;173m██[38;2;162;108;115m██[38;2;206;73;99m██[38;2;0;0;0m██  ████[38;2;206;182;181m██████[38;2;0;0;0m██      ████                            
            [38;2;24;0;0m██[38;2;172;100;110m██[38;2;206;74;98m██[38;2;206;182;181m██[38;2;165;117;123m██[38;2;231;162;173m████[38;2;77;56;63m██[38;2;16;0;0m██[38;2;222;170;173m██[38;2;206;74;98m████████[38;2;222;170;173m██[38;2;16;0;0m██[38;2;0;4;0m████[38;2;173;156;156m████[38;2;0;4;0m████                        
  [38;2;0;0;0m████  ████[38;2;172;100;110m██[38;2;247;150;165m██[38;2;206;74;98m████[38;2;99;73;74m████[38;2;77;56;63m██[38;2;154;109;118m██[38;2;222;170;173m██[38;2;153;113;115m██[38;2;206;182;181m████████[38;2;153;113;115m██[38;2;222;170;173m██[38;2;57;55;52m██[38;2;173;158;156m██[38;2;173;156;156m████[38;2;173;158;156m██[38;2;57;55;52m██[38;2;0;0;0m██                      
████[38;2;76;70;71m██[38;2;0;0;0m██[38;2;206;182;181m██[38;2;206;74;98m██[38;2;231;170;173m██[38;2;170;94;107m██[38;2;206;178;181m██[38;2;90;81;82m██[38;2;112;104;104m██[38;2;66;65;66m██[38;2;206;74;98m██[38;2;206;182;181m██[38;2;156;109;115m██[38;2;222;170;173m██[38;2;66;73;57m████[38;2;66;73;74m██[38;2;206;81;107m██[38;2;206;182;181m██[38;2;206;74;98m██[38;2;222;182;189m██[38;2;107;56;66m██[38;2;181;150;156m██[38;2;131;76;84m██[38;2;189;40;66m████[38;2;63;60;60m██[38;2;0;8;8m██  [38;2;0;0;0m██████            
    ██[38;2;115;105;107m██[38;2;206;74;98m██[38;2;206;182;181m██[38;2;170;94;107m██[38;2;140;56;74m██[38;2;90;81;82m██[38;2;128;113;115m██[38;2;66;65;66m██[38;2;206;182;181m██[38;2;206;74;98m██[38;2;206;182;181m██[38;2;222;170;173m██[38;2;90;48;57m██[38;2;101;75;109m██[38;2;173;81;214m██[38;2;112;75;85m██[38;2;66;73;74m██[38;2;206;74;98m██[38;2;206;182;181m██[38;2;145;98;107m██[38;2;183;140;148m██[38;2;107;40;49m██[38;2;181;150;156m██[38;2;173;158;156m████[38;2;126;113;112m██[38;2;63;60;60m██[38;2;0;0;0m██[38;2;206;73;99m██[38;2;206;182;181m████[38;2;0;0;0m██          
  ██[38;2;66;67;66m██[38;2;0;0;0m██[38;2;88;76;76m████[38;2;85;81;79m██[38;2;123;105;107m██[38;2;123;107;107m██[38;2;0;0;0m████[38;2;206;182;181m██[38;2;206;74;98m██[38;2;206;182;181m██[38;2;169;99;115m██[38;2;99;40;57m██[38;2;173;89;222m██[38;2;8;24;0m██[38;2;173;73;222m██[38;2;99;97;99m██[38;2;66;65;66m██[38;2;198;56;82m██[38;2;189;40;66m██[38;2;173;158;156m██[38;2;148;48;66m████[38;2;198;56;82m██[38;2;115;83;87m██[38;2;77;56;63m██[38;2;154;109;118m██[38;2;206;182;181m████[38;2;206;74;98m████[38;2;222;170;173m██[38;2;16;0;0m██        
[38;2;0;0;0m██[38;2;66;67;66m██[38;2;0;0;0m██  [38;2;0;4;0m██[38;2;132;113;115m██[38;2;123;105;107m██[38;2;66;69;66m██[38;2;0;0;0m██  ██[38;2;206;182;181m██[38;2;206;74;98m██[38;2;206;182;181m██[38;2;239;158;173m██[38;2;169;99;115m██[38;2;63;45;74m████[38;2;173;73;222m██[38;2;99;97;99m██[38;2;66;65;66m██[38;2;198;56;82m██[38;2;173;158;156m██[38;2;189;40;66m██[38;2;173;158;156m██[38;2;148;48;66m██[38;2;74;97;90m██[38;2;115;83;87m██[38;2;77;56;63m██[38;2;231;162;173m██[38;2;206;74;98m████[38;2;206;182;181m████[38;2;153;113;115m██[38;2;222;170;173m██[38;2;0;0;0m██      
  ██  ██[38;2;66;67;66m██[38;2;0;0;0m████[38;2;66;66;66m██[38;2;0;0;0m██    ██[38;2;198;182;181m██[38;2;198;77;99m██[38;2;205;180;181m████[38;2;206;73;99m████[38;2;66;65;66m████[38;2;189;40;66m██[38;2;173;158;156m████████[38;2;189;40;66m██[38;2;63;60;60m██[38;2;126;113;112m██[38;2;0;0;0m██[38;2;123;107;107m██[38;2;206;182;181m████[38;2;206;74;98m██[38;2;206;182;181m████[38;2;206;74;98m██[38;2;206;182;181m██[38;2;0;0;0m██    
    ██[38;2;66;67;66m██[38;2;0;0;0m██  ██[38;2;66;66;66m██[38;2;0;0;0m██    ██[38;2;198;182;181m██[38;2;198;147;153m██[38;2;189;40;66m████[38;2;173;156;156m████[38;2;189;40;66m████[38;2;173;158;156m██[38;2;189;40;66m████████[38;2;173;158;156m██[38;2;63;60;60m██[38;2;0;8;8m██  [38;2;0;0;0m██[38;2;123;107;107m██[38;2;206;182;181m██[38;2;206;74;98m████████[38;2;206;182;181m██[38;2;0;0;0m██    
    ██[38;2;66;67;66m██[38;2;0;0;0m██    ██        ██[38;2;189;40;66m██[38;2;173;158;156m████[38;2;189;40;66m████[38;2;173;158;156m██[38;2;189;40;66m████[38;2;173;158;156m████[38;2;189;40;66m██[38;2;173;158;156m████[38;2;60;60;60m██[38;2;0;4;0m██  [38;2;0;0;0m██[38;2;123;91;99m██[38;2;222;154;165m██[38;2;165;117;123m██[38;2;231;162;173m████[38;2;165;117;123m██[38;2;198;178;181m██[38;2;0;0;0m██    
      ██                  ██[38;2;189;40;66m████[38;2;173;158;156m████[38;2;189;40;66m██[38;2;173;158;156m████[38;2;189;40;66m████[38;2;173;158;156m████[38;2;66;65;66m██[38;2;90;89;90m██[38;2;60;60;60m██[38;2;0;0;0m██[38;2;66;67;66m██[38;2;74;60;66m██[38;2;172;122;132m██[38;2;99;73;74m████████[38;2;99;89;90m██[38;2;0;0;0m████  
                            ████[38;2;189;40;66m████[38;2;173;158;156m██[38;2;189;40;66m██████[38;2;173;154;156m██[38;2;66;60;66m██[38;2;65;64;65m██[38;2;90;80;82m████[38;2;65;64;65m██[38;2;66;67;66m██[38;2;0;0;0m██[38;2;123;109;107m██[38;2;82;74;71m██[38;2;123;107;107m████████[38;2;66;66;66m██[38;2;0;0;0m██  ██
                                ████[38;2;173;158;156m████[38;2;66;65;66m████[38;2;66;60;66m██[38;2;101;91;96m██[38;2;90;80;82m████[38;2;65;64;65m████[38;2;0;0;0m██  [38;2;0;4;0m██[38;2;123;109;107m██[38;2;123;107;107m██[38;2;66;65;66m██[38;2;0;0;0m████[38;2;66;66;66m██[38;2;0;0;0m██    
                                    ██[38;2;66;67;66m██[38;2;90;80;82m████████[38;2;76;54;57m████[38;2;123;109;107m██[38;2;0;4;0m██    [38;2;0;0;0m██[38;2;66;66;66m██[38;2;0;0;0m██[38;2;66;66;66m██[38;2;0;0;0m██  ██[38;2;66;67;66m██[38;2;0;0;0m██  
                                      ██[38;2;65;64;65m████████[38;2;198;130;140m██[38;2;137;92;98m██[38;2;82;74;71m██[38;2;123;109;107m██[38;2;0;0;0m██  ██[38;2;66;66;66m██[38;2;0;0;0m████[38;2;66;67;66m██[38;2;0;0;0m██  ██    
                                      ██[38;2;189;40;66m██[38;2;173;158;156m██[38;2;189;40;66m██████[38;2;173;158;156m██[38;2;123;69;74m████[38;2;0;0;0m██    ██  ██[38;2;66;67;66m██[38;2;0;0;0m██        
                                    ██[38;2;173;158;156m██[38;2;189;40;66m████[38;2;173;158;156m██[38;2;189;40;66m██[38;2;173;158;156m██[38;2;189;40;66m██[38;2;172;156;156m██[38;2;123;69;74m██[38;2;0;0;0m██          ██          
                                      ██[38;2;189;142;148m████[38;2;189;40;66m██████[38;2;173;158;156m██[38;2;173;154;156m██[38;2;95;91;90m██[38;2;0;0;0m██                      
                                        [38;2;16;0;0m██[38;2;131;94;98m██[38;2;173;158;156m██[38;2;189;40;66m██[38;2;173;158;156m████[38;2;173;154;156m██[38;2;57;60;57m██[38;2;66;67;66m██[38;2;0;0;0m██████                
                                        ██[38;2;173;158;156m██[38;2;189;40;66m██[38;2;173;158;156m██[38;2;131;76;84m██[38;2;181;150;156m██[38;2;66;65;66m██[38;2;206;182;181m████[38;2;206;74;98m████[38;2;206;182;181m██[38;2;0;0;0m██              
                                ████████[38;2;173;158;156m██████[38;2;189;40;66m██[38;2;181;150;156m██[38;2;107;40;49m██[38;2;206;182;181m████[38;2;206;74;98m██[38;2;206;182;181m████[38;2;206;74;98m██[38;2;173;158;156m██[38;2;0;0;0m██            
                              ██[38;2;159;113;120m██[38;2;181;40;66m██[38;2;165;101;111m██[38;2;165;44;66m██[38;2;173;158;156m████[38;2;189;40;66m██[38;2;173;158;156m██[38;2;128;87;95m██[38;2;82;48;57m██[38;2;206;182;181m██[38;2;206;74;98m██[38;2;206;182;181m██[38;2;206;74;98m██[38;2;189;78;96m██[38;2;173;154;156m██[38;2;140;86;93m██[38;2;8;0;0m██            
                          [38;2;0;0;0m██████[38;2;148;150;148m██[38;2;181;40;66m██[38;2;165;158;156m████[38;2;189;40;66m████[38;2;173;158;156m██[38;2;189;40;66m██[38;2;82;48;57m██[38;2;222;166;173m██[38;2;206;182;181m██[38;2;206;74;98m██[38;2;206;182;181m██[38;2;206;74;98m██[38;2;173;154;156m██[38;2;198;40;66m██[38;2;206;130;140m██[38;2;8;0;0m██            
                        [38;2;0;0;0m██      ██[38;2;173;158;156m██[38;2;189;40;66m████[38;2;173;158;156m████[38;2;189;40;66m██[38;2;173;158;156m██[38;2;173;154;156m██[38;2;79;72;74m██[38;2;198;174;173m████[38;2;189;78;96m██[38;2;173;154;156m██[38;2;131;94;98m██[38;2;189;142;148m██[38;2;0;0;0m██              
                        ████      ██[38;2;173;158;156m████[38;2;189;40;66m████[38;2;173;158;156m████[38;2;79;72;74m██[38;2;126;113;115m██[38;2;0;0;0m██[38;2;198;174;173m██[38;2;173;154;156m██[38;2;198;40;66m██[38;2;189;142;148m██[38;2;16;0;0m██                
                          [38;2;0;0;0m██████    ██[38;2;66;66;66m██[38;2;173;158;156m████[38;2;173;154;156m██[38;2;101;91;96m██[38;2;126;113;112m██[38;2;0;8;8m██  [38;2;0;0;0m██[38;2;66;66;66m████[38;2;0;0;0m██                  
                              ██████████[38;2;0;8;8m██[38;2;57;58;57m██[38;2;66;60;66m████[38;2;63;60;60m████[38;2;0;0;0m██[38;2;66;67;66m██[38;2;66;66;66m██[38;2;0;0;0m██                    
                                          ████████████████                      
[0m