                        [38;2;0;4;0m██                                    
                      ██[38;2;132;109;173m██[38;2;0;4;0m██                                  
                      ██[38;2;132;109;173m██[38;2;0;4;0m██                                  
                    ██[38;2;132;109;173m████[38;2;0;4;0m██                            ████  
                    ██[38;2;128;110;175m████[38;2;0;4;0m██                          ██[38;2;156;146;222m██[38;2;0;4;0m██  
                    ██[38;2;128;110;175m████[38;2;132;109;173m██[38;2;0;4;0m████████                ██[38;2;156;146;222m████[38;2;0;4;0m██  
                  ██[38;2;132;109;173m██[38;2;137;125;170m██[38;2;82;77;66m██[38;2;82;77;74m██[38;2;173;162;231m██[38;2;107;105;140m████[38;2;156;146;222m██[38;2;0;4;0m██            ██[38;2;156;146;222m████[38;2;0;4;0m██    
                  ██[38;2;132;109;173m██[38;2;82;77;66m██[38;2;165;150;222m██[38;2;173;162;231m██[38;2;112;105;126m██[38;2;156;146;222m████████[38;2;0;4;0m████      ██[38;2;156;146;222m██████[38;2;0;4;0m██    
                  [38;2;8;8;8m██[38;2;123;113;167m██[38;2;173;162;222m████[38;2;107;105;140m██[38;2;156;146;222m██[38;2;159;144;225m████████[38;2;159;144;227m██[38;2;132;109;173m██[38;2;0;4;0m██  [38;2;0;8;0m██[38;2;156;146;222m██[38;2;159;144;225m████[38;2;0;4;0m██      
                ██[38;2;123;113;167m██[38;2;181;166;247m██[38;2;173;162;222m██[38;2;107;105;140m██[38;2;156;146;222m████[38;2;159;144;225m████████[38;2;159;144;227m████[38;2;156;146;222m██[38;2;0;4;0m██[38;2;104;100;148m██[38;2;156;146;222m██[38;2;159;144;225m████[38;2;0;4;0m██  ████
              [38;2;0;8;8m██[38;2;247;255;255m██[38;2;107;105;139m██[38;2;173;162;222m██[38;2;165;154;222m██[38;2;115;108;150m██[38;2;156;146;222m████[38;2;107;105;140m████[38;2;112;105;150m██[38;2;156;146;222m██[38;2;159;144;225m████[38;2;156;146;222m██[38;2;107;105;140m██[38;2;159;144;225m████[38;2;156;146;222m██[38;2;66;65;66m██[38;2;0;4;0m████[38;2;156;146;222m██[38;2;0;4;0m██
              [38;2;0;8;8m██[38;2;164;172;172m██[38;2;107;105;139m██[38;2;173;162;222m██[38;2;90;85;115m██[38;2;165;154;222m██[38;2;156;146;222m██[38;2;107;105;140m██[38;2;255;255;255m████[38;2;112;105;150m██[38;2;90;85;115m██[38;2;159;144;225m████[38;2;107;105;140m██[38;2;156;146;222m██[38;2;159;144;225m████[38;2;156;146;222m██[38;2;66;65;66m██[38;2;156;146;222m████[38;2;0;4;0m██  
              [38;2;0;8;0m██[38;2;140;219;239m██[38;2;94;85;123m██[38;2;165;154;222m██[38;2;96;86;123m██[38;2;156;146;222m██[38;2;107;128;173m██[38;2;255;255;255m██[38;2;68;161;175m████[38;2;164;196;210m██[38;2;82;138;165m██[38;2;96;86;123m██[38;2;156;146;222m██[38;2;159;144;225m████████████[38;2;156;146;222m██[38;2;0;4;0m██    
              [38;2;0;8;0m██[38;2;93;148;159m██[38;2;94;85;123m██[38;2;165;154;222m██[38;2;156;146;222m████[38;2;107;128;173m████[38;2;156;207;231m████[38;2;82;138;165m██[38;2;247;255;255m██[38;2;96;86;123m██[38;2;156;146;222m██[38;2;159;144;225m████████████[38;2;0;4;0m██      
          ████[38;2;66;65;66m████[38;2;132;109;177m██[38;2;99;85;123m██[38;2;159;144;227m████[38;2;99;81;123m██[38;2;165;199;247m██[38;2;156;208;228m████[38;2;132;215;231m██[38;2;99;154;176m██[38;2;99;81;123m██[38;2;156;142;231m██████[38;2;159;144;225m████[38;2;156;146;222m██[38;2;0;4;0m██        
    ██████[38;2;132;109;173m████[38;2;126;111;176m██[38;2;66;65;66m██[38;2;132;109;177m██[38;2;99;85;123m██[38;2;132;109;173m████[38;2;143;159;205m██[38;2;99;81;123m██[38;2;156;208;228m████[38;2;99;154;176m██[38;2;66;93;121m██[38;2;127;111;177m████[38;2;126;116;176m██[38;2;66;65;66m██[38;2;159;144;225m████[38;2;0;4;0m██    ████  
  ██[38;2;132;109;173m██[38;2;126;111;176m████[38;2;128;110;175m████[38;2;132;109;173m████[38;2;49;49;60m██[38;2;90;83;120m██[38;2;132;109;177m████[38;2;128;110;175m████[38;2;99;85;123m██████[38;2;132;109;177m██[38;2;126;110;176m████[38;2;71;68;68m████[38;2;66;65;66m████[38;2;118;105;162m██[38;2;8;8;8m██[38;2;8;12;0m██[38;2;132;113;173m██[38;2;132;109;173m██[38;2;0;4;0m██
██[38;2;132;109;173m████[38;2;66;65;66m████[38;2;128;110;175m████[38;2;132;109;173m██[38;2;0;4;0m██[38;2;8;16;0m██[38;2;132;117;181m██[38;2;99;85;123m██[38;2;132;109;177m██[38;2;128;110;175m████[38;2;132;109;177m████████[38;2;126;110;176m██[38;2;82;81;66m██[38;2;71;68;68m██[38;2;132;109;173m██[38;2;126;111;176m████[38;2;118;105;162m██[38;2;173;154;239m██[38;2;132;113;173m██[38;2;70;62;86m██[38;2;0;4;0m██  
  ██[38;2;66;64;66m██[38;2;66;65;66m██[38;2;126;111;176m██[38;2;132;109;173m██[38;2;0;4;0m████    ████[38;2;132;109;173m████████[38;2;0;4;0m████[38;2;66;64;66m██[38;2;104;65;57m████[38;2;206;81;49m██[38;2;128;110;175m██[38;2;66;65;66m████[38;2;156;146;222m████[38;2;156;142;231m██[38;2;126;116;176m██[38;2;132;109;173m██[38;2;0;4;0m██
    ██[38;2;126;111;176m████[38;2;0;4;0m██            ████████    ██[38;2;132;109;173m██[38;2;104;65;57m██[38;2;206;81;49m████[38;2;126;111;176m██[38;2;66;65;66m████[38;2;156;146;222m██[38;2;156;142;231m██[38;2;66;65;66m██[38;2;0;4;0m██  
      ████                            [38;2;16;4;0m██[38;2;107;73;99m██[38;2;206;121;140m██[38;2;66;65;66m██████[38;2;159;144;225m████[38;2;156;146;222m██[38;2;0;4;0m██    
                                      [38;2;16;4;0m██[38;2;198;142;198m██[38;2;66;65;66m██[38;2;206;121;140m██[38;2;111;105;144m██[38;2;156;146;222m██[38;2;159;144;225m████[38;2;156;146;222m██[38;2;0;4;0m██    
                                  ████[38;2;159;144;227m████[38;2;66;65;66m██[38;2;104;105;142m██[38;2;156;146;222m████████[38;2;0;4;0m██      
                              ████[38;2;132;109;173m██████[38;2;159;144;227m██[38;2;66;65;66m██[38;2;104;105;142m██[38;2;156;146;222m██[38;2;107;105;140m██[38;2;156;146;222m██[38;2;66;65;66m██[38;2;0;4;0m██      
                            ██[38;2;128;110;175m████[38;2;132;109;173m████[38;2;0;4;0m████[38;2;165;146;222m██[38;2;55;54;74m██[38;2;66;65;66m████[38;2;165;146;222m██[38;2;0;8;0m██        
                            [38;2;0;4;0m██[38;2;128;110;175m████[38;2;132;109;173m██[38;2;0;4;0m██    [38;2;0;8;0m████[38;2;156;146;222m████[38;2;55;54;74m██[38;2;0;8;0m██        
                              ██[38;2;126;110;170m██[38;2;132;109;173m████[38;2;0;4;0m██    ██[38;2;60;56;74m██[38;2;165;146;222m██[38;2;156;146;222m██[38;2;0;4;0m██        
                            ██[38;2;126;110;170m██[38;2;63;59;85m██[38;2;132;109;173m██[38;2;0;4;0m██        [38;2;8;12;0m██[38;2;165;146;222m██[38;2;156;146;222m████[38;2;0;4;0m██      
                              ██████        ██[38;2;165;146;222m██[38;2;55;54;74m██[38;2;165;146;222m██[38;2;55;54;74m██[38;2;156;146;222m██[38;2;0;4;0m██    
                                              [38;2;0;8;0m████████[38;2;0;4;0m██      
[0m