                                        [38;2;0;0;0m██████                        
      ████                            ██[38;2;246;106;106m██████[38;2;0;0;0m██████                  
      ██[38;2;65;139;180m██[38;2;0;0;0m██                      ████  ██[38;2;189;74;82m████[38;2;246;106;106m██████[38;2;0;0;0m██████            
      ██[38;2;49;106;131m████[38;2;0;0;0m██                  ██[38;2;90;172;222m██[38;2;0;0;0m██    [38;2;65;65;65m██[38;2;189;74;82m████████[38;2;246;106;106m██████[38;2;0;0;0m████        
  ████[38;2;65;65;65m████[38;2;65;139;180m██[38;2;65;65;65m██[38;2;0;0;0m██████████      ██[38;2;90;172;222m██[38;2;65;139;180m██[38;2;0;0;0m██      ██[38;2;189;74;82m████████████[38;2;246;106;106m██[38;2;189;74;82m██[38;2;0;0;0m██      
██[38;2;148;57;65m██████[38;2;65;65;65m██[38;2;49;106;131m██[38;2;65;139;180m██[38;2;65;65;65m██[38;2;148;57;65m████████[38;2;0;0;0m████[38;2;65;65;65m██[38;2;90;172;222m████[38;2;0;0;0m██        ██[38;2;189;74;82m████████████████[38;2;246;106;106m██[38;2;0;0;0m██    
  ████████[38;2;49;106;131m██[38;2;65;139;180m████[38;2;65;65;65m████[38;2;148;57;65m██[38;2;65;65;65m██████[38;2;65;139;180m██[38;2;90;172;222m████[38;2;0;0;0m████        ██[38;2;189;74;82m██████████████████[38;2;0;0;0m██  
          ██[38;2;189;74;82m████[38;2;90;172;222m██[38;2;65;65;65m████[38;2;246;106;106m████[38;2;65;65;65m██[38;2;90;172;222m████[38;2;65;65;65m██[38;2;148;57;65m████[38;2;0;0;0m████    ██[38;2;189;74;82m████████████████████[38;2;0;0;0m██
        ██[38;2;148;57;65m██[38;2;90;172;222m████[38;2;65;65;65m██[38;2;246;106;106m██████[38;2;65;65;65m██[38;2;90;172;222m██████[38;2;65;65;65m██[38;2;148;57;65m████████[38;2;0;0;0m██  ██[38;2;189;74;82m████████████████████[38;2;0;0;0m██
        ██[38;2;90;172;222m████[38;2;65;65;65m██[38;2;189;74;82m████[38;2;213;213;123m██[38;2;189;74;82m██[38;2;90;172;222m████[38;2;49;106;131m██[38;2;65;65;65m████[38;2;148;57;65m██████████[38;2;0;0;0m██[38;2;65;65;65m██[38;2;189;74;82m████████████████████[38;2;0;0;0m██
      ██[38;2;90;172;222m██████[38;2;213;213;123m██[38;2;0;0;0m██[38;2;246;255;189m████[38;2;90;172;222m██[38;2;65;65;65m████[38;2;90;172;222m████[38;2;65;65;65m████[38;2;148;57;65m████████[38;2;65;65;65m██[38;2;189;74;82m████████████████████[38;2;0;0;0m██  
    ██[38;2;90;172;222m████[38;2;49;106;131m██[38;2;90;172;222m██████[38;2;65;65;65m████[38;2;49;106;131m██[38;2;90;172;222m████████████[38;2;65;65;65m██[38;2;148;57;65m████[38;2;65;65;65m██[38;2;246;106;106m████[38;2;189;74;82m██████████████[38;2;0;0;0m████    
      ██[38;2;49;106;131m██[38;2;65;139;180m████[38;2;49;106;131m██[38;2;65;65;65m██[38;2;90;172;222m████████[38;2;65;139;180m██[38;2;49;106;131m██[38;2;65;65;65m██████[38;2;148;57;65m██[38;2;65;65;65m████[38;2;246;106;106m████[38;2;148;57;65m██[38;2;189;74;82m████████[38;2;0;0;0m██████        
        ████[38;2;189;74;82m██████[38;2;65;65;65m████████████[38;2;65;139;180m██[38;2;65;65;65m██[38;2;148;57;65m██[38;2;65;65;65m██[38;2;246;106;106m████[38;2;148;57;65m████[38;2;189;74;82m████[38;2;65;65;65m████[38;2;0;0;0m██              
            ████████[38;2;189;74;82m██[38;2;65;65;65m██[38;2;65;139;180m████[38;2;65;65;65m██[38;2;65;139;180m████[38;2;65;65;65m██[38;2;90;172;222m██[38;2;65;65;65m████████████[38;2;90;172;222m██[38;2;148;57;65m██[38;2;65;65;65m██[38;2;0;0;0m████          
                    ██[38;2;189;74;82m██[38;2;65;65;65m██[38;2;65;139;180m██[38;2;65;65;65m██[38;2;148;57;65m██[38;2;90;172;222m██████████████████[38;2;148;57;65m██[38;2;246;106;106m██[38;2;189;74;82m██[38;2;65;65;65m██[38;2;65;139;180m██[38;2;0;0;0m██████    
                  ██[38;2;65;65;65m████[38;2;131;131;131m██[38;2;65;65;65m████[38;2;189;74;82m██[38;2;148;57;65m██[38;2;90;172;222m██[38;2;131;131;131m██████[38;2;90;172;222m████████[38;2;148;57;65m████[38;2;90;172;222m████[38;2;65;65;65m██[38;2;65;139;180m██████[38;2;0;0;0m██  
                ██[38;2;65;65;65m██[38;2;131;131;131m████[38;2;65;65;65m██[38;2;65;139;180m██[38;2;148;57;65m████[38;2;131;131;131m████[38;2;189;189;189m████[38;2;65;65;65m██[38;2;90;172;222m██[38;2;65;139;180m██[38;2;90;172;222m████████████[38;2;65;65;65m██[38;2;65;139;180m████[38;2;148;57;65m██[38;2;0;0;0m██  
              ██[38;2;65;65;65m██[38;2;131;131;131m████[38;2;65;65;65m██[38;2;65;139;180m██[38;2;90;172;222m████[38;2;131;131;131m██[38;2;189;189;189m██████[38;2;65;65;65m██[38;2;90;172;222m██████[38;2;65;65;65m██[38;2;49;106;131m██[38;2;65;139;180m██[38;2;90;172;222m██████[38;2;65;139;180m██[38;2;65;65;65m██[38;2;0;0;0m████    
              ██[38;2;49;106;131m██[38;2;65;65;65m██[38;2;131;131;131m████[38;2;65;65;65m██████[38;2;189;189;189m██████[38;2;65;65;65m██[38;2;90;172;222m████████[38;2;65;65;65m██[38;2;0;0;0m████[38;2;189;74;82m██[38;2;65;139;180m██████[38;2;0;0;0m██        
            ██[38;2;189;189;189m██[38;2;131;131;131m██[38;2;49;106;131m██[38;2;0;0;0m████[38;2;131;131;131m██████[38;2;65;65;65m██[38;2;131;131;131m████[38;2;65;65;65m██[38;2;90;172;222m████████[38;2;0;0;0m██    ██[38;2;189;189;189m██[38;2;65;139;180m██[38;2;189;189;189m██[38;2;0;0;0m██        
              ██████    ██████████[38;2;131;131;131m████[38;2;49;106;131m██[38;2;90;172;222m████████[38;2;0;0;0m██    ██████          
                                  ██████[38;2;90;172;222m████████[38;2;0;0;0m██                    
                                        ██[38;2;255;255;255m██[38;2;65;139;180m██[38;2;255;255;255m██[38;2;0;0;0m██                    
                                          ██████                      
[0m