                              [38;2;0;4;0m████████                          
                            ██[38;2;66;146;247m██████[38;2;74;85;148m██[38;2;0;4;0m██                        
                          ██[38;2;78;87;144m██[38;2;66;146;247m████[38;2;78;87;144m██[38;2;66;146;249m████[38;2;0;4;0m██                      
                        ██[38;2;66;146;247m████[38;2;78;87;144m████[38;2;66;146;247m██[38;2;66;146;249m████[38;2;66;146;247m██[38;2;0;4;0m██                    
                        ██[38;2;66;146;247m████[38;2;78;87;144m██[38;2;66;146;247m████[38;2;66;146;249m████[38;2;74;154;255m██[38;2;16;12;0m██                    
                      [38;2;0;4;0m██[38;2;66;146;247m████[38;2;78;87;144m██[38;2;66;146;247m██[38;2;78;87;144m██[38;2;66;146;247m██[38;2;66;146;249m████[38;2;35;59;85m██[38;2;54;106;170m██[38;2;0;4;0m██                  
                      ██[38;2;66;146;247m██[38;2;78;87;144m██[38;2;66;146;247m████[38;2;66;146;255m██[38;2;66;92;134m██[38;2;66;146;247m██[38;2;66;65;66m████[38;2;57;113;189m██[38;2;0;4;0m██                  
                      ██[38;2;66;146;247m██[38;2;78;87;144m██[38;2;66;65;66m████[38;2;66;65;74m████[38;2;66;65;66m██████[38;2;57;113;189m██[38;2;0;4;0m██                  
      ██              ██[38;2;82;83;95m████[38;2;82;79;68m████[38;2;82;78;68m████[38;2;85;83;82m████[38;2;66;65;66m██[38;2;57;113;189m██[38;2;71;68;66m██[38;2;0;4;0m██                
    ██[38;2;66;146;247m██[38;2;0;4;0m██          ██[38;2;66;64;66m██[38;2;247;251;255m██[38;2;0;0;16m██[38;2;82;79;68m████[38;2;82;78;68m██[38;2;66;65;66m██[38;2;0;0;0m██[38;2;255;251;247m██[38;2;57;113;189m██[38;2;66;65;66m██[38;2;71;68;66m████[38;2;0;4;0m██              
    [38;2;16;12;0m██[38;2;74;154;255m██[38;2;0;4;0m██  ██      [38;2;8;0;0m██[38;2;68;79;82m██[38;2;66;65;66m██[38;2;66;146;247m██[38;2;66;65;66m██[38;2;82;78;68m██[38;2;49;60;82m██[38;2;239;251;255m██[38;2;0;0;24m██[38;2;239;251;255m██[38;2;57;113;189m██[38;2;66;65;66m██[38;2;82;78;68m████[38;2;0;4;0m██              
  ██[38;2;35;59;85m██[38;2;54;106;170m██[38;2;57;113;189m██[38;2;0;4;0m██[38;2;66;146;247m██[38;2;0;4;0m██  ██[38;2;189;239;247m██[38;2;68;79;82m██[38;2;66;65;66m██[38;2;66;146;247m██[38;2;66;65;66m██[38;2;82;78;68m██[38;2;49;60;82m██[38;2;112;123;139m██[38;2;239;251;255m██[38;2;119;125;139m██[38;2;66;65;66m██[38;2;57;113;189m██[38;2;82;78;68m██[38;2;66;65;66m██[38;2;99;158;165m██[38;2;0;4;0m██            
  ██[38;2;66;146;247m██[38;2;82;81;66m██[38;2;68;92;148m██[38;2;74;60;66m██[38;2;57;113;189m██[38;2;0;4;0m██  ██[38;2;181;243;255m██[38;2;57;65;66m██[38;2;82;78;68m██[38;2;66;65;66m██[38;2;74;69;66m████[38;2;66;65;66m██[38;2;66;146;247m████[38;2;66;119;186m██[38;2;66;65;66m██[38;2;57;113;189m██[38;2;82;78;68m██[38;2;66;65;66m██[38;2;90;150;173m██[38;2;0;0;8m██            
[38;2;0;4;0m██[38;2;66;146;247m████[38;2;82;81;66m██[38;2;66;109;189m██[38;2;68;92;148m██[38;2;0;4;0m██  ██[38;2;181;243;255m██[38;2;119;154;160m██[38;2;181;243;255m██[38;2;66;65;66m████[38;2;66;146;247m██[38;2;74;69;66m██[38;2;66;146;247m██[38;2;66;65;66m██[38;2;66;146;247m██[38;2;66;65;66m██[38;2;57;113;189m██[38;2;66;65;66m██[38;2;82;78;68m██[38;2;66;65;66m██[38;2;60;100;118m████[38;2;0;4;0m██          
██[38;2;66;146;247m██[38;2;82;77;66m██[38;2;71;123;186m██[38;2;57;113;189m████[38;2;0;4;0m██  ██[38;2;181;243;255m████[38;2;93;156;167m██[38;2;74;69;66m██████[38;2;66;146;247m██████[38;2;66;60;74m██[38;2;66;117;194m██[38;2;57;113;189m██[38;2;74;73;66m██[38;2;82;79;70m██[38;2;0;4;0m██[38;2;90;154;173m████[38;2;60;104;115m██[38;2;0;4;0m████      
██[38;2;66;146;247m██████[38;2;57;113;189m██[38;2;0;4;0m██    ██[38;2;181;243;255m██[38;2;93;156;167m████[38;2;181;243;255m██[38;2;74;69;66m██████[38;2;66;65;66m████[38;2;66;88;134m██[38;2;66;146;255m██[38;2;57;113;189m██[38;2;74;73;66m██[38;2;0;4;0m██  ██[38;2;60;104;115m██[38;2;90;154;173m████[38;2;99;158;165m██[38;2;0;4;0m██    
  ██[38;2;74;146;247m████[38;2;120;171;194m██[38;2;66;69;74m██[38;2;0;4;0m██  ██[38;2;120;160;170m██[38;2;165;239;255m██[38;2;110;160;170m██[38;2;181;243;255m██[38;2;66;65;66m██[38;2;82;78;68m████[38;2;74;69;66m██[38;2;66;146;247m██[38;2;71;88;134m██[38;2;66;146;255m██[38;2;71;68;66m████[38;2;0;4;0m██    ██[38;2;115;162;175m██[38;2;57;85;95m██[38;2;57;101;123m██[38;2;181;243;255m██[38;2;0;4;0m██  
    [38;2;16;12;0m██[38;2;35;56;82m██[38;2;66;69;74m██[38;2;148;223;255m██[38;2;181;243;255m██[38;2;0;4;0m██[38;2;181;239;255m████[38;2;110;160;170m██[38;2;0;4;0m██[38;2;181;243;255m████[38;2;66;65;66m██[38;2;82;78;68m██[38;2;74;69;66m████[38;2;71;88;134m██[38;2;74;60;74m██[38;2;71;68;66m██[38;2;0;4;0m██        [38;2;0;8;16m██[38;2;173;239;255m██[38;2;181;243;255m██[38;2;98;148;167m██[38;2;0;4;0m██  
    ██[38;2;181;243;255m██[38;2;93;156;167m██[38;2;181;243;255m██[38;2;111;154;160m██[38;2;49;65;66m██[38;2;181;243;255m████[38;2;0;4;0m██  ██[38;2;181;243;255m████[38;2;66;65;66m██████[38;2;78;87;144m██[38;2;66;65;66m██[38;2;66;64;66m██[38;2;0;4;0m██        [38;2;33;16;0m██[38;2;49;62;82m██[38;2;66;65;66m████[38;2;173;239;255m██[38;2;0;4;8m██
      [38;2;0;4;0m██[38;2;181;243;255m██[38;2;93;156;167m██[38;2;111;154;160m██[38;2;173;243;255m██[38;2;181;243;255m██[38;2;0;4;0m██    ██[38;2;181;243;255m██████[38;2;66;65;66m████████[38;2;0;4;0m██        ██[38;2;82;154;247m██[38;2;49;62;82m██[38;2;66;146;247m████[38;2;86;121;131m██[38;2;0;4;8m██
      [38;2;0;4;0m██[38;2;181;239;255m██[38;2;120;160;170m██[38;2;181;243;255m██[38;2;93;156;167m██[38;2;181;243;255m██[38;2;0;4;0m██      ██[38;2;95;157;167m████[38;2;93;157;164m██[38;2;66;65;66m██████[38;2;0;4;0m██      ██[38;2;66;146;247m██[38;2;82;77;66m██[38;2;57;142;247m██[38;2;85;77;68m████[38;2;57;113;189m██[38;2;0;4;0m██
        ██[38;2;181;239;255m██[38;2;181;243;255m████[38;2;0;4;0m██        ██[38;2;95;157;167m████[38;2;93;157;164m████[38;2;66;65;66m██[38;2;93;157;164m██[38;2;0;4;0m██        ██[38;2;65;120;186m██[38;2;82;77;66m██[38;2;57;113;189m████[38;2;0;4;0m██  
          ██████        [38;2;8;0;0m██[38;2;68;79;82m██[38;2;71;68;65m██[38;2;99;158;165m██[38;2;93;157;164m████[38;2;66;65;66m██[38;2;82;78;68m██[38;2;68;79;82m██[38;2;8;0;0m██        [38;2;0;4;0m████████    
                      ██[38;2;189;239;247m██[38;2;68;79;82m██[38;2;71;68;65m████[38;2;66;65;66m████[38;2;82;78;68m██[38;2;66;65;66m██[38;2;68;79;82m██[38;2;189;239;247m██[38;2;0;4;0m████                
                    [38;2;0;0;0m██[38;2;189;239;247m██[38;2;181;243;255m██████[38;2;66;65;66m██[38;2;82;78;68m████[38;2;74;69;66m██████[38;2;181;243;255m██[38;2;173;243;255m██[38;2;49;65;66m██[38;2;0;4;0m██              
                    [38;2;0;0;0m██[38;2;63;79;82m██[38;2;66;65;66m████[38;2;181;243;255m██[38;2;66;65;66m██[38;2;82;78;68m██[38;2;66;65;66m██[38;2;181;243;255m██[38;2;74;69;66m██████[38;2;111;154;160m████[38;2;99;158;165m██[38;2;0;4;0m████          
                [38;2;8;4;0m████[38;2;181;243;255m██████[38;2;93;156;167m██[38;2;66;65;66m████[38;2;82;78;68m██[38;2;66;65;66m██[38;2;189;239;247m██[38;2;63;79;82m██[38;2;82;78;68m██[38;2;66;65;66m████[38;2;93;157;164m██[38;2;95;156;167m████[38;2;99;150;181m██[38;2;0;4;0m██        
              ██[38;2;189;239;255m██[38;2;68;82;85m██[38;2;82;81;66m████[38;2;181;243;255m████[38;2;93;157;164m██[38;2;66;65;66m██[38;2;82;78;68m██[38;2;66;65;66m██[38;2;0;0;0m████[38;2;82;78;68m████[38;2;66;65;66m██[38;2;93;157;164m██[38;2;95;156;167m██[38;2;76;86;145m██[38;2;66;101;120m██[38;2;0;4;0m██        
            [38;2;0;0;8m██[38;2;181;223;255m██[38;2;181;243;255m████[38;2;186;243;255m████[38;2;181;239;255m██[38;2;120;160;170m██[38;2;71;68;66m████[38;2;82;78;68m██[38;2;0;4;0m██    ██[38;2;82;79;70m██[38;2;49;78;79m██[38;2;98;152;159m██[38;2;54;80;132m██[38;2;82;117;198m██[38;2;54;80;132m██[38;2;82;117;198m██[38;2;0;4;0m██      
          ██[38;2;90;111;131m████[38;2;76;86;145m████[38;2;186;243;255m████[38;2;181;239;255m██[38;2;0;4;0m████[38;2;71;68;66m██[38;2;82;78;68m██[38;2;0;4;0m██      ██████[38;2;0;8;0m████████        
        [38;2;0;4;0m██[38;2;66;146;247m██[38;2;54;96;159m██[38;2;82;142;239m██[38;2;54;96;159m██[38;2;82;142;239m██[38;2;90;115;127m██[38;2;181;231;255m██[38;2;0;4;0m██    ████                              
          ██████████[38;2;0;0;0m████[38;2;0;4;0m██                                      
[0m