                      [38;2;0;0;0m████                                                
                    ██[38;2;139;226;164m██[38;2;54;72;60m██[38;2;16;0;8m██              [38;2;0;0;0m████                            
                  ██[38;2;139;226;164m████[38;2;93;145;112m██[38;2;54;72;60m██[38;2;0;0;0m████    ██████[38;2;139;226;164m████[38;2;0;0;0m██                          
                  ██[38;2;139;226;164m██[38;2;79;151;109m██[38;2;139;226;164m████████[38;2;0;0;0m████[38;2;139;226;164m██████████[38;2;0;0;0m██                          
                ██[38;2;139;226;164m████[38;2;79;151;109m██[38;2;139;226;164m██████[38;2;79;151;109m██[38;2;139;226;164m████████████[38;2;0;0;0m██                            
                ██[38;2;139;226;164m██[38;2;79;151;109m██[38;2;139;226;164m████[38;2;79;151;109m████[38;2;139;226;164m██████[38;2;131;226;164m██████[38;2;87;151;109m██[38;2;0;0;0m██                            
                ██[38;2;139;226;164m██[38;2;79;151;109m██[38;2;139;226;164m██[38;2;79;151;109m██[38;2;139;226;164m████████[38;2;65;64;65m██[38;2;57;64;65m██[38;2;94;145;115m██[38;2;87;151;109m██[38;2;0;0;0m██                              
                ██[38;2;139;226;164m████[38;2;79;151;109m██[38;2;139;226;164m████[38;2;82;74;43m████[38;2;65;64;65m██[38;2;246;226;65m██[38;2;230;89;98m██[38;2;82;149;106m████[38;2;0;0;0m██                              
                  ██[38;2;139;226;164m██████[38;2;65;64;65m██[38;2;246;222;82m██[38;2;0;0;24m██[38;2;246;226;65m████[38;2;230;89;98m██[38;2;82;149;106m██[38;2;0;0;0m██                                
                  ██[38;2;139;226;164m████████[38;2;238;93;90m██[38;2;194;195;117m██[38;2;255;218;82m██[38;2;205;102;87m██[38;2;156;64;65m██[38;2;79;151;109m██[38;2;0;0;0m██                                
                  ██[38;2;139;226;164m██[38;2;79;151;109m██[38;2;139;226;164m████[38;2;172;246;131m██[38;2;238;93;90m██[38;2;205;102;87m██[38;2;180;44;90m██[38;2;156;64;65m██[38;2;79;151;109m██[38;2;0;0;0m██                                
                    ██[38;2;139;226;164m██[38;2;156;64;65m██████████[38;2;230;89;98m██[38;2;119;107;86m██[38;2;0;0;0m██                                  
                      ██[38;2;230;89;98m██████████[38;2;156;64;65m██[38;2;119;107;86m██[38;2;0;0;0m██                                  
                        ████[38;2;222;109;115m████[38;2;156;64;65m██[38;2;79;151;109m██[38;2;78;149;106m██[38;2;65;64;65m██[38;2;0;0;0m████                              
              ████          [38;2;0;36;24m██[38;2;111;72;69m██[38;2;79;151;109m████[38;2;78;149;106m██[38;2;65;64;65m██[38;2;246;218;82m██[38;2;164;145;54m██[38;2;0;0;0m██                            
  ████    ██[38;2;16;0;0m██[38;2;148;222;164m██[38;2;139;226;164m██[38;2;0;0;0m██          ██[38;2;79;151;109m████[38;2;139;226;164m██[38;2;65;64;65m██[38;2;255;226;82m████[38;2;0;0;0m██                            
██[38;2;82;149;106m████[38;2;0;0;0m████[38;2;139;226;164m██[38;2;82;111;82m██[38;2;148;222;164m██[38;2;139;226;164m██[38;2;0;0;0m██          ██[38;2;139;226;164m████████[38;2;74;64;82m██[38;2;194;172;82m██[38;2;65;64;65m██[38;2;0;0;0m████          ████          
  ████[38;2;82;149;106m██[38;2;52;75;60m██[38;2;139;226;164m██[38;2;90;97;87m██[38;2;139;226;164m██[38;2;90;121;98m████[38;2;0;0;0m██    ████[38;2;87;151;109m██[38;2;139;226;164m██████████[38;2;65;64;65m██[38;2;60;105;79m██[38;2;65;64;65m██[38;2;61;105;78m██[38;2;0;0;0m██    ████[38;2;139;226;164m████[38;2;0;0;0m████      
      ██[38;2;8;0;8m██[38;2;139;226;164m██[38;2;90;97;87m████[38;2;65;68;65m██[38;2;139;226;164m████[38;2;0;0;0m████[38;2;82;149;106m██[38;2;87;151;109m██[38;2;131;226;164m██[38;2;139;226;164m████████████[38;2;65;64;65m████[38;2;61;105;78m████[38;2;0;0;0m████[38;2;139;226;164m██████[38;2;65;64;65m██[38;2;82;153;115m██[38;2;54;102;76m██[38;2;0;0;0m██    
          ██[38;2;65;64;65m████[38;2;78;149;106m██[38;2;65;64;65m██████[38;2;82;149;106m████[38;2;139;226;164m████████████████████[38;2;65;64;65m██████[38;2;139;226;164m██████[38;2;63;63;63m██[38;2;74;149;106m██[38;2;54;99;71m██[38;2;82;149;106m██[38;2;0;0;0m██    
          ██[38;2;78;149;106m██[38;2;65;64;65m████[38;2;78;149;106m██████[38;2;82;149;106m██[38;2;0;0;0m██[38;2;65;64;65m██[38;2;139;226;164m██████[38;2;79;151;109m████[38;2;65;64;65m████[38;2;139;226;164m████[38;2;131;226;164m██[38;2;98;145;115m██[38;2;139;226;164m████[38;2;65;64;65m████[38;2;74;149;106m██[38;2;68;106;84m██[38;2;82;149;106m██[38;2;0;0;0m██      
    ██████[38;2;82;149;106m██████[38;2;0;0;0m██[38;2;82;149;106m████[38;2;0;0;0m████  ██[38;2;93;151;109m██[38;2;139;226;164m██[38;2;79;151;109m██[38;2;139;226;164m██[38;2;65;64;65m██[38;2;139;226;164m████[38;2;65;64;65m████[38;2;139;226;164m████[38;2;65;64;65m████[38;2;79;149;109m██[38;2;60;105;79m██[38;2;79;149;109m████[38;2;54;99;71m██[38;2;0;0;0m██      
  ██[38;2;82;149;106m████████[38;2;0;0;0m████  ████    ██[38;2;139;226;164m████[38;2;79;151;109m██[38;2;139;226;164m██[38;2;65;64;65m██[38;2;139;226;164m████[38;2;106;94;93m██[38;2;139;226;164m████████[38;2;65;64;65m██[38;2;78;149;106m██[38;2;79;149;109m██████[38;2;60;105;79m██[38;2;82;149;106m████[38;2;0;0;0m██    
██[38;2;82;149;106m████[38;2;0;0;0m██████              ██[38;2;183;75;76m██[38;2;139;226;164m██████[38;2;98;64;65m██[38;2;139;226;164m██[38;2;106;94;93m██[38;2;139;226;164m██[38;2;131;222;156m██[38;2;82;114;90m██[38;2;98;145;115m██[38;2;131;226;164m██[38;2;139;226;164m██[38;2;65;64;65m██████[38;2;78;149;106m████[38;2;46;74;60m██[38;2;8;0;8m██      
  [38;2;0;0;0m████                  ██[38;2;61;105;78m██[38;2;183;75;76m████[38;2;156;64;65m████[38;2;98;64;65m████[38;2;106;94;93m██[38;2;139;226;164m██[38;2;57;60;57m████[38;2;65;64;65m████[38;2;139;226;164m████████[38;2;65;64;65m████[38;2;84;148;112m████[38;2;0;0;0m██    
                      ██[38;2;79;149;109m██[38;2;60;105;79m██[38;2;82;149;106m██[38;2;230;89;98m██████████[38;2;65;64;65m████[38;2;139;226;164m██████[38;2;65;64;65m██████[38;2;139;226;164m████████[38;2;65;64;65m██[38;2;98;145;115m██[38;2;139;226;164m██[38;2;0;0;0m██  
                      ██[38;2;79;149;109m██[38;2;60;105;79m██[38;2;82;149;106m████████████[38;2;98;145;115m██[38;2;131;226;164m██[38;2;139;226;164m██████[38;2;65;64;65m██[38;2;60;105;79m████[38;2;65;64;65m██████████[38;2;131;226;164m██[38;2;139;226;164m████[38;2;0;0;0m██
                      ██[38;2;82;149;106m████[38;2;68;106;84m██[38;2;74;149;106m██[38;2;78;149;106m████[38;2;79;149;106m████[38;2;94;147;115m██[38;2;131;226;164m██[38;2;139;226;164m████████[38;2;65;64;65m████[38;2;79;149;109m████[38;2;79;151;109m██[38;2;139;226;164m██[38;2;63;105;82m████[38;2;139;226;164m██[38;2;0;0;0m██  
                        ██[38;2;82;149;106m██[38;2;74;149;106m██[38;2;63;63;63m██[38;2;65;64;65m██[38;2;78;149;106m██[38;2;79;149;106m████[38;2;57;68;65m██[38;2;94;147;115m██[38;2;139;226;164m████████[38;2;65;64;65m██[38;2;78;149;106m██[38;2;79;149;109m██[38;2;60;105;79m██[38;2;139;226;164m████████[38;2;0;0;0m██    
                          ██[38;2;79;149;106m████[38;2;90;145;115m██[38;2;49;72;57m██[38;2;65;64;65m██████████[38;2;74;149;106m██[38;2;139;226;164m██[38;2;79;151;109m██[38;2;65;64;65m██[38;2;74;149;106m██[38;2;139;226;164m████[38;2;69;113;82m██[38;2;139;226;164m██[38;2;0;0;0m████      
                      ████[38;2;139;226;164m██[38;2;79;149;106m████[38;2;8;0;0m████[38;2;60;105;79m████[38;2;0;0;0m████[38;2;69;107;86m██[38;2;65;64;65m██[38;2;79;151;109m████[38;2;69;107;86m██[38;2;65;64;65m██[38;2;139;226;164m██████[38;2;0;0;0m██          
                    ██[38;2;82;149;106m██[38;2;131;226;164m██[38;2;87;151;109m██[38;2;139;226;164m██[38;2;0;0;0m██    ████    ██[38;2;82;149;106m██[38;2;87;151;109m██████[38;2;131;226;164m██[38;2;65;64;65m██[38;2;0;0;0m████            
                      ████████                ████[38;2;131;226;164m██[38;2;87;151;109m██[38;2;0;0;0m████                
                                                  ████                    
[0m