            [38;2;0;0;0m██████            
      ██████[38;2;230;74;41m████[38;2;0;0;0m██            
    ██[38;2;197;132;25m██[38;2;255;181;41m██[38;2;197;132;25m██[38;2;230;74;41m██[38;2;0;0;0m██              
  ██[38;2;255;181;41m██████[38;2;197;132;25m████[38;2;255;181;41m██[38;2;0;0;0m██            
██[38;2;255;181;41m██████████████[38;2;197;132;25m██[38;2;0;0;0m██          
██[38;2;255;255;255m██[38;2;222;206;107m██[38;2;255;181;41m████[38;2;255;255;255m████[38;2;255;181;41m████[38;2;0;0;0m██          
██[38;2;255;255;255m██[38;2;189;189;189m██[38;2;255;181;41m██[38;2;255;255;255m██[38;2;0;0;0m██[38;2;255;255;255m██[38;2;255;181;41m████[38;2;0;0;0m██          
  ██[38;2;189;189;189m██[38;2;255;255;255m██[38;2;255;181;41m██[38;2;255;255;255m████[38;2;255;181;41m██[38;2;222;206;107m██[38;2;0;0;0m██          
    ██[38;2;222;206;107m██████████[38;2;0;0;0m██            
  ██[38;2;247;247;173m██[38;2;148;132;99m████[38;2;222;206;107m██[38;2;197;132;25m████[38;2;0;0;0m██  ████      
    ██[38;2;197;132;25m██[38;2;230;74;41m██[38;2;65;65;65m██[38;2;247;247;173m██[38;2;222;206;107m██[38;2;197;132;25m██[38;2;0;0;0m██[38;2;255;181;41m██[38;2;197;132;25m██[38;2;0;0;0m████  
      ██[38;2;255;181;41m██[38;2;197;132;25m██[38;2;148;132;99m████[38;2;255;181;41m██[38;2;65;65;65m██[38;2;255;181;41m████[38;2;197;132;25m██[38;2;255;181;41m██[38;2;0;0;0m██
    ██[38;2;255;181;41m██[38;2;197;132;25m██[38;2;255;181;41m████████[38;2;148;132;99m██[38;2;255;181;41m██[38;2;148;132;99m██[38;2;255;181;41m██[38;2;0;0;0m████
      ████[38;2;197;132;25m██[38;2;255;181;41m██[38;2;197;132;25m██[38;2;65;65;65m██[38;2;255;181;41m██[38;2;197;132;25m██[38;2;0;0;0m████    
          ████[38;2;255;181;41m████[38;2;0;0;0m████        
              ████            
[0m