        [38;2;0;0;0m████                  
      ██[38;2;123;90;74m██[38;2;0;0;0m████      ████      
      ██[38;2;247;115;123m██[38;2;123;90;74m██[38;2;0;0;0m██    ██[38;2;123;90;74m██[38;2;0;0;0m████    
        ██[38;2;247;115;123m██[38;2;123;90;74m██[38;2;0;0;0m██  ██[38;2;247;115;123m██[38;2;123;90;74m██[38;2;0;0;0m██    
        ██[38;2;247;115;123m██[38;2;123;90;74m██[38;2;0;0;0m██  ██[38;2;247;115;123m██[38;2;123;90;74m██[38;2;0;0;0m██    
          ██[38;2;65;65;65m██[38;2;0;0;0m████[38;2;247;115;123m██[38;2;123;90;74m██[38;2;0;0;0m██      
  ████  ██[38;2;214;156;140m████[38;2;197;140;123m██[38;2;65;65;65m██[38;2;197;115;123m██[38;2;0;0;0m██        
██[38;2;123;90;74m██[38;2;173;115;90m██[38;2;0;0;0m██[38;2;65;65;65m██[38;2;214;156;140m██████[38;2;197;140;123m██[38;2;65;65;65m██[38;2;0;0;0m██        
██[38;2;173;115;90m██[38;2;123;90;74m██[38;2;214;156;140m██[38;2;65;65;65m██[38;2;214;156;140m████[38;2;0;0;0m██[38;2;197;140;123m██████[38;2;0;0;0m██      
██[38;2;123;90;74m██[38;2;197;140;123m██████[38;2;123;90;74m██[38;2;197;140;123m██[38;2;0;0;0m██[38;2;197;140;123m████[38;2;123;90;74m████[38;2;0;0;0m████  
  ██[38;2;197;140;123m████[38;2;255;247;230m████[38;2;197;140;123m████████████[38;2;123;90;74m██[38;2;197;140;123m██[38;2;0;0;0m██
  ██[38;2;173;115;90m██[38;2;255;247;230m████████[38;2;197;140;123m██████████[38;2;123;90;74m██[38;2;197;140;123m██[38;2;0;0;0m██
    ██[38;2;214;197;173m██[38;2;197;140;123m████[38;2;255;247;230m████[38;2;197;140;123m██████████[38;2;0;0;0m██  
    ██[38;2;173;115;90m████[38;2;197;140;123m████[38;2;255;247;230m██[38;2;197;140;123m██████[38;2;173;115;90m██[38;2;0;0;0m██    
      ██[38;2;173;115;90m██████[38;2;214;197;173m████[38;2;173;115;90m██[38;2;65;65;65m██[38;2;0;0;0m██      
        ████[38;2;214;197;173m████[38;2;65;65;65m████[38;2;0;0;0m██        
          ██[38;2;65;65;65m████[38;2;197;140;123m████[38;2;0;0;0m██        
          ██[38;2;173;115;90m████[38;2;0;0;0m████          
          ██[38;2;123;90;74m████[38;2;0;0;0m██            
        ██[38;2;197;140;123m████[38;2;173;115;90m██[38;2;0;0;0m██            
    ████[38;2;123;90;74m██████[38;2;197;140;123m██[38;2;173;115;90m██[38;2;0;0;0m██          
  ██[38;2;123;90;74m██[38;2;214;156;140m████[38;2;197;140;123m██[38;2;123;90;74m████[38;2;173;115;90m██[38;2;0;0;0m██          
  ██[38;2;197;140;123m██[38;2;214;156;140m████[38;2;197;140;123m████[38;2;123;90;74m██[38;2;173;115;90m██[38;2;0;0;0m██          
  ██[38;2;173;115;90m██[38;2;197;140;123m██████[38;2;173;115;90m██[38;2;123;90;74m██[38;2;0;0;0m██            
    ██[38;2;173;115;90m██████[38;2;0;0;0m████              
      ██████                  
[0m