                                    [38;2;0;0;0m██                                  
                                  ██[38;2;74;121;164m██[38;2;0;0;0m██                                
                                  ██[38;2;74;121;164m██[38;2;0;0;0m██                                
                                ██[38;2;74;121;164m██[38;2;78;87;143m██[38;2;0;0;0m██                                
                                ██[38;2;74;121;164m██[38;2;78;87;143m██[38;2;0;0;0m██                                
                                ██[38;2;74;121;164m██[38;2;78;87;143m██[38;2;0;0;0m██                                
                              ██[38;2;74;121;164m██[38;2;78;87;143m████[38;2;0;0;0m██                                
                              ██[38;2;74;121;164m██[38;2;79;91;142m██[38;2;8;8;0m██                                  
                            [38;2;0;0;0m██[38;2;74;121;164m████[38;2;79;91;142m██[38;2;43;49;71m██[38;2;0;0;0m██                                
                            ██[38;2;74;121;164m██[38;2;78;87;143m██[38;2;76;86;142m████[38;2;0;0;0m██                                
                            ██[38;2;74;121;164m██[38;2;78;87;143m██[38;2;76;86;142m██[38;2;0;0;0m██                                  
                          ██[38;2;74;121;164m████[38;2;78;87;143m████[38;2;65;64;65m██[38;2;0;0;0m██                                
                          ██[38;2;74;121;164m████[38;2;78;87;143m██████[38;2;0;0;0m██                                
                          [38;2;0;4;0m██[38;2;74;125;172m██[38;2;76;87;145m████[38;2;78;87;143m████[38;2;57;80;115m██[38;2;8;0;0m██                              
                      [38;2;0;0;0m████[38;2;49;84;115m██[38;2;74;125;172m██[38;2;76;87;145m████[38;2;65;72;123m████[38;2;82;121;172m████[38;2;0;0;0m████                          
                  ████[38;2;74;124;167m████[38;2;74;122;164m██[38;2;65;72;123m██████[38;2;74;124;167m████████████[38;2;0;0;0m██                        
                ██[38;2;74;121;164m████[38;2;74;124;167m████[38;2;74;122;164m████████[38;2;74;124;167m████████████[38;2;74;121;164m██[38;2;0;0;0m██                      
  ██████      ██[38;2;255;238;65m██[38;2;74;123;168m████[38;2;74;125;164m████[38;2;74;121;164m████[38;2;74;123;168m████[38;2;74;124;167m████████[38;2;74;121;164m████████[38;2;0;0;0m██                    
██[38;2;76;86;142m████[38;2;74;85;148m██[38;2;0;0;0m██████[38;2;255;238;65m████[38;2;148;198;90m██[38;2;74;123;168m██[38;2;160;186;111m██[38;2;246;246;57m██[38;2;255;238;65m████[38;2;148;198;90m██[38;2;74;123;168m██[38;2;74;124;167m████████[38;2;74;121;164m██[38;2;78;87;143m██████[38;2;0;0;0m██                    
  ██[38;2;74;85;148m██[38;2;71;83;137m████[38;2;65;121;148m████[38;2;254;238;63m████████[38;2;255;242;57m████[38;2;148;198;90m██[38;2;74;123;168m██[38;2;74;124;167m████████[38;2;74;121;164m██[38;2;57;94;126m██[38;2;57;93;123m██[38;2;74;122;167m██[38;2;74;124;167m████[38;2;74;121;164m██[38;2;0;0;0m██                  
    ████[38;2;71;83;137m██[38;2;160;184;102m██[38;2;255;246;57m██[38;2;254;238;63m████████[38;2;160;186;106m██[38;2;65;129;156m██[38;2;74;123;168m████[38;2;74;124;167m████████[38;2;57;94;126m██[38;2;74;121;164m██[38;2;74;122;167m████[38;2;74;124;167m████[38;2;74;121;164m████[38;2;0;0;0m██                
        ██[38;2;246;238;49m██[38;2;164;196;123m██[38;2;160;192;115m██[38;2;246;242;49m██[38;2;254;238;63m████[38;2;74;123;168m████[38;2;74;124;167m████████[38;2;74;121;164m██[38;2;57;94;126m██[38;2;74;124;167m████[38;2;74;121;164m████[38;2;74;124;167m████████[38;2;82;121;172m██[38;2;8;0;0m██[38;2;0;0;0m██            
      ██[38;2;65;161;172m██[38;2;82;153;197m████[38;2;74;141;180m████[38;2;254;238;63m████[38;2;148;198;90m██[38;2;74;123;168m██[38;2;74;124;167m████████[38;2;57;94;126m██[38;2;74;121;164m██[38;2;74;124;167m████[38;2;74;121;164m██[38;2;65;64;65m██[38;2;74;124;167m████████[38;2;57;80;115m██[38;2;82;121;172m██[38;2;74;121;164m██[38;2;0;0;0m██████████  
      ██[38;2;82;153;205m██████[38;2;74;122;164m██[38;2;82;153;205m██[38;2;74;121;164m██[38;2;255;238;65m████[38;2;74;121;164m██[38;2;74;124;167m████[38;2;74;121;164m██[38;2;65;89;131m██[38;2;76;110;159m████[38;2;82;121;164m██[38;2;60;70;76m██[38;2;74;121;164m██[38;2;41;48;41m██[38;2;63;97;123m██[38;2;74;121;164m████[38;2;65;72;123m██[38;2;74;121;164m████████[38;2;76;110;159m████[38;2;74;121;164m████[38;2;0;0;0m██
    ██[38;2;82;153;205m██████[38;2;74;122;164m██[38;2;82;153;205m██[38;2;74;122;164m██[38;2;74;121;164m████[38;2;255;238;65m██[38;2;74;121;164m██[38;2;74;124;167m████[38;2;68;99;142m██[38;2;74;121;164m██[38;2;76;110;159m██[38;2;0;0;0m██[38;2;60;70;76m██[38;2;49;44;32m██[38;2;63;97;123m██[38;2;74;121;164m██[38;2;41;48;41m██[38;2;74;121;164m██[38;2;65;72;123m██[38;2;68;89;137m██[38;2;78;87;143m████████[38;2;76;110;159m██[38;2;0;0;0m██████  
    ██[38;2;82;153;208m████████[38;2;74;122;164m██[38;2;82;153;205m██[38;2;74;124;167m████[38;2;74;121;172m████[38;2;109;136;159m██[38;2;79;94;120m██[38;2;76;110;159m████[38;2;255;255;255m██[38;2;205;105;65m██[38;2;0;0;0m██[38;2;74;105;156m██[38;2;41;48;41m██[38;2;78;87;143m██[38;2;41;48;41m██[38;2;78;87;143m██[38;2;71;83;137m████[38;2;0;0;0m██████████        
    ██[38;2;82;153;208m████████[38;2;82;153;205m██[38;2;74;122;164m██[38;2;74;124;167m████[38;2;160;186;213m██[38;2;246;250;255m██[38;2;139;178;197m██[38;2;49;52;82m██[38;2;76;110;159m██[38;2;0;0;0m██[38;2;205;105;65m████[38;2;0;0;0m██[38;2;74;105;156m██[38;2;41;48;41m██[38;2;78;87;143m██[38;2;41;48;41m██[38;2;78;87;143m██[38;2;71;83;137m██[38;2;0;0;0m██                  
      ██[38;2;255;255;255m██[38;2;238;246;255m████[38;2;208;236;254m████[38;2;255;255;255m██████[38;2;164;190;189m██████[38;2;57;60;74m██[38;2;90;102;115m██[38;2;0;0;0m████[38;2;78;87;143m██[38;2;41;48;41m██[38;2;78;87;143m██[38;2;41;48;41m██[38;2;76;86;142m████[38;2;0;0;0m██                    
        ████[38;2;238;246;255m██[38;2;255;255;255m██████[38;2;164;190;189m██████████[38;2;156;186;197m██[38;2;57;60;74m██[38;2;65;64;65m████[38;2;78;87;143m████████[38;2;0;0;0m████                      
            ████[38;2;65;64;65m██[38;2;82;52;57m████[38;2;65;60;57m████[38;2;65;64;65m████[38;2;82;52;57m██[38;2;213;153;164m██[38;2;164;190;189m████[38;2;65;64;65m██████[38;2;0;0;0m██                          
                ██[38;2;180;178;180m██[38;2;115;94;98m██[38;2;160;87;94m██[38;2;255;113;131m██[38;2;255;121;139m████[38;2;213;153;164m██[38;2;126;86;93m██[38;2;115;63;68m████[38;2;164;190;189m████[38;2;0;0;0m██                            
                ██[38;2;164;190;189m████[38;2;159;63;74m████[38;2;213;255;255m██[38;2;139;64;74m██[38;2;238;255;255m██[38;2;178;191;191m██[38;2;164;190;189m████[38;2;65;64;65m██[38;2;0;0;0m██                              
                  ██[38;2;164;190;189m██████[38;2;189;191;194m████[38;2;178;191;191m██[38;2;57;64;65m██[38;2;65;64;65m████[38;2;0;0;0m██                                
                    ████████████[38;2;65;64;65m██[38;2;164;190;189m████[38;2;0;0;0m██                                
                                ██[38;2;164;190;189m████[38;2;0;0;0m██                                
                                  ██[38;2;164;190;189m██[38;2;0;0;0m██                                
                                    ██                                  
[0m