                  [38;2;0;0;0m████████                              
              ████[38;2;189;190;189m████[38;2;0;0;0m██        ████                    
            ██[38;2;255;255;255m██[38;2;189;190;189m██[38;2;0;0;0m████          ██[38;2;255;255;255m██[38;2;0;0;0m██                  
          ██[38;2;255;255;255m████[38;2;127;127;127m██[38;2;0;0;0m██        ████[38;2;189;188;189m██[38;2;255;255;255m██[38;2;189;190;189m██[38;2;0;0;0m██                
          ██[38;2;189;188;189m██[38;2;255;255;255m██████[38;2;0;0;0m████████[38;2;255;255;255m██████[38;2;189;188;189m██[38;2;0;0;0m██                  
            ████[38;2;170;170;170m██[38;2;255;255;255m████████████[38;2;170;171;170m██[38;2;0;0;0m████                    
                ██[38;2;85;85;85m██[38;2;66;65;66m████[38;2;0;0;0m████[38;2;0;4;0m████                        
        [38;2;0;0;0m██      ██[38;2;173;150;74m████[38;2;0;0;0m██                                
      ██[38;2;222;199;107m██[38;2;0;0;0m██  ██[38;2;173;150;74m██████[38;2;0;0;0m██                    ████        
      ██[38;2;217;198;123m██[38;2;173;150;74m██[38;2;8;4;8m██[38;2;85;77;60m██[38;2;66;65;66m████[38;2;74;66;46m██[38;2;0;0;16m██  [38;2;0;0;0m██              ██[38;2;222;199;107m████[38;2;0;0;0m██      
      ██[38;2;173;150;74m██[38;2;239;223;148m██[38;2;239;223;165m██[38;2;85;77;60m██[38;2;222;199;107m████████[38;2;0;0;0m██[38;2;222;199;107m██[38;2;0;0;0m██      ██████[38;2;222;199;107m████[38;2;0;0;0m██        
    ██[38;2;231;215;140m██[38;2;239;222;156m████[38;2;115;97;57m██[38;2;239;223;156m██[38;2;238;223;156m██[38;2;222;199;107m████[38;2;172;148;74m██[38;2;222;198;107m████[38;2;0;0;0m██    ██[38;2;222;199;107m████[38;2;239;207;107m██[38;2;162;139;71m██[38;2;0;0;0m██          
  ██[38;2;231;215;140m████[38;2;239;222;156m████[38;2;156;139;90m██[38;2;239;223;156m██[38;2;238;223;156m████[38;2;222;199;107m████[38;2;222;198;107m████[38;2;107;89;66m██[38;2;0;0;0m████[38;2;222;199;107m██[38;2;172;148;74m████[38;2;162;139;71m██[38;2;8;4;0m██    [38;2;0;0;0m██████  
██[38;2;222;199;107m██[38;2;85;77;68m██[38;2;239;223;156m████[38;2;173;147;74m██[38;2;239;222;156m████████[38;2;222;198;107m████[38;2;222;199;107m██[38;2;172;148;74m██[38;2;173;150;74m██[38;2;66;65;66m██[38;2;222;199;107m██[38;2;66;65;66m██[38;2;173;148;73m████[38;2;173;150;74m██[38;2;66;65;66m██[38;2;0;0;0m████[38;2;222;199;107m████[38;2;231;207;107m██[38;2;0;0;0m██
██[38;2;222;199;107m██[38;2;85;77;68m██[38;2;239;223;156m████[38;2;173;147;74m██[38;2;239;222;156m████████[38;2;222;198;107m████[38;2;222;199;107m████[38;2;173;150;74m██[38;2;66;65;66m██[38;2;222;199;107m████[38;2;107;90;65m██[38;2;173;148;73m██[38;2;173;150;74m████[38;2;231;207;107m██[38;2;154;138;71m██[38;2;172;148;74m████[38;2;154;138;71m██[38;2;0;0;0m██
[38;2;0;0;8m██[38;2;74;66;43m██[38;2;57;56;57m██[38;2;222;195;107m██[38;2;239;223;148m██[38;2;173;150;74m██[38;2;239;223;156m██[38;2;222;199;107m██[38;2;222;198;107m████[38;2;217;198;123m██[38;2;173;150;74m██[38;2;161;141;87m██[38;2;115;97;57m██[38;2;173;148;73m████[38;2;66;65;66m██[38;2;222;195;99m██[38;2;115;90;60m██[38;2;173;144;79m██[38;2;173;148;74m████[38;2;173;150;74m██████[38;2;0;0;0m████  
[38;2;0;0;8m██[38;2;222;199;115m██[38;2;112;102;73m██[38;2;222;195;107m██[38;2;173;150;74m██[38;2;217;198;123m██[38;2;222;199;107m████[38;2;222;198;107m████[38;2;173;150;74m██[38;2;239;223;148m██[38;2;255;231;148m██[38;2;208;186;117m██[38;2;107;90;65m██[38;2;173;148;73m██[38;2;66;65;66m██[38;2;170;151;88m██[38;2;231;199;99m██[38;2;173;144;79m██[38;2;173;148;74m████[38;2;173;150;74m██[38;2;0;0;0m████      
  ██[38;2;156;136;71m██[38;2;231;203;107m██[38;2;164;144;85m██[38;2;222;199;107m██[38;2;222;198;107m████[38;2;222;199;107m████[38;2;66;66;66m████[38;2;222;199;107m████[38;2;173;146;74m██[38;2;101;92;68m██[38;2;66;65;66m██[38;2;173;150;74m██[38;2;173;148;74m████████[38;2;0;0;0m██          
    [38;2;8;4;0m██[38;2;231;203;107m██[38;2;106;90;63m██[38;2;222;199;107m██[38;2;222;198;107m████[38;2;164;144;85m██[38;2;106;90;63m██[38;2;66;66;66m████[38;2;66;65;66m████████[38;2;173;150;74m████[38;2;173;148;74m████████[38;2;173;150;74m██[38;2;0;0;0m████      
  ██[38;2;173;150;74m██[38;2;66;65;66m██[38;2;107;89;66m██[38;2;222;199;99m██[38;2;173;150;74m████████[38;2;101;92;68m██[38;2;173;146;74m██████[38;2;66;65;66m██[38;2;132;121;115m██[38;2;66;65;66m██[38;2;173;150;74m██[38;2;173;148;73m██[38;2;107;90;65m██[38;2;173;148;74m████[38;2;173;150;74m██████[38;2;0;0;0m██    
  ██[38;2;173;150;74m██[38;2;66;65;66m██[38;2;107;89;66m██[38;2;164;144;82m██[38;2;173;150;74m██[38;2;66;65;66m██████████[38;2;101;92;68m██[38;2;66;65;66m██[38;2;132;121;115m████[38;2;66;65;66m████[38;2;173;148;73m██[38;2;107;90;65m██[38;2;173;148;74m████[38;2;173;150;74m██[38;2;0;0;0m████      
  ██[38;2;173;150;74m████[38;2;85;74;43m██[38;2;170;148;79m██[38;2;66;64;65m██[38;2;132;121;115m██████████[38;2;66;65;66m██[38;2;231;207;123m██[38;2;66;65;66m████[38;2;132;121;115m████[38;2;71;62;57m██[38;2;107;93;82m██[38;2;173;150;74m████[38;2;0;0;0m██          
    ██[38;2;173;150;74m██[38;2;170;148;79m██[38;2;0;0;8m██[38;2;66;64;65m████████████[38;2;231;207;123m████[38;2;222;199;107m██[38;2;66;65;66m██[38;2;132;121;115m██[38;2;66;65;66m██[38;2;71;62;57m██[38;2;0;0;8m██[38;2;0;0;0m████            
      ████  ██[38;2;132;121;115m██[38;2;132;124;115m████[38;2;132;121;115m██[38;2;66;64;65m██[38;2;222;199;107m████[38;2;222;195;99m██[38;2;66;65;66m██[38;2;66;62;57m██[38;2;132;124;115m██[38;2;0;0;0m██                  
              ████[38;2;66;62;57m██[38;2;66;64;65m████[38;2;172;148;74m██[38;2;222;199;107m██[38;2;170;151;88m██[38;2;66;65;66m██[38;2;132;124;115m██[38;2;0;0;0m██                    
                  ████[38;2;132;121;115m██[38;2;66;65;74m██[38;2;173;150;90m██[38;2;66;62;57m██[38;2;132;124;115m██[38;2;0;0;0m██                      
                      ██[38;2;137;121;84m██[38;2;66;65;74m██[38;2;0;0;0m████                        
                        ████                            
[0m