                      [38;2;0;0;0m████████████                        
                ██████[38;2;187;140;172m██[38;2;165;89;181m██[38;2;222;247;148m████[38;2;165;89;181m██[38;2;187;140;172m██[38;2;0;0;0m██████                  
              ██[38;2;198;134;206m██████[38;2;165;89;181m██[38;2;231;243;156m██[38;2;222;247;148m████[38;2;231;243;156m██[38;2;165;89;181m██[38;2;198;134;206m██████[38;2;0;0;0m████              
          [38;2;0;0;8m████[38;2;198;132;206m████████[38;2;197;132;206m██[38;2;156;90;173m██[38;2;222;247;148m████[38;2;156;90;173m██[38;2;197;132;206m██[38;2;198;132;206m████[38;2;197;132;206m████[38;2;206;134;214m██[38;2;8;0;8m██            
        [38;2;0;0;0m██[38;2;222;215;181m██[38;2;148;143;123m██[38;2;198;132;206m████████[38;2;197;132;206m████[38;2;156;89;173m████[38;2;197;132;206m████[38;2;198;132;206m████[38;2;197;132;206m██[38;2;156;90;173m██[38;2;140;89;145m██[38;2;206;134;214m██[38;2;0;0;0m████        
      [38;2;0;0;8m██[38;2;164;113;156m██[38;2;156;90;173m██[38;2;197;132;206m██[38;2;187;140;172m██[38;2;165;89;181m██[38;2;197;132;206m████[38;2;198;132;206m████████[38;2;197;132;206m████████[38;2;165;89;181m██[38;2;231;243;156m██[38;2;222;247;148m██[38;2;156;89;173m██[38;2;197;132;206m██[38;2;156;90;173m██[38;2;0;0;0m██      
    ██[38;2;247;170;231m██[38;2;164;113;156m██[38;2;197;132;206m████[38;2;165;89;181m██[38;2;231;243;156m██[38;2;156;90;173m██[38;2;197;132;206m██[38;2;198;132;206m████████[38;2;197;132;206m██[38;2;156;90;173m████[38;2;197;132;206m██[38;2;187;140;172m██[38;2;165;89;181m██[38;2;222;247;148m████[38;2;156;90;173m██[38;2;197;132;206m██[38;2;255;199;206m██[38;2;0;0;0m██    
  [38;2;8;0;16m██[38;2;172;132;153m██[38;2;156;90;173m██[38;2;197;132;206m████[38;2;156;90;173m██[38;2;222;247;148m████[38;2;156;90;173m██[38;2;197;132;206m██[38;2;165;89;181m██[38;2;187;140;172m██[38;2;198;132;206m████[38;2;165;89;181m██[38;2;231;243;156m██[38;2;222;247;148m██[38;2;156;89;173m██[38;2;198;132;206m████[38;2;156;90;173m████[38;2;198;132;206m████[38;2;156;90;173m██[38;2;197;132;206m██[38;2;0;0;0m██  
██[38;2;255;199;222m████[38;2;156;90;173m██[38;2;197;132;206m████[38;2;156;90;173m██[38;2;222;247;148m██[38;2;156;89;173m██[38;2;197;132;206m██[38;2;156;90;173m██[38;2;231;243;156m██[38;2;165;89;181m██[38;2;198;132;206m████[38;2;187;140;172m██[38;2;165;89;181m██[38;2;222;247;148m██[38;2;156;89;173m██[38;2;198;132;206m████[38;2;197;132;206m████[38;2;198;132;206m████[38;2;197;132;206m██[38;2;156;90;173m██[38;2;255;199;206m██[38;2;0;0;0m██
██[38;2;255;199;206m████[38;2;156;90;173m██[38;2;197;132;206m██[38;2;198;132;206m████[38;2;156;90;173m██[38;2;197;132;206m██[38;2;198;132;206m████[38;2;156;90;173m██[38;2;197;132;206m██[38;2;198;132;206m████████[38;2;156;90;173m██[38;2;197;132;206m██[38;2;198;132;206m████████[38;2;197;132;206m████[38;2;205;142;194m██[38;2;156;89;175m██[38;2;255;199;206m██[38;2;0;0;0m██
  ██[38;2;255;199;206m██[38;2;156;90;173m██[38;2;197;132;206m██[38;2;198;132;206m████[38;2;197;132;206m████[38;2;198;132;206m████[38;2;197;132;206m████[38;2;198;132;206m████████[38;2;197;132;206m████[38;2;198;132;206m████████[38;2;156;90;173m████[38;2;156;89;175m██[38;2;255;195;214m██[38;2;0;0;0m██  
  ██[38;2;255;199;206m████[38;2;156;90;172m██████[38;2;197;132;206m████████[38;2;198;132;206m████████████[38;2;197;132;206m██████████[38;2;156;90;173m██[38;2;255;198;206m████[38;2;239;182;206m████[38;2;0;0;0m██  
  ██[38;2;255;199;206m██████████[38;2;156;90;173m██[38;2;197;132;206m██[38;2;156;90;173m████[38;2;198;132;206m████████████[38;2;197;132;206m██[38;2;156;90;173m████[38;2;197;132;206m████[38;2;156;90;173m██[38;2;255;198;206m████[38;2;239;182;206m██[38;2;0;0;0m██    
    ██[38;2;231;174;214m████[38;2;255;199;206m██████[38;2;156;90;172m██[38;2;255;198;206m████[38;2;156;89;175m██[38;2;205;142;194m██[38;2;197;132;206m████[38;2;205;142;194m██[38;2;156;89;175m██[38;2;156;90;172m██[38;2;255;199;206m████[38;2;156;90;172m████[38;2;255;199;206m████████[38;2;0;0;0m██    
      ██████[38;2;255;199;206m██████[38;2;255;198;206m████[38;2;255;195;214m██[38;2;156;89;175m██[38;2;156;90;173m████[38;2;156;89;175m██[38;2;255;195;214m██[38;2;255;199;206m████████████[38;2;0;0;0m██[38;2;255;199;206m██[38;2;0;0;0m██      
            ██████[38;2;255;199;206m████████[38;2;255;198;206m████[38;2;255;199;206m████[38;2;231;174;214m████[38;2;255;199;206m██[38;2;0;0;0m██████  ██        
                  ████[38;2;82;81;82m████[38;2;255;198;206m████[38;2;255;199;206m██[38;2;82;81;82m██[38;2;77;66;76m██[38;2;0;12;8m██[38;2;0;0;0m██                  
                      [38;2;8;4;8m██[38;2;198;207;214m██[38;2;82;82;82m██████[38;2;198;207;214m██[38;2;0;0;0m██                      
                    ██[38;2;198;207;214m██[38;2;71;71;76m██[38;2;198;207;214m████[38;2;82;82;82m██[38;2;198;207;214m██[38;2;0;0;0m██                      
              ████[38;2;16;12;0m██[38;2;222;227;206m██[38;2;197;197;192m██[38;2;82;81;82m██[38;2;255;255;231m██[38;2;198;207;214m████[38;2;82;82;82m██[38;2;255;255;255m██[38;2;0;0;0m██                    
            ██[38;2;154;167;104m██[38;2;231;251;156m██[38;2;153;155;137m████[38;2;82;81;82m██[38;2;255;255;247m██[38;2;255;255;231m████[38;2;198;207;214m████[38;2;85;85;85m██[38;2;255;255;255m██[38;2;0;0;0m██                  
            ██[38;2;239;251;165m██[38;2;162;168;112m██[38;2;82;81;82m████[38;2;255;199;206m██[38;2;205;148;214m██[38;2;214;146;214m██[38;2;255;255;222m██[38;2;225;190;208m██[38;2;198;150;214m██[38;2;197;157;184m██[38;2;82;81;90m██[38;2;239;251;198m██[38;2;0;0;0m████              
            ██[38;2;162;168;112m██[38;2;8;4;8m██[38;2;82;81;82m██[38;2;255;199;206m██████[38;2;234;200;218m██[38;2;214;146;214m██[38;2;198;150;214m██[38;2;239;211;206m██[38;2;255;195;231m██[38;2;82;81;90m██[38;2;159;167;132m██[38;2;239;251;198m██[38;2;173;174;123m██[38;2;0;0;0m██            
              ██  ██[38;2;231;174;214m██[38;2;255;198;206m████████████[38;2;231;174;214m██[38;2;77;66;76m██[38;2;0;0;0m██[38;2;173;174;123m██[38;2;231;251;156m██[38;2;156;168;106m██[38;2;0;0;0m██          
                  ██[38;2;231;174;214m██[38;2;255;198;206m████████████[38;2;231;174;214m██[38;2;0;12;8m██  [38;2;0;0;0m██[38;2;231;251;156m██[38;2;8;4;8m██            
                    [38;2;0;0;0m██[38;2;206;150;214m████[38;2;255;199;206m██████[38;2;205;148;214m██[38;2;0;0;0m██    ██[38;2;222;247;148m██[38;2;0;0;0m██            
                      ████████[38;2;205;148;214m██[38;2;255;199;206m██[38;2;0;0;0m██      ██              
                              ████                        
[0m