                    [38;2;0;0;0m██████                        
                  ██[38;2;172;106;106m██[38;2;213;131;131m████[38;2;0;0;0m██      ██████          
                  ██[38;2;213;131;131m████[38;2;172;106;106m████[38;2;0;0;0m██████[38;2;172;106;106m██[38;2;255;172;164m██[38;2;172;106;106m██[38;2;0;0;0m██        
                    ██[38;2;255;172;164m██████████[38;2;65;65;65m██[38;2;255;172;164m██[38;2;213;131;131m██[38;2;255;172;164m██[38;2;0;0;0m██        
                  ██[38;2;255;172;164m██████████[38;2;255;255;255m██[38;2;213;131;131m██[38;2;255;172;164m██[38;2;65;65;65m██[38;2;213;131;131m██[38;2;0;0;0m██        
                ████[38;2;164;148;82m██████[38;2;255;172;164m██[38;2;255;255;255m██[38;2;0;0;0m██[38;2;255;255;255m██[38;2;255;172;164m██[38;2;213;131;131m██[38;2;0;0;0m██          
            ████[38;2;65;65;65m██[38;2;205;189;115m██[38;2;246;230;156m██████[38;2;164;148;82m██[38;2;255;255;255m██████[38;2;213;131;131m████[38;2;0;0;0m████        
          ██[38;2;139;148;131m██[38;2;65;65;65m██[38;2;205;189;115m██[38;2;246;230;156m██████[38;2;131;131;115m██[38;2;246;230;156m██[38;2;205;189;115m██[38;2;255;255;255m██[38;2;213;131;131m██████[38;2;0;0;0m██[38;2;65;65;65m██[38;2;0;0;0m██      
        ██[38;2;139;148;131m██[38;2;65;65;65m██[38;2;255;255;255m██[38;2;65;65;65m██[38;2;246;230;156m████████████[38;2;205;189;115m██[38;2;213;131;131m██████[38;2;0;0;0m██[38;2;189;180;172m██[38;2;65;65;65m██[38;2;0;0;0m██    
    ██████[38;2;189;205;189m██[38;2;65;65;65m██[38;2;189;180;172m██[38;2;0;0;0m██[38;2;164;148;82m██[38;2;131;131;115m██[38;2;65;65;65m████[38;2;246;230;156m██████[38;2;164;148;82m██[38;2;213;131;131m██[38;2;172;106;106m██[38;2;0;0;0m██[38;2;189;180;172m██[38;2;65;65;65m██[38;2;139;148;131m██[38;2;0;0;0m██  
  ██[38;2;255;172;164m██[38;2;255;255;255m██[38;2;255;172;164m██[38;2;82;98;82m██[38;2;139;148;131m██[38;2;65;65;65m██[38;2;255;255;255m██[38;2;0;0;0m██[38;2;164;148;82m██████[38;2;65;65;65m██[38;2;205;189;115m████[38;2;164;148;82m██[38;2;172;106;106m██[38;2;0;0;0m██[38;2;189;180;172m██[38;2;0;0;0m██[38;2;189;205;189m██[38;2;139;148;131m████[38;2;0;0;0m██
██[38;2;255;255;255m██[38;2;255;172;164m██████[38;2;213;131;131m██[38;2;82;98;82m██[38;2;139;148;131m██[38;2;255;255;255m████[38;2;0;0;0m████[38;2;255;255;255m██[38;2;0;0;0m██[38;2;65;65;65m████[38;2;255;255;255m██[38;2;0;0;0m██[38;2;255;255;255m██[38;2;189;180;172m██[38;2;189;205;189m██████[38;2;139;148;131m██[38;2;0;0;0m██
  ████[38;2;213;131;131m██████[38;2;82;98;82m██[38;2;189;205;189m██[38;2;139;148;131m████[38;2;0;0;0m██[38;2;255;255;255m██████[38;2;0;0;0m██[38;2;255;255;255m██[38;2;189;180;172m████[38;2;82;98;82m██████[38;2;189;205;189m██[38;2;139;148;131m████[38;2;0;0;0m██
      ██[38;2;172;106;106m██[38;2;213;131;131m██[38;2;82;98;82m██[38;2;189;205;189m██████[38;2;139;148;131m██████████████[38;2;82;98;82m██[38;2;255;172;164m████[38;2;255;255;255m██[38;2;82;98;82m██[38;2;139;148;131m██[38;2;0;0;0m██  
        ██[38;2;65;65;65m██[38;2;139;148;131m██[38;2;189;205;189m██████████████████[38;2;82;98;82m██[38;2;255;172;164m██████[38;2;213;131;131m████[38;2;82;98;82m██[38;2;0;0;0m██  
          ██[38;2;65;65;65m██[38;2;139;148;131m██[38;2;189;205;189m████████████████[38;2;0;0;0m██[38;2;255;172;164m██[38;2;213;131;131m██████[38;2;255;255;255m██[38;2;0;0;0m██    
          ██[38;2;65;65;65m██████[38;2;139;148;131m██[38;2;189;205;189m██████████[38;2;139;148;131m██[38;2;82;98;82m██[38;2;0;0;0m██[38;2;213;131;131m████[38;2;0;0;0m██████    
            ██[38;2;139;148;131m██[38;2;65;65;65m████████████████████[38;2;0;0;0m████[38;2;139;148;131m██[38;2;0;0;0m██      
            ██[38;2;65;65;65m██[38;2;139;148;131m██[38;2;189;205;189m████[38;2;82;98;82m████[38;2;189;205;189m██████████[38;2;139;148;131m████[38;2;65;65;65m██[38;2;0;0;0m██      
              ████[38;2;65;65;65m██[38;2;189;205;189m██████████[38;2;82;98;82m██[38;2;189;205;189m██[38;2;139;148;131m██[38;2;65;65;65m████[38;2;0;0;0m██        
                ████[38;2;65;65;65m████[38;2;139;148;131m████[38;2;65;65;65m████████[38;2;0;0;0m████          
                ██[38;2;139;148;131m██[38;2;65;65;65m██[38;2;139;148;131m██[38;2;189;205;189m██████[38;2;139;148;131m████[38;2;65;65;65m██[38;2;139;148;131m██[38;2;0;0;0m██          
                  ██████[38;2;65;65;65m██[38;2;139;148;131m██████[38;2;65;65;65m██[38;2;0;0;0m████            
                        ██[38;2;213;131;131m██[38;2;255;172;164m██[38;2;213;131;131m██[38;2;0;0;0m██                
                          ██[38;2;246;230;156m██[38;2;0;0;0m██                  
                            ████                  
[0m