            [38;2;0;0;0m██                    
        ████[38;2;255;181;148m██[38;2;0;0;0m██                  
      ██[38;2;255;140;82m██[38;2;255;181;148m██[38;2;255;140;82m██[38;2;0;0;0m██        ██████    
    ██[38;2;255;140;82m██████[38;2;214;90;58m██[38;2;0;0;0m██    ████[38;2;255;181;148m████[38;2;255;140;82m██[38;2;0;0;0m██  
    ██[38;2;214;90;58m██[38;2;255;140;82m████[38;2;0;0;0m██    ██[38;2;255;140;82m██[38;2;255;181;148m██[38;2;255;140;82m████[38;2;0;0;0m██    
      ██[38;2;214;90;58m██[38;2;173;74;58m████[38;2;0;0;0m████[38;2;65;65;65m██[38;2;255;140;82m██████[38;2;214;90;58m██[38;2;0;0;0m██    
    ██[38;2;255;255;66m██[38;2;255;140;82m████[38;2;65;65;65m██[38;2;214;90;58m██[38;2;255;140;82m██████[38;2;214;90;58m██████[38;2;0;0;0m██    
  ██[38;2;255;255;66m██[38;2;65;65;65m██[38;2;255;140;82m██[38;2;214;90;58m██[38;2;255;140;82m████████[38;2;214;90;58m██████[38;2;0;0;0m██      
  ██[38;2;255;255;66m██[38;2;255;140;82m██████[38;2;255;255;66m██[38;2;255;255;173m██[38;2;255;255;66m██[38;2;255;140;82m██[38;2;214;90;58m██[38;2;65;65;65m██[38;2;0;0;0m██        
██[38;2;214;90;58m██[38;2;255;140;82m██████[38;2;255;255;66m██[38;2;65;65;65m██[38;2;255;255;173m██[38;2;255;255;66m██[38;2;214;90;58m██████[38;2;0;0;0m██        
██[38;2;255;140;82m██[38;2;255;181;148m██[38;2;255;140;82m████[38;2;255;255;66m██████[38;2;255;140;82m██[38;2;214;90;58m██████[38;2;0;0;0m██        
██[38;2;214;90;58m██[38;2;255;140;82m████████[38;2;214;90;58m████████[38;2;65;65;65m██[38;2;0;0;0m██          
  ██[38;2;65;65;65m██[38;2;214;90;58m████████[38;2;173;74;58m██[38;2;65;65;65m██[38;2;214;90;58m██[38;2;0;0;0m██            
  ██[38;2;255;140;82m██[38;2;65;65;65m████[38;2;214;90;58m██[38;2;65;65;65m████[38;2;214;90;58m████[38;2;255;140;82m██[38;2;0;0;0m████        
    ████[38;2;65;65;65m██[38;2;255;181;148m██[38;2;255;140;82m██[38;2;65;65;65m██[38;2;214;90;58m██████[38;2;255;140;82m██[38;2;214;90;58m██[38;2;0;0;0m████    
        ██[38;2;255;140;82m████[38;2;65;65;65m██[38;2;214;90;58m██[38;2;173;74;58m████[38;2;214;90;58m████████[38;2;0;0;0m██  
      ██[38;2;214;90;58m██[38;2;65;65;65m████[38;2;214;90;58m██[38;2;173;74;58m██[38;2;255;140;82m████[38;2;173;74;58m██[38;2;214;90;58m██████[38;2;255;140;82m██[38;2;0;0;0m██
    ██[38;2;173;74;58m██[38;2;214;90;58m████[38;2;173;74;58m████[38;2;214;90;58m██[38;2;173;74;58m████[38;2;214;90;58m████[38;2;255;140;82m████[38;2;173;74;58m██[38;2;0;0;0m██
    ██[38;2;255;140;82m██[38;2;173;74;58m████[38;2;255;140;82m████[38;2;214;90;58m████████[38;2;255;140;82m██[38;2;0;0;0m██████  
      ██████████[38;2;255;140;82m████████[38;2;0;0;0m██        
                ████████          
[0m