                                  [38;2;7;7;7m██████            
                              ████[38;2;96;99;96m██████[38;2;7;7;7m████        
                            ██[38;2;96;99;96m██████████████[38;2;7;7;7m██      
                          ██[38;2;96;99;96m████████████████[38;2;79;81;79m██[38;2;7;7;7m██    
        ██              ██[38;2;96;99;96m████████████████[38;2;79;81;79m██████[38;2;7;7;7m██  
      ██[38;2;180;187;216m██[38;2;7;7;7m██            ██[38;2;96;99;96m██████████[38;2;7;7;7m████[38;2;79;81;79m████████[38;2;7;7;7m██  
      ██[38;2;180;187;216m████[38;2;7;7;7m██        ██[38;2;96;99;96m████████[38;2;7;7;7m████    ██[38;2;79;81;79m████████[38;2;7;7;7m██
      ██[38;2;133;142;173m████[38;2;180;187;216m██[38;2;7;7;7m████████[38;2;66;66;66m██[38;2;96;99;96m██████[38;2;7;7;7m██          ██[38;2;66;66;66m██[38;2;79;81;79m████[38;2;7;7;7m██
    ██[38;2;133;142;173m██[38;2;180;187;216m████[38;2;207;211;231m██████[38;2;180;187;216m████[38;2;66;66;66m████[38;2;96;99;96m██[38;2;7;7;7m██            ██[38;2;189;61;93m██[38;2;66;66;66m██[38;2;79;81;79m██[38;2;7;7;7m██
    ██[38;2;180;187;216m██[38;2;143;112;171m██[38;2;207;211;231m██████████[38;2;66;66;66m██[38;2;180;187;216m██[38;2;66;66;66m██[38;2;7;7;7m██              ██[38;2;189;61;93m████[38;2;66;66;66m██[38;2;7;7;7m██
  ██[38;2;180;187;216m██[38;2;143;112;171m██████[38;2;207;211;231m████████████[38;2;180;187;216m██[38;2;66;66;66m██[38;2;7;7;7m██          ██[38;2;189;61;93m██████[38;2;7;7;7m██  
  ██[38;2;180;187;216m██[38;2;143;112;171m██[38;2;192;162;77m██[38;2;143;112;171m██[38;2;180;187;216m██[38;2;207;211;231m██████████[38;2;66;66;66m██[38;2;180;187;216m██[38;2;7;7;7m██          ██[38;2;189;61;93m██████[38;2;7;7;7m██  
██[38;2;180;187;216m██[38;2;143;112;171m██[38;2;192;162;77m██[38;2;255;206;55m██[38;2;192;162;77m██[38;2;143;112;171m██[38;2;207;211;231m████████[38;2;180;187;216m████████[38;2;7;7;7m██        ██[38;2;189;61;93m██████[38;2;7;7;7m██  
██[38;2;143;112;171m████[38;2;255;206;55m████[38;2;192;162;77m██[38;2;143;112;171m████[38;2;180;187;216m██████████████[38;2;7;7;7m██      ██[38;2;189;61;93m██████[38;2;7;7;7m██    
██[38;2;66;66;66m██[38;2;98;71;129m██[38;2;255;206;55m██[38;2;192;162;77m██[38;2;143;112;171m██████[38;2;66;66;66m████████[38;2;180;187;216m██████[38;2;7;7;7m██      ██[38;2;189;61;93m██████[38;2;7;7;7m██    
██[38;2;248;248;248m██[38;2;66;66;66m██[38;2;143;112;171m██████[38;2;66;66;66m██[38;2;7;7;7m██[38;2;186;106;96m██[38;2;248;248;248m██[38;2;66;66;66m██[38;2;180;187;216m██████[38;2;7;7;7m██      ██[38;2;255;86;100m██[38;2;189;61;93m██████[38;2;7;7;7m██    
  ██[38;2;143;112;171m██████[38;2;66;66;66m██[38;2;186;106;96m██[38;2;7;7;7m██[38;2;248;248;248m██[38;2;66;66;66m██[38;2;180;187;216m████████[38;2;7;7;7m██      ██[38;2;255;86;100m████[38;2;189;61;93m██[38;2;7;7;7m██      
  ██[38;2;143;112;171m██[38;2;66;66;66m██[38;2;143;112;171m██████████[38;2;98;71;129m██[38;2;180;187;216m██████[38;2;7;7;7m██        ██[38;2;255;86;100m██████[38;2;7;7;7m██      
    ██[38;2;98;71;129m██[38;2;143;112;171m██████[38;2;98;71;129m████[38;2;180;187;216m██████[38;2;7;7;7m██          ██[38;2;255;86;100m████[38;2;7;7;7m██        
      ██[38;2;66;66;66m██[38;2;98;71;129m██████[38;2;180;187;216m██[38;2;66;66;66m████[38;2;7;7;7m██            ██[38;2;255;86;100m████[38;2;7;7;7m██        
    ██[38;2;133;142;173m██[38;2;7;7;7m██[38;2;66;66;66m████████[38;2;180;187;216m██████[38;2;7;7;7m██            ██[38;2;255;86;100m██[38;2;7;7;7m██        
      ██[38;2;133;142;173m██[38;2;66;66;66m██[38;2;255;206;55m██[38;2;192;162;77m██[38;2;180;187;216m████[38;2;79;81;79m██[38;2;66;66;66m██[38;2;180;187;216m██[38;2;7;7;7m██          ██[38;2;255;86;100m████[38;2;7;7;7m██      
      ██[38;2;66;66;66m██[38;2;192;162;77m██[38;2;255;206;55m██[38;2;192;162;77m██[38;2;133;142;173m████[38;2;7;7;7m██[38;2;180;187;216m████[38;2;7;7;7m██            ██[38;2;255;86;100m██[38;2;7;7;7m██      
    ██[38;2;133;142;173m██[38;2;66;66;66m██[38;2;133;142;173m██[38;2;192;162;77m██[38;2;133;142;173m████[38;2;7;7;7m██  ██[38;2;180;187;216m████[38;2;7;7;7m██            ████      
    ██[38;2;133;142;173m████[38;2;66;66;66m██[38;2;180;187;216m████[38;2;133;142;173m██[38;2;7;7;7m██  ██[38;2;180;187;216m██[38;2;96;99;96m██[38;2;7;7;7m██                      
  ██[38;2;79;81;79m██[38;2;133;142;173m██[38;2;79;81;79m██[38;2;66;66;66m██[38;2;180;187;216m████████[38;2;7;7;7m██[38;2;66;66;66m██[38;2;180;187;216m██████[38;2;7;7;7m██                    
  ██[38;2;96;99;96m██[38;2;79;81;79m██[38;2;66;66;66m██[38;2;133;142;173m██[38;2;180;187;216m████████[38;2;66;66;66m████[38;2;96;99;96m██[38;2;180;187;216m██[38;2;96;99;96m██[38;2;7;7;7m██                    
██[38;2;96;99;96m██[38;2;189;61;93m██[38;2;79;81;79m██[38;2;66;66;66m██[38;2;133;142;173m████[38;2;180;187;216m████████[38;2;66;66;66m██[38;2;96;99;96m████████[38;2;7;7;7m██                  
██[38;2;96;99;96m██[38;2;189;61;93m██[38;2;66;66;66m██[38;2;133;142;173m████████[38;2;180;187;216m██████[38;2;133;142;173m██[38;2;66;66;66m██[38;2;96;99;96m██[38;2;255;86;100m██[38;2;96;99;96m██[38;2;7;7;7m██                  
██[38;2;96;99;96m██[38;2;189;61;93m██[38;2;66;66;66m██[38;2;133;142;173m████[38;2;66;66;66m██[38;2;133;142;173m██████[38;2;180;187;216m██[38;2;133;142;173m██[38;2;66;66;66m██[38;2;96;99;96m██[38;2;255;86;100m██[38;2;96;99;96m██[38;2;7;7;7m██                  
  ██[38;2;96;99;96m██[38;2;7;7;7m██[38;2;66;66;66m██[38;2;133;142;173m████[38;2;7;7;7m████[38;2;133;142;173m██████[38;2;66;66;66m██[38;2;96;99;96m██[38;2;255;86;100m██[38;2;96;99;96m██[38;2;7;7;7m██                  
  ████  ██[38;2;133;142;173m██[38;2;7;7;7m██    ██[38;2;133;142;173m██████[38;2;66;66;66m██[38;2;255;86;100m██[38;2;7;7;7m██                    
      ██[38;2;133;142;173m████[38;2;7;7;7m██      ██[38;2;133;142;173m████[38;2;66;66;66m██[38;2;7;7;7m██                      
    ██[38;2;66;66;66m██████[38;2;98;71;129m██[38;2;7;7;7m██    ██[38;2;66;66;66m██[38;2;133;142;173m██[38;2;7;7;7m██                        
  ██[38;2;143;112;171m████[38;2;98;71;129m██████[38;2;7;7;7m██    ██[38;2;143;112;171m██[38;2;66;66;66m██[38;2;143;112;171m██[38;2;7;7;7m██                      
  ██[38;2;248;248;248m██[38;2;143;112;171m██[38;2;248;248;248m██[38;2;98;71;129m██[38;2;7;7;7m██    ██[38;2;143;112;171m██████████[38;2;7;7;7m██                    
    ████████      ██[38;2;248;248;248m██[38;2;143;112;171m██[38;2;248;248;248m██[38;2;143;112;171m██[38;2;248;248;248m██[38;2;7;7;7m██                    
                    ██████████                      
[0m