                      [38;2;0;4;0m████                  
                    ██[38;2;247;219;107m████[38;2;0;4;0m██                
                  ██[38;2;247;219;107m██████[38;2;0;4;0m██                
                [38;2;0;4;66m██[38;2;111;111;123m██[38;2;247;218;107m████[38;2;247;219;107m██[38;2;0;4;0m██                
              ██[38;2;111;111;123m██[38;2;222;219;181m██[38;2;247;218;107m████[38;2;0;4;0m██                  
              ██[38;2;74;113;192m██[38;2;206;195;82m██[38;2;189;186;74m██[38;2;0;4;8m██                    
            [38;2;0;4;0m██[38;2;74;113;189m██[38;2;206;195;82m████[38;2;63;64;30m██[38;2;0;4;8m██                    
            [38;2;0;4;0m██[38;2;74;113;189m██[38;2;189;186;66m████████[38;2;0;4;0m██                  
          [38;2;66;65;66m██[38;2;74;113;189m████[38;2;66;65;66m██[38;2;189;186;66m████[38;2;66;65;66m██[38;2;0;4;0m██                  
      ████[38;2;156;207;255m██[38;2;66;65;66m████[38;2;156;207;255m██[38;2;66;65;66m██[38;2;66;64;66m██[38;2;0;4;0m██      ████████      
    ██[38;2;156;207;255m██████████████[38;2;0;4;0m██      ██[38;2;156;207;255m██[38;2;181;243;255m████[38;2;156;207;255m██[38;2;0;4;0m██    
  ██[38;2;156;207;255m████[38;2;156;208;255m██[38;2;181;243;255m██[38;2;156;208;255m████████[38;2;156;207;255m██[38;2;0;4;0m██  ██[38;2;156;208;255m██[38;2;181;243;255m████[38;2;156;208;255m██████[38;2;0;4;0m██  
  ██[38;2;111;180;226m██[38;2;156;207;255m██[38;2;156;208;255m██████[38;2;255;255;255m████[38;2;156;208;255m██[38;2;156;207;255m████[38;2;0;4;0m██[38;2;156;207;255m██[38;2;156;208;255m████████████[38;2;0;4;0m██  
[38;2;0;8;8m██[38;2;132;167;172m██[38;2;206;235;255m██[38;2;107;180;226m██[38;2;156;207;255m████[38;2;255;255;255m██[38;2;74;113;189m██[38;2;255;255;255m████[38;2;156;208;255m████[38;2;66;65;66m██[38;2;156;207;255m██████[38;2;66;65;66m████[38;2;156;207;255m██████[38;2;0;4;0m██
[38;2;0;8;8m██[38;2;198;247;255m██[38;2;206;235;255m████[38;2;111;180;226m████[38;2;74;113;189m██[38;2;255;255;255m██[38;2;74;113;189m██[38;2;255;255;255m██[38;2;156;208;255m████[38;2;156;207;255m██[38;2;66;65;66m██[38;2;156;207;255m██[38;2;66;65;66m██[38;2;74;109;189m██[38;2;71;94;148m██[38;2;66;65;66m██[38;2;156;207;255m████[38;2;0;4;0m██
[38;2;8;8;0m██[38;2;111;123;123m██[38;2;206;235;255m██[38;2;132;130;107m██[38;2;208;236;255m████[38;2;115;123;144m██[38;2;0;0;33m██[38;2;74;113;189m██[38;2;255;255;255m██[38;2;156;211;255m████[38;2;112;159;192m██[38;2;57;65;66m██[38;2;156;207;255m██[38;2;66;65;66m██[38;2;71;113;192m████[38;2;57;65;66m██[38;2;140;207;255m██[38;2;82;154;206m██[38;2;0;4;0m██
[38;2;8;8;0m██[38;2;214;239;247m██[38;2;206;235;255m████[38;2;208;236;255m████[38;2;231;247;255m██[38;2;115;123;144m██[38;2;255;255;255m██[38;2;74;113;189m██[38;2;66;117;189m██[38;2;96;148;211m██[38;2;57;65;66m██[38;2;140;207;255m██[38;2;156;207;255m████[38;2;66;65;66m██[38;2;71;113;192m██[38;2;57;65;66m██[38;2;112;159;192m██[38;2;82;154;206m██[38;2;0;4;0m██
  ██[38;2;206;235;255m████[38;2;94;97;94m████[38;2;206;235;255m████[38;2;153;187;200m██[38;2;101;123;145m██[38;2;87;116;170m██[38;2;51;62;85m██[38;2;0;4;0m██[38;2;82;154;206m██[38;2;156;207;255m██[38;2;82;154;210m██[38;2;82;154;206m████[38;2;66;65;66m██[38;2;82;154;206m██[38;2;0;4;0m██  
    ████[38;2;165;190;189m████[38;2;90;97;90m██[38;2;167;189;200m██[38;2;153;187;200m██[38;2;49;60;90m██[38;2;51;62;85m██[38;2;16;8;0m██  [38;2;0;4;0m██[38;2;82;154;210m████[38;2;82;154;206m██[38;2;66;65;66m██[38;2;82;154;206m████[38;2;0;4;0m██  
        ████[38;2;66;65;66m████[38;2;93;124;145m████[38;2;123;190;239m████[38;2;16;4;0m██[38;2;49;63;74m██[38;2;66;65;66m████[38;2;40;62;74m██[38;2;90;162;222m██[38;2;82;154;206m██[38;2;0;4;0m██    
          [38;2;66;64;66m██[38;2;140;186;206m██████[38;2;46;62;84m██[38;2;123;190;239m██[38;2;66;65;66m██[38;2;115;182;222m████[38;2;66;65;66m██[38;2;74;121;165m██[38;2;65;112;148m██[38;2;16;12;0m██[38;2;0;4;0m██      
        ██[38;2;82;154;206m██[38;2;46;60;68m████[38;2;206;235;255m████[38;2;66;65;66m██[38;2;156;207;255m██[38;2;66;65;66m██[38;2;107;178;222m████[38;2;66;65;66m██[38;2;0;4;0m██          
      ██[38;2;82;154;206m████[38;2;90;158;206m██[38;2;24;12;0m██[38;2;0;4;16m██[38;2;103;119;135m██[38;2;66;65;66m██[38;2;156;207;255m██[38;2;66;65;66m████[38;2;107;178;222m████[38;2;0;4;0m██          
        ██████    ██[38;2;156;207;255m████[38;2;165;207;247m██[38;2;55;71;82m██[38;2;0;4;0m████            
                    ████████                
[0m