                                                            [38;2;0;0;0m████              
                      ██████                              ██[38;2;255;197;222m██[38;2;255;255;255m██[38;2;0;0;0m██            
                  ████[38;2;164;172;180m██████[38;2;0;0;0m██      ████                ██[38;2;255;197;222m██[38;2;255;255;255m██[38;2;255;197;222m██[38;2;0;0;0m██            
                ██[38;2;164;172;180m████[38;2;106;123;156m██████[38;2;0;0;0m██    ██[38;2;164;172;180m████[38;2;0;0;0m██      ████████[38;2;197;230;238m██[38;2;255;197;222m████[38;2;0;0;0m██              
              ██[38;2;164;172;180m████[38;2;90;106;115m██[38;2;164;172;180m████████[38;2;0;0;0m████[38;2;164;172;180m██████[38;2;0;0;0m████████[38;2;164;172;180m████[38;2;106;123;156m██[38;2;197;230;238m████████[38;2;0;0;0m██              
            ██[38;2;164;172;180m██████[38;2;90;106;115m██[38;2;164;172;180m████[38;2;106;123;156m██[38;2;90;106;115m████[38;2;164;172;180m██████[38;2;106;123;156m██[38;2;65;65;65m██[38;2;164;172;180m██████[38;2;65;65;65m██[38;2;164;172;180m████[38;2;106;123;156m██[38;2;255;246;189m████[38;2;0;0;0m██                
            ██[38;2;164;172;180m██[38;2;106;123;156m██[38;2;90;106;115m██[38;2;164;172;180m████[38;2;106;123;156m██[38;2;164;172;180m██████████[38;2;90;106;115m██[38;2;106;123;156m████[38;2;65;65;65m██[38;2;164;172;180m██████[38;2;65;65;65m██[38;2;164;172;180m██[38;2;255;246;189m██[38;2;106;123;156m██[38;2;255;246;189m██[38;2;0;0;0m██                
          ██[38;2;164;172;180m██[38;2;106;123;156m██[38;2;164;172;180m████████[38;2;106;123;156m██[38;2;164;172;180m██████[38;2;90;106;115m████[38;2;106;123;156m████[38;2;164;172;180m████[38;2;65;65;65m██[38;2;164;172;180m██[38;2;65;65;65m██[38;2;0;139;205m██[38;2;65;65;65m██[38;2;106;123;156m██[38;2;164;172;180m██[38;2;65;65;65m██[38;2;164;172;180m██[38;2;0;0;0m██              
        ████[38;2;164;172;180m██[38;2;106;123;156m██[38;2;164;172;180m██████[38;2;90;106;115m██[38;2;164;172;180m██████[38;2;65;65;65m████[38;2;106;123;156m████[38;2;164;172;180m████[38;2;65;65;65m██[38;2;164;172;180m██[38;2;65;65;65m██[38;2;0;139;205m██[38;2;65;65;65m██[38;2;0;139;205m██[38;2;65;65;65m██[38;2;164;172;180m██[38;2;205;213;213m██[38;2;164;172;180m██[38;2;65;65;65m██[38;2;0;0;0m████          
      ██[38;2;123;131;139m██[38;2;65;65;65m██[38;2;106;123;156m██[38;2;164;172;180m██████[38;2;106;123;156m██[38;2;164;172;180m██████[38;2;65;65;65m██████[38;2;106;123;156m██[38;2;164;172;180m██[38;2;90;106;115m████[38;2;164;172;180m██████[38;2;65;65;65m████[38;2;0;139;205m██[38;2;65;65;65m██[38;2;205;213;213m██████[38;2;65;65;65m████[38;2;0;139;205m██[38;2;0;0;0m██        
    ████[38;2;65;65;65m████[38;2;164;172;180m████████[38;2;90;106;115m██[38;2;164;172;180m██[38;2;106;123;156m██[38;2;65;65;65m██[38;2;255;255;255m██[38;2;65;65;65m██[38;2;106;123;156m██[38;2;90;106;115m████[38;2;164;172;180m████████[38;2;106;123;156m██[38;2;65;65;65m██[38;2;0;139;205m██[38;2;65;65;65m██[38;2;205;213;213m████████[38;2;65;65;65m██[38;2;0;139;205m██[38;2;65;65;65m██[38;2;0;139;205m██[38;2;0;0;0m██      
  ██[38;2;123;131;139m████[38;2;90;106;115m██[38;2;164;172;180m██[38;2;65;65;65m██[38;2;164;172;180m██[38;2;123;131;139m██[38;2;164;172;180m████[38;2;65;65;65m██[38;2;0;0;0m██[38;2;0;139;205m██[38;2;255;255;255m██[38;2;65;65;65m██[38;2;106;123;156m██[38;2;164;172;180m████████[38;2;106;123;156m████[38;2;65;65;65m████████[38;2;205;213;213m██████[38;2;65;65;65m████[38;2;0;139;205m██[38;2;65;65;65m██[38;2;0;139;205m██[38;2;0;0;0m██      
██[38;2;65;65;65m██████[38;2;164;172;180m██[38;2;106;123;156m██[38;2;205;213;213m██[38;2;65;65;65m██████████[38;2;106;123;156m██[38;2;65;65;65m████[38;2;106;123;156m██[38;2;65;65;65m██[38;2;164;172;180m████[38;2;106;123;156m████████[38;2;65;65;65m██████[38;2;106;123;156m██[38;2;90;106;115m██[38;2;205;213;213m██[38;2;65;65;65m██[38;2;106;123;156m██[38;2;65;65;65m████[38;2;0;139;205m██[38;2;0;0;0m██        
██[38;2;123;131;139m██████[38;2;65;65;65m██[38;2;164;172;180m██[38;2;106;123;156m██[38;2;205;213;213m████[38;2;106;123;156m██[38;2;255;255;255m████[38;2;65;65;65m██[38;2;164;172;180m████[38;2;65;65;65m██[38;2;164;172;180m██[38;2;106;123;156m████[38;2;164;172;180m██[38;2;106;123;156m██[38;2;65;65;65m████[38;2;197;230;238m██[38;2;65;65;65m██[38;2;106;123;156m██████[38;2;0;0;0m██[38;2;106;123;156m████[38;2;65;65;65m██████[38;2;0;0;0m██        
  ████████[38;2;106;123;156m██[38;2;164;172;180m██[38;2;106;123;156m████████[38;2;65;65;65m██[38;2;164;172;180m██████████[38;2;90;106;115m██[38;2;164;172;180m████[38;2;0;0;0m██[38;2;65;65;65m██[38;2;255;197;222m██[38;2;255;246;189m██[38;2;255;197;222m██[38;2;0;0;0m██████  ██[38;2;106;123;156m████[38;2;65;65;65m████[38;2;164;172;180m██[38;2;0;0;0m██      
          ████[38;2;106;123;156m████[38;2;164;172;180m██████████[38;2;90;106;115m██[38;2;164;172;180m████[38;2;90;106;115m██[38;2;205;213;213m████  [38;2;0;0;0m██[38;2;255;197;222m██[38;2;197;230;238m██[38;2;0;0;0m██          ██[38;2;65;65;65m██[38;2;164;172;180m████████[38;2;0;0;0m██    
              ██████████[38;2;164;172;180m████[38;2;90;106;115m██[38;2;205;213;213m████[38;2;65;65;65m██[38;2;0;0;0m████    ████          ██[38;2;123;131;139m██[38;2;164;172;180m████[38;2;106;123;156m██████[38;2;0;0;0m██    
                      ██[38;2;205;213;213m████[38;2;65;65;65m██[38;2;0;0;0m██████                      ██[38;2;164;172;180m██[38;2;123;131;139m██[38;2;106;123;156m██[38;2;255;246;189m██[38;2;255;197;222m████[38;2;65;65;65m██[38;2;0;0;0m██  
                        ██████              ████        ██[38;2;65;65;65m██[38;2;164;172;180m████[38;2;65;65;65m██[38;2;164;172;180m██[38;2;255;246;189m██[38;2;255;197;222m████[38;2;123;131;139m██[38;2;0;0;0m██
                                          ██[38;2;255;197;222m██[38;2;123;131;139m██[38;2;0;0;0m██    ██[38;2;106;123;156m████[38;2;65;65;65m██[38;2;106;123;156m████[38;2;65;65;65m████[38;2;123;131;139m██[38;2;197;230;238m████[38;2;0;0;0m██
                                          ██[38;2;123;131;139m██[38;2;255;246;189m██[38;2;197;230;238m██[38;2;0;0;0m██████[38;2;106;123;156m██[38;2;65;65;65m██████[38;2;106;123;156m██████[38;2;0;0;0m██████  
                                            ██[38;2;197;230;238m████[38;2;106;123;156m██[38;2;164;172;180m██[38;2;65;65;65m██████[38;2;0;139;205m██[38;2;65;65;65m██[38;2;0;0;0m██████        
                                              ██[38;2;106;123;156m██[38;2;164;172;180m████[38;2;65;65;65m████[38;2;0;139;205m██[38;2;65;65;65m██[38;2;0;139;205m██[38;2;0;0;0m██            
                                              ██[38;2;65;65;65m██[38;2;164;172;180m██[38;2;106;123;156m████[38;2;65;65;65m██[38;2;0;139;205m██[38;2;65;65;65m████[38;2;0;0;0m██            
                                      ████  ██[38;2;106;123;156m████[38;2;65;65;65m██[38;2;106;123;156m████[38;2;65;65;65m████[38;2;0;0;0m████              
                                  ████[38;2;255;246;189m████[38;2;0;0;0m██[38;2;106;123;156m██████[38;2;65;65;65m██[38;2;106;123;156m██[38;2;65;65;65m██[38;2;197;230;238m██[38;2;0;0;0m██                  
                                ██[38;2;255;197;222m██████[38;2;197;230;238m████[38;2;0;0;0m██[38;2;106;123;156m██[38;2;65;65;65m██[38;2;0;0;0m████[38;2;197;230;238m██[38;2;255;246;189m██[38;2;123;131;139m██[38;2;0;0;0m██                
                              ██[38;2;255;197;222m████[38;2;197;230;238m██████[38;2;0;0;0m██  ████    ██[38;2;123;131;139m██[38;2;255;197;222m██[38;2;0;0;0m██                
                                ██████████              ████                  
[0m