          [38;2;0;0;0m██                                                    
        ██[38;2;172;113;65m██[38;2;0;0;0m██    ██                                            
        ██[38;2;172;113;65m██[38;2;0;0;0m██  ██[38;2;230;214;156m██[38;2;0;0;0m██          ██████                          
      [38;2;0;4;8m██[38;2;169;117;68m██[38;2;172;116;65m████[38;2;0;0;8m██[38;2;230;214;156m████[38;2;0;0;0m██      ████[38;2;172;113;65m████[38;2;0;0;0m██                          
  ████[38;2;84;60;38m██[38;2;169;117;68m██[38;2;172;116;65m████[38;2;76;71;57m██[38;2;230;214;156m████[38;2;0;0;0m██  ████[38;2;172;113;65m████████[38;2;0;0;0m██                          
  ██[38;2;230;214;156m██[38;2;74;60;57m██[38;2;156;133;98m████[38;2;74;60;57m██[38;2;74;68;57m██[38;2;238;214;156m██[38;2;0;0;0m██  [38;2;0;4;8m██[38;2;169;117;68m██[38;2;172;113;65m██[38;2;101;80;65m██[38;2;106;82;74m██[38;2;172;116;65m██[38;2;0;0;0m██        ██                  
  ██[38;2;230;214;156m██[38;2;238;206;139m██[38;2;74;60;57m████[38;2;238;206;139m██[38;2;156;141;106m██[38;2;238;214;156m██[38;2;65;64;65m██[38;2;0;0;0m██[38;2;169;117;68m██[38;2;84;60;38m██[38;2;65;64;65m████[38;2;106;82;74m██[38;2;172;116;65m██[38;2;0;0;0m██      ██[38;2;82;97;131m██[38;2;0;0;0m██                
    ██[38;2;230;214;156m████[38;2;74;68;57m██[38;2;238;214;156m██[38;2;180;147;90m████[38;2;65;64;65m██████[38;2;230;214;156m██████[38;2;82;58;43m██[38;2;0;0;8m██        [38;2;0;0;0m██[38;2;82;99;131m██[38;2;0;0;0m██                
    ██[38;2;230;214;156m████[38;2;156;141;106m██[38;2;238;214;156m██[38;2;230;214;156m██[38;2;180;147;90m██[38;2;65;64;65m██[38;2;230;214;156m████████[38;2;65;64;65m██[38;2;164;116;79m██[38;2;0;0;8m██      [38;2;0;0;0m██[38;2;82;99;131m████[38;2;0;0;0m██                
  ██[38;2;230;214;156m██[38;2;180;147;90m██[38;2;230;214;156m████[38;2;180;147;90m██[38;2;230;214;156m██[38;2;65;64;65m██[38;2;230;214;156m██████[38;2;180;147;90m██[38;2;65;64;65m██[38;2;172;113;65m██████[38;2;0;0;0m██    ██[38;2;82;99;131m██[38;2;65;64;65m██[38;2;82;97;131m██[38;2;0;0;0m██              
    ██[38;2;230;214;156m████████████████████[38;2;65;64;65m██[38;2;101;80;65m██[38;2;0;0;0m████  ████[38;2;65;64;65m████[38;2;82;99;131m██[38;2;0;0;0m██                
      [38;2;8;4;0m██[38;2;172;171;164m██[38;2;230;214;156m████[38;2;238;214;156m████[38;2;219;202;167m██[38;2;183;149;87m██[38;2;197;145;82m██[38;2;65;64;65m██[38;2;169;117;68m██[38;2;0;4;8m██  [38;2;0;0;0m████[38;2;82;99;131m████████[38;2;0;0;0m██                  
    ██[38;2;255;255;246m██[38;2;8;4;0m██[38;2;230;214;156m████[38;2;156;141;106m██[38;2;74;68;57m██[38;2;183;149;87m██[38;2;255;255;246m██[38;2;65;64;65m██[38;2;153;118;76m██[38;2;169;117;68m██[38;2;84;60;38m██[38;2;0;0;0m██[38;2;82;97;131m██[38;2;82;99;131m████████████[38;2;0;0;0m██                
  ██[38;2;230;214;156m██[38;2;175;155;106m████[38;2;180;149;90m████[38;2;0;0;0m████[38;2;255;255;255m████[38;2;65;64;65m████[38;2;172;113;65m████[38;2;57;68;82m██[38;2;93;84;82m██[38;2;82;99;131m██████████████[38;2;0;0;0m██              
  ██[38;2;230;214;156m██[38;2;230;202;131m██[38;2;65;60;57m██[38;2;0;0;0m██[38;2;180;149;90m██[38;2;230;214;156m████[38;2;180;149;90m████[38;2;230;214;156m████[38;2;65;64;65m██[38;2;172;113;65m██[38;2;164;117;82m██[38;2;57;68;82m██[38;2;82;99;131m██████████████[38;2;0;0;0m██              
██[38;2;230;214;156m████[38;2;180;147;90m██[38;2;230;214;156m████[38;2;180;147;90m████[38;2;230;214;156m████████████[38;2;65;64;65m████[38;2;82;99;131m██████████[38;2;82;98;131m████████[38;2;0;0;0m██            
██[38;2;230;214;156m██████████████████████████[38;2;65;64;65m██[38;2;82;99;131m████████████[38;2;82;98;131m██[38;2;115;140;164m██[38;2;82;98;131m██[38;2;115;140;164m██[38;2;0;0;0m██  ████      
  ██[38;2;230;214;156m██[38;2;175;159;115m██[38;2;230;206;139m██[38;2;74;60;57m██[38;2;238;206;139m██[38;2;180;147;90m██[38;2;230;214;156m████████[38;2;180;147;90m██[38;2;230;214;156m████[38;2;65;64;65m██[38;2;82;99;131m██[38;2;82;98;131m████████[38;2;115;140;164m████[38;2;128;130;134m██[38;2;65;68;74m██[38;2;84;83;84m██[38;2;0;0;0m██[38;2;205;198;172m████[38;2;0;0;0m████  
  ██[38;2;230;214;156m██[38;2;65;64;65m████[38;2;156;133;98m██[38;2;74;60;57m██[38;2;180;147;90m██[38;2;230;214;156m████[38;2;180;147;90m██[38;2;230;214;156m██[38;2;180;147;90m██[38;2;230;214;156m████[38;2;65;64;65m██[38;2;82;99;131m██[38;2;82;98;131m██[38;2;115;140;164m██[38;2;82;98;131m██[38;2;115;140;164m██████[38;2;65;68;74m██[38;2;255;255;255m██[38;2;255;250;255m████[38;2;255;255;255m██[38;2;205;198;172m██████[38;2;0;0;0m██
██[38;2;180;149;90m██[38;2;65;64;65m██[38;2;180;149;90m██[38;2;65;64;65m██[38;2;117;93;87m██[38;2;161;101;52m██[38;2;65;56;57m██[38;2;230;206;148m██[38;2;57;64;82m██[38;2;172;149;106m██[38;2;65;60;57m██[38;2;175;155;106m██[38;2;230;214;156m████[38;2;238;214;156m██[38;2;74;68;57m██[38;2;57;64;82m██[38;2;95;93;90m██[38;2;115;140;164m████[38;2;65;64;65m████[38;2;255;255;255m████████████[38;2;205;198;172m██[38;2;0;0;0m██  
██[38;2;180;149;90m██████[38;2;65;64;65m██[38;2;74;85;123m██[38;2;117;93;87m██[38;2;120;106;87m██[38;2;65;56;57m██[38;2;95;93;90m██[38;2;57;64;82m██[38;2;175;155;106m██[38;2;230;202;131m██[38;2;230;214;156m████[38;2;238;214;156m██[38;2;156;141;106m██[38;2;172;149;106m██[38;2;57;64;82m██[38;2;65;64;65m████[38;2;255;255;255m████████████[38;2;205;198;172m██████[38;2;0;0;0m██  
  ██[38;2;180;149;90m████[38;2;65;64;65m██[38;2;84;99;123m████[38;2;82;99;131m████[38;2;82;98;131m████[38;2;65;64;65m██[38;2;230;214;156m██████[38;2;183;149;87m██[38;2;255;255;246m██[38;2;255;255;255m████[38;2;205;198;172m██[38;2;255;255;255m████████████[38;2;205;198;172m██████[38;2;0;0;0m██    
  ████[38;2;180;149;90m████[38;2;63;62;74m██[38;2;106;137;172m██[38;2;82;99;131m████[38;2;82;98;131m██[38;2;115;140;164m██[38;2;65;64;65m██[38;2;230;214;156m██████[38;2;219;202;167m██[38;2;183;149;87m██[38;2;255;255;255m████████████████████[38;2;205;198;172m██████[38;2;0;0;0m██  
      ██[38;2;65;64;65m██[38;2;115;140;164m████[38;2;106;137;164m██[38;2;101;107;120m██[38;2;115;140;164m██████[38;2;65;64;65m██[38;2;238;214;156m██[38;2;156;141;106m██[38;2;255;255;255m██████████████████[38;2;205;198;172m██████████[38;2;0;0;0m██    
        ██[38;2;115;140;164m██[38;2;65;64;65m██[38;2;95;78;76m██[38;2;106;137;164m██[38;2;115;140;164m██████[38;2;65;64;65m██[38;2;74;68;57m██[38;2;238;214;156m██[38;2;180;149;90m██[38;2;255;255;255m██████████[38;2;205;198;172m████████████[38;2;0;0;0m████      
      ██[38;2;205;198;172m██[38;2;115;78;54m██[38;2;172;117;82m██[38;2;0;0;0m████[38;2;142;126;115m██[38;2;71;63;57m██[38;2;82;60;49m██[38;2;148;137;139m██[38;2;115;140;164m██[38;2;65;64;65m██[38;2;68;66;57m██[38;2;205;198;172m████████████████[38;2;0;0;0m██████          
        ██████    ██[38;2;142;126;115m██[38;2;126;111;109m██[38;2;104;86;79m██[38;2;115;140;164m████[38;2;0;0;0m████████[38;2;205;198;172m████████[38;2;0;0;0m██                
                  ██[38;2;205;198;172m██[38;2;68;66;57m██[38;2;205;198;172m██[38;2;0;0;0m████        ████████                  
                    ██████                                      
[0m