                                  [38;2;0;0;0m██████████                
                              ████[38;2;247;215;107m██████[38;2;123;107;53m██[38;2;247;215;107m██[38;2;0;0;0m████            
                            ██[38;2;247;215;107m██[38;2;123;107;57m██[38;2;247;214;107m████[38;2;247;215;107m██[38;2;123;107;57m██[38;2;247;214;107m████[38;2;247;215;107m██[38;2;0;0;16m██          
                          [38;2;0;0;0m██[38;2;247;215;107m████[38;2;123;107;57m██[38;2;247;214;107m████[38;2;123;107;57m██[38;2;247;215;107m██[38;2;247;214;107m████[38;2;82;71;46m██[38;2;247;215;107m██[38;2;0;0;0m██        
                          ██[38;2;247;215;107m████[38;2;123;107;57m██[38;2;247;215;107m████[38;2;126;111;73m██[38;2;247;215;107m██████[38;2;66;65;66m██[38;2;247;215;107m██[38;2;0;0;0m██        
                          ██[38;2;247;215;107m██████[38;2;66;65;66m████[38;2;66;60;57m██[38;2;247;215;107m████[38;2;66;65;66m██[38;2;247;215;107m████[38;2;198;174;82m██[38;2;0;0;0m██      
                            ██[38;2;66;65;66m████[38;2;131;107;82m████[38;2;132;107;82m██[38;2;66;65;66m████[38;2;247;211;107m██[38;2;198;173;82m████[38;2;198;174;82m██[38;2;0;0;0m██      
                          ██[38;2;132;105;82m██[38;2;140;109;86m██[38;2;214;154;107m██[38;2;247;215;107m████[38;2;132;107;82m████[38;2;126;113;79m██[38;2;66;65;66m██[38;2;198;173;82m████[38;2;0;0;0m██        
  ████                ████[38;2;131;107;82m██[38;2;222;158;107m██[38;2;222;156;107m██[38;2;247;215;107m████[38;2;222;156;107m██████[38;2;135;109;86m██[38;2;57;65;66m██[38;2;198;174;82m██[38;2;0;0;0m██          
██[38;2;99;67;49m████[38;2;0;0;0m██      ████████[38;2;222;158;107m████████[38;2;222;156;107m████████████[38;2;214;154;107m██[38;2;135;109;86m██[38;2;0;0;0m██            
██[38;2;181;121;82m██[38;2;104;77;65m██[38;2;90;64;49m██[38;2;0;4;8m██[38;2;0;0;0m████[38;2;222;156;107m████████████[38;2;247;214;107m████[38;2;247;215;107m██[38;2;222;156;107m██████████[38;2;222;158;107m██[38;2;131;107;82m██[38;2;0;0;0m██            
██[38;2;181;121;82m██[38;2;66;56;57m██[38;2;90;64;49m██[38;2;181;125;90m██[38;2;222;158;107m████[38;2;222;156;107m████████[38;2;247;215;107m████[38;2;247;214;107m████[38;2;222;156;107m████████████[38;2;222;158;107m██[38;2;131;107;82m██[38;2;0;0;0m██            
  [38;2;8;0;0m██[38;2;172;156;137m██[38;2;255;255;255m████[38;2;194;161;126m██[38;2;140;113;82m██[38;2;131;115;82m████[38;2;222;158;107m████[38;2;222;156;107m████████████████████[38;2;214;158;115m██[38;2;142;105;76m██[38;2;0;0;0m██            
██[38;2;172;156;137m██[38;2;255;235;206m██[38;2;255;255;255m██[38;2;66;65;66m██[38;2;140;113;82m██[38;2;222;186;148m██[38;2;206;190;156m████[38;2;131;115;82m██[38;2;222;158;107m██[38;2;222;156;107m████████████████████[38;2;142;105;76m██[38;2;0;0;0m██              
██[38;2;222;158;107m██[38;2;181;123;82m██[38;2;255;255;255m████[38;2;131;115;82m██████[38;2;206;190;156m██[38;2;66;65;66m██[38;2;222;158;107m██[38;2;211;163;129m██[38;2;255;255;255m██████[38;2;189;121;74m██[38;2;211;164;131m██[38;2;222;156;107m████[38;2;222;158;107m████[38;2;88;64;54m██[38;2;0;0;0m██              
██[38;2;181;123;82m██[38;2;222;158;107m██[38;2;181;121;82m████[38;2;131;115;82m██[38;2;206;190;156m████[38;2;131;115;82m██[38;2;66;65;66m██[38;2;222;158;107m██[38;2;189;117;66m██[38;2;255;255;255m██[38;2;66;65;66m██[38;2;255;255;255m██[38;2;255;251;247m██[38;2;189;121;74m██[38;2;222;156;107m████[38;2;222;158;107m██[38;2;131;107;82m██[38;2;88;64;54m████[38;2;0;0;0m████████████  
██[38;2;107;75;53m██[38;2;214;150;107m██[38;2;222;156;107m████[38;2;222;158;107m██[38;2;66;65;66m██████[38;2;222;156;107m████[38;2;222;158;107m██[38;2;181;123;82m██[38;2;255;255;255m████[38;2;255;251;247m██[38;2;189;121;74m██[38;2;222;150;99m██[38;2;178;125;88m██[38;2;132;107;82m████[38;2;99;65;49m██[38;2;132;107;82m██[38;2;131;107;82m████████[38;2;132;108;82m████[38;2;0;0;0m██
  ██[38;2;107;75;53m██[38;2;222;156;107m████[38;2;222;158;107m████████[38;2;222;156;107m████[38;2;222;158;107m████[38;2;211;163;129m██[38;2;189;117;66m██[38;2;189;121;74m██[38;2;211;164;131m██[38;2;178;125;88m██[38;2;134;101;77m██[38;2;99;65;49m██[38;2;132;107;82m██████[38;2;222;158;107m████████[38;2;0;0;0m████  
    ██[38;2;90;62;41m██[38;2;181;125;82m██[38;2;181;124;87m██[38;2;222;154;107m██[38;2;222;158;107m████████████████[38;2;222;158;115m██[38;2;134;101;76m██[38;2;132;108;82m██[38;2;99;66;49m██[38;2;74;55;43m██[38;2;222;158;115m██[38;2;222;158;107m████[38;2;74;59;49m████[38;2;0;0;0m████      
      ████[38;2;99;65;49m████[38;2;181;123;82m████████████[38;2;131;107;82m████[38;2;134;101;76m██[38;2;90;73;57m██[38;2;99;66;49m████[38;2;0;4;8m████[38;2;0;0;0m██[38;2;222;158;107m██[38;2;222;162;115m██[38;2;0;8;16m██          
          [38;2;0;0;0m██████[38;2;99;67;49m██████████████[38;2;0;0;0m████████      ████            
                ██████████████                              
[0m