                [38;2;0;0;0m██████                
      ██████  ██[38;2;214;165;33m██[38;2;247;230;41m██[38;2;214;165;33m██[38;2;0;0;0m██              
      ██[38;2;247;230;41m████[38;2;0;0;0m██[38;2;214;165;33m██[38;2;247;230;41m██████[38;2;65;65;65m██[38;2;0;0;0m████          
    ██[38;2;247;230;41m████[38;2;214;165;33m██[38;2;132;90;41m████████[38;2;214;165;33m██[38;2;132;90;41m██[38;2;247;230;41m████[38;2;0;0;0m████      
    ██[38;2;132;90;41m██[38;2;214;165;33m██[38;2;247;247;173m██[38;2;181;165;123m██[38;2;247;247;173m████[38;2;230;197;99m██[38;2;132;90;41m██[38;2;214;165;33m██[38;2;247;230;41m██████[38;2;0;0;0m██      
  ██[38;2;214;165;33m██[38;2;247;230;41m██[38;2;132;90;41m██[38;2;65;65;65m██[38;2;247;247;173m████████[38;2;181;165;123m██[38;2;132;90;41m██[38;2;247;230;41m████[38;2;65;65;65m██[38;2;214;165;33m██[38;2;0;0;0m██    
██[38;2;247;230;41m████[38;2;132;90;41m██[38;2;247;247;173m██[38;2;0;0;0m██[38;2;247;247;173m████[38;2;0;0;0m████[38;2;181;165;123m██[38;2;247;247;173m██[38;2;132;90;41m██████[38;2;214;165;33m██[38;2;0;0;0m██    
  ██[38;2;247;230;41m██[38;2;132;90;41m██[38;2;230;197;99m██[38;2;247;247;173m████[38;2;0;0;0m██[38;2;247;247;173m██[38;2;181;165;123m██[38;2;247;247;173m████[38;2;132;90;41m██[38;2;247;230;41m██[38;2;214;165;33m██[38;2;0;0;0m██      
    ██[38;2;132;90;41m██[38;2;156;49;82m██[38;2;247;247;173m██████[38;2;156;49;82m██[38;2;181;165;123m██[38;2;247;247;173m██[38;2;230;197;99m██[38;2;132;90;41m██[38;2;247;230;41m████[38;2;214;165;33m██[38;2;0;0;0m██    
  ██[38;2;247;230;41m██[38;2;132;90;41m██[38;2;247;247;173m██[38;2;156;49;82m██████[38;2;230;74;123m██[38;2;181;165;123m██[38;2;230;197;99m██[38;2;132;90;41m██[38;2;247;230;41m████████[38;2;0;0;0m██    
  ██[38;2;247;230;41m████[38;2;132;90;41m██[38;2;247;247;173m██[38;2;230;74;123m██████[38;2;230;197;99m██[38;2;181;165;123m██[38;2;132;90;41m████[38;2;214;165;33m██[38;2;132;90;41m██[38;2;0;0;0m██      
    ██[38;2;247;230;41m████[38;2;132;90;41m██[38;2;230;197;99m██████[38;2;132;90;41m████[38;2;247;230;41m████[38;2;132;90;41m██[38;2;214;165;33m██[38;2;0;0;0m██      
  ██[38;2;66;107;58m██[38;2;65;65;65m████[38;2;247;230;41m██[38;2;132;90;41m██████[38;2;214;165;33m██[38;2;247;230;41m████████[38;2;0;0;0m██        
██[38;2;140;239;115m████[38;2;99;197;82m██[38;2;65;65;65m██[38;2;247;230;41m████████[38;2;65;65;65m████[38;2;247;230;41m████[38;2;65;65;65m██[38;2;0;0;0m████      
████[38;2;99;197;82m██████[38;2;0;0;0m██[38;2;247;230;41m██[38;2;214;165;33m██[38;2;65;65;65m██[38;2;99;197;82m████[38;2;65;65;65m████[38;2;66;107;58m██[38;2;140;239;115m████[38;2;0;0;0m██    
    ██████  ██[38;2;65;65;65m██[38;2;99;197;82m██████[38;2;65;65;65m██[38;2;99;197;82m██[38;2;140;239;115m██[38;2;58;156;58m████[38;2;140;239;115m██[38;2;0;0;0m██  
          ████[38;2;99;197;82m██[38;2;140;239;115m██[38;2;99;197;82m████[38;2;66;107;58m██[38;2;99;197;82m████[38;2;140;239;115m████[38;2;58;156;58m██[38;2;99;197;82m██[38;2;0;0;0m██
        ██[38;2;99;197;82m████[38;2;66;107;58m██[38;2;99;197;82m████[38;2;58;156;58m██[38;2;66;107;58m████[38;2;99;197;82m██████[38;2;140;239;115m██[38;2;58;156;58m██[38;2;0;0;0m██
          ██████[38;2;58;156;58m████[38;2;66;107;58m██[38;2;99;197;82m████[38;2;65;65;65m██[38;2;0;0;0m██████[38;2;58;156;58m██[38;2;0;0;0m██
                ████████[38;2;58;156;58m██[38;2;99;197;82m██[38;2;0;0;0m██    ██  
                        ██████        
[0m