    [38;2;0;0;0m██████                
  ██[38;2;140;239;115m██████[38;2;0;0;0m██              
██[38;2;140;239;115m██[38;2;58;156;58m██████[38;2;99;197;82m██[38;2;0;0;0m██  ██████    
██[38;2;65;65;65m██[38;2;140;239;115m████[38;2;99;197;82m██[38;2;58;156;58m██[38;2;33;82;33m██[38;2;0;0;0m██[38;2;140;239;115m████[38;2;99;197;82m██[38;2;0;0;0m██  
  ████[38;2;99;197;82m████[38;2;65;65;65m██[38;2;33;82;33m██[38;2;58;156;58m██████[38;2;140;239;115m██[38;2;99;197;82m██[38;2;0;0;0m██
      ██[38;2;65;65;65m██[38;2;189;156;49m██[38;2;58;156;58m██[38;2;99;197;82m██[38;2;140;239;115m████[38;2;58;156;58m██[38;2;140;239;115m██[38;2;0;0;0m██
    ██[38;2;247;230;41m██[38;2;65;65;65m████[38;2;189;156;49m██[38;2;65;65;65m████[38;2;99;197;82m████[38;2;0;0;0m████
    ██[38;2;247;230;41m██[38;2;189;156;49m██[38;2;247;230;41m██[38;2;65;65;65m████[38;2;247;230;41m██[38;2;65;65;65m██[38;2;0;0;0m██    
  ██[38;2;189;156;49m██[38;2;222;197;41m██[38;2;247;230;41m████[38;2;189;156;49m██[38;2;222;197;41m██[38;2;247;230;41m██[38;2;65;65;65m██[38;2;247;230;41m██[38;2;0;0;0m██  
  ██[38;2;115;90;33m██[38;2;247;230;41m████████████[38;2;189;156;49m██[38;2;247;230;41m██[38;2;0;0;0m██  
██[38;2;255;255;255m██[38;2;0;0;0m██[38;2;247;230;41m████[38;2;115;90;33m██[38;2;247;230;41m██[38;2;115;90;33m██[38;2;247;230;41m██[38;2;222;197;41m██[38;2;0;0;0m██    
██[38;2;65;65;65m██[38;2;0;0;0m██[38;2;247;230;41m████[38;2;115;90;33m██[38;2;0;0;0m████[38;2;115;90;33m██[38;2;247;230;41m██[38;2;222;197;41m██[38;2;0;0;0m██  
██[38;2;99;74;16m██[38;2;247;230;41m██████[38;2;0;0;0m██[38;2;255;255;255m██[38;2;0;0;0m████[38;2;247;230;41m██[38;2;222;197;41m██[38;2;0;0;0m██  
  ██[38;2;189;156;49m████[38;2;247;230;41m██[38;2;0;0;0m██[38;2;65;65;65m██[38;2;115;115;115m██[38;2;0;0;0m██[38;2;247;230;41m██[38;2;222;197;41m██[38;2;0;0;0m██  
  ██[38;2;222;197;41m██[38;2;115;90;33m██[38;2;189;156;49m████[38;2;0;0;0m████[38;2;247;230;41m██[38;2;189;156;49m██[38;2;115;90;33m██[38;2;0;0;0m██  
    ██[38;2;115;90;33m██[38;2;222;197;41m████[38;2;115;90;33m████[38;2;189;156;49m██[38;2;115;90;33m██[38;2;0;0;0m██    
      ████[38;2;189;156;49m████[38;2;115;90;33m██[38;2;0;0;0m████      
          ██████          
[0m