                        [38;2;0;0;0m████                  
                      ██[38;2;255;222;99m██[38;2;0;0;0m██                  
                    ██[38;2;255;222;99m██[38;2;0;0;0m██                    
                    ██[38;2;255;222;99m██[38;2;0;0;0m██                    
                ████[38;2;255;222;99m██[38;2;65;65;65m██[38;2;0;0;0m██                    
            ████[38;2;214;165;74m██[38;2;255;222;99m██████[38;2;214;165;74m██[38;2;0;0;0m████                
          ██[38;2;74;99;140m██[38;2;214;165;74m██[38;2;255;222;99m████[38;2;214;165;74m██[38;2;255;222;99m████[38;2;214;165;74m██[38;2;74;99;140m██[38;2;0;0;0m██              
          ██[38;2;99;165;222m██[38;2;156;206;247m██[38;2;214;165;74m██████████[38;2;156;206;247m██[38;2;99;165;222m██[38;2;0;0;0m██              
        ██[38;2;255;255;255m██[38;2;156;206;247m██████████████████[38;2;99;165;222m██[38;2;0;0;0m██            
        ████[38;2;156;206;247m████████[38;2;255;255;255m██[38;2;0;0;0m██[38;2;156;206;247m██████[38;2;99;165;222m██[38;2;0;0;0m████          
      ██[38;2;65;65;65m██[38;2;247;115;140m██[38;2;156;206;247m████████[38;2;0;0;0m████[38;2;247;115;140m██[38;2;156;206;247m████[38;2;99;165;222m██[38;2;74;99;140m██[38;2;99;165;222m██[38;2;0;0;0m████      
    ██[38;2;99;165;222m████[38;2;0;0;0m██[38;2;99;165;222m██[38;2;156;206;247m██████[38;2;247;115;140m████[38;2;156;206;247m████[38;2;99;165;222m██[38;2;74;99;140m██[38;2;0;0;0m████[38;2;99;165;222m████[38;2;0;0;0m██    
  ██[38;2;156;206;247m██[38;2;0;0;0m████  ████[38;2;99;165;222m████████[38;2;74;99;140m██[38;2;99;165;222m██[38;2;74;99;140m██[38;2;0;0;0m██    ████[38;2;99;165;222m██[38;2;0;0;0m██  
██[38;2;156;206;247m██[38;2;0;0;0m██          ██████████[38;2;74;99;140m██[38;2;99;165;222m██[38;2;0;0;0m██        ██[38;2;99;165;222m██[38;2;0;0;0m██
████                      ██[38;2;74;99;140m██[38;2;99;165;222m██[38;2;0;0;0m██        ████
                            ██[38;2;156;206;247m██[38;2;0;0;0m██            
                              ██[38;2;156;206;247m██[38;2;0;0;0m██          
                              ██[38;2;156;206;247m██[38;2;0;0;0m██          
                                ██            
[0m