                                  [38;2;0;0;0m████        
                ██  ████        ██[38;2;247;99;123m██[38;2;0;0;0m██    ████
            ████[38;2;107;107;189m██[38;2;0;0;0m██[38;2;107;107;189m██[38;2;0;0;0m████      ██[38;2;247;99;123m██[38;2;0;0;0m██  ██[38;2;247;99;123m██[38;2;0;0;0m██
      ██████[38;2;65;65;65m██[38;2;107;107;189m██████[38;2;0;0;0m██[38;2;107;107;189m██[38;2;0;0;0m██    ██[38;2;247;99;123m██[38;2;0;0;0m██    ██[38;2;247;99;123m██[38;2;0;0;0m██
    ██[38;2;107;107;189m██[38;2;197;58;82m██[38;2;247;99;123m██[38;2;197;58;82m██[38;2;65;65;65m████[38;2;107;107;189m████[38;2;0;0;0m██      ██[38;2;247;99;123m██[38;2;0;0;0m██  ██[38;2;247;99;123m██[38;2;0;0;0m██  
  ██[38;2;107;107;189m██[38;2;247;99;123m████[38;2;107;107;189m████████[38;2;82;82;148m██[38;2;0;0;0m██        ██[38;2;107;107;189m██[38;2;0;0;0m██  ██[38;2;247;99;123m██[38;2;0;0;0m██  
  ██[38;2;247;99;123m██████[38;2;107;107;189m██[38;2;65;65;65m████[38;2;107;107;189m████[38;2;0;0;0m██      ██[38;2;107;107;189m██[38;2;0;0;0m██  ██[38;2;107;107;189m██[38;2;0;0;0m██    
  ██[38;2;255;206;66m██[38;2;247;99;123m██[38;2;65;65;65m██[38;2;0;0;0m██[38;2;255;255;255m██[38;2;247;99;123m██[38;2;107;107;189m██████[38;2;0;0;0m██    ██[38;2;107;107;189m██[38;2;0;0;0m████[38;2;107;107;189m██[38;2;82;82;148m██[38;2;0;0;0m██    
██[38;2;255;206;66m██████[38;2;255;255;255m██[38;2;65;65;65m██[38;2;255;255;255m██[38;2;247;99;123m██[38;2;107;107;189m████████[38;2;0;0;0m████[38;2;82;82;148m██[38;2;107;107;189m██[38;2;65;65;65m██[38;2;82;82;148m██[38;2;107;107;189m██[38;2;0;0;0m██      
  ████[38;2;255;156;90m██[38;2;255;206;66m████[38;2;255;156;90m██[38;2;107;107;189m██████████[38;2;65;65;65m████████[38;2;82;82;148m██[38;2;107;107;189m██[38;2;82;82;148m██[38;2;0;0;0m██      
    ██[38;2;197;58;82m████[38;2;247;99;123m██[38;2;107;107;189m████[38;2;247;99;123m██[38;2;107;107;189m████[38;2;65;65;65m██[38;2;107;107;189m████████[38;2;65;65;65m████[38;2;0;0;0m██        
  ██[38;2;107;107;189m██[38;2;65;65;65m██[38;2;247;99;123m████[38;2;107;107;189m██[38;2;247;99;123m████[38;2;107;107;189m██[38;2;65;65;65m██[38;2;107;107;189m████████████████[38;2;0;0;0m██████  
  ██[38;2;107;107;189m██[38;2;65;65;65m██[38;2;107;107;189m████[38;2;247;99;123m██████[38;2;255;255;255m██[38;2;65;65;65m██[38;2;107;107;189m██████████████████████[38;2;0;0;0m██
    ██[38;2;82;82;148m██[38;2;197;58;82m██[38;2;247;99;123m██████[38;2;255;255;255m████[38;2;65;65;65m██[38;2;107;107;189m████████████████[38;2;0;0;0m██████  
      ██[38;2;65;65;65m██[38;2;197;58;82m██[38;2;247;99;123m██[38;2;255;255;255m████████[38;2;65;65;65m██[38;2;107;107;189m████████[38;2;0;0;0m██████        
      ██[38;2;65;65;65m██[38;2;0;0;0m████[38;2;255;255;255m████[38;2;165;173;247m██████[38;2;197;58;82m██[38;2;65;65;65m██[38;2;0;0;0m████              
        ██  ████████[38;2;197;58;82m████[38;2;247;99;123m██[38;2;65;65;65m██[38;2;0;0;0m██                
                  ██[38;2;65;65;65m██[38;2;0;0;0m██[38;2;65;65;65m██[38;2;0;0;0m██                  
                    ██  ██                    
[0m