                                                [38;2;0;0;0m████                      ████      
                                              ██[38;2;106;137;164m██[38;2;104;140;164m██[38;2;0;0;0m██                  ██[38;2;104;140;164m██[38;2;0;0;0m██      
                                                ██[38;2;104;140;164m████[38;2;0;0;0m██              ██[38;2;106;137;164m██[38;2;104;140;164m██[38;2;0;0;0m██      
                                                ██[38;2;84;89;117m██[38;2;123;133;172m██[38;2;0;0;0m██              [38;2;8;0;8m██[38;2;123;133;172m██[38;2;94;85;123m██[38;2;0;0;0m██      
                                                  [38;2;8;0;8m██[38;2;84;89;117m██[38;2;94;85;123m██[38;2;0;0;0m██          ██[38;2;84;89;117m████[38;2;0;0;0m██        
                                                    ██████          ██████          
                                                        ████      ████              
                                  ██                      ██    ████        ████    
                                ██[38;2;205;178;148m██[38;2;0;0;0m██  ██                ████████          ██[38;2;94;85;123m██[38;2;0;0;0m██  
                            ████[38;2;205;178;148m██[38;2;202;180;150m██[38;2;98;72;74m██[38;2;8;4;8m██[38;2;205;182;156m██[38;2;0;0;0m██                ████            ██[38;2;94;85;123m████[38;2;0;0;0m██
                        ████[38;2;156;137;131m██[38;2;205;178;148m████[38;2;98;72;74m██[38;2;202;180;150m██[38;2;205;182;156m██[38;2;139;122;106m██[38;2;156;137;131m██[38;2;0;0;0m██            ██████              ██[38;2;94;85;123m██[38;2;0;0;0m██
                    ██[38;2;8;4;8m██[38;2;205;182;156m██[38;2;202;180;148m████████[38;2;205;178;148m████[38;2;156;136;128m████████[38;2;0;0;8m████        [38;2;0;0;0m██  ██              ████  
                  ██[38;2;156;137;131m██[38;2;205;182;156m██[38;2;139;122;106m██[38;2;202;180;148m████████[38;2;156;135;127m████[38;2;156;136;128m████████[38;2;79;59;43m██[38;2;238;178;115m██[38;2;0;0;0m██      ██    ██              ██  
                ██[38;2;156;135;127m██[38;2;205;178;148m██[38;2;156;135;127m██[38;2;205;178;148m██[38;2;156;135;127m██[38;2;205;178;148m██[38;2;156;136;128m████████████████[38;2;156;135;127m██[38;2;65;64;65m██[38;2;238;174;106m██[38;2;0;0;0m██    ████  ██            ████  
                ██[38;2;156;135;127m████[38;2;205;178;148m██[38;2;156;135;127m██[38;2;205;178;148m██[38;2;156;135;127m██[38;2;156;136;128m████████████████[38;2;156;135;127m██[38;2;65;64;65m██[38;2;238;174;106m████[38;2;0;0;0m████  ██  ██            ██    
  ██            ██[38;2;156;136;128m████████████████[38;2;156;135;127m████[38;2;74;68;65m██[38;2;128;128;128m██[38;2;156;135;127m████[38;2;205;178;148m██[38;2;156;135;127m██[38;2;65;64;65m██[38;2;230;174;123m██[38;2;238;175;112m████[38;2;0;0;0m██  ████        ██████    
██[38;2;230;242;255m██[38;2;0;0;0m██        ██[38;2;156;137;131m██[38;2;156;136;128m████████████████[38;2;156;135;127m██[38;2;65;64;65m██[38;2;238;246;255m██[38;2;74;68;65m██[38;2;156;135;127m██[38;2;205;178;148m██[38;2;156;135;127m██[38;2;205;178;148m██[38;2;175;137;104m██[38;2;65;64;65m██[38;2;238;175;112m████[38;2;238;174;106m██[38;2;0;0;0m████      ██████        
██[38;2;238;255;255m██[38;2;8;8;16m██        [38;2;0;0;0m██[38;2;148;133;131m██[38;2;156;135;127m████[38;2;65;64;65m████████[38;2;156;135;127m██████[38;2;65;64;65m██[38;2;175;186;194m██[38;2;230;246;255m██[38;2;74;64;65m██[38;2;127;129;139m██[38;2;205;178;148m██[38;2;156;135;127m████[38;2;65;64;65m██[38;2;238;174;106m██████[38;2;0;0;0m██  ████████            
██[38;2;161;172;175m████[38;2;0;0;0m██    ██[38;2;74;66;65m████[38;2;65;64;65m████[38;2;238;174;106m████████[38;2;65;64;65m████[38;2;156;135;127m████[38;2;65;64;74m██[38;2;230;246;255m██[38;2;180;194;213m██[38;2;74;64;65m██[38;2;156;135;127m████████[38;2;65;64;65m██[38;2;238;174;106m██████[38;2;0;0;0m██                    
██[38;2;148;153;169m██[38;2;222;230;255m██[38;2;172;190;222m██[38;2;0;0;0m██[38;2;8;8;8m██[38;2;63;70;79m██[38;2;205;182;164m██[38;2;65;64;65m██[38;2;205;182;164m██[38;2;79;90;104m██[38;2;238;174;106m████[38;2;238;175;112m████[38;2;238;174;106m████[38;2;74;64;65m██[38;2;127;129;139m██[38;2;65;64;65m██[38;2;172;190;222m██[38;2;172;186;222m██[38;2;65;64;65m██[38;2;156;135;127m████████[38;2;65;64;65m██[38;2;238;174;106m██[38;2;238;175;112m████[38;2;238;174;106m██[38;2;0;0;0m██                  
  ██[38;2;148;153;169m██[38;2;172;190;222m████[38;2;63;70;79m██[38;2;172;194;222m██[38;2;65;64;65m██[38;2;205;182;164m██[38;2;79;90;104m██[38;2;205;182;164m██[38;2;79;90;101m██[38;2;238;174;106m██[38;2;238;175;112m████[38;2;238;174;106m██[38;2;79;90;101m██[38;2;180;194;213m██[38;2;74;64;65m██[38;2;172;190;222m████[38;2;172;186;222m██[38;2;137;145;169m██[38;2;65;64;65m██[38;2;156;135;127m████[38;2;115;93;74m██[38;2;65;64;65m██[38;2;238;174;106m██[38;2;238;175;112m████[38;2;238;174;106m██[38;2;0;0;0m██                  
  ██[38;2;139;141;180m████[38;2;79;90;104m██[38;2;172;190;222m██[38;2;65;64;65m██[38;2;74;76;82m██[38;2;238;174;106m██[38;2;79;90;106m████[38;2;238;175;112m████████[38;2;65;64;65m██[38;2;172;190;222m██[38;2;74;89;106m██[38;2;172;191;205m██[38;2;183;191;216m██[38;2;230;242;255m██[38;2;139;141;180m████[38;2;74;64;65m██[38;2;164;137;123m██[38;2;112;91;71m████[38;2;65;64;65m██[38;2;238;174;106m██[38;2;238;175;112m████[38;2;238;174;106m██[38;2;0;0;0m██                  
    ██[38;2;139;141;180m██[38;2;79;90;104m██[38;2;172;190;222m██[38;2;65;64;65m██[38;2;238;174;106m██[38;2;74;76;82m██[38;2;172;190;222m██[38;2;79;90;106m██[38;2;238;175;112m████████[38;2;65;64;65m██[38;2;172;190;222m██[38;2;74;89;106m██[38;2;222;242;255m██[38;2;230;242;255m██[38;2;137;140;178m██[38;2;139;141;180m████[38;2;74;64;65m██[38;2;104;89;84m██[38;2;112;91;71m██[38;2;65;64;65m██[38;2;238;174;106m████[38;2;238;175;112m████[38;2;238;174;106m████[38;2;0;0;0m██                
      ████[38;2;137;140;169m██[38;2;68;70;84m██[38;2;238;174;106m████[38;2;79;90;104m██[38;2;205;182;164m██[38;2;238;175;112m████[38;2;238;174;106m████[38;2;57;64;74m██[38;2;167;140;123m██[38;2;79;90;104m██[38;2;139;141;180m██████[38;2;148;141;172m██[38;2;74;64;57m██[38;2;112;93;71m████[38;2;123;98;79m██[38;2;65;60;65m██[38;2;238;175;112m████████████[38;2;0;0;0m██                
          ████[38;2;238;174;106m██[38;2;79;90;101m██[38;2;205;182;164m██[38;2;79;90;104m██[38;2;238;175;112m████[38;2;238;174;106m██[38;2;131;99;94m██[38;2;222;178;148m██[38;2;57;64;74m██[38;2;139;141;180m██[38;2;79;90;104m██[38;2;139;141;180m██[38;2;65;64;65m██[38;2;74;64;57m██[38;2;98;90;95m██[38;2;112;93;71m████[38;2;65;60;65m██[38;2;238;174;106m██[38;2;238;175;112m████████████[38;2;0;0;0m██                
              [38;2;0;0;8m██[38;2;111;87;69m██[38;2;153;134;128m██[38;2;76;91;117m██[38;2;238;174;106m████[38;2;90;84;84m██[38;2;255;255;255m██[38;2;128;98;93m██[38;2;191;144;63m██[38;2;65;64;65m██████[38;2;112;91;71m██[38;2;112;93;71m████[38;2;112;91;71m████[38;2;65;64;65m██[38;2;238;174;106m████████████[38;2;193;145;61m██[38;2;189;145;65m██[38;2;0;0;0m██              
              [38;2;0;0;8m██[38;2;222;174;131m██[38;2;76;91;117m██[38;2;230;178;139m██[38;2;238;174;106m██[38;2;131;99;94m██[38;2;8;0;0m██[38;2;255;255;255m██[38;2;191;144;63m████[38;2;191;145;65m██[38;2;65;64;65m██[38;2;112;91;71m████[38;2;112;93;71m████[38;2;112;91;71m██[38;2;65;64;65m██[38;2;238;174;106m████[38;2;131;99;94m██[38;2;238;174;106m████[38;2;131;99;94m██[38;2;193;145;61m████[38;2;189;145;65m██[38;2;0;0;0m██              
                ██[38;2;238;175;112m████[38;2;238;174;106m██[38;2;131;99;94m██[38;2;255;255;246m██[38;2;197;145;57m██[38;2;191;145;65m████[38;2;74;68;57m██[38;2;164;137;123m██[38;2;115;93;74m██[38;2;156;135;127m██[38;2;112;91;71m████[38;2;65;64;65m██[38;2;238;174;106m████[38;2;131;99;94m██[38;2;189;145;65m████[38;2;128;98;93m██[38;2;191;144;63m██[38;2;191;145;63m████[38;2;189;145;65m██[38;2;0;0;0m██              
                ██[38;2;238;175;112m████[38;2;238;174;106m████[38;2;216;182;120m██[38;2;197;145;57m██[38;2;191;145;65m██[38;2;65;64;65m██[38;2;104;91;79m████[38;2;156;135;127m██[38;2;115;93;74m██[38;2;65;64;65m████[38;2;238;174;106m██████[38;2;131;99;94m██[38;2;0;0;0m████[38;2;191;144;63m████[38;2;191;145;63m████[38;2;189;145;65m██[38;2;0;0;0m██              
                ██[38;2;238;174;106m████████[38;2;191;145;63m████[38;2;65;64;65m██[38;2;112;91;71m██[38;2;112;93;71m████[38;2;109;91;65m██[38;2;65;64;65m██[38;2;238;175;112m████████[38;2;189;145;65m██[38;2;0;0;0m██    ██[38;2;189;145;65m██[38;2;191;145;63m████[38;2;0;0;0m██                
                ██[38;2;95;74;74m██[38;2;238;174;106m████[38;2;95;74;74m██[38;2;98;72;74m████[38;2;65;64;65m██[38;2;112;91;71m██[38;2;112;93;71m████[38;2;65;64;65m██[38;2;197;145;65m██[38;2;238;175;112m████████[38;2;0;0;0m██      ██[38;2;189;145;65m██[38;2;191;145;63m████[38;2;0;0;0m██                
                  ██[38;2;94;74;74m██[38;2;98;80;82m██[38;2;65;53;54m██[38;2;131;102;68m██[38;2;65;55;46m██[38;2;191;145;65m██[38;2;65;64;65m██[38;2;106;93;74m████[38;2;0;0;0m██[38;2;189;145;65m██[38;2;193;145;61m██[38;2;238;174;106m██[38;2;255;194;106m██[38;2;172;132;71m██[38;2;0;0;0m██        ██[38;2;189;149;65m████[38;2;0;0;0m██                
                    ██████[38;2;0;8;24m██[38;2;197;149;90m██[38;2;191;145;65m████[38;2;71;62;52m██[38;2;0;0;8m██  [38;2;0;0;0m██[38;2;193;145;61m████[38;2;172;132;71m██[38;2;8;8;0m██            [38;2;0;8;16m██[38;2;63;55;32m██[38;2;65;64;65m██[38;2;0;0;0m██              
                            ██[38;2;191;145;65m████[38;2;0;0;0m██    ██[38;2;189;145;65m██████[38;2;0;0;0m██            ██[38;2;78;89;106m████[38;2;0;0;0m██              
                            ██[38;2;65;64;65m████[38;2;0;0;0m██      ██[38;2;189;145;65m████[38;2;0;0;0m██              ██████              
                          ██[38;2;78;89;106m████[38;2;0;0;0m██        ██[38;2;71;91;109m██[38;2;78;89;106m██[38;2;0;0;0m██                                  
                          ████████      ██[38;2;106;137;164m████[38;2;0;0;0m██                                    
                                        ████████                                    
[0m