                            [38;2;0;0;0m████            ████                        
                          ██[38;2;99;75;66m████[38;2;0;0;0m██        ██[38;2;115;89;82m████[38;2;0;0;0m██                      
                        ██[38;2;99;73;66m████[38;2;76;68;65m████[38;2;0;0;0m████████[38;2;115;90;82m████[38;2;115;89;82m██[38;2;98;73;65m██[38;2;0;0;0m██                    
        ████            ██[38;2;99;73;66m██[38;2;66;65;66m██[38;2;76;68;65m██[38;2;181;182;181m██████[38;2;71;62;60m██[38;2;107;93;90m██[38;2;115;90;82m████[38;2;98;73;65m████[38;2;99;75;66m██[38;2;0;0;0m██                  
      ██[38;2;115;89;82m████[38;2;0;0;0m██  ██    ██[38;2;99;81;74m██[38;2;66;65;66m██[38;2;181;181;181m██[38;2;181;178;173m██[38;2;66;60;57m██[38;2;181;178;173m██[38;2;66;60;57m██[38;2;115;89;82m████[38;2;99;73;66m████[38;2;76;68;65m████████[38;2;0;0;0m██                
    ██[38;2;115;89;82m████████[38;2;0;0;0m██[38;2;115;89;82m██[38;2;0;0;0m██  ██[38;2;66;54;49m██[38;2;181;181;181m████[38;2;66;60;57m██[38;2;104;99;95m██[38;2;66;60;57m██[38;2;104;99;95m██[38;2;115;89;82m██[38;2;99;73;66m████[38;2;66;65;66m██[38;2;76;68;65m██[38;2;181;182;181m████[38;2;76;68;65m██[38;2;99;75;66m██[38;2;0;0;0m██    ██        
  ██[38;2;115;89;82m██[38;2;115;90;82m████[38;2;115;89;82m████[38;2;66;65;66m██[38;2;115;85;74m██[38;2;99;77;74m██[38;2;0;4;8m██[38;2;65;66;65m██[38;2;181;182;181m██████[38;2;66;65;66m██[38;2;115;89;82m██[38;2;66;65;66m██[38;2;115;89;82m██[38;2;98;78;71m██[38;2;66;65;66m████[38;2;115;89;82m████[38;2;66;65;66m██[38;2;181;181;181m████[38;2;65;66;65m████[38;2;0;0;0m████[38;2;148;142;140m██[38;2;0;0;0m██      
  ██[38;2;115;89;82m██[38;2;115;90;82m████[38;2;115;89;82m██[38;2;99;73;66m██[38;2;66;65;66m██[38;2;98;78;71m██[38;2;99;77;74m██[38;2;66;52;52m██[38;2;65;66;65m████████[38;2;115;89;82m██████[38;2;66;65;66m████[38;2;115;85;74m██[38;2;115;89;82m████████[38;2;66;65;66m██[38;2;181;181;181m██[38;2;181;182;181m████[38;2;74;69;68m██[38;2;148;138;137m██[38;2;148;142;140m██[38;2;0;0;0m██      
██[38;2;115;90;82m████[38;2;115;89;82m████[38;2;0;0;0m██[38;2;99;75;66m██[38;2;66;65;66m██[38;2;98;78;71m██[38;2;66;65;66m██[38;2;90;89;90m██[38;2;98;85;82m██[38;2;66;69;66m██[38;2;98;85;82m██[38;2;66;69;66m██[38;2;115;89;82m████[38;2;66;65;66m████[38;2;115;89;82m████████[38;2;115;90;82m████[38;2;66;60;57m██[38;2;181;178;173m██[38;2;181;181;181m██████[38;2;66;65;66m██[38;2;0;0;0m██        
██[38;2;115;90;82m████[38;2;115;89;82m██[38;2;0;0;0m██  ██[38;2;115;85;74m██[38;2;66;65;66m████[38;2;90;89;90m██[38;2;66;69;66m██[38;2;115;93;90m██[38;2;66;69;66m██[38;2;115;93;90m██[38;2;115;89;82m██[38;2;66;65;66m██[38;2;115;89;82m██████[38;2;66;65;66m████[38;2;115;89;82m██[38;2;115;90;82m████[38;2;104;99;95m██[38;2;66;60;57m██[38;2;181;181;181m████████[38;2;0;0;0m██        
██[38;2;115;90;82m████[38;2;115;89;82m██[38;2;0;0;0m██  ██[38;2;115;89;82m██[38;2;66;65;66m██[38;2;90;88;90m████[38;2;66;65;66m██[38;2;115;89;82m██[38;2;66;65;66m██[38;2;115;89;82m██████[38;2;66;60;57m████[38;2;66;65;66m██[38;2;181;181;181m██[38;2;181;182;181m██[38;2;65;66;65m██[38;2;115;90;82m████[38;2;115;89;82m██[38;2;66;65;66m██████[38;2;181;181;181m████[38;2;181;182;181m██[38;2;0;0;0m██      
██[38;2;115;90;82m████[38;2;0;0;0m██  ██[38;2;66;67;66m██[38;2;115;89;82m██[38;2;66;65;66m██[38;2;90;88;90m██[38;2;65;64;65m██[38;2;115;89;82m██████████[38;2;66;65;66m██[38;2;104;99;95m██[38;2;181;178;173m██[38;2;181;181;181m████[38;2;181;182;181m██[38;2;65;66;65m██[38;2;115;90;82m████[38;2;115;89;82m██[38;2;66;65;66m██[38;2;247;142;49m████[38;2;66;65;66m██[38;2;181;181;181m██[38;2;181;182;181m██[38;2;0;0;0m██      
██[38;2;115;89;82m████[38;2;0;0;0m██  ██[38;2;181;97;33m██[38;2;66;65;66m██[38;2;115;89;82m██[38;2;66;65;66m██[38;2;115;89;82m██████[38;2;107;93;90m██[38;2;71;62;60m██[38;2;66;65;66m████[38;2;164;144;115m██[38;2;115;90;82m██[38;2;181;181;181m████[38;2;181;178;173m██[38;2;66;60;57m██[38;2;115;90;82m████[38;2;126;90;68m██[38;2;66;65;74m██[38;2;247;140;49m████[38;2;65;66;65m██[38;2;181;182;181m████[38;2;148;140;139m██[38;2;0;0;0m██    
  ██[38;2;115;89;82m██[38;2;66;67;66m██[38;2;0;0;0m██[38;2;181;97;33m████[38;2;66;65;66m██[38;2;115;89;82m████████[38;2;66;65;66m██[38;2;0;0;0m████[38;2;255;255;255m██[38;2;66;65;66m██[38;2;214;199;148m██[38;2;115;90;82m██[38;2;181;181;181m████[38;2;66;60;57m██[38;2;104;99;95m██[38;2;115;90;82m████[38;2;66;65;74m██[38;2;247;142;57m██[38;2;247;140;49m████[38;2;65;66;65m██[38;2;181;182;181m██[38;2;148;140;139m████[38;2;0;0;0m██    
  ██[38;2;156;134;115m██[38;2;66;67;66m██[38;2;0;0;0m██[38;2;164;120;90m██[38;2;82;62;49m██[38;2;160;144;123m██[38;2;66;65;66m██[38;2;101;92;79m██[38;2;66;65;66m████[38;2;164;154;120m██[38;2;239;255;255m██[38;2;231;142;49m██[38;2;255;255;222m██[38;2;208;199;170m██[38;2;214;199;148m████[38;2;104;99;95m██[38;2;181;178;173m██[38;2;66;60;66m██[38;2;112;94;88m██[38;2;104;79;63m██[38;2;66;69;74m██[38;2;181;99;32m████[38;2;247;142;49m██[38;2;66;65;66m██[38;2;148;140;140m████████[38;2;0;0;0m██    
  ██[38;2;156;134;115m██[38;2;0;0;0m██  [38;2;0;4;8m██[38;2;164;120;90m██[38;2;66;65;66m██[38;2;160;144;123m██[38;2;66;65;66m██[38;2;173;146;107m██[38;2;214;199;148m████[38;2;235;198;152m████[38;2;208;199;170m██[38;2;115;89;66m██[38;2;214;199;148m██[38;2;173;148;107m██[38;2;66;60;57m████[38;2;112;94;88m██[38;2;159;128;110m██[38;2;66;69;74m██[38;2;181;101;41m██[38;2;181;99;32m██[38;2;66;65;66m████[38;2;247;142;49m██[38;2;66;65;66m██[38;2;148;140;140m██████[38;2;0;0;0m██    
    ██    ██[38;2;148;142;140m██[38;2;66;65;66m██[38;2;160;144;123m██[38;2;115;90;82m██[38;2;173;148;107m██[38;2;214;199;148m████████[38;2;222;199;148m██[38;2;118;90;76m██[38;2;160;144;123m██[38;2;66;65;66m██[38;2;148;140;140m██[38;2;66;65;66m██[38;2;148;140;137m██[38;2;66;65;66m██[38;2;181;181;181m██[38;2;66;65;66m████[38;2;181;99;32m██[38;2;186;111;49m██[38;2;247;134;41m██[38;2;66;65;66m██[38;2;148;140;140m██████[38;2;0;0;0m██    
          ██[38;2;148;142;140m██[38;2;160;144;123m██[38;2;66;65;66m██[38;2;173;148;107m██[38;2;115;90;82m██████[38;2;173;148;107m████[38;2;170;144;112m████[38;2;66;65;66m██[38;2;160;144;123m██[38;2;148;140;140m██[38;2;66;65;66m████[38;2;189;178;173m██[38;2;181;181;181m████[38;2;66;65;66m██[38;2;181;99;32m██[38;2;66;65;66m████[38;2;148;140;140m████████[38;2;115;89;82m██[38;2;0;0;0m██  
          ██[38;2;148;142;140m██[38;2;148;140;140m████[38;2;66;65;66m██[38;2;160;144;123m██[38;2;173;150;107m████[38;2;115;89;82m████[38;2;173;150;107m██[38;2;66;65;66m██[38;2;173;148;107m██[38;2;115;90;82m██[38;2;145;138;139m██[38;2;181;178;181m██[38;2;181;181;181m████████[38;2;189;190;189m██[38;2;68;66;68m██[38;2;0;0;0m████[38;2;148;138;140m████[38;2;160;144;123m██[38;2;115;89;82m██[38;2;173;146;115m██[38;2;0;0;0m██  
            ██[38;2;148;140;140m████[38;2;160;144;123m██[38;2;66;65;66m████████████[38;2;173;150;107m██[38;2;173;148;107m████[38;2;109;99;98m██[38;2;74;60;57m██[38;2;181;181;181m████████[38;2;128;128;128m██[38;2;8;4;8m██    [38;2;0;0;0m██[38;2;98;92;93m██[38;2;115;89;82m██[38;2;160;144;123m██[38;2;115;97;76m██[38;2;0;0;0m██  
            ██[38;2;148;140;140m████████[38;2;66;65;66m██[38;2;173;146;107m██[38;2;115;94;76m██[38;2;173;142;115m██[38;2;173;148;107m██[38;2;115;90;82m██[38;2;173;148;107m████[38;2;173;150;107m██[38;2;66;65;66m██[38;2;148;140;139m██[38;2;181;182;181m████[38;2;148;140;139m██[38;2;165;142;123m██[38;2;0;0;0m██    [38;2;0;0;8m██[38;2;170;148;112m██[38;2;173;150;107m████[38;2;173;146;107m██[38;2;107;92;79m██[38;2;0;0;0m██
          ██[38;2;173;150;107m██[38;2;115;90;82m████████[38;2;101;92;79m██[38;2;66;65;66m██[38;2;0;0;0m██[38;2;115;94;76m██[38;2;173;148;107m████[38;2;115;90;82m████[38;2;173;150;107m██[38;2;66;65;66m██[38;2;148;140;139m████████[38;2;110;94;82m██[38;2;165;142;123m██[38;2;0;0;0m████[38;2;170;148;112m██[38;2;85;74;60m██[38;2;66;65;66m████[38;2;74;65;66m██[38;2;173;146;107m██[38;2;0;0;0m██
          [38;2;0;0;8m██[38;2;170;148;112m██[38;2;173;148;107m████████[38;2;173;150;107m██[38;2;0;0;0m██  ██████████[38;2;74;67;57m██[38;2;222;203;156m██[38;2;115;90;82m████████[38;2;214;199;148m██[38;2;164;144;115m██[38;2;115;89;82m██[38;2;0;0;0m██[38;2;60;59;60m██[38;2;90;89;90m██[38;2;60;59;60m██[38;2;90;89;90m████[38;2;60;59;60m██[38;2;0;0;0m██
        ██[38;2;85;74;60m██[38;2;170;148;112m██[38;2;173;148;107m██[38;2;115;90;82m██████[38;2;0;0;0m██              [38;2;0;0;8m██[38;2;148;135;106m██[38;2;214;199;148m████████[38;2;115;90;82m████[38;2;0;0;0m██  ████████████  
      ██[38;2;90;89;90m██[38;2;65;64;65m████[38;2;57;65;66m██[38;2;165;146;107m██[38;2;115;90;82m████[38;2;0;0;0m██                ██[38;2;115;105;93m██[38;2;214;195;148m██[38;2;214;195;140m██[38;2;115;102;84m██[38;2;148;140;140m████[38;2;0;0;0m██                
      ██[38;2;60;59;60m██[38;2;82;80;82m████[38;2;93;92;79m██[38;2;57;65;66m██[38;2;173;148;107m████[38;2;0;0;0m██              ██[38;2;173;150;107m██[38;2;66;60;66m████[38;2;66;56;57m██[38;2;164;148;112m██[38;2;115;90;82m████[38;2;173;150;107m██[38;2;0;0;0m██              
        ██████████████                ██[38;2;60;59;60m██[38;2;82;80;82m██[38;2;65;64;65m██[38;2;82;81;82m██[38;2;66;65;66m██[38;2;170;148;112m████[38;2;173;150;107m██[38;2;0;0;0m██              
                                      ██[38;2;90;89;90m██[38;2;82;80;82m██[38;2;65;64;65m██[38;2;82;81;82m████[38;2;85;74;60m██[38;2;0;0;8m██[38;2;0;0;0m██                
                                        ████████████                    
[0m