                                        [38;2;0;0;0m██[38;2;0;4;0m████[38;2;0;0;0m██                                  
                            ████  ██████[38;2;222;243;231m██[38;2;231;255;247m██[38;2;154;171;164m██[38;2;0;0;0m██                                  
                        ██[38;2;0;12;16m██[38;2;206;109;66m██[38;2;93;79;77m██[38;2;24;0;0m██[38;2;222;244;233m████[38;2;222;243;231m████[38;2;165;190;189m██[38;2;8;0;0m██                                    
                      [38;2;0;0;0m██[38;2;206;105;66m██[38;2;206;109;66m██[38;2;68;44;32m██[38;2;93;79;77m██[38;2;231;239;231m██[38;2;222;244;233m████[38;2;222;243;231m██[38;2;164;190;189m██[38;2;165;190;189m██[38;2;60;63;63m██[38;2;0;0;0m████████                            
      ████████      ██[38;2;126;63;68m████[38;2;66;65;66m██[38;2;222;243;231m██[38;2;222;244;233m████[38;2;222;243;231m████[38;2;170;186;181m██[38;2;66;65;66m██[38;2;57;56;74m██[38;2;107;174;231m██[38;2;110;180;225m████[38;2;107;178;222m████[38;2;0;0;0m██                          
  ████[38;2;222;243;231m████████[38;2;0;0;0m████  ██[38;2;165;190;189m██[38;2;126;63;68m██[38;2;222;243;231m████[38;2;222;244;233m████[38;2;222;243;231m██[38;2;66;65;66m████[38;2;222;247;239m██[38;2;90;134;178m██[38;2;107;174;231m██[38;2;110;180;225m████[38;2;107;178;222m██[38;2;0;0;0m██                            
██[38;2;165;190;189m██[38;2;222;243;231m██████[38;2;222;244;233m████████[38;2;0;0;0m██[38;2;74;79;77m██[38;2;164;190;189m██[38;2;222;243;231m██████[38;2;222;247;239m██[38;2;170;186;181m██[38;2;66;65;66m██[38;2;222;243;231m████[38;2;74;113;192m██[38;2;111;180;222m████[38;2;107;178;239m████[38;2;0;0;0m██                              
██[38;2;165;190;189m████████[38;2;222;244;233m████████[38;2;74;79;77m██[38;2;222;239;231m██[38;2;222;243;231m██████[38;2;66;65;66m██████[38;2;222;243;231m██████[38;2;74;113;192m██[38;2;74;113;189m████[38;2;71;118;162m██[38;2;0;0;8m██    [38;2;0;0;0m██████████████████          
  ██[38;2;165;190;189m██[38;2;66;65;66m████[38;2;165;190;189m████[38;2;222;247;239m████[38;2;66;65;66m██[38;2;222;243;231m██████[38;2;222;244;233m████████████[38;2;222;243;231m████[38;2;214;247;239m██[38;2;164;187;181m██[38;2;66;65;66m████[38;2;0;0;0m████[38;2;222;244;233m████████████████[38;2;222;243;231m██[38;2;0;0;0m██████    
    ██[38;2;165;190;189m████[38;2;66;65;66m██[38;2;165;190;189m██[38;2;170;186;181m██[38;2;66;65;66m██[38;2;222;243;231m██████[38;2;164;190;189m██[38;2;255;255;255m██[38;2;222;244;233m██████████[38;2;222;243;231m██[38;2;164;190;189m██[38;2;164;187;181m██[38;2;66;69;66m██[38;2;66;65;66m██[38;2;222;243;231m██████[38;2;222;244;233m████████████████[38;2;222;243;231m████████[38;2;0;0;0m██  
    ██[38;2;165;190;189m██████[38;2;66;65;66m██[38;2;165;190;189m██[38;2;66;65;66m██[38;2;222;244;233m████[38;2;222;243;231m██[38;2;164;190;189m██[38;2;66;65;66m██[38;2;222;243;231m██[38;2;222;244;233m████[38;2;222;243;231m████[38;2;165;190;189m████[38;2;66;65;66m██[38;2;222;243;231m██[38;2;222;244;233m████████████[38;2;222;243;231m████[38;2;66;65;66m██████[38;2;222;247;239m██[38;2;222;244;233m████[38;2;222;243;231m██████[38;2;0;0;0m██
      ██[38;2;165;190;189m██████[38;2;66;65;66m██[38;2;165;190;189m██[38;2;222;244;233m████[38;2;222;243;231m████[38;2;66;65;66m██[38;2;222;243;231m██[38;2;222;244;233m████[38;2;222;243;231m██[38;2;66;65;66m██████[38;2;222;243;231m████[38;2;222;244;233m████████████[38;2;66;65;66m████[38;2;165;190;189m████[38;2;170;186;181m██[38;2;66;65;66m██[38;2;222;244;233m████[38;2;165;190;189m████[38;2;0;0;0m██  
        ██[38;2;165;190;189m████[38;2;66;65;66m██[38;2;165;190;189m██[38;2;66;60;66m██[38;2;159;82;66m██[38;2;181;85;66m██[38;2;222;243;231m██[38;2;222;244;233m████████████████████████[38;2;222;243;231m████[38;2;165;190;189m██[38;2;66;65;66m██[38;2;164;190;189m████[38;2;165;190;189m████[38;2;164;190;189m████[38;2;60;63;63m██[38;2;165;190;189m██[38;2;0;0;0m████    
          ████[38;2;165;190;189m████[38;2;66;60;66m██[38;2;206;93;66m██[38;2;181;85;66m██[38;2;222;243;231m██[38;2;222;244;233m████████████████████████[38;2;222;243;231m██[38;2;164;190;189m██[38;2;66;65;66m██[38;2;165;190;189m██[38;2;164;190;189m████[38;2;66;65;66m████[38;2;164;190;189m████[38;2;165;190;189m██[38;2;8;0;0m██        
              [38;2;0;0;0m██[38;2;165;190;189m████[38;2;60;63;63m██[38;2;222;244;233m████████████████████[38;2;222;243;231m██[38;2;165;190;189m██[38;2;164;190;189m████████[38;2;165;190;189m██[38;2;66;65;66m████████[38;2;165;190;189m██████[38;2;66;65;66m██[38;2;0;0;0m██        
                ██[38;2;8;0;0m██[38;2;165;190;189m██[38;2;222;244;233m████████████████████[38;2;165;190;189m████[38;2;164;190;189m████████[38;2;165;190;189m██████████████[38;2;0;0;0m████          
                    ██[38;2;156;172;172m██[38;2;231;255;255m██[38;2;222;244;233m████████[38;2;222;243;231m████[38;2;165;190;189m██[38;2;209;103;63m██[38;2;164;190;189m████████[38;2;165;190;189m████████████[38;2;0;0;0m██████              
                      [38;2;8;8;8m██[38;2;156;172;172m██[38;2;222;244;233m████████[38;2;165;190;189m████[38;2;209;103;63m████[38;2;164;190;189m████████[38;2;165;190;189m██[38;2;66;65;66m██████[38;2;60;63;63m██[38;2;8;0;0m██                    
                        [38;2;0;0;0m████[38;2;165;190;189m██████████[38;2;164;190;189m████[38;2;165;190;189m██[38;2;77;112;195m████[38;2;165;190;189m██[38;2;164;190;189m████[38;2;165;190;189m████[38;2;0;0;0m██                      
                            ████[38;2;165;190;189m██[38;2;209;103;63m██[38;2;165;190;189m██[38;2;164;190;189m████[38;2;165;190;189m██[38;2;77;112;195m██[38;2;165;190;189m████[38;2;164;190;189m████[38;2;0;0;0m████                        
                                ██[38;2;60;63;63m████[38;2;165;190;189m████████████[38;2;0;0;0m████                            
                                  [38;2;8;0;0m██[38;2;165;190;189m██[38;2;66;65;66m████████[38;2;60;63;63m██[38;2;8;0;0m██                                
                                  [38;2;0;0;0m██[38;2;165;190;189m████[38;2;66;65;66m██[38;2;165;190;189m██████[38;2;0;0;0m██                                
                                    ██[38;2;165;190;189m██[38;2;66;65;66m██[38;2;165;190;189m██[38;2;94;97;94m██[38;2;165;190;189m██[38;2;0;0;0m██                                
                                      ████[38;2;173;190;189m██[38;2;86;95;94m██[38;2;165;190;189m██[38;2;0;0;0m██                                
                                          ██████                                  
[0m