                [38;2;0;0;0m██████    
          ██  ██[38;2;255;222;41m████[38;2;0;0;0m██    
        ██[38;2;255;222;41m██[38;2;0;0;0m██[38;2;255;222;41m████[38;2;230;165;66m██[38;2;0;0;0m████  
        ██[38;2;255;222;41m██████[38;2;230;165;66m██[38;2;255;222;41m████[38;2;0;0;0m██  
        ██[38;2;255;222;41m██████████[38;2;230;165;66m██[38;2;0;0;0m██  
    ████[38;2;247;148;41m██[38;2;255;222;41m██[38;2;214;99;66m██[38;2;255;222;41m██[38;2;230;165;66m██[38;2;65;65;65m██[38;2;0;0;0m██    
  ██[38;2;247;148;41m██████[38;2;214;99;66m██[38;2;247;148;41m██[38;2;214;99;66m████[38;2;247;148;41m██[38;2;132;74;66m██[38;2;0;0;0m██  
██[38;2;247;148;41m████████████████████[38;2;0;0;0m██  
██[38;2;255;255;255m██[38;2;247;148;41m██████████████████[38;2;214;99;66m██[38;2;0;0;0m██
████[38;2;214;99;66m████[38;2;247;148;41m██████████████[38;2;214;99;66m██[38;2;0;0;0m██
██[38;2;214;99;66m██[38;2;230;214;107m████[38;2;132;74;66m██[38;2;247;148;41m████[38;2;255;255;255m██[38;2;0;0;0m██[38;2;247;148;41m██[38;2;214;99;66m████[38;2;0;0;0m██
  ██[38;2;181;140;49m██[38;2;230;214;107m████[38;2;132;74;66m██[38;2;214;99;66m██[38;2;65;65;65m██[38;2;0;0;0m██[38;2;214;99;66m████[38;2;0;0;0m██  
    ██[38;2;132;74;66m████[38;2;214;99;66m██████████[38;2;65;65;65m██[38;2;255;222;41m██[38;2;0;0;0m██
    ██[38;2;255;222;41m██[38;2;230;165;66m██[38;2;214;99;66m████[38;2;255;222;41m██[38;2;230;165;66m██[38;2;255;222;41m████[38;2;230;165;66m██[38;2;0;0;0m██
      ██[38;2;132;74;66m██[38;2;214;99;66m████[38;2;132;74;66m██[38;2;255;222;41m████[38;2;230;165;66m██[38;2;132;74;66m██[38;2;0;0;0m██
        ██[38;2;132;74;66m████[38;2;214;99;66m██[38;2;132;74;66m████[38;2;214;99;66m██[38;2;0;0;0m██  
          ██[38;2;230;214;107m██[38;2;0;0;0m██[38;2;214;99;66m████[38;2;132;74;66m██[38;2;0;0;0m██  
          ████  ██[38;2;230;214;107m██[38;2;0;0;0m██    
                ████      
[0m