          [38;2;0;0;0m██                ██              
        ██[38;2;140;105;214m██[38;2;0;0;0m██  ██        ████              
        ██[38;2;140;105;214m██[38;2;0;0;0m██  ██      ██[38;2;156;215;239m██[38;2;0;0;0m██              
        ██[38;2;140;105;214m██[38;2;66;65;66m██[38;2;8;0;0m██[38;2;90;146;173m██[38;2;0;0;0m██  ██[38;2;181;227;247m██[38;2;222;247;255m██[38;2;0;0;0m██    ██████    
      ██[38;2;140;105;214m██████[38;2;49;73;86m██[38;2;90;146;173m██[38;2;156;215;239m██[38;2;0;0;0m██[38;2;181;227;247m████[38;2;222;247;255m██[38;2;74;82;85m██[38;2;0;0;0m████[38;2;156;215;239m████[38;2;0;0;0m██    
      ██[38;2;140;105;214m██[38;2;140;107;214m████[38;2;74;65;90m██[38;2;156;215;239m██[38;2;222;247;255m██[38;2;156;215;239m██[38;2;222;247;255m██████[38;2;156;214;238m████[38;2;222;247;255m██[38;2;156;215;239m██[38;2;0;0;0m██      
      ██[38;2;140;105;214m██[38;2;140;107;214m██[38;2;107;73;181m██[38;2;74;65;90m██[38;2;156;215;239m██[38;2;222;247;255m████████[38;2;156;214;238m██[38;2;222;247;255m████[38;2;156;214;238m██[38;2;0;0;0m██        
      ██[38;2;140;105;214m██[38;2;140;108;214m██[38;2;107;74;181m██[38;2;173;195;230m██[38;2;206;255;255m██[38;2;107;73;181m████[38;2;66;52;82m██[38;2;222;235;255m██[38;2;222;247;255m████[38;2;181;227;247m██[38;2;66;65;66m██[38;2;0;0;0m██        
      ██[38;2;140;105;214m██[38;2;107;74;181m████[38;2;107;77;181m████[38;2;107;73;181m██[38;2;73;64;115m██[38;2;118;113;139m██[38;2;66;52;82m██[38;2;66;65;66m████[38;2;181;227;247m████[38;2;156;215;239m██[38;2;0;0;0m██████  
      [38;2;0;4;0m██[38;2;107;77;181m██[38;2;68;57;120m██[38;2;107;77;181m██[38;2;159;143;175m████[38;2;107;73;181m████[38;2;49;48;90m██[38;2;107;77;181m██[38;2;140;108;214m████[38;2;66;52;82m██[38;2;222;235;255m██[38;2;222;247;255m████[38;2;156;215;239m████[38;2;0;0;0m██
    ██[38;2;107;77;181m██[38;2;71;52;120m██[38;2;107;77;181m██[38;2;49;48;90m██[38;2;239;215;255m██[38;2;0;0;16m██[38;2;255;255;255m████[38;2;68;57;120m██[38;2;107;77;181m██[38;2;107;74;181m████[38;2;118;113;139m██[38;2;66;52;82m██[38;2;222;247;255m██[38;2;156;215;239m██[38;2;0;0;0m████  
    ██[38;2;107;74;181m████████[38;2;66;52;123m██[38;2;247;243;255m████[38;2;66;52;123m██[38;2;107;73;181m██[38;2;66;65;66m██[38;2;107;73;181m████[38;2;57;71;79m██[38;2;156;215;239m██[38;2;0;0;0m████      
    ██[38;2;107;74;181m████████[38;2;126;115;167m██[38;2;66;52;123m████[38;2;126;115;167m██[38;2;66;65;66m██[38;2;107;73;181m██[38;2;66;65;66m████[38;2;156;215;239m██[38;2;8;0;0m██          
      [38;2;0;0;0m██[38;2;66;67;66m██[38;2;66;65;66m████████[38;2;98;111;181m██[38;2;66;65;66m██[38;2;148;215;239m██[38;2;107;73;181m██[38;2;66;65;66m██[38;2;222;247;255m██[38;2;181;227;247m████[38;2;0;0;0m██        
        ██[38;2;90;150;181m████████[38;2;66;65;66m██[38;2;98;111;181m██[38;2;148;215;239m██[38;2;107;73;181m██[38;2;66;65;66m██[38;2;222;247;255m██[38;2;181;227;247m██[38;2;66;65;66m██[38;2;0;0;0m████      
          ██[38;2;90;150;181m██[38;2;90;148;181m██████[38;2;148;215;239m████[38;2;107;73;181m██[38;2;66;52;82m██[38;2;222;235;255m██[38;2;189;231;247m██[38;2;0;0;0m██          
          ██[38;2;90;150;181m██[38;2;90;148;181m████[38;2;148;215;239m████[38;2;107;73;181m████[38;2;118;113;139m██[38;2;66;52;82m██[38;2;63;77;82m██[38;2;189;231;247m██[38;2;0;0;0m██        
            ██[38;2;148;214;239m████[38;2;148;215;239m████[38;2;107;73;181m██████[38;2;66;65;66m██[38;2;132;97;156m██[38;2;0;8;0m██          
            [38;2;0;0;0m██[38;2;148;214;239m████[38;2;148;215;239m██[38;2;107;73;181m██[38;2;148;215;239m████[38;2;107;73;181m████[38;2;66;52;78m██            
          [38;2;0;4;0m██[38;2;57;48;68m██[38;2;148;215;239m████████[38;2;74;60;66m██[38;2;173;199;247m██[38;2;148;215;239m██[38;2;107;73;181m████[38;2;0;0;0m██          
          [38;2;0;4;0m██[38;2;173;138;206m██[38;2;66;65;66m██[38;2;148;215;239m██[38;2;66;65;66m████[38;2;140;152;186m██[38;2;74;60;66m██[38;2;148;215;239m██[38;2;107;73;181m██████[38;2;0;0;0m██        
        ██[38;2;74;60;66m██[38;2;101;109;148m██[38;2;173;125;206m██[38;2;66;60;66m██[38;2;172;132;205m██[38;2;131;90;164m██[38;2;173;138;206m██[38;2;63;54;68m██[38;2;0;0;0m██[38;2;148;215;239m██[38;2;140;107;214m██[38;2;107;73;181m██[38;2;0;0;0m██        
    ████[38;2;74;67;115m██[38;2;115;134;189m██[38;2;74;60;66m██[38;2;173;125;206m██[38;2;137;103;159m██[38;2;172;132;205m██[38;2;131;90;164m██[38;2;63;54;68m██[38;2;8;12;0m██  [38;2;0;0;0m██[38;2;140;107;214m████[38;2;140;105;214m██[38;2;0;0;0m██      
  [38;2;0;4;0m██[38;2;132;98;159m██[38;2;66;65;74m██[38;2;88;73;107m██[38;2;66;52;74m██[38;2;148;190;247m██[38;2;66;65;66m████[38;2;140;152;186m██[38;2;74;60;66m██[38;2;148;190;247m██[38;2;66;52;74m██[38;2;0;8;0m██[38;2;132;93;165m██[38;2;66;65;66m██[38;2;140;105;214m██[38;2;140;109;214m██[38;2;8;12;0m██      
  [38;2;0;4;0m██[38;2;66;51;79m██[38;2;132;89;173m██[38;2;66;65;74m██[38;2;66;52;74m██[38;2;107;121;160m██[38;2;148;215;239m████[38;2;74;60;66m██[38;2;173;199;247m██[38;2;107;121;160m██[38;2;66;52;74m██[38;2;132;93;165m██[38;2;66;50;82m██[38;2;66;65;66m██[38;2;140;105;214m██[38;2;140;109;214m██[38;2;52;44;71m██[38;2;0;0;0m██    
██[38;2;74;65;115m██[38;2;49;43;76m██[38;2;65;65;65m████[38;2;173;134;206m██[38;2;66;65;66m██[38;2;148;215;239m████████[38;2;126;98;164m██[38;2;66;60;66m██[38;2;132;89;164m████[38;2;66;65;66m██[38;2;156;121;214m██[38;2;66;65;66m████[38;2;173;134;206m██[38;2;0;0;0m██  
██[38;2;74;65;115m██[38;2;0;0;0m██[38;2;74;65;115m██[38;2;65;65;65m██[38;2;173;134;206m██[38;2;66;65;66m██[38;2;107;73;181m██[38;2;148;215;239m████[38;2;107;73;181m██[38;2;66;60;66m██[38;2;156;117;214m██[38;2;132;89;164m██[38;2;66;65;66m██[38;2;156;121;214m██[38;2;66;65;66m██[38;2;173;134;206m████[38;2;0;0;0m██    
  ██  ██[38;2;173;134;206m██[38;2;137;103;159m██[38;2;173;125;206m██[38;2;66;52;74m██[38;2;148;190;247m██[38;2;126;98;164m██[38;2;66;60;66m██[38;2;172;132;205m██[38;2;131;90;164m██[38;2;132;89;165m████[38;2;57;53;76m██[38;2;140;105;214m██[38;2;66;65;66m████[38;2;148;109;231m██[38;2;0;4;8m██  
        [38;2;0;0;0m██[38;2;66;60;66m██[38;2;173;125;206m██[38;2;66;52;74m██[38;2;107;121;160m██[38;2;66;60;66m██[38;2;156;117;214m██[38;2;131;90;164m██[38;2;172;132;205m██[38;2;66;65;66m████[38;2;140;105;214m██[38;2;57;53;76m██[38;2;140;105;214m████[38;2;49;39;82m██[38;2;98;74;156m██[38;2;0;0;0m██
        ██[38;2;90;150;181m██[38;2;74;66;115m██[38;2;68;89;123m██[38;2;38;44;65m██[38;2;110;84;170m██[38;2;55;44;85m██[38;2;66;65;66m████[38;2;98;111;181m██[38;2;66;65;66m██[38;2;107;73;181m██[38;2;53;36;90m██[38;2;0;0;0m██[38;2;107;73;181m████[38;2;53;36;90m██[38;2;0;0;0m██
        ██[38;2;74;66;115m████[38;2;99;134;181m██[38;2;8;0;8m██[38;2;0;4;0m████[38;2;107;73;181m████[38;2;98;111;181m██[38;2;66;65;66m██[38;2;107;73;181m██[38;2;0;0;0m██  ██[38;2;107;73;181m██[38;2;0;0;0m██  
      ██[38;2;74;65;115m██[38;2;74;66;115m████[38;2;0;0;0m██      ██[38;2;90;150;181m██[38;2;106;74;181m████[38;2;65;64;65m██[38;2;99;97;181m██[38;2;0;0;0m██  ██    
    ██[38;2;74;65;115m██[38;2;49;43;76m██[38;2;74;66;115m████[38;2;0;0;0m██        ██[38;2;90;148;181m██[38;2;106;74;181m██[38;2;99;97;181m████[38;2;0;0;0m██        
      ████████          ██[38;2;109;82;172m██[38;2;140;105;214m██████[38;2;98;72;156m██[38;2;0;0;8m██      
                        [38;2;0;0;0m██[38;2;140;105;214m██[38;2;49;36;90m██[38;2;140;105;214m██[38;2;49;40;90m██[38;2;148;109;231m██[38;2;0;0;8m██      
                          [38;2;0;0;0m██████████        
[0m