              [38;2;0;0;0m████                    
            ██[38;2;107;107;107m██[38;2;0;0;0m██                    
            ██[38;2;107;107;107m██[38;2;0;0;0m██████                
        ████[38;2;107;107;107m██[38;2;65;65;65m████[38;2;107;107;107m██[38;2;0;0;0m██                
      ██[38;2;107;107;107m████████[38;2;65;65;65m██[38;2;0;0;0m██                  
    ██[38;2;107;107;107m████████████[38;2;65;65;65m██[38;2;0;0;0m██          ██████
  ██[38;2;214;82;90m██[38;2;107;107;107m██[38;2;214;82;90m██████[38;2;107;107;107m██████[38;2;0;0;0m██        ██[38;2;65;65;65m████[38;2;0;0;0m██
  ██[38;2;214;82;90m██████[38;2;206;222;222m████[38;2;214;82;90m██[38;2;107;107;107m████[38;2;0;0;0m████    ██[38;2;107;107;107m████[38;2;65;65;65m██[38;2;0;0;0m██
  ██[38;2;247;247;41m██[38;2;214;82;90m██[38;2;206;222;222m████[38;2;255;197;58m██[38;2;255;255;255m██[38;2;65;65;65m██[38;2;107;107;107m██[38;2;65;65;65m██[38;2;0;0;0m██████[38;2;140;148;156m████[38;2;107;107;107m██[38;2;0;0;0m██  
██[38;2;247;247;41m████[38;2;255;197;58m██[38;2;206;222;222m██[38;2;0;0;0m██[38;2;247;247;41m██[38;2;206;222;222m██[38;2;65;65;65m██[38;2;107;107;107m██████[38;2;65;65;65m██[38;2;107;107;107m████[38;2;140;148;156m██[38;2;0;0;0m██    
██[38;2;247;148;41m██[38;2;0;0;0m██[38;2;107;107;107m██[38;2;181;181;206m██[38;2;206;222;222m████[38;2;65;65;65m██[38;2;107;107;107m██████[38;2;65;65;65m██████[38;2;107;107;107m██[38;2;0;0;0m██      
████  ██[38;2;206;222;222m██████[38;2;65;65;65m██[38;2;107;107;107m████[38;2;65;65;65m██[38;2;206;222;222m██[38;2;181;181;206m██[38;2;107;107;107m██[38;2;65;65;65m████[38;2;0;0;0m████  
    ██[38;2;206;222;222m██████[38;2;140;148;156m████[38;2;65;65;65m████[38;2;206;222;222m██████[38;2;107;107;107m████[38;2;181;181;206m██[38;2;107;107;107m██[38;2;0;0;0m██  
    ██[38;2;206;222;222m████[38;2;181;181;206m██[38;2;140;148;156m██████[38;2;65;65;65m██[38;2;206;222;222m████[38;2;107;107;107m██████[38;2;181;181;206m██[38;2;0;0;0m██    
      ██[38;2;206;222;222m██[38;2;140;148;156m██████████[38;2;65;65;65m██[38;2;107;107;107m██████[38;2;181;181;206m██[38;2;0;0;0m██      
        ██[38;2;140;148;156m████████████[38;2;65;65;65m████[38;2;0;0;0m████        
      ██[38;2;239;115;156m██[38;2;107;107;107m██[38;2;0;0;0m██[38;2;140;148;156m████[38;2;65;65;65m████[38;2;140;148;156m██[38;2;0;0;0m██            
      ██████  ██[38;2;65;65;65m██[38;2;255;181;165m██[38;2;239;115;156m████[38;2;0;0;0m██            
              ██[38;2;255;181;165m██[38;2;0;0;0m██[38;2;255;181;165m██[38;2;0;0;0m██              
                ██  ██                
[0m