        [38;2;0;0;0m██████████                    
    ████[38;2;247;148;115m████████[38;2;214;115;99m██[38;2;0;0;0m████                
  ██[38;2;247;148;115m████████████████[38;2;214;115;99m██[38;2;0;0;0m██              
  ██[38;2;65;65;65m██[38;2;247;148;115m████████████████[38;2;214;115;99m██[38;2;0;0;0m██            
██[38;2;65;65;65m██[38;2;247;148;115m██[38;2;65;65;65m██[38;2;247;148;115m██[38;2;65;65;65m██[38;2;214;115;99m██[38;2;247;148;115m██████████[38;2;0;0;0m██            
██[38;2;247;148;115m██████[38;2;65;65;65m██[38;2;247;148;115m██[38;2;65;65;65m██[38;2;247;148;115m██████[38;2;214;115;99m██[38;2;65;65;65m████[38;2;0;0;0m██          
██[38;2;247;148;115m██████████[38;2;65;65;65m██[38;2;247;148;115m██████[38;2;65;65;65m██[38;2;255;255;255m██[38;2;65;65;65m██[38;2;0;0;0m██          
██[38;2;247;148;115m██████████[38;2;65;65;65m██████[38;2;247;148;115m██[38;2;65;65;65m████[38;2;247;148;115m██[38;2;0;0;0m██          
██[38;2;214;115;99m██[38;2;247;148;115m████████████[38;2;65;65;65m██[38;2;247;148;115m██████[38;2;214;115;99m██[38;2;65;65;65m██[38;2;0;0;0m████      
  ██[38;2;247;148;115m████████████[38;2;65;65;65m██████[38;2;214;115;99m████[38;2;65;65;65m██[38;2;247;148;115m██[38;2;65;65;65m██[38;2;0;0;0m██    
  ██[38;2;214;115;99m████[38;2;247;148;115m████████[38;2;214;115;99m████████[38;2;65;65;65m██[38;2;247;148;115m██████[38;2;0;0;0m██    
    ██[38;2;214;115;99m██████████████████[38;2;65;65;65m██[38;2;247;148;115m██████[38;2;255;255;255m██[38;2;0;0;0m██  
      ████[38;2;214;115;99m██████████[38;2;65;65;65m████[38;2;214;115;99m████[38;2;247;148;115m██[38;2;255;255;255m██[38;2;214;115;99m████[38;2;0;0;0m██
          ██[38;2;65;65;65m████████[38;2;214;115;99m████[38;2;255;255;255m████[38;2;214;115;99m██[38;2;189;189;189m██[38;2;214;115;99m████[38;2;0;0;0m██
        ██[38;2;189;99;82m████[38;2;189;189;189m██[38;2;214;115;99m██████[38;2;255;255;255m██[38;2;247;148;115m████[38;2;65;65;65m████[38;2;214;115;99m████[38;2;0;0;0m██
        ██[38;2;189;99;82m████[38;2;0;0;0m████[38;2;189;189;189m██████[38;2;247;148;115m████[38;2;214;115;99m██[38;2;65;65;65m██[38;2;0;0;0m████  
          ████    ██████[38;2;189;99;82m██[38;2;247;148;115m████[38;2;0;0;0m██      
                        ██[38;2;247;148;115m████[38;2;0;0;0m██      
                          ████        
[0m