                                                        [38;2;0;4;0m████                
                    ████              ██              ██[38;2;140;113;115m████[38;2;0;4;0m██              
                  ██[38;2;140;113;115m████[38;2;0;4;0m██      ██  ██[38;2;90;174;123m██[38;2;0;4;0m██  ██      ██[38;2;140;113;115m████[38;2;0;4;0m██                
                    ██[38;2;140;113;115m████[38;2;0;4;0m██  ██[38;2;189;166;123m██[38;2;0;4;0m██[38;2;90;174;123m██████[38;2;0;4;0m██[38;2;90;174;123m██[38;2;0;4;0m██    ██[38;2;140;113;115m████[38;2;0;4;0m██                
                      ██[38;2;137;116;115m██[38;2;0;8;0m██  [38;2;0;4;0m██[38;2;198;166;132m██[38;2;66;66;71m██[38;2;87;175;123m████████[38;2;90;174;123m██[38;2;0;4;0m██      ██[38;2;193;164;123m██[38;2;140;113;115m██[38;2;0;4;0m██              
                      ██[38;2;137;116;115m██[38;2;68;62;57m██[38;2;0;4;0m██[38;2;140;113;115m██[38;2;132;116;101m██[38;2;66;66;71m██[38;2;87;175;123m██[38;2;68;132;98m████[38;2;87;175;123m██[38;2;0;4;0m██        ██[38;2;193;164;123m████[38;2;0;4;0m██              
                    ██[38;2;140;113;115m██[38;2;57;73;66m██[38;2;90;101;90m██[38;2;66;66;71m██[38;2;132;116;101m██[38;2;192;165;120m██[38;2;66;65;66m██[38;2;70;134;99m████[38;2;68;133;96m████[38;2;82;117;99m██[38;2;8;0;0m██  [38;2;0;4;0m██[38;2;0;8;8m██[38;2;198;166;140m██[38;2;132;112;90m██[38;2;198;166;132m██[38;2;0;4;0m██              
                    ██[38;2;140;113;115m██[38;2;123;129;115m██[38;2;57;73;66m██[38;2;66;66;71m██[38;2;198;166;132m██[38;2;192;165;120m████[38;2;66;65;66m██[38;2;70;134;99m██[38;2;68;133;96m████[38;2;57;78;66m████[38;2;0;4;0m██[38;2;189;166;123m██[38;2;132;113;96m████[38;2;198;166;132m██[38;2;0;4;8m██                
                    [38;2;0;4;0m██[38;2;140;113;115m██[38;2;139;115;112m████[38;2;140;115;111m██[38;2;66;65;66m██[38;2;198;166;132m██[38;2;134;116;104m██[38;2;140;117;107m██[38;2;68;65;57m██[38;2;66;65;66m██[38;2;140;115;111m██[38;2;139;114;112m██[38;2;189;166;123m██[38;2;192;164;123m████████[38;2;189;166;123m██[38;2;0;4;0m██                
                      ██[38;2;139;115;112m████[38;2;140;115;111m████[38;2;71;66;76m██[38;2;134;116;104m██[38;2;104;91;82m██[38;2;140;117;107m██[38;2;140;115;111m████[38;2;139;114;112m████[38;2;192;164;123m████████[38;2;0;4;0m██                  
                        ████[38;2;137;118;118m██[38;2;68;63;63m██[38;2;74;60;66m████[38;2;66;65;66m██████[38;2;140;115;111m██[38;2;112;91;71m████[38;2;132;112;93m██[38;2;198;166;140m██[38;2;0;4;0m████                    
            ████            [38;2;0;8;8m██[38;2;68;63;63m██[38;2;194;152;170m██[38;2;255;199;222m██[38;2;247;138;165m██[38;2;66;65;66m████[38;2;140;115;111m██[38;2;140;113;115m████[38;2;0;4;0m████            ████        
            ██[38;2;140;113;115m██[38;2;0;4;0m██          ██[38;2;189;166;123m██[38;2;66;69;66m██[38;2;247;162;156m██[38;2;66;65;66m████[38;2;107;89;74m██[38;2;148;124;101m██[38;2;140;113;115m██[38;2;0;4;0m██              ██[38;2;189;166;123m██[38;2;0;4;0m██        
              ██[38;2;140;113;115m██[38;2;0;4;0m██      ██[38;2;189;166;123m████[38;2;186;131;126m██[38;2;66;69;66m██[38;2;66;65;66m██[38;2;112;92;71m██[38;2;189;159;128m██[38;2;107;89;74m██[38;2;140;113;115m██[38;2;0;4;0m██            ██[38;2;189;166;123m██[38;2;0;4;0m██          
          ██  ██[38;2;137;117;115m██[38;2;0;4;0m██        ██[38;2;189;166;123m██[38;2;192;165;120m████████[38;2;198;162;123m██[38;2;110;94;79m██[38;2;140;113;115m████[38;2;0;4;0m██          [38;2;0;8;0m██[38;2;181;174;132m██[38;2;0;4;0m██          
    ██  ██[38;2;90;174;123m██[38;2;0;4;0m██[38;2;140;113;115m██[38;2;68;60;57m██[38;2;0;4;0m██        ██[38;2;189;166;123m██[38;2;66;65;66m████[38;2;192;165;120m██[38;2;66;65;66m██[38;2;66;60;57m██[38;2;198;162;123m██[38;2;0;4;0m████        ████[38;2;120;118;88m████[38;2;66;64;66m██[38;2;0;4;0m██        
  ██[38;2;90;170;123m██[38;2;8;0;0m██[38;2;73;125;87m██[38;2;82;182;115m██[38;2;82;170;115m██[38;2;66;65;66m██[38;2;90;186;132m██[38;2;0;8;8m██          [38;2;0;4;0m██[38;2;66;64;66m████[38;2;66;65;66m████[38;2;66;64;66m██[38;2;0;4;0m██          ██[38;2;88;175;120m██[38;2;66;65;66m██[38;2;88;175;120m██[38;2;66;65;66m██[38;2;86;176;123m████[38;2;0;4;0m██      
  ██[38;2;90;170;123m██[38;2;49;85;61m██[38;2;65;68;60m████[38;2;76;135;98m████[38;2;60;126;90m████[38;2;0;4;0m██          ██[38;2;66;64;66m██[38;2;66;65;66m████[38;2;66;64;66m████[38;2;0;4;0m██        ██[38;2;88;175;120m████████[38;2;74;138;74m██[38;2;86;176;123m██[38;2;90;174;123m██[38;2;0;4;0m████  
    [38;2;0;8;0m██[38;2;93;83;71m██[38;2;139;115;112m████[38;2;71;68;65m██[38;2;66;134;99m██[38;2;68;132;98m██[38;2;87;175;123m██[38;2;68;63;63m██[38;2;0;8;8m██[38;2;0;4;0m████  ██[38;2;192;165;120m██[38;2;66;65;66m██[38;2;192;165;120m██[38;2;66;65;66m██[38;2;198;166;123m██[38;2;134;116;98m██[38;2;66;60;54m██[38;2;0;8;16m██    [38;2;0;4;0m██[38;2;90;174;123m██[38;2;134;144;110m██[38;2;104;110;88m██[38;2;115;93;74m████[38;2;86;174;123m████[38;2;74;138;74m██████[38;2;0;4;0m██
  ██[38;2;93;83;71m██[38;2;140;121;107m██[38;2;139;115;112m████[38;2;71;68;65m████[38;2;68;132;98m████[38;2;68;63;63m██[38;2;137;118;118m██[38;2;140;113;115m████[38;2;0;4;0m██[38;2;66;64;66m██[38;2;192;165;120m████████[38;2;198;166;123m██[38;2;71;66;73m██[38;2;66;60;54m██[38;2;198;166;132m██[38;2;0;4;0m██████[38;2;90;174;123m██[38;2;74;77;66m██[38;2;165;178;132m██[38;2;192;163;123m████[38;2;115;93;74m████[38;2;74;138;74m██[38;2;86;176;123m██[38;2;0;4;0m██  
██[38;2;140;113;115m██[38;2;90;81;76m██[38;2;140;113;115m██[38;2;66;65;66m████[38;2;90;81;66m██[38;2;106;91;82m██[38;2;66;65;66m██[38;2;70;134;99m██[38;2;66;134;99m██[38;2;0;4;0m████████[38;2;66;64;66m██[38;2;134;116;104m██[38;2;198;166;132m██[38;2;192;165;120m████[38;2;140;115;111m██[38;2;66;65;66m██[38;2;132;113;98m██[38;2;198;166;140m██[38;2;189;166;123m████[38;2;79;79;68m████[38;2;193;164;123m██[38;2;140;113;115m██[38;2;193;164;123m██[38;2;140;113;115m████[38;2;193;164;123m██[38;2;0;16;0m██[38;2;90;99;66m██[38;2;74;138;74m██[38;2;0;4;0m██
██[38;2;140;113;115m████[38;2;66;65;57m██[38;2;82;78;68m████[38;2;140;113;115m████[38;2;66;65;66m██[38;2;70;134;99m██[38;2;0;4;0m██        ██[38;2;134;116;104m██[38;2;71;66;76m██[38;2;192;165;120m██[38;2;66;65;66m██[38;2;140;115;111m████[38;2;66;60;57m██[38;2;0;8;16m██[38;2;0;4;0m██[38;2;189;166;123m██[38;2;79;79;68m██[38;2;189;166;123m██[38;2;193;164;123m████[38;2;140;113;115m██[38;2;193;164;123m████[38;2;140;113;115m██[38;2;181;182;132m██[38;2;0;16;0m██[38;2;74;138;74m██[38;2;0;4;0m██
  ██[38;2;140;113;115m██[38;2;0;4;0m██[38;2;140;113;115m██████[38;2;0;4;0m██████            [38;2;0;8;16m██[38;2;66;60;54m██[38;2;66;65;66m████████[38;2;0;4;0m██    ████[38;2;189;166;123m██[38;2;198;166;132m██[38;2;132;112;90m██[38;2;0;4;0m██[38;2;189;166;123m██[38;2;192;164;123m████[38;2;112;91;71m██[38;2;140;113;115m██[38;2;0;4;0m██  
    ██  ██████                ██[38;2;198;166;132m██[38;2;66;60;54m██[38;2;192;165;120m██[38;2;66;65;66m████[38;2;140;115;111m██[38;2;111;91;74m██[38;2;0;4;0m██      ██[38;2;198;166;132m██[38;2;0;4;8m██  [38;2;0;4;0m██[38;2;192;164;123m████[38;2;112;91;71m██[38;2;140;113;115m██[38;2;0;4;0m██  
                          ████[38;2;110;93;82m██[38;2;193;164;123m██████[38;2;140;113;115m██[38;2;115;93;74m██[38;2;137;114;112m██[38;2;112;91;71m██[38;2;140;113;115m██[38;2;0;4;0m██      ██    ██[38;2;189;166;123m██[38;2;0;4;0m██[38;2;140;113;115m██[38;2;0;4;0m██    
                    ██████[38;2;156;138;132m██[38;2;165;138;123m██[38;2;110;93;82m██[38;2;193;164;123m██[38;2;140;113;115m██[38;2;193;164;123m██[38;2;140;113;115m██[38;2;137;114;112m████[38;2;140;113;115m██[38;2;112;91;71m██[38;2;189;166;123m██[38;2;0;4;0m████          ██  ██      
                  ██[38;2;159;136;126m████[38;2;164;139;112m██[38;2;115;93;74m████[38;2;192;163;123m██[38;2;132;113;96m████[38;2;137;114;112m████[38;2;115;93;74m████[38;2;137;114;112m████[38;2;132;112;93m██[38;2;198;166;140m██[38;2;189;166;123m██[38;2;0;4;0m██                    
                  ██[38;2;159;136;126m██[38;2;0;4;0m██[38;2;115;93;74m██[38;2;189;162;132m██[38;2;192;163;123m████[38;2;198;166;140m██[38;2;0;8;8m██[38;2;137;114;112m██[38;2;115;93;74m██[38;2;192;163;123m████[38;2;115;93;74m██[38;2;137;114;112m██[38;2;0;4;0m████[38;2;189;166;123m████[38;2;0;4;0m██                  
                    ██  ██[38;2;189;166;123m████[38;2;139;114;112m██[38;2;0;4;0m██  ████[38;2;189;166;123m████[38;2;99;87;61m██[38;2;0;8;0m██    [38;2;0;4;0m██[38;2;189;166;123m██[38;2;0;4;0m██                  
                          ██[38;2;139;114;112m████[38;2;0;4;0m██      ██[38;2;189;166;123m██[38;2;198;166;123m██[38;2;0;8;0m██      [38;2;0;4;0m██                    
                            ████        ██[38;2;189;166;123m██[38;2;111;91;74m██[38;2;0;4;0m██                            
                                          ████                              
[0m