                      [38;2;0;0;0m████  
                    ██[38;2;165;206;247m██[38;2;115;156;206m██[38;2;0;0;0m██
                  ██[38;2;165;206;247m██[38;2;115;156;206m██[38;2;165;206;247m██[38;2;0;0;0m██
        ████████  ██[38;2;165;206;247m██[38;2;115;156;206m██[38;2;165;206;247m██[38;2;0;0;0m██
  ██████[38;2;123;123;123m████████[38;2;0;0;0m████[38;2;115;156;206m██[38;2;165;206;247m████[38;2;0;0;0m██
██[38;2;123;123;123m██[38;2;65;65;65m██[38;2;123;123;123m██[38;2;247;206;140m██████[38;2;123;123;123m████[38;2;65;65;65m██[38;2;123;123;123m██[38;2;165;206;247m██[38;2;0;0;0m██  
██[38;2;65;65;65m██[38;2;123;123;123m██[38;2;247;206;140m██[38;2;65;65;65m██[38;2;247;206;140m██████[38;2;123;123;123m████[38;2;65;65;65m██[38;2;0;0;0m██    
██[38;2;65;65;65m██[38;2;247;206;140m██[38;2;255;255;255m██[38;2;247;206;140m████[38;2;65;65;65m██[38;2;247;206;140m████[38;2;123;123;123m██[38;2;65;65;65m██[38;2;0;0;0m██    
  ██[38;2;247;206;140m██[38;2;0;0;0m██[38;2;247;206;140m██████[38;2;255;255;255m██[38;2;247;206;140m██[38;2;65;65;65m██[38;2;123;123;123m██[38;2;165;206;247m██[38;2;0;0;0m██  
  ██[38;2;222;181;115m██[38;2;247;206;140m████████[38;2;0;0;0m██[38;2;247;206;140m██[38;2;65;65;65m██[38;2;115;156;206m██[38;2;165;206;247m██[38;2;0;0;0m██  
    ██[38;2;181;132;90m██[38;2;247;206;140m████[38;2;181;132;90m██[38;2;247;206;140m██[38;2;181;132;90m██[38;2;123;123;123m██[38;2;165;206;247m██[38;2;0;0;0m██    
      ██[38;2;181;132;90m████[38;2;222;181;115m██[38;2;181;132;90m██[38;2;0;0;0m██████      
        ████████            
[0m