                                            [38;2;0;0;0m████                  
                                        ████[38;2;137;146;148m████[38;2;0;0;0m██                
                                  ██████[38;2;140;146;148m██[38;2;137;146;148m██████[38;2;0;0;0m██                
                          ████████[38;2;66;65;66m██[38;2;136;146;148m██[38;2;137;146;148m████████[38;2;68;73;74m██[38;2;0;0;0m██                
                  ████████[38;2;132;100;93m████[38;2;165;121;90m████[38;2;66;65;66m████[38;2;137;146;148m████████████[38;2;0;0;0m██              
            ██████[38;2;137;146;148m████████[38;2;79;70;71m████[38;2;132;102;82m██[38;2;165;121;90m████[38;2;66;65;66m██[38;2;137;146;148m████████████[38;2;0;0;0m██              
          ██[38;2;173;174;173m██[38;2;173;178;173m██[38;2;86;89;86m██[38;2;137;146;148m████████[38;2;140;146;148m████[38;2;66;65;66m██[38;2;165;121;90m████[38;2;66;65;66m██[38;2;137;146;148m██████████[38;2;0;0;0m██                
        ██[38;2;170;175;172m████[38;2;165;174;173m██[38;2;90;97;99m██[38;2;137;146;148m████████[38;2;136;146;148m████[38;2;66;65;66m██[38;2;165;121;99m██[38;2;165;121;90m██[38;2;66;65;66m██████[38;2;137;146;148m████[38;2;68;73;74m██[38;2;0;0;0m██                
        ██[38;2;170;175;172m████[38;2;90;97;99m██[38;2;140;148;148m██[38;2;137;146;148m████████[38;2;136;146;148m██[38;2;66;65;66m████[38;2;132;102;88m██[38;2;165;121;90m████[38;2;66;65;66m██[38;2;136;146;148m██[38;2;137;146;148m████████[38;2;0;0;0m██              
        ██[38;2;173;178;173m██[38;2;57;59;57m██[38;2;74;65;66m██[38;2;145;143;142m██[38;2;137;145;150m████[38;2;99;73;74m██[38;2;140;146;148m██[38;2;137;145;150m████[38;2;136;146;148m██[38;2;66;65;66m██[38;2;167;121;90m████[38;2;66;65;66m██[38;2;136;146;148m██[38;2;137;146;148m████[38;2;136;146;148m████[38;2;0;0;0m██              
          ████[38;2;109;104;104m██[38;2;74;65;66m██[38;2;137;145;150m██[38;2;99;73;74m██[38;2;112;97;98m██[38;2;99;73;74m████[38;2;137;145;150m██[38;2;136;146;148m██[38;2;66;65;66m██[38;2;167;121;90m████[38;2;66;65;66m██[38;2;136;146;148m██[38;2;137;146;148m████[38;2;136;146;148m██[38;2;66;65;66m██[38;2;0;0;0m██              
            ██[38;2;123;101;99m██[38;2;82;67;66m██[38;2;140;146;148m██[38;2;84;70;71m██[38;2;66;65;74m██[38;2;132;102;90m██[38;2;167;122;90m██[38;2;95;75;73m██[38;2;140;142;148m██[38;2;66;60;57m██[38;2;148;109;99m████[38;2;0;0;0m██████[38;2;140;146;148m██[38;2;137;146;148m████[38;2;0;0;0m██              
              ██[38;2;123;101;99m██[38;2;84;70;71m████[38;2;132;102;90m██[38;2;165;121;99m██[38;2;167;122;90m████[38;2;90;87;87m██[38;2;66;60;57m██[38;2;98;72;66m██[38;2;0;0;0m██      ██████                
            ██[38;2;167;122;90m████[38;2;66;65;66m██[38;2;165;121;90m██████████[38;2;167;122;90m██[38;2;95;75;73m██[38;2;148;130;90m██[38;2;0;0;0m██                            
            ██[38;2;95;75;73m██[38;2;167;122;90m██[38;2;132;102;82m██[38;2;165;121;90m████[38;2;66;65;66m████[38;2;165;121;90m██[38;2;95;75;73m██[38;2;167;122;90m██[38;2;148;130;90m████[38;2;0;0;0m██    ████              ████
            ██[38;2;66;65;66m██[38;2;132;99;94m██[38;2;66;65;66m████[38;2;66;64;66m██[38;2;99;97;99m██[38;2;99;87;82m██[38;2;165;125;99m██[38;2;94;74;73m██[38;2;165;121;90m██[38;2;134;117;84m██[38;2;156;134;90m██[38;2;68;62;63m██[38;2;0;4;8m██[38;2;0;0;0m██[38;2;126;132;104m██[38;2;140;113;115m██[38;2;0;0;0m██        [38;2;0;0;8m████[38;2;74;85;148m██[38;2;0;0;0m██
          ██[38;2;165;121;90m██[38;2;66;65;66m██[38;2;132;99;94m██[38;2;66;65;66m██[38;2;136;146;148m██[38;2;0;0;0m██[38;2;99;97;99m██[38;2;66;69;74m████[38;2;94;74;73m████[38;2;156;134;90m██[38;2;90;85;74m██[38;2;68;62;63m██[38;2;137;120;118m██[38;2;126;132;104m██[38;2;0;0;0m████      ████[38;2;140;142;165m██[38;2;93;94;112m██[38;2;0;0;0m██  
        ██[38;2;165;121;90m██████[38;2;66;65;66m██████████[38;2;165;121;90m██[38;2;131;99;96m██[38;2;167;122;90m██[38;2;95;75;73m██[38;2;88;77;74m██[38;2;66;65;66m██[38;2;140;113;115m██[38;2;0;0;0m████        ██[38;2;148;150;140m██[38;2;78;87;144m██[38;2;93;97;109m██[38;2;140;146;156m██[38;2;0;0;0m██  
      ██[38;2;127;99;94m██[38;2;131;99;96m████[38;2;165;121;90m████████████[38;2;131;99;96m██[38;2;165;121;90m██[38;2;167;122;90m████[38;2;66;65;66m██[38;2;132;101;90m██[38;2;0;0;0m██          ██[38;2;66;65;66m██[38;2;78;87;144m████[38;2;140;146;156m██[38;2;0;0;16m██    
      [38;2;0;0;0m██[38;2;123;101;99m██████[38;2;131;100;95m████████[38;2;132;99;94m██[38;2;99;73;74m██[38;2;167;122;90m████[38;2;165;121;99m██[38;2;66;65;66m████[38;2;132;99;94m██[38;2;132;100;93m██[38;2;0;0;0m██      ██[38;2;77;87;145m████[38;2;78;87;144m██[38;2;148;150;140m████[38;2;0;0;0m██    
      ██[38;2;82;67;66m████[38;2;0;0;0m██[38;2;131;100;95m████████[38;2;132;99;94m████[38;2;95;75;73m██[38;2;167;122;90m██[38;2;66;65;66m██[38;2;132;102;88m██[38;2;66;65;66m████[38;2;132;100;93m██[38;2;0;0;0m██    ██[38;2;148;150;140m██[38;2;77;87;145m████[38;2;148;150;140m████████[38;2;0;0;0m██  
  ████[38;2;140;138;90m████[38;2;0;0;0m██  ██[38;2;127;99;94m██[38;2;132;100;93m████[38;2;0;0;0m██[38;2;66;65;66m██████[38;2;74;60;66m██[38;2;123;146;90m██[38;2;132;102;82m██[38;2;66;65;66m████[38;2;140;146;148m██[38;2;0;0;0m████[38;2;66;65;66m████[38;2;87;90;109m██[38;2;148;150;148m██[38;2;148;149;140m████████[38;2;0;0;0m██  
██[38;2;165;121;90m████[38;2;0;0;0m████      ██[38;2;132;100;93m██[38;2;0;0;0m██  ██[38;2;66;65;66m██[38;2;132;99;94m██[38;2;106;117;82m██[38;2;123;146;90m██[38;2;165;121;90m████[38;2;66;65;66m██[38;2;90;92;93m██[38;2;137;143;148m██[38;2;68;71;74m██[38;2;94;97;94m████[38;2;57;60;90m██[38;2;148;150;148m██[38;2;148;149;140m████████[38;2;0;0;0m██  
  ████            ████  ██[38;2;94;97;94m██[38;2;66;65;66m████[38;2;165;121;90m██[38;2;66;65;66m████[38;2;96;97;93m██[38;2;140;146;148m██[38;2;96;97;93m██[38;2;140;146;148m██[38;2;66;65;66m██[38;2;94;97;94m██[38;2;82;77;109m██[38;2;57;73;74m██[38;2;84;88;118m██[38;2;140;146;156m██[38;2;132;142;173m██[38;2;0;0;16m██    
                      [38;2;0;0;0m██[38;2;94;97;94m██[38;2;66;65;66m██[38;2;94;97;94m██[38;2;66;65;66m██[38;2;165;121;90m██[38;2;66;65;66m██[38;2;136;146;148m██[38;2;140;146;148m██[38;2;96;97;93m██[38;2;140;146;148m██[38;2;96;97;93m██[38;2;66;65;66m██[38;2;94;97;94m██[38;2;82;77;109m██[38;2;132;85;181m██[38;2;57;60;99m██[38;2;84;88;118m██[38;2;88;94;120m████[38;2;0;0;0m██  
                      ██[38;2;99;97;99m██[38;2;66;65;66m██[38;2;94;97;94m██[38;2;90;92;93m██[38;2;66;65;66m██[38;2;140;146;148m██[38;2;96;97;93m██[38;2;137;145;148m██[38;2;99;97;99m██[38;2;137;143;148m██[38;2;68;71;74m██[38;2;95;97;95m████[38;2;76;81;115m████[38;2;66;65;66m██[38;2;0;0;0m██████    
                    ██[38;2;99;97;99m██[38;2;66;64;66m██[38;2;94;97;94m████[38;2;66;65;66m██[38;2;140;146;148m████[38;2;96;97;93m██[38;2;137;145;148m████[38;2;0;0;0m████[38;2;95;97;95m████[38;2;76;81;115m██[38;2;132;81;181m██[38;2;0;0;0m██          
                    ██[38;2;99;97;99m██[38;2;66;64;66m██[38;2;99;97;99m██[38;2;137;145;148m██[38;2;66;65;66m██[38;2;136;146;148m██[38;2;140;146;148m██[38;2;90;92;93m██[38;2;140;146;148m██[38;2;0;0;0m██    ██[38;2;94;97;94m██[38;2;79;82;95m██[38;2;74;81;123m██[38;2;0;0;0m██          
                      ██[38;2;66;64;66m██[38;2;137;145;148m████[38;2;66;65;66m██[38;2;136;146;148m██[38;2;66;65;66m████[38;2;0;0;0m██        ██[38;2;84;83;68m████[38;2;82;79;70m██[38;2;0;0;0m██        
                      ██[38;2;78;105;74m████[38;2;0;0;0m██[38;2;61;73;53m████[38;2;90;100;87m████[38;2;0;0;0m██          [38;2;8;20;0m██[38;2;140;101;170m██[38;2;82;79;68m██[38;2;0;0;0m██        
                ██████[38;2;78;105;74m████[38;2;0;0;0m██  [38;2;8;0;8m██[38;2;115;146;99m██[38;2;90;100;87m██[38;2;115;150;90m████[38;2;0;0;0m██      ██[38;2;74;60;85m████[38;2;82;79;68m██[38;2;0;0;0m██        
              ██[38;2;78;105;74m██[38;2;54;67;54m██[38;2;82;101;82m██[38;2;78;105;74m██[38;2;0;0;0m██      ██[38;2;115;150;90m████[38;2;0;0;0m██      ██[38;2;94;97;94m██[38;2;66;64;66m██[38;2;99;97;99m██[38;2;66;65;66m██[38;2;0;0;0m██        
                ████████      ██[38;2;66;65;66m██[38;2;78;105;73m████[38;2;115;150;90m██[38;2;0;0;0m██      ████████          
                            ██[38;2;115;154;99m██[38;2;76;102;66m██[38;2;115;150;90m██[38;2;0;0;0m████                          
                              ██████                              
[0m