            [38;2;0;4;0m██████                                          
          ██[38;2;247;138;165m██████[38;2;0;4;0m██                                        
        ██[38;2;247;138;165m██[38;2;0;4;0m████[38;2;172;83;123m██[38;2;255;125;181m██[38;2;0;4;0m██  ████████                            
      ██[38;2;247;138;165m██[38;2;0;4;0m██    [38;2;8;0;8m██[38;2;172;83;123m██[38;2;66;64;66m██[38;2;0;4;0m██[38;2;247;138;165m████████[38;2;0;4;0m████                        
      ██[38;2;247;138;165m██[38;2;0;4;0m██      ██[38;2;247;139;162m████[38;2;247;138;165m██[38;2;0;4;0m██████[38;2;255;134;173m████[38;2;0;4;0m██                      
    ██[38;2;189;73;140m██[38;2;0;4;0m██      ██[38;2;247;138;165m██[38;2;247;139;162m████[38;2;0;4;0m██      [38;2;8;0;8m██[38;2;172;89;118m██[38;2;247;138;165m██[38;2;0;4;0m██                ████
    ██[38;2;189;73;140m██[38;2;0;4;0m██  [38;2;0;8;0m████[38;2;247;139;162m████[38;2;247;138;165m██[38;2;66;65;66m██[38;2;82;55;60m██[38;2;0;12;8m██      [38;2;0;4;0m██[38;2;255;134;173m██[38;2;8;0;8m██            [38;2;0;4;0m████[38;2;94;97;94m██[38;2;0;4;0m██
    ██[38;2;189;73;140m██[38;2;66;64;66m██[38;2;0;4;0m██[38;2;82;52;55m██[38;2;247;142;165m██[38;2;247;139;162m████[38;2;247;138;165m████[38;2;247;142;165m████[38;2;0;4;0m████  ██[38;2;172;89;118m██[38;2;255;134;173m██[38;2;0;4;0m██        ██[38;2;94;97;94m██████[38;2;0;4;0m██
    ██[38;2;189;73;140m██[38;2;186;73;137m██[38;2;66;65;66m████[38;2;247;138;165m████[38;2;201;194;189m██[38;2;198;195;189m████[38;2;247;139;162m████[38;2;247;138;165m████[38;2;0;4;0m██  ██[38;2;247;138;165m██[38;2;0;4;0m██      ██[38;2;94;97;94m██[38;2;173;174;173m████[38;2;94;97;94m██[38;2;0;4;0m██
      ██[38;2;186;73;137m██[38;2;66;65;66m██[38;2;247;138;165m████[38;2;201;194;189m████[38;2;198;195;189m██[38;2;93;97;95m██[38;2;247;139;162m████[38;2;247;138;165m██[38;2;0;4;0m██    ██[38;2;247;138;165m██[38;2;0;4;0m██    ██[38;2;94;97;94m████████[38;2;0;4;0m██  
      ██[38;2;255;239;66m██[38;2;193;158;66m██[38;2;247;138;165m████[38;2;231;211;123m██[38;2;8;0;0m██[38;2;95;95;95m██[38;2;255;255;255m██[38;2;247;138;165m████[38;2;0;4;0m██      ██[38;2;189;73;140m██[38;2;0;4;0m██    ██[38;2;94;97;94m██[38;2;173;174;173m██[38;2;173;178;173m██[38;2;90;93;90m██[38;2;0;4;0m██  
    ██[38;2;255;239;66m██████[38;2;192;156;65m██[38;2;247;138;165m██[38;2;231;211;123m██[38;2;119;105;61m██[38;2;255;255;255m████[38;2;247;138;165m██[38;2;0;4;0m██      ██[38;2;189;73;140m████[38;2;0;4;0m██  ██[38;2;94;97;94m██████[38;2;90;93;90m██[38;2;8;8;8m██    
  [38;2;0;4;0m██[38;2;255;239;66m██████[38;2;134;119;76m██[38;2;134;124;93m██[38;2;71;66;96m██[38;2;247;138;165m████[38;2;239;142;165m██[38;2;57;69;66m██[38;2;0;4;0m██        ██[38;2;189;73;140m██[38;2;0;4;0m██  ██[38;2;94;97;94m██[38;2;173;174;173m██████[38;2;94;97;94m██[38;2;0;4;0m██    
  ██[38;2;255;239;66m██[38;2;95;95;93m██[38;2;74;60;82m██[38;2;194;179;71m██[38;2;198;182;90m██[38;2;134;124;93m██[38;2;66;65;66m████[38;2;57;69;66m██[38;2;117;93;99m██[38;2;0;4;0m██      ██[38;2;189;73;140m████[38;2;0;4;0m██  ██[38;2;94;97;94m████████[38;2;0;4;0m██      
    [38;2;0;8;0m██[38;2;90;44;66m██[38;2;189;73;140m██[38;2;0;4;0m██[38;2;123;125;115m██[38;2;181;182;173m██[38;2;173;174;173m██[38;2;94;97;94m████[38;2;0;4;0m██      ██[38;2;172;89;118m██[38;2;255;134;173m██[38;2;0;4;0m██  [38;2;0;8;0m██[38;2;86;93;86m██[38;2;173;174;173m████[38;2;173;178;173m██[38;2;90;93;90m██[38;2;0;4;0m██      
    [38;2;0;8;0m██[38;2;181;81;132m██[38;2;0;4;0m██  [38;2;8;12;0m██[38;2;181;182;173m██[38;2;173;174;173m██[38;2;94;97;94m████[38;2;0;4;0m██      ██[38;2;255;134;173m██[38;2;8;0;8m██    [38;2;0;8;0m██[38;2;173;178;173m██[38;2;94;97;94m██[38;2;173;174;173m██[38;2;90;93;90m██[38;2;8;8;8m██        
  [38;2;0;4;0m██[38;2;189;73;140m██[38;2;0;4;0m██    [38;2;0;8;0m██[38;2;173;178;173m██[38;2;95;97;95m████████[38;2;0;4;0m██  [38;2;0;12;8m██[38;2;247;142;165m██[38;2;63;63;57m██[38;2;8;8;0m██  [38;2;0;4;0m██[38;2;82;98;87m████[38;2;94;97;94m████[38;2;0;4;0m██          
██[38;2;189;73;140m██[38;2;0;4;0m██      [38;2;0;8;0m██[38;2;86;93;86m██[38;2;95;97;95m████████[38;2;94;97;94m██[38;2;0;4;0m██[38;2;247;142;165m██[38;2;82;55;60m██[38;2;173;174;173m████[38;2;0;4;0m██[38;2;66;64;66m██[38;2;82;65;74m██[38;2;82;132;101m██[38;2;94;97;94m██[38;2;0;4;0m██            
██[38;2;189;73;140m██[38;2;0;4;0m██    ██[38;2;95;97;95m████[38;2;94;97;94m████[38;2;96;95;95m████[38;2;66;65;66m██[38;2;247;138;165m██[38;2;66;65;66m██[38;2;170;175;170m██[38;2;170;175;172m████[38;2;173;174;173m██[38;2;94;97;94m██[38;2;66;65;66m████[38;2;94;97;94m██[38;2;66;65;66m██[38;2;0;4;0m████        
██[38;2;189;73;140m██[38;2;0;4;0m██    ██[38;2;95;97;95m████[38;2;66;65;66m██[38;2;94;97;94m██[38;2;90;174;123m██[38;2;96;95;95m██[38;2;66;65;66m██[38;2;247;138;165m██[38;2;66;65;66m██[38;2;170;175;170m██[38;2;170;175;172m████[38;2;94;97;94m████[38;2;170;175;170m██[38;2;66;65;66m████[38;2;94;97;94m████[38;2;0;4;0m██        
  ██      ██[38;2;82;113;99m██[38;2;54;75;66m██[38;2;90;174;123m██[38;2;96;95;95m██[38;2;76;105;88m██[38;2;66;65;66m██[38;2;247;138;165m██[38;2;66;65;66m██[38;2;170;175;172m████[38;2;173;174;173m████[38;2;94;97;94m████[38;2;170;175;172m████[38;2;95;97;95m████[38;2;0;4;0m██          
            [38;2;0;0;0m██[38;2;82;113;99m██[38;2;96;95;95m████[38;2;82;125;99m██[38;2;66;65;66m██[38;2;247;138;165m██[38;2;66;65;66m██[38;2;170;175;172m████[38;2;173;174;173m██[38;2;94;97;94m████[38;2;173;174;173m██[38;2;170;175;172m████[38;2;95;97;95m████[38;2;0;4;0m██          
            ██[38;2;90;174;123m██[38;2;68;132;98m████[38;2;87;175;123m████[38;2;66;65;66m██[38;2;70;134;99m██[38;2;66;65;66m██[38;2;76;105;88m██[38;2;99;98;101m████[38;2;94;97;94m██[38;2;173;174;173m██[38;2;173;178;173m██[38;2;90;93;90m██[38;2;94;97;94m██[38;2;0;4;0m██            
              ██[38;2;87;175;123m██████[38;2;68;132;98m██[38;2;70;134;99m████[38;2;82;125;99m██[38;2;66;65;66m██[38;2;66;60;66m██[38;2;165;174;173m██[38;2;173;174;173m████[38;2;90;93;90m██[38;2;8;8;8m██[38;2;0;4;0m██              
                ████[38;2;74;125;99m████[38;2;82;117;99m██[38;2;57;78;66m██[38;2;71;134;98m████[38;2;70;134;99m██[38;2;66;65;66m██[38;2;66;64;66m██[38;2;0;4;0m████                  
                    [38;2;8;0;0m██[38;2;52;83;66m██[38;2;57;78;66m██[38;2;8;0;0m██[38;2;0;4;0m██[38;2;71;134;98m██[38;2;70;134;99m████[38;2;0;4;0m██                      
                    ██[38;2;132;131;104m██[38;2;0;4;0m██    ██[38;2;57;60;57m██[38;2;0;4;0m██                        
                  ██[38;2;132;131;104m████[38;2;0;4;0m██    ██[38;2;173;174;173m██[38;2;0;4;0m██                        
              ██[38;2;0;8;8m██[38;2;132;134;115m██[38;2;132;132;104m██[38;2;66;65;66m██[38;2;55;58;55m██[38;2;0;4;0m████[38;2;173;174;173m████[38;2;0;4;0m██                        
            ██[38;2;148;150;140m██[38;2;88;92;79m██[38;2;132;134;115m██[38;2;66;65;66m████[38;2;165;166;165m██[38;2;110;112;110m██[38;2;173;174;173m████[38;2;0;4;0m██                          
            ████████[38;2;74;75;70m██[38;2;148;146;140m██[38;2;148;150;140m██[38;2;0;4;0m██[38;2;148;146;140m██[38;2;74;75;70m██[38;2;0;4;0m██                          
                    ██████  ████                            
[0m