                        [38;2;0;0;0m████████                              
                      ██[38;2;255;255;255m████[38;2;170;170;170m████[38;2;0;0;0m██        ██████              
                    ██[38;2;255;255;255m████████[38;2;0;0;0m██        ██[38;2;255;255;255m██████[38;2;0;0;0m██            
                    ██[38;2;170;170;170m██[38;2;255;255;255m████[38;2;0;0;0m██          ██[38;2;170;170;170m████[38;2;0;0;0m██              
                  ██[38;2;255;255;255m██████████[38;2;0;0;0m██      ██[38;2;255;255;255m██████[38;2;170;170;170m██[38;2;0;0;0m██    ██████  
                ██[38;2;170;170;170m██[38;2;255;255;255m██████████[38;2;0;0;0m██    ██[38;2;255;255;255m██████████[38;2;0;0;0m██  [38;2;0;0;8m██[38;2;82;143;172m██[38;2;132;219;255m██[38;2;90;135;164m██[38;2;0;0;0m██
              ██[38;2;255;255;255m████[38;2;170;175;172m████[38;2;255;255;255m████[38;2;170;170;170m██[38;2;255;255;255m██[38;2;0;0;0m██  ██[38;2;255;255;255m████████████[38;2;0;0;0m██[38;2;82;143;172m██[38;2;123;215;255m██[38;2;49;52;74m██[38;2;132;219;255m██[38;2;0;0;0m██
            ██[38;2;239;247;239m██[38;2;255;255;255m██████████████████[38;2;8;4;8m██[38;2;255;255;255m██[38;2;170;175;172m████[38;2;255;255;255m██████[38;2;82;154;210m██[38;2;140;227;255m██[38;2;82;154;210m████[38;2;123;215;255m██[38;2;82;143;172m██[38;2;0;0;0m██
          ██[38;2;239;247;239m██[38;2;159;164;159m██[38;2;255;255;255m██[38;2;148;149;139m██[38;2;148;150;140m████[38;2;255;255;255m████████[38;2;90;87;90m██[38;2;255;255;255m████████████[38;2;82;154;206m██[38;2;140;227;255m██[38;2;82;154;210m██[38;2;140;227;255m██[38;2;82;154;210m██[38;2;82;143;172m██[38;2;0;0;8m██  
        [38;2;0;0;0m██[38;2;222;243;231m██[38;2;162;132;192m██[38;2;222;243;231m██[38;2;148;146;140m██[38;2;172;178;170m██[38;2;222;243;231m██[38;2;178;170;197m██[38;2;148;150;140m██[38;2;255;255;255m████[38;2;95;95;95m██[38;2;255;255;255m██████████████[38;2;57;113;189m██[38;2;140;227;255m████[38;2;82;154;206m██[38;2;0;0;0m████    
        ██[38;2;222;243;231m██[38;2;162;132;192m██[38;2;222;243;231m██[38;2;148;146;140m██[38;2;222;243;231m██[38;2;156;134;181m██[38;2;222;243;231m██[38;2;148;150;140m██[38;2;255;255;255m████[38;2;95;95;95m██[38;2;255;255;255m████████████████[38;2;57;115;189m████[38;2;0;0;0m██        
        [38;2;0;4;0m██[38;2;239;251;247m██[38;2;156;140;165m██[38;2;222;243;231m██[38;2;148;146;140m██[38;2;222;243;231m██[38;2;162;132;192m██[38;2;222;243;231m██[38;2;148;146;140m██[38;2;131;194;216m██[38;2;99;97;90m██[38;2;151;149;145m██[38;2;148;150;140m██[38;2;255;255;255m██████████████████[38;2;0;0;0m██        
      ██[38;2;239;251;247m██[38;2;159;168;164m██[38;2;222;243;231m██[38;2;156;140;165m██[38;2;172;178;170m██[38;2;222;243;231m██[38;2;162;132;192m██[38;2;222;243;231m██[38;2;148;146;140m██[38;2;123;219;255m██[38;2;99;97;90m██[38;2;255;255;255m████[38;2;148;150;140m██[38;2;255;255;255m████[38;2;148;150;140m████[38;2;255;255;255m██[38;2;112;179;227m██[38;2;139;227;255m██[38;2;255;255;255m██[38;2;0;0;0m██        
  ██[38;2;0;0;24m██[38;2;189;239;255m██[38;2;255;255;255m██[38;2;160;133;193m████[38;2;255;255;255m████[38;2;164;147;185m██[38;2;222;243;231m██[38;2;156;137;175m██[38;2;255;255;255m██[38;2;95;95;95m██[38;2;255;255;255m██████████[38;2;148;149;139m██[38;2;255;255;255m████[38;2;123;158;165m██[38;2;185;206;210m██[38;2;112;179;227m██[38;2;255;255;255m████[38;2;0;0;0m██      
██[38;2;140;227;255m██[38;2;189;239;255m██[38;2;94;119;139m██[38;2;255;255;255m██[38;2;160;133;193m██████[38;2;164;147;185m████[38;2;156;137;175m████[38;2;255;255;255m██████[38;2;160;133;193m████[38;2;255;255;255m██████████[38;2;247;255;255m████[38;2;255;255;255m██████[38;2;0;0;0m██      
  ██[38;2;189;239;255m██[38;2;94;119;139m██[38;2;255;255;255m████[38;2;160;133;193m██████████[38;2;255;255;255m████████[38;2;160;133;193m██[38;2;159;133;192m████████████[38;2;160;133;193m██[38;2;255;255;255m██████████[38;2;0;4;0m████  
    [38;2;0;0;24m██[38;2;189;239;255m██[38;2;255;255;255m██████████[38;2;160;133;193m██[38;2;255;255;255m████████████[38;2;159;133;192m████████████[38;2;255;255;255m██████[38;2;57;113;189m██[38;2;82;154;206m████[38;2;255;255;255m██[38;2;127;129;127m██[38;2;0;0;0m██
    ██[38;2;255;255;255m████████████████[38;2;99;190;239m██[38;2;151;211;244m██[38;2;255;255;255m██[38;2;140;227;255m██[38;2;111;180;226m██[38;2;255;255;255m████████████[38;2;111;180;226m██[38;2;140;227;255m██[38;2;57;117;189m██[38;2;84;153;211m██[38;2;140;227;255m████[38;2;57;113;189m██[38;2;255;255;255m██[38;2;0;0;0m██
      ██[38;2;255;255;255m██[38;2;222;225;218m██[38;2;82;154;206m██[38;2;255;255;255m████████[38;2;151;211;244m██[38;2;99;190;239m██[38;2;255;255;255m██[38;2;111;180;226m██[38;2;140;227;255m██[38;2;255;255;255m████████████[38;2;140;227;255m██[38;2;111;180;226m██[38;2;57;117;189m██[38;2;140;227;255m████[38;2;82;154;210m██[38;2;57;113;189m██[38;2;255;255;255m██[38;2;0;0;0m██
        ██[38;2;82;154;206m██[38;2;111;180;226m██[38;2;82;154;206m██[38;2;197;221;233m██[38;2;255;255;247m██[38;2;214;227;222m██[38;2;74;154;214m██[38;2;255;255;247m████[38;2;255;255;255m████[38;2;255;255;247m████[38;2;74;154;206m██[38;2;247;255;255m██[38;2;255;255;255m████[38;2;255;255;247m████[38;2;247;255;255m██[38;2;41;113;189m██[38;2;57;113;189m████[38;2;255;255;255m██[38;2;127;129;127m██[38;2;0;0;0m██
          ██[38;2;111;180;226m████[38;2;82;154;206m████[38;2;74;154;214m██[38;2;120;178;216m██[38;2;90;154;206m██[38;2;200;221;233m██[38;2;255;255;255m████[38;2;200;221;233m██[38;2;90;154;206m██[38;2;131;187;222m██[38;2;74;154;206m██[38;2;222;225;218m██[38;2;255;255;255m██[38;2;200;221;233m██[38;2;90;154;206m██[38;2;109;160;211m██[38;2;247;255;255m██[38;2;255;255;255m████[38;2;0;4;0m████  
            [38;2;0;0;0m████[38;2;99;170;222m████[38;2;110;180;225m████[38;2;111;180;226m██[38;2;82;154;206m████████[38;2;111;180;226m██[38;2;110;180;225m████[38;2;82;154;206m██████[38;2;111;180;226m████[38;2;82;154;206m████[38;2;0;0;0m██      
                ██[38;2;99;170;222m██[38;2;110;180;225m████[38;2;111;180;226m██[38;2;82;154;206m██[38;2;111;180;226m████[38;2;82;154;206m██[38;2;111;180;226m██[38;2;110;180;225m████[38;2;82;154;206m██[38;2;111;180;226m██████[38;2;82;154;206m██[38;2;111;180;226m██[38;2;0;0;0m██        
                ██[38;2;140;227;255m██[38;2;107;168;194m██[38;2;132;223;255m██[38;2;82;154;206m██[38;2;101;178;222m██[38;2;82;154;206m██[38;2;111;180;226m████[38;2;82;154;206m██[38;2;107;178;222m██[38;2;66;65;66m██[38;2;111;180;226m████[38;2;115;182;222m████[38;2;0;0;0m████          
                  ██[38;2;132;223;255m██[38;2;57;60;74m██[38;2;82;154;206m██[38;2;140;227;255m██[38;2;82;154;206m██[38;2;111;180;226m██████[38;2;66;65;66m██[38;2;107;178;222m██[38;2;82;154;206m██[38;2;111;180;226m██[38;2;49;63;74m██[38;2;16;4;0m██              
                  [38;2;0;0;0m██[38;2;140;227;255m██[38;2;0;0;0m██[38;2;140;227;255m██████[38;2;82;154;210m██[38;2;140;227;255m████[38;2;0;0;0m██[38;2;140;227;255m██[38;2;93;151;172m██[38;2;140;227;255m██[38;2;0;0;0m██                
                    ██  ██[38;2;140;227;255m██[38;2;82;154;210m██[38;2;140;227;255m████[38;2;0;0;0m██  ██[38;2;140;227;255m██[38;2;0;0;8m██                  
                        [38;2;0;0;0m██[38;2;82;154;206m██[38;2;140;227;255m████[38;2;0;0;0m██      ██                    
                          ██[38;2;82;154;210m██[38;2;140;227;255m██[38;2;0;0;0m██                            
                          ██[38;2;140;227;255m██[38;2;0;0;0m██                              
                            ██                                
[0m