                            [38;2;0;0;0m██                                                
                          ██[38;2;74;121;165m██[38;2;0;0;0m██                                              
                        ██[38;2;66;105;140m████[38;2;0;0;0m██                                              
                      ██[38;2;74;121;165m██[38;2;66;105;140m██[38;2;255;243;173m██[38;2;0;0;0m██                                              
                      [38;2;0;4;0m██[38;2;74;125;173m██[38;2;85;87;82m██[38;2;255;247;181m██[38;2;0;0;0m██                                              
                    ██[38;2;74;125;173m██[38;2;49;84;115m██[38;2;255;247;181m██[38;2;0;8;33m██                                                
                    [38;2;0;0;0m██[38;2;66;105;140m████[38;2;255;243;156m██[38;2;8;0;0m██                                                
                  [38;2;0;0;0m██[38;2;74;121;165m██[38;2;66;105;140m██[38;2;255;243;173m██[38;2;172;162;104m██[38;2;255;243;156m██[38;2;0;0;0m██                                              
██████            ██[38;2;74;121;165m██[38;2;66;93;107m██[38;2;160;166;123m██[38;2;255;243;173m████[38;2;0;0;0m██                                              
██[38;2;74;121;165m████[38;2;0;0;0m████      ██[38;2;74;121;165m████[38;2;66;93;107m██[38;2;255;239;140m██[38;2;85;81;68m████[38;2;0;0;0m██        ██████                                
██[38;2;247;243;181m██[38;2;123;121;107m██[38;2;74;121;165m████[38;2;0;0;0m██  [38;2;0;4;0m██[38;2;74;125;173m██[38;2;73;123;167m████[38;2;74;121;165m████[38;2;74;123;167m████[38;2;99;134;156m██[38;2;24;8;0m██  [38;2;0;0;0m██[38;2;0;0;41m██[38;2;115;121;127m██████[38;2;0;0;0m██                              
  [38;2;0;0;33m██[38;2;247;243;181m██[38;2;255;243;173m██[38;2;74;121;165m████[38;2;0;0;0m██[38;2;49;84;115m██[38;2;74;125;173m██[38;2;73;123;167m██[38;2;57;93;123m██[38;2;57;94;126m████[38;2;74;123;167m████[38;2;61;71;78m████[38;2;0;0;0m██[38;2;74;121;165m██[38;2;115;121;127m██[38;2;231;243;214m████[38;2;0;0;41m██                                
[38;2;0;0;0m██[38;2;172;159;93m████[38;2;195;156;63m██[38;2;255;243;173m██[38;2;198;235;214m██[38;2;66;65;66m██[38;2;140;223;255m██[38;2;84;133;167m██[38;2;57;94;123m██[38;2;140;227;255m██[38;2;139;226;255m████[38;2;57;93;123m██[38;2;84;136;167m██[38;2;74;123;167m████[38;2;74;117;156m████[38;2;255;243;173m████[38;2;0;0;0m██                                  
  [38;2;8;0;0m██[38;2;255;239;140m██[38;2;255;243;173m██[38;2;195;156;63m██[38;2;66;65;66m██[38;2;198;235;214m██[38;2;140;223;255m██[38;2;57;89;123m██[38;2;140;227;255m████[38;2;139;226;255m████[38;2;140;223;255m██[38;2;57;93;123m██[38;2;74;123;167m████[38;2;255;223;123m██[38;2;194;187;134m██[38;2;195;156;63m████[38;2;189;158;66m██[38;2;0;0;0m██                                
    ██[38;2;195;156;63m████[38;2;74;69;66m████[38;2;139;226;255m████████[38;2;140;227;255m████████[38;2;195;156;63m██████[38;2;255;243;173m██[38;2;255;243;148m██[38;2;85;81;49m██[38;2;0;0;0m██                                  
    ██[38;2;255;243;173m████[38;2;74;69;66m██[38;2;255;255;255m██[38;2;139;226;255m████████[38;2;74;73;66m████[38;2;82;81;74m██[38;2;120;178;194m██[38;2;255;243;173m██████[38;2;195;156;63m██[38;2;170;162;98m██[38;2;0;0;0m██                                    
      ██[38;2;66;65;63m██[38;2;74;52;66m██[38;2;98;106;129m██[38;2;140;227;255m██████[38;2;74;73;66m██[38;2;255;239;255m██[38;2;57;32;66m██[38;2;66;65;66m██[38;2;107;178;222m██[38;2;74;69;66m████[38;2;66;65;66m██[38;2;255;251;214m██[38;2;255;243;173m████[38;2;0;0;0m████                                
      ██[38;2;198;195;189m██[38;2;74;52;66m██[38;2;148;215;255m██[38;2;57;94;123m██[38;2;140;227;255m████[38;2;74;73;66m██[38;2;123;101;129m████[38;2;107;178;222m████[38;2;74;69;66m██[38;2;255;255;255m██[38;2;255;251;214m██[38;2;66;65;66m██████[38;2;140;227;255m████[38;2;0;0;0m████                            
        ██[38;2;198;195;189m██[38;2;66;65;66m██[38;2;140;227;255m████████[38;2;107;178;222m████[38;2;167;189;192m██[38;2;57;65;66m██[38;2;200;195;189m██[38;2;255;255;255m██████[38;2;66;65;66m██[38;2;140;227;255m██[38;2;139;226;255m████[38;2;140;227;255m██[38;2;66;65;66m██[38;2;8;0;0m████                        
      [38;2;0;0;0m██[38;2;198;195;189m██████[38;2;66;65;66m████[38;2;111;180;226m████[38;2;107;178;222m██[38;2;66;65;66m██[38;2;57;65;66m██[38;2;222;251;255m██[38;2;255;255;255m██[38;2;200;195;189m██[38;2;255;255;255m██[38;2;66;65;66m████[38;2;140;227;255m██[38;2;139;226;255m████[38;2;140;227;255m████[38;2;46;62;79m██[38;2;84;124;159m██[38;2;0;0;0m██          ██████      
        ██[38;2;189;186;181m████[38;2;200;195;189m██[38;2;255;255;255m██[38;2;66;65;66m██████[38;2;255;255;255m██[38;2;200;195;189m██[38;2;255;255;255m██████[38;2;66;65;66m██[38;2;140;231;255m██[38;2;139;226;255m████████████[38;2;57;60;66m██[38;2;94;139;160m██[38;2;74;121;165m██[38;2;0;0;0m██      ██[38;2;111;180;226m██[38;2;140;227;255m██[38;2;148;223;247m██[38;2;16;0;0m██    
          [38;2;0;0;0m██[38;2;63;62;60m██[38;2;255;255;255m████[38;2;192;191;192m██[38;2;255;255;255m██[38;2;192;191;192m██[38;2;255;255;255m████[38;2;200;195;189m██[38;2;255;255;255m████[38;2;66;65;66m██[38;2;115;175;192m██[38;2;139;226;255m████████████[38;2;132;219;255m██[38;2;57;60;66m██[38;2;74;121;165m████[38;2;0;0;0m██  ██[38;2;107;178;222m██[38;2;140;227;255m████[38;2;60;74;82m████[38;2;0;0;0m██  
            ████[38;2;198;195;189m██[38;2;255;255;255m████[38;2;192;191;192m██[38;2;255;255;255m██[38;2;222;251;255m██[38;2;57;65;66m██[38;2;66;65;66m████[38;2;107;178;222m██████[38;2;0;0;0m██[38;2;82;132;159m██[38;2;123;199;239m██[38;2;139;226;255m████[38;2;132;219;255m██[38;2;57;60;66m██[38;2;74;123;167m████[38;2;82;140;170m██[38;2;0;0;0m██[38;2;66;69;74m██[38;2;140;227;255m██[38;2;132;211;247m████[38;2;140;227;255m████[38;2;107;178;222m██[38;2;0;0;0m██
                ██[38;2;8;8;8m██[38;2;172;172;172m██[38;2;255;255;255m██[38;2;66;65;66m██[38;2;57;65;66m██[38;2;167;189;192m██[38;2;107;178;222m██████[38;2;0;0;0m████  ██[38;2;123;199;239m██[38;2;139;226;255m████[38;2;57;60;66m██[38;2;94;139;160m██[38;2;74;123;167m████[38;2;82;140;170m██[38;2;123;211;255m██[38;2;140;227;255m██[38;2;115;174;194m██[38;2;0;0;0m██[38;2;132;211;247m██[38;2;111;180;226m████[38;2;0;0;0m██  
                    ██[38;2;49;63;74m██[38;2;115;182;222m██[38;2;82;81;74m██[38;2;115;178;194m██[38;2;110;180;225m████[38;2;0;0;0m██        ██[38;2;110;180;225m████[38;2;66;65;66m██[38;2;0;0;0m████[38;2;74;121;165m██[38;2;107;178;222m████[38;2;0;0;0m████  ██████    
                      [38;2;16;4;0m██[38;2;115;182;222m██[38;2;82;81;74m██[38;2;132;227;255m██[38;2;110;180;225m████[38;2;0;0;0m██        ██[38;2;110;180;225m████[38;2;0;0;0m██    ██████                
                    ██[38;2;107;178;231m████[38;2;82;81;66m██[38;2;140;227;255m████[38;2;0;0;0m██        ██[38;2;107;178;222m██[38;2;71;121;154m██[38;2;107;182;231m██[38;2;0;0;0m██                          
                  ██[38;2;107;178;222m██[38;2;90;126;154m██[38;2;73;75;77m██[38;2;140;227;255m██████[38;2;0;0;0m██          ██████                            
                    ████[38;2;140;227;255m██[38;2;123;203;239m████[38;2;0;0;0m██                                              
                        ██████                                                
[0m