              [38;2;0;0;0m██████      ██        
          ████[38;2;197;74;107m██████[38;2;0;0;0m██████[38;2;197;74;107m██[38;2;0;0;0m██  ██  
        ██[38;2;197;74;107m██[38;2;206;115;132m██[38;2;197;74;107m██████[38;2;65;65;65m██[38;2;74;148;74m██[38;2;58;99;49m██[38;2;197;74;107m██[38;2;0;0;0m████[38;2;197;74;107m██[38;2;0;0;0m██
  ██  ██[38;2;197;74;107m██████[38;2;0;0;0m██[38;2;197;74;107m██████[38;2;65;65;65m██[38;2;74;148;74m██[38;2;58;99;49m██[38;2;65;65;65m██[38;2;0;0;0m██[38;2;197;74;107m██[38;2;0;0;0m██
██[38;2;206;115;132m██[38;2;0;0;0m████[38;2;197;74;107m████[38;2;0;0;0m██[38;2;206;115;132m██[38;2;0;0;0m██[38;2;197;74;107m████[38;2;65;65;65m██[38;2;74;148;74m██[38;2;58;99;49m██[38;2;74;148;74m██[38;2;65;65;65m██[38;2;165;66;99m██[38;2;0;0;0m██
██[38;2;197;74;107m██[38;2;0;0;0m██[38;2;197;74;107m██████[38;2;0;0;0m██[38;2;197;74;107m██[38;2;0;0;0m██[38;2;197;74;107m████[38;2;65;65;65m██[38;2;74;148;74m██[38;2;58;99;49m██[38;2;74;148;74m██[38;2;65;65;65m██[38;2;0;0;0m██  
██[38;2;65;65;65m██[38;2;0;0;0m██[38;2;197;74;107m██[38;2;65;65;65m██[38;2;197;74;107m██[38;2;0;0;0m██[38;2;65;65;65m██[38;2;0;0;0m██[38;2;197;74;107m██████[38;2;65;65;65m██[38;2;74;148;74m██[38;2;58;99;49m██[38;2;165;66;99m██[38;2;0;0;0m██  
██[38;2;65;65;65m██[38;2;0;0;0m██[38;2;65;65;65m██████[38;2;0;0;0m██[38;2;65;65;65m██[38;2;0;0;0m██[38;2;197;74;107m████[38;2;65;65;65m████[38;2;74;148;74m██[38;2;58;99;49m██[38;2;165;66;99m██[38;2;0;0;0m██  
  ██[38;2;197;74;107m██[38;2;0;0;0m██[38;2;197;74;107m██[38;2;0;0;0m██[38;2;197;74;107m██[38;2;0;0;0m██[38;2;197;74;107m████[38;2;65;65;65m██[38;2;197;74;107m████[38;2;65;65;65m██[38;2;58;99;49m██[38;2;0;0;0m██    
  ██[38;2;65;65;65m██[38;2;197;74;107m██████[38;2;65;65;65m████[38;2;197;74;107m████[38;2;65;65;65m██[38;2;197;74;107m██[38;2;165;66;99m██[38;2;65;65;65m██[38;2;0;0;0m██      
  ██[38;2;214;115;41m██[38;2;197;74;107m████[38;2;65;65;65m██[38;2;197;74;107m██[38;2;214;115;41m██[38;2;65;65;65m██[38;2;165;66;99m██[38;2;65;65;65m██[38;2;165;66;99m██[38;2;65;65;65m████[38;2;0;0;0m██      
    ██[38;2;197;74;107m████[38;2;214;115;41m██[38;2;0;0;0m██[38;2;247;230;41m██[38;2;165;66;99m██[38;2;65;65;65m██[38;2;0;0;0m████[38;2;65;65;65m██[38;2;0;0;0m██        
    ████[38;2;197;74;107m██[38;2;65;65;65m██[38;2;0;0;0m████[38;2;65;65;65m██[38;2;0;0;0m██    ████        
        ████    ████                
[0m