                                        [38;2;0;0;0m██      ██                                          
                                      ██[38;2;255;218;123m██[38;2;0;0;0m██  ██[38;2;255;218;123m██[38;2;0;0;0m██    ██                                  
                                ██    ██[38;2;255;218;123m████[38;2;0;0;0m██[38;2;246;210;106m██[38;2;233;191;74m██[38;2;255;218;123m██[38;2;0;0;0m████[38;2;255;218;123m██[38;2;0;0;0m██                                
                              ██[38;2;255;218;123m██[38;2;0;0;0m████[38;2;255;218;123m██[38;2;233;191;74m████[38;2;246;210;106m████[38;2;255;218;123m██[38;2;233;191;74m██[38;2;246;206;98m████[38;2;255;218;123m██[38;2;0;0;0m██                                
                              ██[38;2;255;222;115m████[38;2;255;226;106m██[38;2;222;187;87m██[38;2;255;218;123m██[38;2;150;102;52m████████[38;2;255;218;123m██[38;2;222;187;87m████[38;2;255;222;115m████[38;2;0;0;0m██                              
                            ██[38;2;230;194;74m██[38;2;156;105;49m██[38;2;222;183;93m██[38;2;222;187;87m██[38;2;156;109;49m██[38;2;150;102;52m██[38;2;255;218;123m████████[38;2;150;102;52m██[38;2;156;109;49m██[38;2;255;226;106m██[38;2;222;183;93m██[38;2;156;105;49m██[38;2;230;194;74m██[38;2;0;0;0m██                            
                              ██[38;2;238;190;74m██[38;2;156;101;49m██[38;2;148;105;53m██[38;2;230;194;74m██[38;2;148;105;49m██[38;2;255;226;115m██[38;2;255;218;123m████[38;2;156;101;49m██[38;2;238;190;74m██[38;2;148;105;53m████[38;2;156;101;49m██[38;2;238;190;74m██[38;2;0;0;0m██                              
                        ██████[38;2;65;64;65m██[38;2;211;160;65m██[38;2;238;190;74m██[38;2;148;105;53m██[38;2;230;194;74m██[38;2;219;186;93m██[38;2;148;105;49m██[38;2;255;218;123m██[38;2;150;102;52m██[38;2;238;190;74m██[38;2;211;160;65m██[38;2;230;194;74m██[38;2;148;105;53m██[38;2;238;190;74m██[38;2;211;160;65m██[38;2;148;105;49m██[38;2;0;0;0m████                          
                    ████[38;2;255;145;164m████[38;2;74;52;74m██[38;2;246;170;82m██[38;2;156;101;49m██[38;2;216;157;60m██[38;2;246;182;65m██[38;2;216;153;60m████[38;2;246;182;65m██[38;2;156;101;49m██[38;2;238;190;74m██[38;2;211;160;65m██[38;2;238;190;74m██[38;2;227;145;54m██[38;2;233;194;76m██[38;2;216;157;60m██[38;2;156;101;49m██[38;2;238;170;123m██[38;2;65;64;65m██[38;2;255;145;164m██[38;2;0;0;0m████                      
                  ██[38;2;255;145;164m████[38;2;189;62;93m████[38;2;160;111;78m██[38;2;74;52;74m██[38;2;246;186;65m██[38;2;156;101;49m██[38;2;216;153;60m██[38;2;156;97;49m████[38;2;216;153;60m██[38;2;238;190;74m██[38;2;211;160;65m██[38;2;238;190;74m██[38;2;156;101;49m██[38;2;233;194;76m██[38;2;227;145;54m██[38;2;156;101;49m██[38;2;246;186;65m██[38;2;65;64;65m██[38;2;238;170;123m██[38;2;255;145;164m██████[38;2;0;0;0m████                  
                [38;2;24;0;0m██[38;2;139;93;102m██[38;2;189;62;93m████[38;2;252;145;164m████[38;2;164;93;111m██[38;2;74;48;57m██[38;2;230;161;57m████[38;2;156;101;49m██[38;2;238;190;74m██[38;2;148;105;53m██[38;2;230;194;74m██[38;2;216;157;60m██[38;2;246;186;65m██[38;2;156;101;49m██[38;2;238;190;74m██[38;2;148;105;53m████[38;2;230;161;57m████[38;2;74;48;57m██[38;2;164;93;111m██[38;2;189;62;93m██████[38;2;255;145;164m██[38;2;255;133;156m██[38;2;0;4;0m██                
            [38;2;0;0;0m████[38;2;255;186;205m████[38;2;255;145;164m████[38;2;252;145;164m████[38;2;255;137;164m████[38;2;65;64;65m██[38;2;230;161;57m██[38;2;238;190;74m██[38;2;211;160;65m██[38;2;230;194;74m██[38;2;148;105;53m██[38;2;156;101;49m████[38;2;238;190;74m██[38;2;211;160;65m██[38;2;230;194;74m████[38;2;230;161;57m██[38;2;65;64;65m██[38;2;255;137;164m████[38;2;255;145;164m██████[38;2;189;62;93m██[38;2;169;90;104m██[38;2;84;47;52m██[38;2;0;0;0m██              
          ██[38;2;252;145;164m██████████[38;2;246;242;246m████[38;2;252;145;164m██[38;2;255;145;164m██[38;2;189;62;93m██[38;2;164;93;111m██[38;2;74;48;57m██[38;2;230;170;65m████[38;2;227;145;54m██[38;2;233;194;76m██████[38;2;227;145;54m██[38;2;233;194;76m██[38;2;230;145;49m████[38;2;84;43;57m██[38;2;255;121;156m██[38;2;252;145;164m██████████████[38;2;246;242;246m██[38;2;255;145;164m██[38;2;0;0;0m██            
        ██[38;2;246;242;246m██[38;2;252;145;164m████████[38;2;246;242;246m████[38;2;252;145;164m████[38;2;189;62;93m██[38;2;255;145;164m██[38;2;255;137;164m████[38;2;65;64;65m████[38;2;233;194;76m██[38;2;227;145;54m██████[38;2;233;194;76m████[38;2;65;64;65m████[38;2;169;82;106m████[38;2;252;145;164m████████████████[38;2;255;145;164m████[38;2;0;0;0m██          
      ██[38;2;246;242;246m████[38;2;252;145;164m████████████[38;2;255;145;164m██[38;2;189;62;93m██[38;2;252;145;164m████████████[38;2;65;64;65m████████████[38;2;252;145;164m████████[38;2;189;62;93m██[38;2;255;145;164m██[38;2;252;145;164m██[38;2;246;242;246m████[38;2;252;145;164m████[38;2;246;242;246m████[38;2;252;145;164m██[38;2;255;145;164m██[38;2;0;0;0m██        
      ██[38;2;252;145;164m████████[38;2;246;242;246m██[38;2;252;145;164m██████[38;2;189;62;93m██[38;2;255;145;164m██[38;2;252;145;164m████████████[38;2;255;145;164m████[38;2;189;60;90m████[38;2;255;145;164m████[38;2;252;145;164m████████[38;2;255;145;164m██[38;2;189;62;93m██[38;2;252;145;164m████[38;2;246;242;246m████[38;2;252;145;164m████[38;2;246;242;246m████[38;2;255;145;164m████[38;2;0;0;0m██      
    [38;2;16;0;0m██[38;2;255;145;164m██[38;2;252;145;164m██████[38;2;246;242;246m████[38;2;252;145;164m██[38;2;255;145;164m██[38;2;189;62;93m██[38;2;252;145;164m██[38;2;246;242;246m██[38;2;252;145;164m████[38;2;246;242;246m██[38;2;252;145;164m██████████[38;2;189;62;93m██[38;2;255;145;164m██[38;2;252;145;164m██████[38;2;246;242;246m██████[38;2;255;145;164m██[38;2;189;62;93m██[38;2;255;145;164m████[38;2;252;145;164m████████████████[38;2;0;0;0m██      
  ██[38;2;175;97;109m██[38;2;255;145;164m██[38;2;252;145;164m████████████[38;2;189;62;93m██[38;2;255;145;164m██[38;2;252;145;164m██████[38;2;246;242;246m████[38;2;252;145;164m██████████[38;2;189;62;93m██[38;2;255;145;164m██[38;2;252;145;164m████████[38;2;246;242;246m██[38;2;252;145;164m██[38;2;255;145;164m████[38;2;189;62;93m██[38;2;255;145;164m██[38;2;252;145;164m████████████████[38;2;230;97;123m██[38;2;0;0;0m██    
  ██[38;2;227;97;123m████[38;2;255;145;164m████[38;2;252;145;164m████[38;2;255;145;164m████[38;2;189;62;93m██[38;2;255;145;164m██[38;2;252;145;164m██████████████[38;2;246;242;246m██[38;2;246;242;238m██[38;2;226;149;164m██[38;2;189;62;93m██[38;2;255;145;164m██[38;2;252;145;164m██[38;2;246;242;246m██[38;2;252;145;164m████████████[38;2;255;238;238m██[38;2;197;60;90m██[38;2;252;145;164m██[38;2;246;242;246m████[38;2;252;145;164m██████[38;2;255;145;164m██[38;2;227;97;120m██[38;2;230;97;123m██[38;2;0;0;0m██    
██[38;2;230;97;123m██[38;2;227;97;123m████[38;2;227;97;120m██[38;2;255;145;164m██[38;2;252;145;164m████[38;2;255;145;164m██[38;2;189;62;93m██[38;2;255;145;164m████[38;2;246;242;246m██[38;2;252;145;164m██████████████[38;2;246;242;238m██[38;2;205;56;90m██[38;2;255;145;164m████[38;2;246;242;246m██████[38;2;252;145;164m██████████[38;2;226;149;164m██[38;2;197;60;90m██[38;2;252;145;164m████████████[38;2;227;97;120m████[38;2;230;97;123m████[38;2;0;0;0m██  
██[38;2;230;97;123m██[38;2;227;95;123m████[38;2;227;97;123m████[38;2;227;97;120m██[38;2;255;145;164m██[38;2;255;141;164m██[38;2;189;60;90m██[38;2;252;145;164m██[38;2;246;242;246m██████[38;2;252;145;164m████████████[38;2;255;145;164m██[38;2;189;62;93m██[38;2;252;145;164m████[38;2;246;242;246m████[38;2;252;145;164m████████[38;2;246;242;246m██[38;2;252;145;164m██[38;2;255;145;164m████[38;2;189;60;90m██[38;2;255;141;164m██[38;2;255;145;164m██[38;2;227;97;120m██[38;2;255;145;164m██[38;2;227;97;120m██[38;2;227;97;123m████[38;2;230;97;123m████[38;2;0;0;0m██  
  ██[38;2;227;95;123m██[38;2;189;60;90m██[38;2;227;97;123m████[38;2;227;97;120m████[38;2;189;60;90m██[38;2;222;101;127m██[38;2;252;145;164m██████████████[38;2;246;242;246m████[38;2;252;145;164m██[38;2;255;145;164m██[38;2;189;62;93m██[38;2;252;145;164m██████████████[38;2;246;242;246m████[38;2;252;145;164m██[38;2;255;145;164m██[38;2;227;97;120m██[38;2;189;60;90m██[38;2;222;101;127m██[38;2;227;97;120m████████[38;2;227;97;123m████[38;2;230;97;123m██[38;2;0;0;0m██    
    [38;2;0;16;8m██[38;2;222;101;123m██[38;2;227;97;123m████████[38;2;189;60;90m██[38;2;227;95;123m██[38;2;227;97;123m████[38;2;255;145;164m████████[38;2;246;242;246m████[38;2;252;145;164m████[38;2;255;145;164m██[38;2;189;62;93m██[38;2;252;145;164m██[38;2;246;242;246m██[38;2;252;145;164m████████[38;2;255;145;164m██████[38;2;227;97;120m██[38;2;227;97;123m████[38;2;227;95;123m██[38;2;189;60;90m██[38;2;227;97;123m████████[38;2;227;95;123m████[38;2;230;97;123m██[38;2;0;0;0m██    
  ██[38;2;74;44;46m██[38;2;222;101;123m██[38;2;227;97;123m████████[38;2;189;60;90m██[38;2;227;95;123m██[38;2;227;97;123m████[38;2;227;97;120m██[38;2;255;145;164m██[38;2;227;97;120m██[38;2;255;145;164m██[38;2;252;145;164m████████[38;2;255;145;164m██[38;2;189;62;93m██[38;2;252;145;164m████████████[38;2;255;145;164m██[38;2;227;97;120m████[38;2;255;145;164m██[38;2;227;97;123m████[38;2;227;95;123m██[38;2;189;60;90m██[38;2;227;97;123m████████[38;2;189;60;90m██[38;2;227;95;123m██[38;2;0;0;0m██      
██[38;2;4;127;111m██[38;2;16;129;115m██[38;2;20;64;57m██[38;2;230;97;123m████[38;2;238;80;115m██[38;2;183;72;98m██[38;2;227;97;123m████████████[38;2;227;95;123m████[38;2;227;97;120m██[38;2;255;145;164m██[38;2;227;97;120m██[38;2;255;145;164m██[38;2;230;89;123m██[38;2;175;78;104m██[38;2;227;97;120m██[38;2;255;145;164m██[38;2;227;97;120m██[38;2;255;145;164m██[38;2;227;97;120m██[38;2;255;145;164m██[38;2;227;97;120m██[38;2;255;145;164m██[38;2;227;97;123m████████[38;2;230;97;123m██[38;2;65;64;65m██[38;2;74;91;90m██[38;2;222;80;106m██[38;2;230;97;123m████[38;2;24;80;71m██[38;2;8;0;0m██        
  [38;2;0;0;0m██[38;2;24;0;0m██[38;2;16;129;115m██[38;2;65;64;65m████[38;2;74;56;65m██[38;2;183;72;98m██[38;2;227;97;123m████████████[38;2;227;95;123m██[38;2;189;60;90m██[38;2;227;97;120m████████[38;2;230;89;123m██[38;2;65;56;65m██[38;2;227;97;120m████████████████[38;2;227;97;123m████████[38;2;230;97;123m██[38;2;65;64;65m██[38;2;0;97;82m██[38;2;74;91;90m██[38;2;65;64;65m████[38;2;32;121;106m██[38;2;8;0;0m██        
      [38;2;0;0;0m██[38;2;61;123;152m██[38;2;65;64;65m██[38;2;61;123;152m██[38;2;65;64;65m██[38;2;227;97;123m████████████[38;2;189;60;90m██[38;2;65;64;65m██[38;2;227;97;123m████████[38;2;65;64;65m██[38;2;61;123;152m██[38;2;65;64;65m██[38;2;230;97;123m██[38;2;227;97;123m████████████████[38;2;230;97;123m████[38;2;222;80;106m██[38;2;74;91;90m██[38;2;5;129;112m████[38;2;65;64;65m██[38;2;8;129;106m██████[38;2;0;0;0m████    
      ██[38;2;61;123;152m██[38;2;65;64;65m██[38;2;61;123;152m██[38;2;65;64;65m██[38;2;227;97;123m████████████[38;2;65;64;65m████[38;2;227;97;123m████████[38;2;65;64;65m██████[38;2;230;97;123m██[38;2;227;97;123m████████████████[38;2;230;97;123m██[38;2;65;64;65m██[38;2;74;91;90m██[38;2;0;97;82m██[38;2;5;129;112m████[38;2;8;129;106m██[38;2;65;64;65m████[38;2;8;129;106m██[38;2;5;129;109m████[38;2;0;0;0m████
    ██[38;2;57;121;148m██[38;2;61;123;152m██[38;2;65;64;65m██[38;2;60;124;150m████[38;2;65;64;65m████[38;2;230;97;123m████[38;2;230;85;115m██[38;2;175;76;98m██[38;2;65;64;65m████[38;2;227;97;123m████[38;2;230;97;123m████[38;2;167;102;79m██[38;2;189;32;57m██[38;2;156;255;123m██[38;2;65;64;65m██[38;2;227;97;123m████████[38;2;230;97;123m████████[38;2;65;64;65m██[38;2;8;129;106m██[38;2;65;64;65m██[38;2;8;129;106m██[38;2;24;174;106m██[38;2;35;136;95m██[38;2;8;170;115m██[38;2;24;133;101m██[38;2;46;62;74m████[38;2;0;0;0m████    
    ██[38;2;38;80;98m██[38;2;61;123;152m██[38;2;65;64;65m██[38;2;60;124;150m████[38;2;61;123;152m████[38;2;65;64;65m████[38;2;65;60;65m████[38;2;61;123;152m██[38;2;65;64;65m██[38;2;227;97;123m████[38;2;230;97;123m██[38;2;65;64;65m██[38;2;189;32;57m██[38;2;123;242;123m██[38;2;156;255;123m██[38;2;65;64;65m██[38;2;227;97;123m████████[38;2;65;64;65m████████[38;2;8;129;106m██████[38;2;65;64;65m██[38;2;57;60;74m██[38;2;24;174;106m██[38;2;24;133;101m██[38;2;57;60;74m██[38;2;76;124;148m██[38;2;16;0;0m██        
    [38;2;0;0;0m██[38;2;60;124;153m██[38;2;61;123;152m██[38;2;65;64;65m██[38;2;68;130;148m████[38;2;60;122;150m████████[38;2;60;124;150m████████[38;2;65;64;65m████[38;2;41;60;106m██[38;2;148;250;148m██[38;2;156;255;123m████[38;2;32;76;98m██[38;2;60;124;150m██[38;2;65;64;65m████████[38;2;5;129;112m████[38;2;65;64;65m██[38;2;8;129;106m██████[38;2;16;174;115m██[38;2;65;64;65m██[38;2;61;123;152m██[38;2;65;64;65m████[38;2;61;123;152m██[38;2;57;121;148m██[38;2;0;0;0m██        
    ██[38;2;60;124;153m██[38;2;61;123;152m████[38;2;57;60;65m██[38;2;74;165;189m██[38;2;90;174;189m██████[38;2;60;122;150m██[38;2;60;124;150m████████[38;2;61;123;152m████[38;2;76;124;120m████[38;2;57;125;150m████[38;2;60;124;150m████[38;2;65;64;65m██[38;2;8;129;106m██████[38;2;5;129;112m████[38;2;65;64;65m████[38;2;8;129;106m██[38;2;32;178;106m██[38;2;32;137;98m██[38;2;65;64;65m██[38;2;61;123;152m████████[38;2;38;80;98m██[38;2;0;0;0m██        
    [38;2;0;8;24m██[38;2;60;70;84m██[38;2;24;80;106m██[38;2;76;118;139m██[38;2;61;123;152m██[38;2;65;64;65m██[38;2;90;174;189m████████[38;2;32;76;106m██[38;2;90;174;189m██[38;2;60;124;150m████████[38;2;41;93;115m████[38;2;32;76;98m████[38;2;24;80;106m██[38;2;76;118;139m██[38;2;65;125;148m██[38;2;41;62;74m██[38;2;24;133;101m████[38;2;24;174;106m████[38;2;65;64;65m██[38;2;61;123;152m██[38;2;65;64;65m██[38;2;32;126;131m██[38;2;57;165;115m██[38;2;41;82;61m██[38;2;24;80;106m██[38;2;76;118;139m████[38;2;24;80;106m██[38;2;0;0;0m██          
  ██[38;2;180;194;205m██[38;2;60;70;84m██[38;2;180;194;205m██[38;2;24;80;106m██[38;2;61;123;152m████[38;2;0;0;0m████[38;2;61;125;148m██[38;2;32;76;106m██[38;2;61;125;148m████[38;2;60;124;150m██████[38;2;32;76;98m██[38;2;41;93;115m██[38;2;156;64;65m██████[38;2;180;194;205m██[38;2;24;80;106m██[38;2;16;0;0m██[38;2;65;125;148m██[38;2;57;60;74m██[38;2;8;170;115m██[38;2;35;136;95m██[38;2;57;60;74m██[38;2;61;123;152m████[38;2;32;126;131m██[38;2;65;64;65m██[38;2;41;82;61m██[38;2;24;0;8m██[38;2;24;80;106m██[38;2;180;194;205m██[38;2;24;80;106m██[38;2;180;194;205m██[38;2;0;0;0m██          
    ████[38;2;189;190;197m████[38;2;0;0;0m████    ████[38;2;60;124;153m████[38;2;57;121;148m██[38;2;38;80;98m██[38;2;82;55;63m██[38;2;123;80;90m██[38;2;106;89;94m██[38;2;205;178;189m██[38;2;180;194;205m██[38;2;60;67;74m██[38;2;0;0;0m██████[38;2;60;124;153m██[38;2;57;121;148m██[38;2;49;60;65m██[38;2;41;170;131m██[38;2;65;64;74m██[38;2;61;125;148m████[38;2;90;178;205m██[38;2;60;120;139m██[38;2;0;0;0m██  ████████            
        ████            ████████[38;2;0;4;8m████[38;2;8;0;0m████[38;2;0;4;8m████    [38;2;0;0;0m██[38;2;60;124;153m██[38;2;52;80;93m██[38;2;57;121;148m██[38;2;65;64;74m██[38;2;49;134;112m██[38;2;90;174;189m██[38;2;32;76;106m██[38;2;60;120;139m██[38;2;0;4;8m██                        
                                                  [38;2;0;0;0m██[38;2;60;124;150m██[38;2;32;76;98m██[38;2;60;124;150m████████[38;2;60;124;153m██[38;2;0;0;0m██                        
                                                ██[38;2;32;76;102m██[38;2;60;124;150m██████████[38;2;32;76;98m██[38;2;60;124;153m██[38;2;0;0;0m██                        
                                                ██[38;2;189;190;197m██[38;2;38;80;98m██[38;2;57;121;148m██[38;2;32;76;98m████[38;2;60;70;84m██[38;2;180;194;205m██[38;2;32;76;102m██[38;2;0;0;0m██                        
                                                  ██████[38;2;246;242;246m████[38;2;60;70;84m██[38;2;0;8;24m██[38;2;0;0;0m██                          
                                                        ██████                              
[0m