                                    [38;2;0;0;0m██████                                    
                            ████████[38;2;180;156;90m████[38;2;82;90;82m██[38;2;0;0;0m██████                              
                      ██████[38;2;82;148;106m██[38;2;131;213;115m████[38;2;82;90;82m██████[38;2;131;213;115m██[38;2;65;65;65m██[38;2;180;156;90m████[38;2;0;0;0m████                          
                  ████[38;2;82;148;106m████[38;2;131;213;115m██████[38;2;82;148;106m██[38;2;131;213;115m██████████[38;2;65;65;65m████[38;2;180;156;90m████[38;2;0;0;0m██                        
                ██[38;2;82;148;106m██████[38;2;65;65;65m██[38;2;131;213;115m████[38;2;82;148;106m██[38;2;131;213;115m██████████████[38;2;65;65;65m██[38;2;0;0;0m████[38;2;180;156;90m██[38;2;0;0;0m██                      
              ██[38;2;82;148;106m████[38;2;65;65;65m████[38;2;131;213;115m████[38;2;82;148;106m██[38;2;131;213;115m██████████████████[38;2;0;0;0m██  ██[38;2;131;115;90m██[38;2;0;0;0m██                    
              ██████[38;2;65;65;65m██[38;2;131;213;115m██████[38;2;82;148;106m██[38;2;131;213;115m████████████[38;2;82;148;106m██[38;2;131;213;115m████[38;2;0;0;0m██    ██[38;2;131;115;90m██[38;2;0;0;0m██                  
                    ██[38;2;131;213;115m████[38;2;82;148;106m██[38;2;131;213;115m██████████████[38;2;65;65;65m██[38;2;82;148;106m██[38;2;131;213;115m████[38;2;0;0;0m██    ██[38;2;131;115;90m██[38;2;0;0;0m██                
                    ██[38;2;131;213;115m████[38;2;82;148;106m██[38;2;131;213;115m████████████[38;2;65;65;65m██████[38;2;131;213;115m████[38;2;0;0;0m██    ██[38;2;131;115;90m██[38;2;0;0;0m██                
                  ██[38;2;65;65;65m██[38;2;131;213;115m██████████████████[38;2;65;65;65m██[38;2;197;139;131m██[38;2;65;65;65m████[38;2;131;213;115m██[38;2;0;0;0m██      ██[38;2;131;115;90m██[38;2;0;0;0m██              
                  ██[38;2;197;139;131m██[38;2;65;65;65m██[38;2;131;213;115m██████████████[38;2;65;65;65m██[38;2;197;139;131m██████[38;2;65;65;65m██[38;2;131;213;115m██[38;2;0;0;0m██      ██[38;2;131;115;90m██[38;2;0;0;0m██              
                ██[38;2;255;180;197m████[38;2;65;65;65m██[38;2;131;213;115m████████[38;2;65;65;65m██████████[38;2;197;139;131m████[38;2;65;65;65m██[38;2;0;0;0m██        ██[38;2;131;115;90m██[38;2;0;0;0m██              
              ██[38;2;255;180;197m████[38;2;65;65;65m████[38;2;131;213;115m██[38;2;65;65;65m████████████████[38;2;255;180;197m██[38;2;197;139;131m██[38;2;0;0;0m██            ██[38;2;65;65;65m██[38;2;0;0;0m██            
              ██[38;2;255;180;197m████[38;2;65;65;65m██[38;2;255;255;255m██[38;2;65;65;65m██████████████████[38;2;255;180;197m████[38;2;0;0;0m██            ██[38;2;65;65;65m██[38;2;0;0;0m██            
        ██████  ██[38;2;255;180;197m██[38;2;197;139;131m██[38;2;255;255;255m██[38;2;65;65;65m██████████[38;2;255;255;255m██[38;2;65;65;65m████[38;2;255;180;197m████[38;2;0;0;0m██              ██[38;2;65;65;65m██[38;2;0;0;0m██            
    ████[38;2;90;180;115m██████[38;2;0;0;0m██[38;2;65;65;65m██[38;2;255;180;197m████[38;2;197;139;131m██[38;2;65;65;65m████████[38;2;255;255;255m████[38;2;197;139;131m██[38;2;255;180;197m██████[38;2;0;0;0m██              ██[38;2;65;65;65m██[38;2;0;0;0m██            
  ██[38;2;90;180;115m████████[38;2;82;148;106m██████[38;2;65;65;65m██[38;2;255;180;197m████████████[38;2;197;139;131m████[38;2;255;180;197m██████[38;2;65;65;65m██[38;2;0;0;0m██            ██[38;2;65;65;65m██[38;2;0;0;0m██              
  ██[38;2;90;180;115m██████[38;2;82;148;106m████[38;2;57;106;82m██[38;2;82;148;106m████[38;2;65;65;65m████[38;2;255;180;197m██████████████[38;2;65;65;65m████[38;2;205;197;106m██[38;2;0;0;0m██            ██[38;2;65;65;65m██[38;2;0;0;0m██              
██[38;2;90;180;115m██████[38;2;82;148;106m████████[38;2;57;106;82m██[38;2;82;148;106m████[38;2;65;65;65m████████████████[38;2;255;255;255m██[38;2;156;131;74m██[38;2;205;197;106m████[38;2;0;0;0m██        ██[38;2;65;65;65m██[38;2;0;0;0m██████            
██[38;2;90;180;115m██[38;2;0;0;0m████[38;2;82;148;106m██████████[38;2;57;106;82m██[38;2;82;148;106m██[38;2;65;65;65m██[38;2;213;213;213m██[38;2;156;131;74m████[38;2;255;255;255m████[38;2;0;0;0m██[38;2;255;255;255m████[38;2;205;197;106m██████[38;2;0;0;0m██    ████[38;2;131;213;115m████████[38;2;90;180;115m██[38;2;0;0;0m████        
████    ██[38;2;82;148;106m██████████[38;2;57;106;82m██[38;2;82;148;106m██[38;2;65;65;65m██[38;2;205;197;106m████[38;2;180;156;90m██[38;2;255;255;255m██████[38;2;205;197;106m██[38;2;255;246;123m██[38;2;205;197;106m██████[38;2;0;0;0m████[38;2;90;180;115m██[38;2;131;213;115m████████████[38;2;90;180;115m████[38;2;0;0;0m████    
          ██[38;2;82;148;106m████████[38;2;57;106;82m██[38;2;82;148;106m██[38;2;65;65;65m██[38;2;255;246;123m████████████████[38;2;205;197;106m████[38;2;65;65;65m██[38;2;90;180;115m████[38;2;82;148;106m████████[38;2;90;180;115m████[38;2;131;213;115m████[38;2;90;180;115m██████[38;2;0;0;0m██  
            ██[38;2;82;148;106m████████[38;2;57;106;82m██[38;2;65;65;65m██[38;2;255;246;123m████████████████[38;2;205;197;106m██[38;2;65;65;65m██[38;2;90;180;115m██[38;2;82;148;106m████[38;2;131;213;115m████████████████[38;2;90;180;115m████████[38;2;0;0;0m██
            ██[38;2;82;148;106m████████[38;2;65;65;65m██[38;2;255;246;123m████████████████[38;2;205;197;106m████[38;2;65;65;65m██[38;2;82;148;106m██[38;2;90;180;115m██[38;2;131;213;115m████████████████[38;2;90;180;115m██[38;2;0;0;0m████████  
              ██[38;2;82;148;106m██████[38;2;65;65;65m██[38;2;255;246;123m██[38;2;180;222;106m██[38;2;255;246;123m████████[38;2;180;222;106m████[38;2;205;197;106m██[38;2;65;65;65m██[38;2;82;148;106m██[38;2;90;180;115m████[38;2;131;213;115m██████████████[38;2;0;0;0m████          
                ██████[38;2;255;246;123m████████████[38;2;180;222;106m████[38;2;255;246;123m██[38;2;205;197;106m██[38;2;65;65;65m██[38;2;90;180;115m██████[38;2;131;213;115m████████████[38;2;0;0;0m██              
    ████████        ██[38;2;255;246;123m████████████████[38;2;205;197;106m████[38;2;65;65;65m██[38;2;90;180;115m████████[38;2;131;213;115m██████[38;2;90;180;115m██[38;2;0;0;0m██                
  ██[38;2;255;246;123m████████[38;2;0;0;0m██      ██[38;2;255;246;123m████████[38;2;180;222;106m██[38;2;255;246;123m████[38;2;205;197;106m████████[38;2;65;65;65m██[38;2;90;180;115m██████████[38;2;0;0;0m████                  
    ██[38;2;255;246;123m████[38;2;205;197;106m████[38;2;0;0;0m██    ██[38;2;65;65;65m██[38;2;255;246;123m████████[38;2;205;197;106m██████[38;2;139;172;65m████[38;2;205;197;106m████[38;2;0;0;0m██████████                      
      ██[38;2;205;197;106m██████[38;2;65;65;65m██[38;2;0;0;0m████[38;2;131;115;90m████[38;2;0;0;0m██[38;2;205;197;106m██████████[38;2;139;172;65m████[38;2;205;197;106m████[38;2;0;0;0m██                                
        ██████[38;2;131;115;90m██████[38;2;0;0;0m████  ████[38;2;205;197;106m██████████[38;2;0;0;0m████                                  
              ██████          ██████████                                      
[0m