                      [38;2;0;0;0m██████████        
                  ████[38;2;156;90;58m██[38;2;247;140;58m██[38;2;156;90;58m██[38;2;247;140;58m████[38;2;0;0;0m████    
                ██[38;2;65;65;65m██[38;2;156;90;58m██[38;2;247;140;58m██[38;2;156;90;58m██[38;2;247;140;58m████[38;2;156;90;58m██[38;2;247;140;58m████[38;2;0;0;0m██  
          ████████[38;2;206;107;66m██[38;2;156;90;58m██[38;2;247;140;58m██[38;2;156;90;58m██[38;2;247;140;58m██[38;2;156;90;58m██[38;2;247;140;58m████[38;2;156;90;58m████[38;2;0;0;0m██
      ████[38;2;156;90;58m██[38;2;247;140;58m██[38;2;156;90;58m██[38;2;0;0;0m██[38;2;206;107;66m██[38;2;156;90;58m██[38;2;206;107;66m██[38;2;123;74;49m██[38;2;206;107;66m██[38;2;156;90;58m██[38;2;247;140;58m██[38;2;156;90;58m██[38;2;247;140;58m████[38;2;0;0;0m██
██████[38;2;247;140;58m██[38;2;156;90;58m██[38;2;247;140;58m██[38;2;156;90;58m██[38;2;247;140;58m████[38;2;65;65;65m██[38;2;206;107;66m██[38;2;123;74;49m██[38;2;206;107;66m██[38;2;123;74;49m██[38;2;206;107;66m██[38;2;156;90;58m██[38;2;247;140;58m██[38;2;156;90;58m████[38;2;0;0;0m██
██[38;2;181;115;66m██[38;2;65;65;65m██[38;2;206;107;66m██[38;2;156;90;58m██[38;2;206;107;66m██[38;2;156;90;58m██[38;2;206;107;66m██[38;2;247;140;58m██[38;2;65;65;65m████[38;2;123;74;49m██[38;2;206;107;66m██[38;2;123;74;49m██[38;2;206;107;66m██[38;2;123;74;49m██[38;2;206;107;66m██[38;2;247;140;58m██[38;2;0;0;0m██  
██[38;2;181;115;66m████[38;2;65;65;65m██[38;2;247;140;58m██[38;2;206;107;66m██[38;2;247;140;58m██[38;2;65;65;65m████[38;2;222;148;107m████[38;2;65;65;65m██[38;2;123;74;49m██[38;2;206;107;66m██[38;2;123;74;49m██[38;2;206;107;66m██[38;2;0;0;0m████    
  ██[38;2;181;115;66m██[38;2;247;140;58m██████[38;2;65;65;65m██[38;2;181;115;66m██[38;2;222;148;107m████[38;2;123;74;49m██[38;2;65;65;65m████████[38;2;206;107;66m██[38;2;0;0;0m██      
  ██[38;2;181;115;66m██[38;2;65;65;65m██[38;2;247;140;58m██[38;2;65;65;65m██[38;2;222;148;107m██████[38;2;123;74;49m██[38;2;156;90;58m██[38;2;65;65;65m██[38;2;222;148;107m██████[38;2;0;0;0m██        
    ██[38;2;222;148;107m██[38;2;65;65;65m████[38;2;222;148;107m██[38;2;123;74;49m████[38;2;181;115;66m██[38;2;123;74;49m██[38;2;222;148;107m████████[38;2;181;115;66m██[38;2;0;0;0m██      
    ██[38;2;222;148;107m██████[38;2;181;115;66m██[38;2;255;255;255m██[38;2;0;0;0m██[38;2;181;115;66m██[38;2;65;65;65m██[38;2;222;148;107m██████[38;2;181;115;66m██████[38;2;0;0;0m██    
  ██[38;2;181;115;66m██[38;2;222;148;107m██████[38;2;0;0;0m████[38;2;123;74;49m██[38;2;181;115;66m████████████████[38;2;0;0;0m██    
  ██[38;2;222;148;107m██[38;2;123;74;49m██[38;2;222;148;107m██[38;2;181;115;66m██████████████[38;2;65;65;65m██[38;2;181;115;66m██████[38;2;65;65;65m██[38;2;0;0;0m██    
    ██[38;2;181;115;66m██████████[38;2;65;65;65m██[38;2;181;115;66m██████[38;2;0;0;0m████[38;2;156;90;58m████[38;2;0;0;0m██      
      ████[38;2;65;65;65m████[38;2;123;74;49m██[38;2;181;115;66m██████[38;2;0;0;0m██  ██[38;2;156;90;58m████[38;2;0;0;0m██      
          ██[38;2;156;90;58m████[38;2;65;65;65m██[38;2;181;115;66m██[38;2;156;90;58m██[38;2;0;0;0m██    ████        
            ██[38;2;123;74;49m██[38;2;65;65;65m██[38;2;123;74;49m██[38;2;0;0;0m██                  
            ██[38;2;65;65;65m██[38;2;156;90;58m████[38;2;0;0;0m██                  
              ██████                    
[0m