      [38;2;0;0;0m████  ████                                                        
    ██[38;2;123;130;134m██[38;2;255;255;255m██[38;2;0;0;0m██[38;2;255;255;255m██[38;2;246;246;246m██[38;2;0;0;0m██    ████████      ██████                              
    ██[38;2;255;255;255m████████[38;2;82;82;82m████[38;2;0;0;0m████[38;2;255;255;255m████████[38;2;0;0;0m██████[38;2;255;255;255m████[38;2;127;127;127m██[38;2;0;0;0m██                            
      ██[38;2;222;238;238m██[38;2;255;255;255m██[38;2;65;64;65m██[38;2;84;87;90m██[38;2;123;190;255m████[38;2;84;87;90m██[38;2;74;64;49m██[38;2;255;255;205m██[38;2;255;210;49m████[38;2;255;255;255m████[38;2;84;87;90m██[38;2;255;255;255m██████[38;2;0;0;0m██                            
  ████[38;2;222;238;238m████[38;2;255;255;255m██[38;2;65;64;65m██[38;2;123;190;255m████[38;2;84;87;90m██[38;2;123;190;255m██[38;2;74;64;49m██[38;2;194;191;153m██[38;2;0;0;0m██[38;2;255;210;49m██[38;2;84;87;90m████[38;2;255;255;255m██████[38;2;0;0;0m██                              
██[38;2;205;226;238m████[38;2;205;228;235m████[38;2;205;226;238m██[38;2;65;64;65m██[38;2;98;135;172m██[38;2;115;186;255m████[38;2;98;135;172m██[38;2;74;75;79m████[38;2;65;64;65m████[38;2;255;255;255m████████[38;2;205;226;238m██[38;2;123;129;139m██[38;2;0;0;0m██                            
██[38;2;123;129;139m██[38;2;205;226;238m██[38;2;205;228;235m████[38;2;205;226;238m████[38;2;82;85;90m████████[38;2;205;226;238m████████[38;2;205;228;235m██[38;2;255;255;255m████[38;2;205;228;235m██[38;2;205;226;238m██████[38;2;0;0;0m████                        
  ██[38;2;123;129;139m██[38;2;205;228;235m████[38;2;230;238;213m██[38;2;74;68;57m██[38;2;205;226;238m████████[38;2;205;228;235m████████████████[38;2;205;226;238m████[38;2;230;242;246m██[38;2;65;64;65m██[38;2;255;255;255m██[38;2;0;0;0m██  ██████████          
    ██[38;2;205;228;235m████[38;2;74;68;57m██[38;2;178;182;161m██[38;2;65;64;65m████████[38;2;205;228;235m████████████████[38;2;205;226;238m██[38;2;123;129;139m██[38;2;65;64;65m██[38;2;230;242;246m██[38;2;255;255;255m████[38;2;0;0;0m██[38;2;123;190;255m██████████[38;2;0;0;0m████      
  ██[38;2;197;218;230m██[38;2;205;226;238m████[38;2;74;68;57m██[38;2;194;187;128m██[38;2;230;161;123m██[38;2;74;56;65m██[38;2;211;80;98m████[38;2;65;64;65m████[38;2;74;68;57m██[38;2;230;238;213m██[38;2;205;228;235m████████[38;2;205;226;238m██[38;2;65;64;65m██[38;2;205;226;238m████[38;2;230;242;246m██[38;2;65;68;74m██[38;2;65;64;65m██[38;2;76;129;191m██[38;2;82;133;186m██[38;2;115;186;255m██[38;2;57;85;115m████[38;2;255;255;255m████[38;2;8;0;0m████  
  [38;2;0;0;0m██[38;2;131;145;153m██[38;2;205;226;238m██[38;2;65;64;65m██[38;2;255;246;164m██[38;2;194;187;128m██[38;2;74;56;65m██[38;2;178;126;104m██[38;2;211;80;98m████[38;2;65;64;65m██[38;2;205;194;123m██[38;2;178;182;161m██[38;2;74;68;57m██[38;2;205;228;235m████████[38;2;205;226;238m████[38;2;65;64;65m██[38;2;205;226;238m██[38;2;230;242;246m██[38;2;120;126;131m██[38;2;65;64;65m██[38;2;76;129;191m██[38;2;82;133;186m██[38;2;49;80;117m██[38;2;57;85;115m██[38;2;213;210;213m██[38;2;123;190;254m████[38;2;131;190;246m██[38;2;49;63;82m██[38;2;0;0;0m██
██[38;2;205;226;238m██[38;2;65;64;65m██[38;2;74;72;74m████[38;2;255;238;180m██[38;2;65;64;65m██[38;2;71;60;60m██[38;2;213;76;98m██[38;2;156;64;65m████[38;2;65;64;65m██[38;2;191;186;137m██[38;2;178;182;161m██[38;2;74;68;57m██[38;2;205;228;235m████[38;2;205;230;238m██[38;2;117;122;128m██[38;2;205;226;238m████[38;2;65;64;65m██[38;2;205;226;238m██[38;2;205;228;235m████[38;2;205;226;238m██[38;2;65;64;65m██[38;2;41;85;131m██[38;2;205;210;213m██[38;2;213;210;213m██[38;2;76;129;191m██[38;2;79;129;191m████[38;2;123;190;255m████[38;2;0;0;0m██
██[38;2;205;226;238m████[38;2;74;72;74m██[38;2;255;238;180m████[38;2;65;64;65m██[38;2;213;76;98m██[38;2;142;68;79m██[38;2;246;141;115m████[38;2;65;64;65m██[38;2;255;246;172m██[38;2;74;68;57m██[38;2;230;238;213m██[38;2;205;228;235m████[38;2;205;230;238m██[38;2;74;68;74m██[38;2;65;64;65m████[38;2;205;226;238m████[38;2;205;228;235m████[38;2;205;226;238m██[38;2;65;64;65m██[38;2;205;210;213m██[38;2;95;126;159m██[38;2;76;129;191m████[38;2;79;129;191m████[38;2;0;0;0m████  
  ██[38;2;205;226;238m██[38;2;65;64;65m██[38;2;255;238;180m██[38;2;65;64;65m████[38;2;142;91;87m██[38;2;246;137;115m██[38;2;246;141;115m██[38;2;65;64;65m██[38;2;254;238;178m████[38;2;65;64;65m████[38;2;57;60;74m██[38;2;189;222;246m██[38;2;205;226;238m██[38;2;65;64;65m██[38;2;205;228;235m████████[38;2;213;226;230m██[38;2;65;64;65m████[38;2;76;129;191m██[38;2;79;129;191m████[38;2;74;129;189m██████[38;2;0;0;0m██      
  ██[38;2;205;226;238m██[38;2;65;64;65m██[38;2;255;238;180m██[38;2;65;64;65m██[38;2;123;190;255m██[38;2;90;68;74m██[38;2;246;137;115m██[38;2;246;141;115m██[38;2;65;64;65m██[38;2;254;238;178m████[38;2;65;64;65m██[38;2;76;129;191m██[38;2;123;141;160m██[38;2;57;60;74m██[38;2;65;64;65m██[38;2;205;226;238m██[38;2;205;228;235m████████[38;2;115;118;120m██[38;2;65;64;65m██[38;2;76;129;191m████[38;2;79;129;191m████[38;2;74;129;189m██[38;2;0;0;0m████        
    ████████[38;2;123;190;255m██[38;2;115;186;255m██[38;2;57;60;74m██[38;2;65;64;65m████[38;2;255;238;180m██[38;2;65;64;65m██[38;2;79;129;191m████████[38;2;65;64;65m██[38;2;205;218;222m██[38;2;205;228;235m████[38;2;115;118;120m██[38;2;213;226;230m██[38;2;164;210;246m██[38;2;65;64;65m██[38;2;123;190;255m██[38;2;65;64;65m██[38;2;82;129;189m████[38;2;0;0;0m██            
            ██[38;2;76;102;134m██[38;2;115;186;255m██[38;2;123;190;255m██[38;2;65;64;65m██[38;2;255;238;180m██[38;2;65;64;65m██[38;2;79;129;191m████[38;2;57;97;148m████[38;2;205;218;222m██[38;2;65;64;65m██[38;2;205;228;235m████[38;2;65;64;65m██████[38;2;164;210;246m██[38;2;123;190;255m████[38;2;45;64;94m██[38;2;8;0;0m██              
            [38;2;0;0;0m██[38;2;41;52;74m██[38;2;65;101;148m██[38;2;255;255;255m██[38;2;57;97;148m██[38;2;57;80;106m████[38;2;57;97;148m████[38;2;213;210;213m████[38;2;57;97;148m████[38;2;65;64;65m████[38;2;79;129;191m████[38;2;123;190;255m████[38;2;123;188;254m████████[38;2;0;0;0m██            
              [38;2;16;4;0m██[38;2;65;101;148m██[38;2;57;97;148m██[38;2;255;255;255m██████[38;2;213;210;213m████[38;2;57;97;148m██████[38;2;213;210;213m██[38;2;71;105;148m██[38;2;74;125;189m██[38;2;79;129;191m████[38;2;78;131;189m████[38;2;123;188;254m████████[38;2;123;190;255m██[38;2;0;0;0m██          
            ██[38;2;49;64;82m██[38;2;238;255;255m██[38;2;57;97;148m██████████████[38;2;213;210;213m██[38;2;205;210;213m██[38;2;49;97;156m██[38;2;78;131;189m████[38;2;90;138;191m████[38;2;79;129;191m████[38;2;76;129;191m████[38;2;123;190;255m████[38;2;79;129;191m████[38;2;0;0;0m██        
          ██[38;2;74;129;189m██[38;2;112;128;139m██[38;2;49;64;82m██[38;2;255;255;255m████████[38;2;213;210;213m██████[38;2;57;97;148m██[38;2;49;97;156m██[38;2;101;134;175m██[38;2;78;131;189m██[38;2;123;190;255m██[38;2;106;178;255m██[38;2;57;60;65m██[38;2;79;129;191m████[38;2;76;129;191m██[38;2;65;64;65m██[38;2;78;131;189m████[38;2;79;129;191m████[38;2;0;0;0m██        
      ████[38;2;79;129;191m████[38;2;76;129;191m██[38;2;65;64;65m██[38;2;54;93;139m████[38;2;57;97;148m████████[38;2;71;103;148m██[38;2;74;125;189m██[38;2;78;131;189m██[38;2;123;190;255m██[38;2;123;188;254m████████[38;2;65;64;65m██[38;2;76;129;191m██[38;2;74;129;189m██[38;2;0;0;0m██[38;2;74;129;189m████[38;2;82;129;189m██[38;2;0;0;0m██          
    ██[38;2;74;129;189m████[38;2;79;129;191m████[38;2;76;129;191m████[38;2;0;4;8m██[38;2;82;137;205m██[38;2;79;129;191m████████[38;2;74;125;189m██[38;2;65;60;65m██[38;2;123;190;255m████[38;2;123;188;254m████████[38;2;65;64;65m██[38;2;76;129;191m██[38;2;0;0;0m██  ██[38;2;74;129;189m██[38;2;54;86;126m██[38;2;82;129;189m██[38;2;0;0;0m██        
      ██[38;2;74;129;189m██████[38;2;0;0;0m████  ████[38;2;74;129;189m██████[38;2;90;129;180m██[38;2;49;64;90m██[38;2;123;190;255m██████[38;2;78;131;189m██[38;2;123;190;255m██[38;2;78;131;189m██[38;2;115;182;246m██[38;2;49;52;57m██[38;2;46;63;84m██[38;2;8;0;0m██  [38;2;0;0;0m██████          
        ██████          ██████[38;2;8;0;0m████[38;2;0;0;0m██[38;2;123;190;255m██████[38;2;78;131;189m██[38;2;123;190;255m██[38;2;71;95;120m████[38;2;123;190;255m████[38;2;0;0;0m██                
                                    ████[38;2;123;190;255m██[38;2;123;186;246m██[38;2;61;93;123m██[38;2;123;190;255m████[38;2;0;0;0m████                  
                                        ██████████                      
[0m