          [38;2;0;0;0m████                          
        ██[38;2;206;115;74m██[38;2;65;65;65m██[38;2;0;0;0m████                      
      ██[38;2;65;65;65m██[38;2;156;82;58m██[38;2;206;115;74m██████[38;2;0;0;0m████                  
    ██[38;2;156;82;58m██[38;2;206;115;74m████████████[38;2;156;82;58m██[38;2;0;0;0m████    ██  ██    
  ██[38;2;255;206;41m██[38;2;206;115;74m████████[38;2;156;82;58m██[38;2;65;65;65m██[38;2;206;115;74m██████[38;2;0;0;0m██  ██[38;2;255;255;255m██[38;2;65;65;65m██[38;2;255;255;255m██[38;2;0;0;0m██  
██[38;2;239;206;173m██[38;2;247;99;82m██[38;2;206;115;74m██████[38;2;156;82;58m██[38;2;247;99;82m██[38;2;123;123;123m██[38;2;65;65;65m██[38;2;206;115;74m██[38;2;0;0;0m██    ██[38;2;255;255;255m██████[38;2;0;0;0m██  
██[38;2;239;206;173m██[38;2;0;0;0m██[38;2;65;65;65m██[38;2;206;115;74m██[38;2;156;82;58m██[38;2;255;148;140m██[38;2;255;206;41m██[38;2;247;99;82m██[38;2;123;123;123m██[38;2;65;65;65m██[38;2;0;0;0m██  ██[38;2;255;255;255m██[38;2;189;189;181m██[38;2;255;255;255m██[38;2;189;189;181m██[38;2;255;255;255m██[38;2;0;0;0m██
██[38;2;239;206;173m████[38;2;123;123;123m██[38;2;239;206;173m██[38;2;247;99;82m██[38;2;0;0;0m██[38;2;255;206;41m██[38;2;247;99;82m██[38;2;123;123;123m██[38;2;65;65;65m██[38;2;206;115;74m██[38;2;0;0;0m██  ██[38;2;189;189;181m██████[38;2;0;0;0m██  
  ██[38;2;189;156;115m████[38;2;239;206;173m████[38;2;123;123;123m██[38;2;255;206;41m██[38;2;247;99;82m██[38;2;239;206;173m██[38;2;206;115;74m██[38;2;156;82;58m██[38;2;0;0;0m██    ██[38;2;189;189;181m██[38;2;0;0;0m██    
    ██[38;2;255;255;255m██[38;2;189;156;115m██[38;2;239;206;173m██████████[38;2;156;82;58m████[38;2;0;0;0m██    ██[38;2;206;115;74m██[38;2;0;0;0m██    
      ██[38;2;65;65;65m██[38;2;189;156;115m██[38;2;239;206;173m████[38;2;189;156;115m██[38;2;156;82;58m██[38;2;255;206;41m██[38;2;0;0;0m██      ██[38;2;255;206;41m██[38;2;0;0;0m██    
    ██[38;2;206;115;74m██[38;2;156;82;58m██[38;2;65;65;65m████████[38;2;255;206;41m██[38;2;206;115;74m██[38;2;0;0;0m██      ██[38;2;206;115;74m██[38;2;0;0;0m██    
    ██[38;2;206;115;74m██[38;2;65;65;65m██[38;2;206;115;74m██[38;2;189;189;181m██[38;2;255;255;255m██[38;2;156;82;58m████[38;2;206;115;74m██[38;2;0;0;0m██      ██[38;2;255;206;41m██[38;2;0;0;0m██    
      ██[38;2;156;82;58m██[38;2;65;65;65m██[38;2;206;115;74m██████[38;2;65;65;65m██[38;2;206;115;74m██[38;2;255;206;41m██[38;2;0;0;0m██  ██[38;2;206;115;74m██[38;2;156;82;58m██[38;2;0;0;0m██    
    ██[38;2;255;206;41m██[38;2;206;115;74m████[38;2;65;65;65m██████[38;2;255;206;41m████[38;2;206;115;74m██[38;2;0;0;0m██  ██[38;2;206;115;74m██[38;2;0;0;0m██      
    ██[38;2;206;115;74m██[38;2;255;206;41m██████[38;2;206;115;74m████████[38;2;255;206;41m██[38;2;156;82;58m██[38;2;0;0;0m██[38;2;206;115;74m██[38;2;156;82;58m██[38;2;0;0;0m██      
      ██[38;2;206;115;74m██████[38;2;255;206;41m████████[38;2;206;115;74m██[38;2;156;82;58m██[38;2;65;65;65m██[38;2;156;82;58m██[38;2;0;0;0m██        
    ██[38;2;255;255;255m██[38;2;189;189;181m██[38;2;0;0;0m████[38;2;156;82;58m██[38;2;206;115;74m████████[38;2;156;82;58m██[38;2;0;0;0m████          
    ██████    ██[38;2;156;82;58m██[38;2;206;115;74m████[38;2;156;82;58m██[38;2;0;0;0m██              
                ██[38;2;189;189;181m████[38;2;0;0;0m██                
                  ██[38;2;255;255;255m██[38;2;0;0;0m██                
                  ████                  
[0m