          [38;2;0;0;0m████  ████████████                
          ██[38;2;173;173;197m██[38;2;0;0;0m██[38;2;181;74;90m██[38;2;65;65;65m████[38;2;123;115;132m████[38;2;173;173;197m██[38;2;0;0;0m████            
          ██[38;2;65;65;65m██[38;2;181;74;90m██[38;2;173;173;197m██[38;2;65;65;65m██[38;2;173;173;197m██[38;2;65;65;65m██[38;2;173;173;197m██[38;2;123;115;132m██[38;2;173;173;197m██[38;2;181;74;90m██[38;2;0;0;0m██████      
████    ██[38;2;140;140;165m██[38;2;173;173;197m████[38;2;181;74;90m████[38;2;65;65;65m██[38;2;173;173;197m██████[38;2;123;115;132m██[38;2;173;173;197m██[38;2;65;65;65m██[38;2;173;173;197m██[38;2;0;0;0m██      
██[38;2;173;173;197m██[38;2;0;0;0m██  ██[38;2;65;65;65m████[38;2;123;115;132m████[38;2;173;173;197m██████[38;2;140;140;165m████[38;2;123;115;132m██[38;2;140;140;165m██[38;2;173;173;197m██[38;2;0;0;0m██        
██[38;2;173;173;197m██[38;2;123;115;132m██[38;2;0;0;0m██[38;2;140;140;165m██[38;2;65;65;65m██[38;2;173;173;197m██[38;2;65;65;65m██[38;2;173;173;197m██[38;2;123;115;132m████[38;2;140;140;165m██[38;2;65;65;65m██████[38;2;140;140;165m████[38;2;123;115;132m██[38;2;0;0;0m██      
  ██[38;2;123;115;132m██[38;2;173;173;197m██[38;2;65;65;65m████[38;2;173;173;197m██[38;2;123;115;132m██[38;2;65;65;65m██[38;2;173;173;197m██[38;2;140;140;165m██[38;2;65;65;65m██[38;2;115;115;115m██████[38;2;65;65;65m██[38;2;123;115;132m██[38;2;140;140;165m██[38;2;0;0;0m██      
    ██[38;2;65;65;65m████[38;2;140;140;165m██[38;2;65;65;65m██[38;2;123;115;132m██[38;2;173;173;197m██[38;2;65;65;65m████[38;2;115;115;115m████[38;2;65;65;65m████[38;2;115;115;115m██[38;2;65;65;65m██[38;2;140;140;165m██[38;2;0;0;0m██      
      ██[38;2;181;74;90m██[38;2;173;173;197m██[38;2;181;74;90m██[38;2;65;65;65m████[38;2;140;140;165m██[38;2;65;65;65m██[38;2;115;115;115m██[38;2;65;65;65m██[38;2;123;115;132m████[38;2;65;65;65m████[38;2;140;140;165m██[38;2;0;0;0m██      
      ██[38;2;173;173;197m██[38;2;181;74;90m████[38;2;173;173;197m████[38;2;140;140;165m██[38;2;65;65;65m████[38;2;123;115;132m████[38;2;197;140;107m██[38;2;65;65;65m████[38;2;123;115;132m██[38;2;0;0;0m██      
      ██[38;2;123;115;132m██[38;2;173;173;197m██████[38;2;123;115;132m████[38;2;65;65;65m████[38;2;197;140;107m██[38;2;0;0;0m██[38;2;247;247;41m██[38;2;65;65;65m████[38;2;140;140;165m██[38;2;65;65;65m██[38;2;0;0;0m██    
        ██[38;2;123;115;132m██████[38;2;140;140;165m██████[38;2;65;65;65m████[38;2;247;247;41m██[38;2;197;140;107m██[38;2;65;65;65m██[38;2;140;140;165m████[38;2;65;65;65m██[38;2;173;173;197m██[38;2;0;0;0m██  
      ██[38;2;123;115;132m██[38;2;0;0;0m██[38;2;181;74;90m████[38;2;65;65;65m██[38;2;123;115;132m██[38;2;140;140;165m████[38;2;65;65;65m██████[38;2;140;140;165m████[38;2;65;65;65m██[38;2;0;0;0m██[38;2;123;115;132m██[38;2;173;173;197m██[38;2;0;0;0m██
      ██████[38;2;140;140;165m██[38;2;65;65;65m██[38;2;140;140;165m██[38;2;65;65;65m██[38;2;140;140;165m████[38;2;123;115;132m██[38;2;140;140;165m████[38;2;123;115;132m██[38;2;65;65;65m██[38;2;0;0;0m██  ██████
            ████[38;2;65;65;65m██[38;2;140;140;165m████[38;2;123;115;132m██[38;2;140;140;165m████[38;2;0;0;0m██[38;2;140;140;165m██[38;2;0;0;0m██          
                ████████████  ████          
[0m