                    [38;2;0;0;0m██████                        
                  ██[38;2;115;206;255m████[38;2;99;165;214m██[38;2;0;0;0m████                    
                ██[38;2;115;206;255m████████[38;2;99;165;214m██[38;2;66;123;156m██[38;2;0;0;0m██                  
                ██[38;2;99;165;214m██[38;2;115;206;255m████[38;2;99;165;214m██████[38;2;66;123;156m██[38;2;0;0;0m██                
                  ██[38;2;99;165;214m████████████[38;2;0;0;0m██                
                    ██[38;2;65;65;65m██[38;2;99;165;214m████████[38;2;115;206;255m██[38;2;0;0;0m██              
                ████[38;2;115;206;255m████[38;2;65;65;65m████[38;2;66;123;156m██[38;2;115;206;255m██████[38;2;0;0;0m██            
              ██[38;2;65;65;65m██[38;2;115;206;255m██████████████████[38;2;0;0;0m██            
            ██[38;2;115;206;255m██[38;2;0;0;0m████[38;2;115;206;255m██████████████████[38;2;0;0;0m██          
          ██[38;2;115;206;255m██[38;2;65;65;65m██[38;2;115;206;255m██[38;2;0;0;0m██[38;2;115;206;255m██████[38;2;65;65;65m██[38;2;0;0;0m██[38;2;115;206;255m██[38;2;66;123;156m██[38;2;115;206;255m████[38;2;0;0;0m██          
  ████████[38;2;115;206;255m████[38;2;65;65;65m██[38;2;115;206;255m████████[38;2;66;123;156m██[38;2;99;165;214m██[38;2;115;206;255m██[38;2;0;0;0m██[38;2;66;123;156m██[38;2;115;206;255m████[38;2;0;0;0m██          
██[38;2;115;206;255m████████████[38;2;0;0;0m██[38;2;65;65;65m██[38;2;115;206;255m██[38;2;65;65;65m██[38;2;115;206;255m██████████[38;2;66;123;156m██[38;2;115;206;255m██████[38;2;0;0;0m██        
  ██[38;2;115;206;255m████████[38;2;0;0;0m██  ██[38;2;65;65;65m██[38;2;214;90;90m██[38;2;65;65;65m██[38;2;115;206;255m██[38;2;65;65;65m██[38;2;115;206;255m██[38;2;65;65;65m██[38;2;99;165;214m██[38;2;65;65;65m██[38;2;115;206;255m████[38;2;0;0;0m██  ████  
    ████████    ██[38;2;99;165;214m██[38;2;214;90;90m████[38;2;65;65;65m██[38;2;214;90;90m██[38;2;65;65;65m██[38;2;214;90;90m██[38;2;99;165;214m██[38;2;65;65;65m██[38;2;115;206;255m██[38;2;99;165;214m██[38;2;0;0;0m████[38;2;65;65;65m████[38;2;0;0;0m██
                  ██[38;2;99;165;214m██[38;2;214;90;90m██[38;2;255;148;123m██████[38;2;99;165;214m██[38;2;0;0;0m████[38;2;99;165;214m████[38;2;0;0;0m██[38;2;65;65;65m██[38;2;0;0;0m████  
                    ██[38;2;65;65;65m██[38;2;255;148;123m████[38;2;65;65;65m██[38;2;0;0;0m██  ██[38;2;99;165;214m██████[38;2;0;0;0m██      
                  ██[38;2;115;206;255m████[38;2;99;165;214m██████[38;2;115;206;255m██[38;2;0;0;0m██  ██[38;2;99;165;214m██████[38;2;0;0;0m██    
                  ██[38;2;65;65;65m██[38;2;115;206;255m████████████[38;2;0;0;0m████[38;2;99;165;214m██████[38;2;0;0;0m██    
                    ██[38;2;115;206;255m██[38;2;65;65;65m██[38;2;66;123;156m██[38;2;115;206;255m██[38;2;65;65;65m████[38;2;0;0;0m██  ██[38;2;99;165;214m██[38;2;0;0;0m██      
                    ██[38;2;66;123;156m████[38;2;65;65;65m████[38;2;99;165;214m██[38;2;0;0;0m██      ██        
                      ████[38;2;99;165;214m████[38;2;65;65;65m██[38;2;0;0;0m██                
                          ██████                  
[0m