            [38;2;7;7;7m██                                  ██                          
          ██[38;2;231;165;33m██[38;2;7;7;7m██                              ██[38;2;231;165;33m██[38;2;7;7;7m██                        
  ██      ██[38;2;231;165;33m██[38;2;7;7;7m████                          ████[38;2;231;165;33m██[38;2;7;7;7m██      ██                
██[38;2;231;165;33m██[38;2;7;7;7m██      ██[38;2;231;165;33m██[38;2;7;7;7m████                      ████[38;2;231;165;33m██[38;2;7;7;7m██      ██[38;2;231;165;33m██[38;2;7;7;7m██              
██[38;2;231;165;33m██[38;2;7;7;7m██        ██[38;2;255;222;82m████[38;2;7;7;7m██                  ██[38;2;255;222;82m████[38;2;7;7;7m██        ██[38;2;231;165;33m██[38;2;7;7;7m██              
  ██[38;2;231;165;33m██[38;2;7;7;7m██        ██[38;2;255;222;82m██[38;2;66;66;66m██[38;2;7;7;7m████          ████[38;2;66;66;66m██[38;2;255;222;82m██[38;2;7;7;7m██        ██[38;2;231;165;33m██[38;2;7;7;7m██                
    ██[38;2;255;222;82m██[38;2;7;7;7m██        ████[38;2;255;222;82m██[38;2;231;165;33m██[38;2;7;7;7m██      ██[38;2;231;165;33m██[38;2;255;222;82m██[38;2;7;7;7m████        ██[38;2;255;222;82m██[38;2;7;7;7m██                  
    ██[38;2;231;165;33m██[38;2;255;222;82m██[38;2;7;7;7m██        ████[38;2;231;165;33m██[38;2;7;7;7m██      ██[38;2;231;165;33m██[38;2;7;7;7m████        ██[38;2;255;222;82m██[38;2;231;165;33m██[38;2;7;7;7m██                  
      ██[38;2;66;66;66m██[38;2;7;7;7m██          ██[38;2;231;165;33m██[38;2;7;7;7m██      ██[38;2;231;165;33m██[38;2;7;7;7m██          ██[38;2;66;66;66m██[38;2;7;7;7m██                    
      ██[38;2;231;165;33m██[38;2;255;222;82m██[38;2;7;7;7m██    [38;2;66;66;66m██[38;2;7;7;7m██[38;2;231;165;33m██[38;2;7;7;7m██          ██[38;2;231;165;33m██[38;2;7;7;7m██[38;2;66;66;66m██    [38;2;7;7;7m██[38;2;255;222;82m██[38;2;231;165;33m██[38;2;7;7;7m██                    
        ██[38;2;231;165;33m██[38;2;7;7;7m████[38;2;66;66;66m██[38;2;7;7;7m██[38;2;231;165;33m████[38;2;7;7;7m██          ██[38;2;231;165;33m████[38;2;7;7;7m██[38;2;66;66;66m██[38;2;7;7;7m████[38;2;231;165;33m██[38;2;7;7;7m██                      
        ██[38;2;231;165;33m██████[38;2;7;7;7m████[38;2;231;165;33m██████[38;2;7;7;7m██████████[38;2;231;165;33m██████[38;2;7;7;7m████[38;2;231;165;33m██████[38;2;7;7;7m██                      
          ████[38;2;231;165;33m██████[38;2;66;66;66m████[38;2;231;165;33m██[38;2;162;162;162m██[38;2;207;207;207m██████[38;2;162;162;162m██[38;2;231;165;33m██[38;2;66;66;66m████[38;2;231;165;33m██████[38;2;7;7;7m████                        
              ████[38;2;66;66;66m██[38;2;162;162;162m██[38;2;66;66;66m██[38;2;162;162;162m██[38;2;207;207;207m██████████[38;2;109;109;109m██[38;2;207;207;207m██[38;2;162;162;162m██[38;2;66;66;66m██[38;2;7;7;7m████                            
                ██[38;2;162;162;162m████[38;2;66;66;66m██[38;2;207;207;207m████████[38;2;109;109;109m████[38;2;207;207;207m██████[38;2;162;162;162m██[38;2;7;7;7m██                              
            ████[38;2;162;162;162m████[38;2;66;66;66m██[38;2;248;248;248m██[38;2;207;207;207m██████[38;2;109;109;109m██[38;2;248;248;248m████[38;2;162;162;162m██[38;2;207;207;207m████████[38;2;7;7;7m██                            
          ██[38;2;162;162;162m██████[38;2;66;66;66m████[38;2;109;109;109m██[38;2;207;207;207m██████[38;2;162;162;162m████[38;2;109;109;109m████[38;2;66;66;66m██[38;2;162;162;162m██[38;2;207;207;207m██████[38;2;7;7;7m████                        
            ████████[38;2;235;235;235m██[38;2;207;207;207m████████[38;2;7;7;7m██[38;2;248;248;248m████[38;2;162;162;162m██[38;2;109;109;109m██[38;2;66;66;66m██[38;2;7;7;7m██[38;2;162;162;162m██[38;2;207;207;207m██████[38;2;7;7;7m██                      
                  ████[38;2;207;207;207m██████[38;2;162;162;162m██[38;2;7;7;7m████[38;2;248;248;248m██[38;2;162;162;162m████[38;2;7;7;7m██  ████████                        
                ██[38;2;207;207;207m██[38;2;162;162;162m██[38;2;207;207;207m██████████████[38;2;162;162;162m██[38;2;66;66;66m██[38;2;7;7;7m██                        ████      
                ██[38;2;207;207;207m████[38;2;156;82;57m██[38;2;66;66;66m██[38;2;207;207;207m████████[38;2;162;162;162m██[38;2;66;66;66m██[38;2;207;207;207m██[38;2;7;7;7m██                    ████[38;2;235;235;235m██[38;2;7;7;7m██      
                ██[38;2;162;162;162m██[38;2;156;82;57m██████[38;2;66;66;66m██[38;2;207;207;207m████[38;2;162;162;162m████[38;2;66;66;66m██[38;2;207;207;207m████[38;2;7;7;7m██              ████[38;2;235;235;235m████████[38;2;7;7;7m██    
              ██[38;2;235;235;235m██[38;2;66;66;66m██[38;2;156;82;57m██████[38;2;66;66;66m██[38;2;162;162;162m██████[38;2;66;66;66m██[38;2;207;207;207m██████[38;2;7;7;7m██            ██[38;2;207;207;207m██[38;2;235;235;235m██████████[38;2;207;207;207m██[38;2;7;7;7m██  
              ██[38;2;235;235;235m████[38;2;66;66;66m██████[38;2;162;162;162m████[38;2;66;66;66m████[38;2;235;235;235m████[38;2;207;207;207m████[38;2;7;7;7m██        ████[38;2;66;66;66m██[38;2;235;235;235m██████████████[38;2;7;7;7m██  
              ██[38;2;235;235;235m████████[38;2;66;66;66m██████[38;2;235;235;235m████████[38;2;207;207;207m████[38;2;7;7;7m██  ██████[38;2;207;207;207m████[38;2;162;162;162m██[38;2;66;66;66m████[38;2;235;235;235m████████[38;2;207;207;207m████[38;2;7;7;7m██
              ██[38;2;235;235;235m██████████████████████[38;2;207;207;207m████[38;2;66;66;66m██[38;2;7;7;7m██[38;2;162;162;162m██[38;2;207;207;207m██████████████[38;2;66;66;66m██[38;2;235;235;235m████[38;2;207;207;207m██████[38;2;7;7;7m██
              ██[38;2;207;207;207m██[38;2;235;235;235m████████████████████[38;2;207;207;207m██[38;2;66;66;66m██[38;2;207;207;207m████████[38;2;235;235;235m████[38;2;207;207;207m████████[38;2;162;162;162m██[38;2;66;66;66m██[38;2;207;207;207m████████[38;2;7;7;7m██
                ██[38;2;235;235;235m██████████████████[38;2;207;207;207m████[38;2;66;66;66m██[38;2;207;207;207m██████████[38;2;235;235;235m████[38;2;207;207;207m████████[38;2;66;66;66m██[38;2;207;207;207m██████[38;2;7;7;7m██  
                ██[38;2;235;235;235m██████████████████[38;2;207;207;207m██[38;2;66;66;66m██[38;2;207;207;207m██████████████████[38;2;235;235;235m██[38;2;207;207;207m██████[38;2;66;66;66m██[38;2;207;207;207m██[38;2;109;109;109m██[38;2;7;7;7m██  
                ██[38;2;207;207;207m██[38;2;235;235;235m██████████████[38;2;207;207;207m██[38;2;66;66;66m██[38;2;207;207;207m████████████████████████████[38;2;66;66;66m██[38;2;7;7;7m████    
                  ██[38;2;207;207;207m████[38;2;235;235;235m██████[38;2;207;207;207m██████[38;2;66;66;66m██[38;2;162;162;162m██[38;2;207;207;207m████████████████[38;2;220;212;209m████[38;2;207;207;207m██[38;2;109;109;109m██[38;2;207;207;207m██[38;2;7;7;7m██        
                  ██[38;2;207;207;207m██████████████[38;2;66;66;66m██[38;2;220;212;209m██[38;2;162;162;162m██[38;2;207;207;207m██████[38;2;109;109;109m██[38;2;207;207;207m████[38;2;220;212;209m████[38;2;235;235;235m████[38;2;109;109;109m██[38;2;207;207;207m██████[38;2;7;7;7m██      
                ██[38;2;207;207;207m██[38;2;66;66;66m██[38;2;207;207;207m██████████[38;2;66;66;66m██[38;2;220;212;209m████[38;2;7;7;7m██[38;2;162;162;162m██[38;2;207;207;207m████[38;2;162;162;162m██[38;2;109;109;109m██[38;2;220;212;209m██[38;2;235;235;235m████[38;2;7;7;7m████[38;2;109;109;109m██[38;2;207;207;207m████[38;2;162;162;162m██[38;2;7;7;7m██      
                ██[38;2;207;207;207m██████████[38;2;66;66;66m████[38;2;220;212;209m████████[38;2;7;7;7m██[38;2;207;207;207m██████[38;2;109;109;109m██[38;2;220;212;209m██[38;2;7;7;7m████    ██[38;2;207;207;207m████[38;2;162;162;162m██[38;2;7;7;7m██      
                  ██[38;2;207;207;207m████[38;2;7;7;7m████[38;2;162;162;162m████[38;2;66;66;66m██████[38;2;7;7;7m██[38;2;162;162;162m██[38;2;207;207;207m████████[38;2;7;7;7m██        ██[38;2;207;207;207m██[38;2;162;162;162m██[38;2;207;207;207m██[38;2;7;7;7m████    
                    ████    ██[38;2;162;162;162m████████[38;2;7;7;7m██[38;2;162;162;162m██[38;2;207;207;207m████████[38;2;7;7;7m██          ██[38;2;207;207;207m████[38;2;238;237;213m████[38;2;7;7;7m██  
                              ██[38;2;207;207;207m████[38;2;7;7;7m████[38;2;162;162;162m████[38;2;207;207;207m████[38;2;162;162;162m██[38;2;7;7;7m██          ██[38;2;207;207;207m██[38;2;238;237;213m████[38;2;7;7;7m██    
                              ██[38;2;207;207;207m████[38;2;7;7;7m██  ██[38;2;162;162;162m██████[38;2;235;235;235m████[38;2;7;7;7m██        ██[38;2;207;207;207m██████[38;2;7;7;7m██    
                            ██[38;2;66;66;66m██[38;2;207;207;207m██[38;2;7;7;7m██      ██[38;2;207;207;207m██[38;2;235;235;235m████[38;2;7;7;7m██          ██[38;2;66;66;66m██[38;2;207;207;207m██[38;2;7;7;7m██      
                          ██[38;2;66;66;66m██████[38;2;7;7;7m██      ██[38;2;207;207;207m██████[38;2;7;7;7m██        ██[38;2;66;66;66m██████[38;2;7;7;7m██      
                            ██████        ██[38;2;66;66;66m██[38;2;207;207;207m██[38;2;7;7;7m██            ██████        
                                        ██[38;2;66;66;66m██████[38;2;7;7;7m██                          
                                          ██████                            
[0m