                [38;2;0;0;0m██████                      
                ██[38;2;115;115;115m████[38;2;0;0;0m██                    
              ████[38;2;115;115;115m██████[38;2;0;0;0m██                  
            ██[38;2;65;65;65m██[38;2;115;115;115m████████[38;2;0;0;0m██                  
          ██[38;2;115;115;115m██████[38;2;189;49;41m██[38;2;115;115;115m██████[38;2;0;0;0m██                
          ██[38;2;115;115;115m████[38;2;189;49;41m██████[38;2;115;115;115m██[38;2;65;65;65m██[38;2;0;0;0m██                
    ████  ██[38;2;115;115;115m████[38;2;230;74;41m██[38;2;0;0;0m██[38;2;230;74;41m██[38;2;65;65;65m██████[38;2;0;0;0m██              
  ██[38;2;115;115;115m████[38;2;0;0;0m██  ██[38;2;65;65;65m████[38;2;230;74;41m██[38;2;65;65;65m██[38;2;230;74;41m██[38;2;65;65;65m████[38;2;0;0;0m██              
██[38;2;115;115;115m██[38;2;65;65;65m████████[38;2;0;0;0m████[38;2;65;65;65m████████[38;2;0;0;0m████                
██[38;2;65;65;65m██████[38;2;0;0;0m████  ██[38;2;247;230;41m██████[38;2;65;65;65m████[38;2;115;115;115m██[38;2;0;0;0m████    ██████  
  ██████    ██[38;2;255;255;255m██[38;2;247;230;41m██[38;2;255;255;255m████[38;2;247;230;41m██[38;2;0;0;0m████[38;2;115;115;115m████[38;2;0;0;0m████[38;2;115;115;115m████[38;2;65;65;65m██[38;2;0;0;0m██
            ██[38;2;189;165;90m██[38;2;255;255;255m██[38;2;189;165;90m████[38;2;247;230;41m██[38;2;0;0;0m██  ██[38;2;65;65;65m████[38;2;115;115;115m████[38;2;65;65;65m████[38;2;0;0;0m██
            ██[38;2;189;165;90m██[38;2;255;255;255m██[38;2;189;165;90m██[38;2;247;230;41m████[38;2;0;0;0m██    ████[38;2;65;65;65m██████[38;2;0;0;0m██  
              ██[38;2;189;165;90m████[38;2;247;230;41m██[38;2;65;65;65m██[38;2;0;0;0m██        ██████    
                ██[38;2;65;65;65m████[38;2;0;0;0m██                    
                  ████                      
[0m