                                                                              [38;2;0;0;0m████              
                                                                        ██████[38;2;119;117;119m████[38;2;0;0;0m██            
                                              ████                    ██[38;2;95;97;95m██[38;2;117;117;117m██[38;2;117;118;117m████[38;2;0;0;0m██              
                                            ██[38;2;94;97;94m██[38;2;0;0;0m██              ████  ██[38;2;117;117;117m████[38;2;117;118;117m██[38;2;57;56;57m██[38;2;0;0;0m██              
                                  ██        ██[38;2;94;97;94m██[38;2;0;0;0m██            ██[38;2;106;107;94m██[38;2;0;0;0m██  ██[38;2;117;118;117m████[38;2;117;117;117m██[38;2;95;97;95m██[38;2;0;0;0m██              
                                ██[38;2;119;117;119m██[38;2;0;0;0m██    ██[38;2;94;97;94m██[38;2;0;0;0m██    ██      ██[38;2;106;107;94m██[38;2;0;0;0m██  ██[38;2;119;117;119m██[38;2;117;118;117m████[38;2;95;97;95m████[38;2;0;0;0m██              
                                [38;2;0;4;0m██[38;2;123;121;123m██[38;2;94;97;94m██[38;2;0;0;0m██  ██[38;2;90;93;90m██[38;2;0;0;0m██  ██[38;2;131;129;131m██[38;2;8;4;8m██  [38;2;0;0;0m██[38;2;106;107;95m██[38;2;57;56;57m██[38;2;60;62;60m██[38;2;0;0;0m██[38;2;95;97;95m████[38;2;119;117;119m████[38;2;0;0;0m████                
                              ██[38;2;123;121;123m██[38;2;82;82;82m██[38;2;94;97;94m██[38;2;0;0;0m██  ██[38;2;90;93;90m██[38;2;60;62;60m██[38;2;0;0;0m██[38;2;119;117;119m██[38;2;90;87;90m████[38;2;0;0;0m██[38;2;106;107;94m██[38;2;106;107;95m██[38;2;57;56;57m██[38;2;90;93;90m████[38;2;95;97;95m████[38;2;0;0;0m████                    
                              ██[38;2;117;117;117m██[38;2;95;97;95m██[38;2;94;97;94m████[38;2;0;0;0m██[38;2;60;62;60m██[38;2;57;56;57m██[38;2;255;85;82m██[38;2;57;56;57m██[38;2;115;117;115m██[38;2;95;97;95m████[38;2;54;55;60m██[38;2;101;102;95m██[38;2;57;56;57m██[38;2;94;97;94m██[38;2;95;97;95m████[38;2;94;97;94m██[38;2;0;0;0m██                        
                            ██[38;2;119;117;119m██[38;2;95;97;95m████[38;2;57;56;57m██[38;2;94;97;94m██[38;2;90;93;90m██[38;2;60;62;60m██[38;2;255;85;82m██[38;2;57;56;57m██[38;2;115;117;115m██[38;2;95;97;95m██████[38;2;101;102;95m██[38;2;54;55;60m██[38;2;94;97;94m████[38;2;95;97;95m████[38;2;94;97;94m██[38;2;0;0;0m██                        
                            ██[38;2;119;117;119m██[38;2;94;97;94m██[38;2;57;56;57m██[38;2;57;64;65m██[38;2;101;67;76m██[38;2;41;68;74m██[38;2;255;89;82m██[38;2;255;97;90m██[38;2;57;68;74m██[38;2;117;117;117m██[38;2;95;97;95m██[38;2;94;97;94m██[38;2;57;56;57m██[38;2;94;97;94m████[38;2;54;56;60m██[38;2;93;97;95m██[38;2;95;97;95m████████[38;2;0;0;0m██                      
      ████████      ██████  ██[38;2;119;117;119m██[38;2;94;97;94m██[38;2;57;56;57m██[38;2;189;72;98m██[38;2;57;64;65m██[38;2;112;75;76m██[38;2;255;89;82m██[38;2;57;68;74m██[38;2;123;78;79m██[38;2;95;97;95m████[38;2;57;56;57m██[38;2;94;97;94m████[38;2;189;60;90m██[38;2;54;56;60m████[38;2;117;117;117m██[38;2;95;97;95m██████[38;2;0;0;0m██                      
    ██[38;2;98;101;94m████████[38;2;0;0;0m██[38;2;0;8;8m████[38;2;95;95;98m████[38;2;120;55;68m██[38;2;0;12;8m██[38;2;57;56;57m██[38;2;117;118;117m██[38;2;57;56;57m██[38;2;189;60;90m██[38;2;189;72;98m██[38;2;57;64;65m██[38;2;254;84;79m████[38;2;57;56;57m██[38;2;117;118;117m██[38;2;101;102;95m██[38;2;54;55;60m██[38;2;95;95;98m████[38;2;255;85;82m██[38;2;193;60;90m██[38;2;189;60;90m██[38;2;57;56;57m██[38;2;117;118;117m████[38;2;49;60;65m██[38;2;180;89;106m██[38;2;123;56;53m██[38;2;0;20;16m██[38;2;0;0;0m████                
  ██[38;2;98;101;94m████[38;2;0;0;0m██[38;2;98;101;94m██████[38;2;82;36;35m██[38;2;246;93;90m██[38;2;255;85;82m████[38;2;180;76;98m████[38;2;57;56;57m██[38;2;117;118;117m██[38;2;57;56;57m██[38;2;189;60;90m██[38;2;57;64;65m██[38;2;101;67;76m██[38;2;254;84;79m████[38;2;57;56;57m██[38;2;117;118;117m██[38;2;54;55;60m██[38;2;101;102;95m██[38;2;255;85;82m██████[38;2;193;60;90m██[38;2;189;60;90m██[38;2;57;56;57m██[38;2;117;118;117m████[38;2;137;79;93m██[38;2;49;60;65m██[38;2;246;93;90m████[38;2;94;97;94m████[38;2;0;0;0m████            
  ██████  ██[38;2;82;48;46m████[38;2;94;97;94m██[38;2;65;64;65m██[38;2;254;84;79m████[38;2;255;85;82m██[38;2;193;60;90m██[38;2;57;64;65m██[38;2;101;67;76m██[38;2;49;72;74m██[38;2;189;64;90m██[38;2;57;56;57m██[38;2;94;97;94m██[38;2;255;85;82m██[38;2;95;95;98m██[38;2;57;56;57m██[38;2;117;118;117m██[38;2;32;60;82m██[38;2;153;190;197m██[38;2;255;85;82m████[38;2;94;97;94m████[38;2;95;97;95m██[38;2;57;56;57m██[38;2;117;118;117m██████[38;2;57;56;57m██[38;2;191;62;87m██[38;2;65;64;65m██[38;2;255;85;82m████[38;2;246;93;82m██[38;2;115;74;71m██[38;2;0;0;0m██          
            [38;2;0;24;24m██[38;2;246;97;90m██[38;2;65;64;65m████[38;2;254;84;79m████[38;2;255;85;82m████[38;2;189;72;98m██[38;2;57;64;65m██[38;2;189;64;90m██[38;2;95;70;79m██[38;2;57;56;57m██[38;2;94;97;94m██[38;2;255;85;82m██[38;2;95;95;98m██[38;2;57;56;57m████[38;2;213;255;255m██[38;2;153;190;197m██[38;2;255;85;82m██[38;2;95;95;98m██[38;2;189;60;90m████[38;2;57;56;57m██[38;2;115;117;115m██[38;2;117;118;117m██████[38;2;57;56;57m██[38;2;191;62;87m████[38;2;57;60;65m████[38;2;49;64;65m████[38;2;57;56;57m██          
          [38;2;0;0;0m██[38;2;65;64;65m████[38;2;255;85;82m████[38;2;254;84;79m████[38;2;255;85;82m████[38;2;94;97;94m████[38;2;120;55;68m██[38;2;180;76;98m██[38;2;57;58;60m██[38;2;115;116;120m██[38;2;95;97;95m██[38;2;117;117;117m██[38;2;65;109;115m████[38;2;82;198;238m██[38;2;180;64;49m██[38;2;120;66;76m██[38;2;180;89;106m██[38;2;54;56;60m████[38;2;95;97;95m██[38;2;117;117;117m██[38;2;117;118;117m████[38;2;49;80;74m██[38;2;189;72;98m██[38;2;95;97;95m██[38;2;57;56;57m████[38;2;123;121;115m██[38;2;117;117;117m██[38;2;95;97;95m██[38;2;94;97;94m██[38;2;57;56;57m██[38;2;0;0;0m██      
    ██████[38;2;94;97;94m██[38;2;106;107;94m████[38;2;65;64;65m██[38;2;255;85;82m██[38;2;254;84;79m████[38;2;255;85;82m██[38;2;95;95;98m██[38;2;189;60;90m████[38;2;180;76;98m██[38;2;0;12;8m██[38;2;0;0;0m██[38;2;57;58;60m██[38;2;117;117;117m████[38;2;255;85;82m████[38;2;148;109;112m████[38;2;0;20;16m██[38;2;60;43;46m██[38;2;93;97;95m██[38;2;54;56;60m██[38;2;117;117;117m████[38;2;117;118;117m██[38;2;57;56;57m██[38;2;95;78;82m████[38;2;57;56;57m██[38;2;115;117;115m██[38;2;101;99;95m████[38;2;95;97;95m████[38;2;57;56;57m██[38;2;94;97;94m████[38;2;0;0;0m██    
  ██[38;2;98;101;94m████[38;2;104;102;95m████[38;2;65;60;65m████[38;2;255;85;82m████[38;2;254;84;79m████████[38;2;191;62;90m████[38;2;0;0;0m██    ██[38;2;123;121;123m████[38;2;94;97;94m████[38;2;0;0;0m████  ██[38;2;94;97;94m████[38;2;119;117;119m████[38;2;94;97;94m██[38;2;57;56;57m██[38;2;94;97;94m██[38;2;189;60;90m████[38;2;57;56;57m██████[38;2;54;56;60m██[38;2;93;97;95m██[38;2;95;97;95m████[38;2;117;118;117m████[38;2;0;0;0m██  
██[38;2;94;97;94m██[38;2;98;101;94m██[38;2;0;0;0m██[38;2;0;0;8m██[38;2;52;51;52m██[38;2;255;85;82m██[38;2;65;60;65m██[38;2;65;64;65m████[38;2;254;84;79m████████[38;2;191;62;90m████[38;2;0;0;0m██  ██[38;2;119;117;119m██[38;2;82;82;82m██[38;2;0;4;0m██[38;2;0;0;0m████        ██████[38;2;119;117;119m██[38;2;57;56;57m██[38;2;94;97;94m██████[38;2;189;60;90m██████[38;2;57;56;57m██[38;2;54;56;60m████[38;2;57;56;57m██[38;2;115;117;115m██[38;2;117;118;117m████[38;2;0;0;0m██  
██[38;2;94;97;94m██[38;2;0;0;0m██    ██[38;2;65;64;65m██[38;2;106;107;94m██[38;2;153;79;71m██[38;2;76;49;43m██[38;2;255;85;82m████[38;2;255;72;90m██[38;2;191;68;84m██[38;2;189;60;90m██[38;2;0;0;0m██      ████                    ██[38;2;63;32;41m██[38;2;189;64;90m████[38;2;95;70;79m██[38;2;57;56;57m██████[38;2;115;117;115m████[38;2;95;97;95m██[38;2;94;97;94m██[38;2;57;56;57m██[38;2;117;117;117m██[38;2;95;97;95m██[38;2;94;97;94m██[38;2;0;0;0m██
██[38;2;94;97;94m██[38;2;0;0;0m██  ██[38;2;94;97;94m██[38;2;106;107;94m████[38;2;0;20;16m██[38;2;230;109;98m██[38;2;65;64;65m████[38;2;191;68;84m██[38;2;65;60;74m██[38;2;0;0;0m██                ████              [38;2;0;16;16m██[38;2;189;64;90m████[38;2;49;72;74m██[38;2;123;121;115m██[38;2;101;99;95m██[38;2;95;97;95m██████[38;2;57;56;57m████[38;2;94;97;94m██[38;2;95;97;95m████[38;2;94;97;94m██[38;2;0;0;0m██
  ██  ██[38;2;98;101;94m████[38;2;0;0;0m████  ██[38;2;106;107;94m████[38;2;0;0;0m████                [38;2;0;4;0m██[38;2;164;109;115m██[38;2;180;89;106m██[38;2;0;0;0m████      [38;2;0;8;0m████[38;2;189;60;90m████[38;2;57;52;57m██[38;2;189;68;79m██[38;2;57;56;57m██████[38;2;0;0;0m██[38;2;63;40;43m██[38;2;189;72;98m██[38;2;54;56;60m████[38;2;95;97;95m████[38;2;94;97;94m██[38;2;0;0;0m██
      ██[38;2;98;101;94m██[38;2;0;0;0m██    ██[38;2;94;97;94m██[38;2;106;107;94m██[38;2;0;0;0m██                  ██[38;2;164;109;115m██[38;2;82;56;57m██[38;2;180;89;106m████[38;2;189;60;90m██[38;2;0;0;0m██  ██[38;2;120;59;71m██[38;2;180;85;106m██[38;2;189;60;90m██[38;2;57;56;57m██[38;2;255;76;90m██[38;2;57;52;57m██[38;2;189;60;90m████[38;2;0;0;0m██  [38;2;0;24;16m██[38;2;63;40;43m██[38;2;54;56;60m██[38;2;93;97;95m██[38;2;95;97;95m████[38;2;94;97;94m██[38;2;0;0;0m██
      ██[38;2;94;97;94m██[38;2;0;0;0m██    ██[38;2;106;107;94m██[38;2;0;0;0m██                    ██[38;2;148;149;139m██[38;2;0;0;0m████[38;2;148;149;139m██[38;2;191;62;90m████[38;2;0;0;0m██[38;2;189;60;90m██████[38;2;57;56;57m██[38;2;197;194;189m██[38;2;255;76;90m██[38;2;189;68;79m██[38;2;65;48;49m████[38;2;54;53;54m██[38;2;0;0;8m██[38;2;57;56;57m██[38;2;101;99;95m██[38;2;115;117;115m██[38;2;95;97;95m██[38;2;60;62;60m██[38;2;90;93;90m██[38;2;0;0;0m██  
        ██      ██[38;2;106;107;94m██[38;2;0;0;0m██                      ██    ██[38;2;191;62;90m████[38;2;189;60;90m██[38;2;0;0;0m████[38;2;189;60;90m██[38;2;57;56;57m██[38;2;197;194;189m██[38;2;57;52;57m████[38;2;246;165;156m██[38;2;186;126;120m██[38;2;54;53;54m██[38;2;109;107;101m██[38;2;123;121;115m████[38;2;95;97;95m██[38;2;57;56;57m██[38;2;90;93;90m██[38;2;0;0;0m██    
                  ██                            ██[38;2;74;72;69m██[38;2;189;60;90m██[38;2;0;0;0m████    ████[38;2;57;56;57m██[38;2;189;60;90m██[38;2;57;56;57m██[38;2;230;182;180m██[38;2;115;28;49m██[38;2;189;60;90m██[38;2;0;0;0m████[38;2;57;56;57m████[38;2;94;97;94m████[38;2;0;0;0m██    
                                              ██[38;2;148;145;139m████[38;2;0;0;0m██            ██[38;2;189;60;90m██[38;2;57;56;57m██[38;2;153;79;93m████[38;2;0;0;0m██    ██[38;2;94;97;94m████[38;2;0;0;0m██      
                                                ████              ██[38;2;57;56;60m██[38;2;172;105;115m██[38;2;189;72;98m██[38;2;63;40;43m██[38;2;0;0;0m██  ██[38;2;94;97;94m██[38;2;65;64;65m██[38;2;0;0;0m██        
                                                            ██████[38;2;197;194;189m██[38;2;172;105;115m██[38;2;57;56;60m██[38;2;63;40;43m██[38;2;0;24;16m██    [38;2;0;0;0m██[38;2;94;97;94m██[38;2;0;0;0m██          
                                      ████          ████████[38;2;94;97;94m██[38;2;189;60;90m██[38;2;189;64;90m██[38;2;49;72;74m██[38;2;49;80;74m██[38;2;95;78;82m██[38;2;0;0;0m██        ██            
                                      ██[38;2;131;129;106m██[38;2;0;0;0m██    ████[38;2;255;85;82m████[38;2;189;60;90m██████[38;2;94;97;94m██[38;2;95;70;79m██[38;2;189;64;90m██[38;2;189;72;98m██[38;2;95;78;82m██[38;2;0;0;0m██                      
                                ██    ██[38;2;95;94;82m██[38;2;139;137;115m██[38;2;0;0;0m████[38;2;255;85;82m████[38;2;254;84;79m████[38;2;95;95;98m████[38;2;94;97;94m██[38;2;189;60;90m██[38;2;94;97;94m██[38;2;189;60;90m██[38;2;94;97;94m██[38;2;0;0;0m██                        
                              ██[38;2;131;129;106m██[38;2;0;0;0m██    [38;2;8;8;16m██[38;2;52;51;49m██[38;2;106;107;94m████[38;2;57;56;57m██[38;2;255;85;82m██[38;2;254;84;79m████[38;2;255;85;82m████[38;2;189;60;90m████[38;2;94;97;94m████[38;2;0;0;0m██                          
                              ██[38;2;94;97;94m██[38;2;0;0;0m██      ██[38;2;57;56;57m████[38;2;255;85;82m████[38;2;254;84;79m████████[38;2;255;85;82m██[38;2;193;60;90m██[38;2;94;97;94m██[38;2;0;0;0m██                            
                              ██[38;2;94;97;94m████[38;2;0;0;0m██████[38;2;94;97;94m██[38;2;106;107;95m████[38;2;57;56;57m██[38;2;255;85;82m██[38;2;254;84;79m████████[38;2;255;85;82m██[38;2;193;60;90m██[38;2;94;97;94m██[38;2;0;0;0m██                            
                                ██[38;2;94;97;94m██[38;2;54;58;63m██[38;2;93;95;84m██[38;2;94;97;94m████[38;2;57;56;57m████[38;2;189;60;90m████[38;2;49;64;65m██[38;2;255;97;82m██[38;2;49;68;65m██[38;2;246;105;90m██[38;2;189;60;90m██[38;2;94;97;94m██[38;2;0;0;0m██                              
                                  ██[38;2;131;133;106m██[38;2;54;58;63m██[38;2;57;56;57m████[38;2;106;107;95m████[38;2;57;56;57m████[38;2;117;75;71m██[38;2;49;64;65m██[38;2;148;87;78m██[38;2;49;68;65m██[38;2;94;97;94m████[38;2;0;0;0m██                              
                                  ██[38;2;63;63;54m██[38;2;126;126;109m██[38;2;90;93;90m████[38;2;0;0;0m██[38;2;57;56;57m██[38;2;57;56;65m██[38;2;106;109;98m██[38;2;106;107;95m██[38;2;57;56;57m██[38;2;139;137;115m██[38;2;52;51;49m██[38;2;0;0;0m████                                
                                    ████[38;2;60;62;60m██[38;2;0;0;0m██  ██[38;2;106;109;98m██[38;2;90;91;87m██[38;2;57;56;57m████[38;2;95;94;82m██[38;2;8;8;16m██                                    
                                        [38;2;0;0;0m██[38;2;131;133;115m██[38;2;8;4;8m██[38;2;49;48;43m██[38;2;94;97;94m████[38;2;0;0;0m██[38;2;57;56;57m██[38;2;94;97;94m██[38;2;0;0;0m██                                    
                                        ██[38;2;87;89;76m██[38;2;131;137;115m██[38;2;90;93;79m██[38;2;94;97;94m██[38;2;0;0;0m██  ████                                      
                                          ██[38;2;94;97;94m████[38;2;0;0;0m██                                              
                                            ████                                                
[0m