      [38;2;0;0;0m▄[38;2;0;0;0m[48;2;239;195;250m▀[0m[38;2;0;0;0m[48;2;239;195;250m▀[0m[38;2;0;0;0m▄   
   [38;2;0;0;0m▄[38;2;0;0;0m▄[38;2;0;0;0m[48;2;239;195;250m▀[0m[38;2;239;195;250m[48;2;239;195;250m▀[0m[38;2;239;195;250m[48;2;225;153;224m▀[0m[38;2;239;195;250m[48;2;200;128;199m▀[0m[38;2;0;0;0m[48;2;0;0;0m▀[0m   
  [38;2;0;0;0m[48;2;65;65;65m▀[0m[38;2;239;195;250m[48;2;239;195;250m▀[0m[38;2;65;65;65m[48;2;132;107;132m▀[0m[38;2;239;195;250m[48;2;200;128;199m▀[0m[38;2;200;128;199m[48;2;200;128;199m▀[0m[38;2;200;128;199m[48;2;200;128;199m▀[0m[38;2;200;128;199m[48;2;0;0;0m▀[0m[38;2;0;0;0m▀   
 [38;2;0;0;0m[48;2;0;0;0m▀[0m[38;2;239;195;250m[48;2;225;153;224m▀[0m[38;2;200;128;199m[48;2;200;128;199m▀[0m[38;2;200;128;199m[48;2;200;128;199m▀[0m[38;2;200;128;199m[48;2;132;107;132m▀[0m[38;2;200;128;199m[48;2;132;107;132m▀[0m[38;2;65;65;65m[48;2;239;195;250m▀[0m[38;2;65;65;65m[48;2;200;128;199m▀[0m[38;2;0;0;0m[48;2;200;128;199m▀[0m[38;2;0;0;0m▄  
 [38;2;0;0;0m[48;2;0;0;0m▀[0m[38;2;200;128;199m[48;2;200;128;199m▀[0m[38;2;200;128;199m[48;2;132;107;132m▀[0m[38;2;132;107;132m[48;2;245;212;255m▀[0m[38;2;239;195;250m[48;2;239;195;250m▀[0m[38;2;239;195;250m[48;2;239;195;250m▀[0m[38;2;239;195;250m[48;2;239;195;250m▀[0m[38;2;239;195;250m[48;2;239;195;250m▀[0m[38;2;200;128;199m[48;2;225;153;224m▀[0m[38;2;200;128;199m[48;2;200;128;199m▀[0m[38;2;0;0;0m[48;2;0;0;0m▀[0m 
 [38;2;65;65;65m[48;2;0;0;0m▀[0m[38;2;0;0;0m[48;2;245;212;255m▀[0m[38;2;245;212;255m[48;2;245;212;255m▀[0m[38;2;239;195;250m[48;2;239;195;250m▀[0m[38;2;239;195;250m[48;2;239;195;250m▀[0m[38;2;239;195;250m[48;2;239;195;250m▀[0m[38;2;200;128;199m[48;2;200;128;199m▀[0m[38;2;225;153;224m[48;2;200;128;199m▀[0m[38;2;239;195;250m[48;2;239;195;250m▀[0m[38;2;200;128;199m[48;2;0;0;0m▀[0m[38;2;0;0;0m▀ 
[38;2;0;0;0m▄[38;2;0;0;0m[48;2;245;212;255m▀[0m[38;2;245;212;255m[48;2;239;195;250m▀[0m[38;2;239;195;250m[48;2;239;195;250m▀[0m[38;2;239;195;250m[48;2;239;195;250m▀[0m[38;2;239;195;250m[48;2;16;201;84m▀[0m[38;2;16;201;84m[48;2;16;201;84m▀[0m[38;2;239;195;250m[48;2;239;195;250m▀[0m[38;2;200;128;199m[48;2;225;153;224m▀[0m[38;2;239;195;250m[48;2;239;195;250m▀[0m[38;2;200;128;199m[48;2;200;128;199m▀[0m[38;2;0;0;0m[48;2;0;0;0m▀[0m 
[38;2;0;0;0m[48;2;0;0;0m▀[0m[38;2;245;212;255m[48;2;239;195;250m▀[0m[38;2;239;195;250m[48;2;239;195;250m▀[0m[38;2;239;195;250m[48;2;239;195;250m▀[0m[38;2;16;201;84m[48;2;16;201;84m▀[0m[38;2;0;0;0m[48;2;248;193;79m▀[0m[38;2;255;255;255m[48;2;255;255;255m▀[0m[38;2;239;195;250m[48;2;239;195;250m▀[0m[38;2;239;195;250m[48;2;239;195;250m▀[0m[38;2;225;153;224m[48;2;200;128;199m▀[0m[38;2;200;128;199m[48;2;0;0;0m▀[0m[38;2;0;0;0m▀ 
 [38;2;0;0;0m▀[38;2;239;195;250m[48;2;0;0;0m▀[0m[38;2;239;195;250m[48;2;0;0;0m▀[0m[38;2;239;195;250m[48;2;239;195;250m▀[0m[38;2;255;255;255m[48;2;239;195;250m▀[0m[38;2;239;195;250m[48;2;239;195;250m▀[0m[38;2;239;195;250m[48;2;132;107;132m▀[0m[38;2;225;153;224m[48;2;132;107;132m▀[0m[38;2;65;65;65m[48;2;200;128;199m▀[0m[38;2;200;128;199m[48;2;200;128;199m▀[0m[38;2;0;0;0m[48;2;0;0;0m▀[0m 
    [38;2;0;0;0m[48;2;0;0;0m▀[0m[38;2;132;107;132m[48;2;200;128;199m▀[0m[38;2;132;107;132m[48;2;200;128;199m▀[0m[38;2;200;128;199m[48;2;132;107;132m▀[0m[38;2;200;128;199m[48;2;200;128;199m▀[0m[38;2;200;128;199m[48;2;200;128;199m▀[0m[38;2;200;128;199m[48;2;225;153;224m▀[0m[38;2;225;153;224m[48;2;239;195;250m▀[0m[38;2;0;0;0m[48;2;0;0;0m▀[0m
     [38;2;0;0;0m▀[38;2;225;153;224m[48;2;0;0;0m▀[0m[38;2;239;195;250m[48;2;0;0;0m▀[0m[38;2;0;0;0m▀[38;2;239;195;250m[48;2;0;0;0m▀[0m[38;2;239;195;250m[48;2;0;0;0m▀[0m[38;2;239;195;250m[48;2;0;0;0m▀[0m[38;2;0;0;0m▀
[0m