 [38;2;0;0;0m▄[38;2;0;0;0m[48;2;65;65;65m▀[0m[38;2;0;0;0m[48;2;123;123;123m▀[0m[38;2;0;0;0m▄               
 [38;2;0;0;0m[48;2;0;0;0m▀[0m[38;2;247;160;195m[48;2;65;65;65m▀[0m[38;2;247;160;195m[48;2;255;255;255m▀[0m[38;2;65;65;65m[48;2;106;125;255m▀[0m[38;2;0;0;0m[48;2;68;91;242m▀[0m[38;2;0;0;0m[48;2;255;213;229m▀[0m[38;2;0;0;0m[48;2;247;160;195m▀[0m[38;2;0;0;0m▄           
 [38;2;0;0;0m[48;2;0;0;0m▀[0m[38;2;68;91;242m[48;2;255;213;229m▀[0m[38;2;106;125;255m[48;2;68;91;242m▀[0m[38;2;106;125;255m[48;2;68;91;242m▀[0m[38;2;68;91;242m[48;2;255;213;229m▀[0m[38;2;255;213;229m[48;2;255;213;229m▀[0m[38;2;255;213;229m[48;2;255;213;229m▀[0m[38;2;247;160;195m[48;2;65;65;65m▀[0m[38;2;0;0;0m[48;2;123;123;123m▀[0m[38;2;0;0;0m[48;2;255;213;229m▀[0m[38;2;0;0;0m[48;2;123;123;123m▀[0m[38;2;0;0;0m▄       
[38;2;0;0;0m[48;2;0;0;0m▀[0m[38;2;255;255;255m[48;2;0;0;0m▀[0m[38;2;255;213;229m[48;2;255;213;229m▀[0m[38;2;255;213;229m[48;2;255;213;229m▀[0m[38;2;255;213;229m[48;2;255;213;229m▀[0m[38;2;255;213;229m[48;2;255;213;229m▀[0m[38;2;255;213;229m[48;2;255;213;229m▀[0m[38;2;255;213;229m[48;2;247;160;195m▀[0m[38;2;65;65;65m[48;2;191;104;140m▀[0m[38;2;123;123;123m[48;2;65;65;65m▀[0m[38;2;255;213;229m[48;2;247;160;195m▀[0m[38;2;65;65;65m[48;2;0;0;0m▀[0m[38;2;0;0;0m▀       
[38;2;0;0;0m[48;2;0;0;0m▀[0m[38;2;255;213;229m[48;2;255;213;229m▀[0m[38;2;255;213;229m[48;2;255;213;229m▀[0m[38;2;255;213;229m[48;2;255;213;229m▀[0m[38;2;255;255;255m[48;2;0;0;0m▀[0m[38;2;0;0;0m[48;2;0;0;0m▀[0m[38;2;255;213;229m[48;2;247;160;195m▀[0m[38;2;247;160;195m[48;2;247;160;195m▀[0m[38;2;247;160;195m[48;2;65;65;65m▀[0m[38;2;0;0;0m[48;2;0;0;0m▀[0m[38;2;0;0;0m▀         
[38;2;0;0;0m▀[38;2;247;160;195m[48;2;0;0;0m▀[0m[38;2;255;213;229m[48;2;65;65;65m▀[0m[38;2;255;213;229m[48;2;65;65;65m▀[0m[38;2;255;213;229m[48;2;65;65;65m▀[0m[38;2;255;213;229m[48;2;65;65;65m▀[0m[38;2;191;104;140m[48;2;65;65;65m▀[0m[38;2;65;65;65m[48;2;247;160;195m▀[0m[38;2;247;160;195m[48;2;65;65;65m▀[0m[38;2;0;0;0m[48;2;65;65;65m▀[0m[38;2;0;0;0m▄    [38;2;0;0;0m▄[38;2;0;0;0m[48;2;255;255;255m▀[0m[38;2;0;0;0m[48;2;106;125;255m▀[0m[38;2;0;0;0m▄ 
[38;2;0;0;0m▄[38;2;0;0;0m[48;2;247;160;195m▀[0m[38;2;247;160;195m[48;2;247;160;195m▀[0m[38;2;247;160;195m[48;2;247;160;195m▀[0m[38;2;247;160;195m[48;2;65;65;65m▀[0m[38;2;65;65;65m[48;2;255;255;255m▀[0m[38;2;65;65;65m[48;2;255;255;255m▀[0m[38;2;65;65;65m[48;2;247;160;195m▀[0m[38;2;65;65;65m[48;2;247;160;195m▀[0m[38;2;247;160;195m[48;2;247;160;195m▀[0m[38;2;0;0;0m[48;2;247;160;195m▀[0m[38;2;0;0;0m▄[38;2;0;0;0m▄  [38;2;0;0;0m▀[38;2;106;125;255m[48;2;0;0;0m▀[0m[38;2;68;91;242m[48;2;65;65;65m▀[0m[38;2;0;0;0m[48;2;0;0;0m▀[0m 
 [38;2;0;0;0m▀[38;2;0;0;0m▀[38;2;0;0;0m[48;2;0;0;0m▀[0m[38;2;191;104;140m[48;2;255;255;255m▀[0m[38;2;255;255;255m[48;2;255;255;255m▀[0m[38;2;255;255;255m[48;2;255;255;255m▀[0m[38;2;255;255;255m[48;2;255;255;255m▀[0m[38;2;247;160;195m[48;2;247;160;195m▀[0m[38;2;191;104;140m[48;2;247;160;195m▀[0m[38;2;255;213;229m[48;2;65;65;65m▀[0m[38;2;255;213;229m[48;2;255;213;229m▀[0m[38;2;247;160;195m[48;2;255;213;229m▀[0m[38;2;0;0;0m[48;2;255;213;229m▀[0m[38;2;0;0;0m▄  [38;2;0;0;0m[48;2;0;0;0m▀[0m[38;2;247;160;195m[48;2;65;65;65m▀[0m[38;2;0;0;0m[48;2;0;0;0m▀[0m
  [38;2;0;0;0m[48;2;0;0;0m▀[0m[38;2;247;160;195m[48;2;247;160;195m▀[0m[38;2;255;255;255m[48;2;189;189;189m▀[0m[38;2;255;255;255m[48;2;255;255;255m▀[0m[38;2;255;255;255m[48;2;255;255;255m▀[0m[38;2;255;255;255m[48;2;255;255;255m▀[0m[38;2;255;255;255m[48;2;255;255;255m▀[0m[38;2;247;160;195m[48;2;247;160;195m▀[0m[38;2;247;160;195m[48;2;247;160;195m▀[0m[38;2;65;65;65m[48;2;255;213;229m▀[0m[38;2;65;65;65m[48;2;191;104;140m▀[0m[38;2;0;0;0m[48;2;247;160;195m▀[0m[38;2;0;0;0m▄[38;2;0;0;0m▄[38;2;0;0;0m[48;2;65;65;65m▀[0m[38;2;247;160;195m[48;2;65;65;65m▀[0m[38;2;247;160;195m[48;2;247;160;195m▀[0m[38;2;0;0;0m[48;2;0;0;0m▀[0m
   [38;2;0;0;0m[48;2;0;0;0m▀[0m[38;2;191;104;140m[48;2;247;160;195m▀[0m[38;2;255;255;255m[48;2;191;104;140m▀[0m[38;2;255;255;255m[48;2;255;255;255m▀[0m[38;2;255;255;255m[48;2;255;255;255m▀[0m[38;2;255;255;255m[48;2;255;255;255m▀[0m[38;2;191;104;140m[48;2;191;104;140m▀[0m[38;2;255;213;229m[48;2;255;213;229m▀[0m[38;2;255;213;229m[48;2;255;213;229m▀[0m[38;2;255;213;229m[48;2;255;213;229m▀[0m[38;2;191;104;140m[48;2;191;104;140m▀[0m[38;2;247;160;195m[48;2;247;160;195m▀[0m[38;2;247;160;195m[48;2;247;160;195m▀[0m[38;2;247;160;195m[48;2;247;160;195m▀[0m[38;2;65;65;65m[48;2;247;160;195m▀[0m[38;2;0;0;0m[48;2;0;0;0m▀[0m 
  [38;2;0;0;0m▀[38;2;255;255;255m[48;2;0;0;0m▀[0m[38;2;255;213;229m[48;2;0;0;0m▀[0m[38;2;247;160;195m[48;2;0;0;0m▀[0m[38;2;0;0;0m▀[38;2;0;0;0m▀[38;2;189;189;189m[48;2;0;0;0m▀[0m[38;2;189;189;189m[48;2;0;0;0m▀[0m[38;2;191;104;140m[48;2;65;65;65m▀[0m[38;2;255;213;229m[48;2;247;160;195m▀[0m[38;2;247;160;195m[48;2;191;104;140m▀[0m[38;2;191;104;140m[48;2;247;160;195m▀[0m[38;2;247;160;195m[48;2;0;0;0m▀[0m[38;2;247;160;195m[48;2;0;0;0m▀[0m[38;2;0;0;0m▀[38;2;0;0;0m▀  
          [38;2;0;0;0m[48;2;0;0;0m▀[0m[38;2;255;213;229m[48;2;255;255;255m▀[0m[38;2;255;213;229m[48;2;247;160;195m▀[0m[38;2;0;0;0m[48;2;0;0;0m▀[0m      
           [38;2;0;0;0m▀[38;2;0;0;0m▀       
[0m