               [38;2;0;0;0m▄[38;2;0;0;0m[48;2;253;218;0m▀[0m[38;2;0;0;0m[48;2;252;217;0m▀[0m[38;2;0;0;0m[48;2;252;217;0m▀[0m[38;2;0;0;0m▄            
              [38;2;0;0;0m[48;2;0;0;0m▀[0m[38;2;253;218;0m[48;2;255;226;18m▀[0m[38;2;253;218;0m[48;2;210;123;46m▀[0m[38;2;252;217;0m[48;2;211;126;46m▀[0m[38;2;252;217;0m[48;2;253;218;0m▀[0m[38;2;253;218;0m[48;2;253;218;0m▀[0m[38;2;0;0;0m[48;2;0;0;0m▀[0m           
     [38;2;0;0;0m▄[38;2;0;0;0m▄[38;2;0;0;0m[48;2;252;217;0m▀[0m[38;2;0;0;0m[48;2;252;217;0m▀[0m[38;2;0;0;0m[48;2;253;218;0m▀[0m[38;2;0;0;0m▄    [38;2;74;0;0m[48;2;0;0;0m▀[0m[38;2;188;59;87m[48;2;189;60;90m▀[0m[38;2;191;63;87m[48;2;191;62;90m▀[0m[38;2;211;126;46m[48;2;191;62;90m▀[0m[38;2;253;218;0m[48;2;255;179;23m▀[0m[38;2;253;218;0m[48;2;253;218;0m▀[0m[38;2;0;0;0m[48;2;0;0;0m▀[0m          
   [38;2;0;0;0m▄[38;2;0;0;0m[48;2;253;218;0m▀[0m[38;2;253;218;0m[48;2;252;217;0m▀[0m[38;2;253;218;0m[48;2;252;217;0m▀[0m[38;2;252;217;0m[48;2;255;225;16m▀[0m[38;2;252;217;0m[48;2;185;101;36m▀[0m[38;2;253;218;0m[48;2;195;111;40m▀[0m[38;2;253;218;0m[48;2;253;218;0m▀[0m[38;2;0;0;0m[48;2;0;0;0m▀[0m    [38;2;0;0;0m[48;2;0;0;0m▀[0m[38;2;191;62;90m[48;2;255;113;74m▀[0m[38;2;191;62;90m[48;2;193;60;90m▀[0m[38;2;255;179;23m[48;2;248;168;23m▀[0m[38;2;253;218;0m[48;2;255;220;0m▀[0m[38;2;0;0;0m[48;2;0;0;0m▀[0m          
   [38;2;0;0;0m▀[38;2;253;218;0m[48;2;0;0;0m▀[0m[38;2;252;217;0m[48;2;0;0;0m▀[0m[38;2;252;217;0m[48;2;0;0;0m▀[0m[38;2;57;0;0m▀[38;2;158;29;57m[48;2;0;0;0m▀[0m[38;2;172;43;71m[48;2;255;113;74m▀[0m[38;2;253;218;0m[48;2;193;60;90m▀[0m[38;2;253;218;0m[48;2;253;218;0m▀[0m[38;2;0;0;0m[48;2;0;0;0m▀[0m   [38;2;0;0;0m[48;2;0;0;0m▀[0m[38;2;255;113;74m[48;2;230;97;82m▀[0m[38;2;193;60;90m[48;2;230;97;82m▀[0m[38;2;255;220;0m[48;2;253;218;0m▀[0m[38;2;0;0;8m[48;2;0;0;0m▀[0m           
        [38;2;0;0;0m▀[38;2;193;60;90m[48;2;24;0;0m▀[0m[38;2;193;60;90m[48;2;201;115;43m▀[0m[38;2;253;218;0m[48;2;253;218;0m▀[0m[38;2;0;0;0m[48;2;255;179;23m▀[0m[38;2;0;0;0m▄[38;2;0;0;0m▄[38;2;0;8;32m▄[38;2;0;0;0m[48;2;230;125;139m▀[0m[38;2;230;97;82m[48;2;191;63;87m▀[0m[38;2;253;218;0m[48;2;253;218;0m▀[0m[38;2;0;0;0m[48;2;0;0;0m▀[0m            
        [38;2;0;0;0m▄[38;2;24;0;0m[48;2;252;217;0m▀[0m[38;2;255;223;10m[48;2;252;217;0m▀[0m[38;2;253;218;0m[48;2;252;217;0m▀[0m[38;2;253;218;0m[48;2;252;217;0m▀[0m[38;2;253;218;0m[48;2;252;217;0m▀[0m[38;2;253;218;0m[48;2;252;217;0m▀[0m[38;2;217;183;33m[48;2;252;217;0m▀[0m[38;2;215;130;49m[48;2;252;217;0m▀[0m[38;2;211;126;46m[48;2;253;218;0m▀[0m[38;2;253;218;0m[48;2;0;0;0m▀[0m[38;2;0;0;0m▀            
      [38;2;0;0;0m▄[38;2;0;0;0m[48;2;0;0;0m▀[0m[38;2;255;255;255m[48;2;0;0;0m▀[0m[38;2;252;217;0m[48;2;253;218;0m▀[0m[38;2;252;217;0m[48;2;253;218;0m▀[0m[38;2;252;217;0m[48;2;252;217;0m▀[0m[38;2;252;217;0m[48;2;252;217;0m▀[0m[38;2;252;217;0m[48;2;255;255;255m▀[0m[38;2;252;217;0m[48;2;0;0;0m▀[0m[38;2;252;217;0m[48;2;252;217;0m▀[0m[38;2;252;217;0m[48;2;252;217;0m▀[0m[38;2;253;218;0m[48;2;252;217;0m▀[0m[38;2;253;218;0m[48;2;252;217;0m▀[0m[38;2;0;0;0m[48;2;0;0;0m▀[0m            
     [38;2;0;0;0m[48;2;0;0;0m▀[0m[38;2;253;218;0m[48;2;253;218;0m▀[0m[38;2;0;0;0m[48;2;252;217;0m▀[0m[38;2;253;218;0m[48;2;252;217;0m▀[0m[38;2;253;218;0m[48;2;253;218;0m▀[0m[38;2;226;139;11m[48;2;253;218;0m▀[0m[38;2;252;217;0m[48;2;253;218;0m▀[0m[38;2;252;217;0m[48;2;253;218;0m▀[0m[38;2;0;0;0m[48;2;0;0;8m▀[0m[38;2;0;0;0m[48;2;229;145;11m▀[0m[38;2;252;217;0m[48;2;252;217;0m▀[0m[38;2;252;217;0m[48;2;252;217;0m▀[0m[38;2;252;217;0m[48;2;252;217;0m▀[0m[38;2;252;217;0m[48;2;252;217;0m▀[0m[38;2;253;218;0m[48;2;253;218;0m▀[0m[38;2;0;0;0m[48;2;0;0;0m▀[0m           
   [38;2;24;12;0m▄[38;2;0;0;0m[48;2;43;53;68m▀[0m[38;2;253;218;0m[48;2;253;218;0m▀[0m[38;2;253;218;0m[48;2;255;255;255m▀[0m[38;2;252;217;0m[48;2;252;217;0m▀[0m[38;2;252;217;0m[48;2;252;217;0m▀[0m[38;2;65;64;65m[48;2;252;217;0m▀[0m[38;2;65;64;65m[48;2;252;217;0m▀[0m[38;2;65;64;65m[48;2;252;217;0m▀[0m[38;2;253;218;0m[48;2;252;217;0m▀[0m[38;2;255;220;0m[48;2;252;217;0m▀[0m[38;2;255;220;0m[48;2;252;217;0m▀[0m[38;2;252;217;0m[48;2;252;217;0m▀[0m[38;2;252;217;0m[48;2;252;217;0m▀[0m[38;2;252;217;0m[48;2;252;217;0m▀[0m[38;2;252;217;0m[48;2;252;217;0m▀[0m[38;2;253;218;0m[48;2;252;217;0m▀[0m[38;2;253;218;0m[48;2;252;217;0m▀[0m[38;2;0;0;0m[48;2;0;0;0m▀[0m     [38;2;0;0;0m▄[38;2;0;0;0m▄[38;2;0;0;0m▄  
[38;2;0;0;0m▄[38;2;0;0;0m[48;2;236;156;11m▀[0m[38;2;0;0;0m[48;2;236;156;11m▀[0m[38;2;241;167;11m[48;2;65;64;65m▀[0m[38;2;43;53;68m[48;2;236;157;11m▀[0m[38;2;253;218;0m[48;2;255;232;55m▀[0m[38;2;253;218;0m[48;2;255;255;255m▀[0m[38;2;252;217;0m[48;2;255;232;59m▀[0m[38;2;252;217;0m[48;2;253;218;0m▀[0m[38;2;252;217;0m[48;2;252;217;0m▀[0m[38;2;252;217;0m[48;2;252;217;0m▀[0m[38;2;252;217;0m[48;2;252;217;0m▀[0m[38;2;252;217;0m[48;2;252;217;0m▀[0m[38;2;252;217;0m[48;2;255;232;55m▀[0m[38;2;252;217;0m[48;2;255;255;255m▀[0m[38;2;252;217;0m[48;2;255;232;59m▀[0m[38;2;252;217;0m[48;2;253;218;0m▀[0m[38;2;252;217;0m[48;2;252;217;0m▀[0m[38;2;252;217;0m[48;2;252;217;0m▀[0m[38;2;252;217;0m[48;2;65;64;65m▀[0m[38;2;252;217;0m[48;2;253;218;0m▀[0m[38;2;0;0;0m[48;2;240;165;11m▀[0m[38;2;8;4;0m▄  [38;2;0;0;0m▄[38;2;0;0;0m[48;2;253;218;0m▀[0m[38;2;253;218;0m[48;2;255;255;255m▀[0m[38;2;253;218;0m[48;2;253;218;0m▀[0m[38;2;253;218;0m[48;2;253;218;0m▀[0m[38;2;0;0;0m[48;2;236;156;11m▀[0m[38;2;0;0;0m▄
[38;2;0;0;0m▀[38;2;236;156;11m[48;2;0;0;0m▀[0m[38;2;236;156;11m[48;2;0;0;0m▀[0m[38;2;65;64;65m[48;2;0;0;0m▀[0m[38;2;236;157;11m[48;2;236;157;11m▀[0m[38;2;255;255;255m[48;2;255;232;59m▀[0m[38;2;255;255;255m[48;2;255;255;254m▀[0m[38;2;255;255;254m[48;2;255;232;55m▀[0m[38;2;253;218;0m[48;2;253;218;0m▀[0m[38;2;252;217;0m[48;2;253;218;0m▀[0m[38;2;252;217;0m[48;2;255;255;255m▀[0m[38;2;252;217;0m[48;2;255;255;255m▀[0m[38;2;252;217;0m[48;2;253;218;0m▀[0m[38;2;255;255;255m[48;2;255;232;59m▀[0m[38;2;255;255;255m[48;2;255;255;254m▀[0m[38;2;255;255;254m[48;2;255;232;55m▀[0m[38;2;253;218;0m[48;2;253;218;0m▀[0m[38;2;252;217;0m[48;2;242;171;11m▀[0m[38;2;252;217;0m[48;2;247;211;0m▀[0m[38;2;253;218;0m[48;2;252;217;0m▀[0m[38;2;65;64;65m[48;2;252;217;0m▀[0m[38;2;65;64;65m[48;2;253;218;0m▀[0m[38;2;8;4;0m[48;2;236;156;11m▀[0m[38;2;0;0;0m▄ [38;2;0;0;0m[48;2;0;0;0m▀[0m[38;2;253;218;0m[48;2;236;157;11m▀[0m[38;2;253;218;0m[48;2;236;156;11m▀[0m[38;2;253;218;0m[48;2;236;156;11m▀[0m[38;2;236;156;11m[48;2;236;157;11m▀[0m[38;2;236;156;11m[48;2;236;157;11m▀[0m[38;2;0;0;0m[48;2;0;0;0m▀[0m
    [38;2;0;0;0m[48;2;0;0;0m▀[0m[38;2;253;218;0m[48;2;255;255;255m▀[0m[38;2;253;218;0m[48;2;252;217;0m▀[0m[38;2;253;218;0m[48;2;252;217;0m▀[0m[38;2;253;218;0m[48;2;252;217;0m▀[0m[38;2;253;218;0m[48;2;253;218;0m▀[0m[38;2;255;255;255m[48;2;253;218;0m▀[0m[38;2;255;255;255m[48;2;252;217;0m▀[0m[38;2;253;218;0m[48;2;252;217;0m▀[0m[38;2;253;218;0m[48;2;253;218;0m▀[0m[38;2;253;218;0m[48;2;255;255;255m▀[0m[38;2;253;218;0m[48;2;252;217;0m▀[0m[38;2;253;218;0m[48;2;252;217;0m▀[0m[38;2;247;211;0m[48;2;253;218;0m▀[0m[38;2;57;60;74m[48;2;253;218;0m▀[0m[38;2;252;217;0m[48;2;65;64;65m▀[0m[38;2;252;217;0m[48;2;65;64;65m▀[0m[38;2;253;218;0m[48;2;253;218;0m▀[0m[38;2;253;218;0m[48;2;253;218;0m▀[0m[38;2;253;218;0m[48;2;253;218;0m▀[0m[38;2;0;0;0m[48;2;0;0;0m▀[0m [38;2;0;0;0m▀[38;2;236;156;11m[48;2;0;0;0m▀[0m[38;2;236;156;11m[48;2;0;0;0m▀[0m[38;2;236;157;11m[48;2;0;0;0m▀[0m[38;2;0;0;0m▀ 
     [38;2;0;4;16m[48;2;0;0;0m▀[0m[38;2;255;255;255m[48;2;255;255;255m▀[0m[38;2;252;217;0m[48;2;255;255;255m▀[0m[38;2;252;217;0m[48;2;255;255;255m▀[0m[38;2;255;255;255m[48;2;255;255;255m▀[0m[38;2;255;255;255m[48;2;255;255;255m▀[0m[38;2;252;217;0m[48;2;255;255;255m▀[0m[38;2;252;217;0m[48;2;253;218;0m▀[0m[38;2;253;218;0m[48;2;253;218;0m▀[0m[38;2;253;218;0m[48;2;255;255;255m▀[0m[38;2;252;217;0m[48;2;255;253;237m▀[0m[38;2;252;217;0m[48;2;253;218;0m▀[0m[38;2;253;218;0m[48;2;191;198;202m▀[0m[38;2;191;198;202m[48;2;191;198;202m▀[0m[38;2;189;198;205m[48;2;189;198;205m▀[0m[38;2;189;198;205m[48;2;0;0;0m▀[0m[38;2;0;0;0m▀[38;2;0;0;0m▀[38;2;0;0;0m▀ [38;2;0;0;0m▄[38;2;0;0;0m[48;2;0;0;0m▀[0m[38;2;0;0;0m▀    
      [38;2;0;0;0m▀[38;2;255;255;255m[48;2;16;8;0m▀[0m[38;2;255;255;255m[48;2;35;49;68m▀[0m[38;2;255;255;255m[48;2;255;255;255m▀[0m[38;2;255;255;255m[48;2;255;255;255m▀[0m[38;2;255;255;255m[48;2;255;255;255m▀[0m[38;2;255;255;255m[48;2;255;255;255m▀[0m[38;2;255;255;255m[48;2;191;198;202m▀[0m[38;2;255;255;255m[48;2;191;198;202m▀[0m[38;2;191;198;202m[48;2;189;198;205m▀[0m[38;2;191;198;202m[48;2;189;198;205m▀[0m[38;2;191;198;202m[48;2;189;198;205m▀[0m[38;2;191;198;202m[48;2;0;0;0m▀[0m[38;2;0;0;0m[48;2;0;0;0m▀[0m[38;2;0;0;0m▄     [38;2;0;0;0m▀[38;2;0;0;0m[48;2;0;0;0m▀[0m[38;2;0;0;0m▄   
     [38;2;0;0;0m▄[38;2;0;0;0m[48;2;253;218;0m▀[0m[38;2;238;161;11m[48;2;255;220;0m▀[0m[38;2;238;161;11m[48;2;229;145;11m▀[0m[38;2;65;64;65m[48;2;236;157;11m▀[0m[38;2;65;64;65m[48;2;0;0;0m▀[0m[38;2;191;198;202m[48;2;0;0;0m▀[0m[38;2;191;198;202m[48;2;0;0;0m▀[0m[38;2;191;198;202m[48;2;0;0;0m▀[0m[38;2;191;198;202m[48;2;65;64;65m▀[0m[38;2;189;198;205m[48;2;65;64;65m▀[0m[38;2;65;64;65m[48;2;236;157;11m▀[0m[38;2;0;0;0m[48;2;0;0;0m▀[0m  [38;2;0;0;0m▀[38;2;0;0;0m[48;2;0;0;0m▀[0m[38;2;0;0;0m▄[38;2;0;0;0m▄[38;2;0;0;0m[48;2;0;0;0m▀[0m[38;2;0;0;0m▀[38;2;0;0;0m▀[38;2;0;0;0m▀[38;2;0;0;0m▀   
      [38;2;0;0;0m▀[38;2;0;0;8m▀[38;2;0;0;8m▀[38;2;0;0;0m▀    [38;2;0;0;0m[48;2;0;0;0m▀[0m[38;2;236;157;11m[48;2;253;218;0m▀[0m[38;2;236;157;11m[48;2;253;218;0m▀[0m[38;2;253;218;0m[48;2;253;218;0m▀[0m[38;2;0;0;0m[48;2;0;0;0m▀[0m   [38;2;0;0;0m▀[38;2;0;0;0m▀        
               [38;2;0;0;0m▀[38;2;0;0;0m▀[38;2;0;0;0m▀              
[0m