   [38;2;0;0;0m▄[38;2;0;0;0m[48;2;88;201;81m▀[0m[38;2;0;0;0m[48;2;56;169;49m▀[0m[38;2;0;0;0m▄  [38;2;0;0;0m▄[38;2;0;0;0m▄[38;2;0;0;0m▄   
  [38;2;0;0;0m[48;2;0;0;0m▀[0m[38;2;56;169;49m[48;2;56;169;49m▀[0m[38;2;189;90;115m[48;2;189;90;115m▀[0m[38;2;88;201;81m[48;2;56;169;49m▀[0m[38;2;0;0;0m[48;2;65;65;65m▀[0m[38;2;0;0;0m▄[38;2;0;0;0m[48;2;0;0;0m▀[0m[38;2;56;169;49m[48;2;247;107;140m▀[0m[38;2;132;245;125m[48;2;132;245;125m▀[0m[38;2;65;65;65m[48;2;56;169;49m▀[0m[38;2;0;0;0m[48;2;0;0;0m▀[0m  
  [38;2;0;0;0m▄[38;2;0;0;0m[48;2;255;255;255m▀[0m[38;2;56;169;49m[48;2;132;245;125m▀[0m[38;2;132;245;125m[48;2;132;245;125m▀[0m[38;2;132;245;125m[48;2;132;245;125m▀[0m[38;2;88;201;81m[48;2;132;245;125m▀[0m[38;2;65;65;65m[48;2;132;245;125m▀[0m[38;2;247;107;140m[48;2;56;169;49m▀[0m[38;2;132;245;125m[48;2;56;169;49m▀[0m[38;2;56;169;49m[48;2;0;0;0m▀[0m[38;2;0;0;0m▀  
 [38;2;0;0;0m▄[38;2;0;0;0m[48;2;132;245;125m▀[0m[38;2;65;65;65m[48;2;189;90;115m▀[0m[38;2;132;245;125m[48;2;247;107;140m▀[0m[38;2;132;245;125m[48;2;132;245;125m▀[0m[38;2;255;255;255m[48;2;0;0;0m▀[0m[38;2;56;169;49m[48;2;88;201;81m▀[0m[38;2;132;245;125m[48;2;132;245;125m▀[0m[38;2;132;245;125m[48;2;132;245;125m▀[0m[38;2;0;0;0m[48;2;0;0;0m▀[0m    
[38;2;0;0;0m▄[38;2;0;0;0m[48;2;132;245;125m▀[0m[38;2;132;245;125m[48;2;56;169;49m▀[0m[38;2;132;245;125m[48;2;132;245;125m▀[0m[38;2;132;245;125m[48;2;132;245;125m▀[0m[38;2;132;245;125m[48;2;132;245;125m▀[0m[38;2;132;245;125m[48;2;132;245;125m▀[0m[38;2;132;245;125m[48;2;132;245;125m▀[0m[38;2;255;255;255m[48;2;132;245;125m▀[0m[38;2;132;245;125m[48;2;132;245;125m▀[0m[38;2;132;245;125m[48;2;132;245;125m▀[0m[38;2;0;0;0m[48;2;0;0;0m▀[0m [38;2;0;0;0m▄[38;2;0;0;0m▄
[38;2;0;0;0m▀[38;2;88;201;81m[48;2;0;0;0m▀[0m[38;2;56;169;49m[48;2;0;0;0m▀[0m[38;2;132;245;125m[48;2;65;65;65m▀[0m[38;2;132;245;125m[48;2;132;245;125m▀[0m[38;2;132;245;125m[48;2;65;65;65m▀[0m[38;2;65;65;65m[48;2;132;245;125m▀[0m[38;2;132;245;125m[48;2;65;65;65m▀[0m[38;2;132;245;125m[48;2;132;245;125m▀[0m[38;2;132;245;125m[48;2;132;245;125m▀[0m[38;2;132;245;125m[48;2;0;0;0m▀[0m[38;2;0;0;0m▀[38;2;0;0;0m▀[38;2;0;0;0m[48;2;0;0;0m▀[0m[38;2;0;0;0m▀
  [38;2;0;0;0m▄[38;2;0;0;0m[48;2;65;65;65m▀[0m[38;2;65;65;65m[48;2;88;201;81m▀[0m[38;2;65;65;65m[48;2;88;201;81m▀[0m[38;2;132;245;125m[48;2;65;65;65m▀[0m[38;2;65;65;65m[48;2;88;201;81m▀[0m[38;2;65;65;65m[48;2;88;201;81m▀[0m[38;2;0;0;0m[48;2;65;65;65m▀[0m[38;2;0;0;0m▄ [38;2;0;0;0m▀[38;2;0;0;0m▄[38;2;0;0;0m▄
  [38;2;0;0;0m[48;2;0;0;0m▀[0m[38;2;88;201;81m[48;2;132;245;125m▀[0m[38;2;132;245;125m[48;2;132;245;125m▀[0m[38;2;132;245;125m[48;2;132;245;125m▀[0m[38;2;132;245;125m[48;2;132;245;125m▀[0m[38;2;88;201;81m[48;2;132;245;125m▀[0m[38;2;88;201;81m[48;2;88;201;81m▀[0m[38;2;88;201;81m[48;2;88;201;81m▀[0m[38;2;0;0;0m[48;2;0;0;0m▀[0m[38;2;0;0;0m▄[38;2;0;0;0m▀[38;2;0;0;0m▀ 
  [38;2;0;0;0m▀[38;2;65;65;65m[48;2;0;0;0m▀[0m[38;2;132;245;125m[48;2;0;0;0m▀[0m[38;2;132;245;125m[48;2;88;201;81m▀[0m[38;2;132;245;125m[48;2;88;201;81m▀[0m[38;2;88;201;81m[48;2;88;201;81m▀[0m[38;2;88;201;81m[48;2;0;0;0m▀[0m[38;2;65;65;65m[48;2;0;0;0m▀[0m[38;2;0;0;0m▀    
     [38;2;0;0;0m▀[38;2;0;0;0m▀[38;2;0;0;0m▀       
[0m