       [38;2;0;0;0m▄[38;2;0;0;0m[48;2;230;223;138m▀[0m[38;2;0;0;0m▄      
     [38;2;0;0;0m▄[38;2;0;0;0m[48;2;0;0;0m▀[0m[38;2;148;134;83m[48;2;230;223;138m▀[0m[38;2;230;223;138m[48;2;230;223;138m▀[0m[38;2;148;134;83m[48;2;230;223;138m▀[0m[38;2;0;0;0m[48;2;0;0;0m▀[0m[38;2;0;0;0m▄    
  [38;2;0;0;0m▄[38;2;0;0;0m[48;2;51;188;125m▀[0m[38;2;0;0;0m[48;2;230;223;138m▀[0m[38;2;230;223;138m[48;2;230;223;138m▀[0m[38;2;148;134;83m[48;2;230;223;138m▀[0m[38;2;192;181;101m[48;2;148;134;83m▀[0m[38;2;230;223;138m[48;2;148;134;83m▀[0m[38;2;192;181;101m[48;2;148;134;83m▀[0m[38;2;148;134;83m[48;2;230;223;138m▀[0m[38;2;230;223;138m[48;2;230;223;138m▀[0m[38;2;0;0;0m[48;2;230;223;138m▀[0m[38;2;0;0;0m▄  
 [38;2;0;0;0m▄[38;2;0;0;0m[48;2;192;181;101m▀[0m[38;2;96;220;176m[48;2;96;220;176m▀[0m[38;2;51;188;125m[48;2;51;188;125m▀[0m[38;2;230;223;138m[48;2;230;223;138m▀[0m[38;2;230;223;138m[48;2;51;188;125m▀[0m[38;2;230;223;138m[48;2;51;188;125m▀[0m[38;2;230;223;138m[48;2;51;188;125m▀[0m[38;2;230;223;138m[48;2;51;188;125m▀[0m[38;2;230;223;138m[48;2;230;223;138m▀[0m[38;2;230;223;138m[48;2;230;223;138m▀[0m[38;2;230;223;138m[48;2;230;223;138m▀[0m[38;2;0;0;0m[48;2;230;223;138m▀[0m[38;2;0;0;0m▄ 
 [38;2;0;0;0m[48;2;0;0;0m▀[0m[38;2;65;65;65m[48;2;192;181;101m▀[0m[38;2;96;220;176m[48;2;51;188;125m▀[0m[38;2;51;188;125m[48;2;96;220;176m▀[0m[38;2;51;188;125m[48;2;96;220;176m▀[0m[38;2;96;220;176m[48;2;148;134;83m▀[0m[38;2;96;220;176m[48;2;148;134;83m▀[0m[38;2;96;220;176m[48;2;148;134;83m▀[0m[38;2;96;220;176m[48;2;51;188;125m▀[0m[38;2;51;188;125m[48;2;96;220;176m▀[0m[38;2;230;223;138m[48;2;51;188;125m▀[0m[38;2;230;223;138m[48;2;230;223;138m▀[0m[38;2;230;223;138m[48;2;192;181;101m▀[0m[38;2;0;0;0m[48;2;0;0;0m▀[0m 
[38;2;0;0;0m[48;2;0;0;0m▀[0m[38;2;148;134;83m[48;2;148;134;83m▀[0m[38;2;65;65;65m[48;2;0;0;0m▀[0m[38;2;51;188;125m[48;2;192;181;101m▀[0m[38;2;96;220;176m[48;2;65;65;65m▀[0m[38;2;65;65;65m[48;2;192;181;101m▀[0m[38;2;230;223;138m[48;2;65;65;65m▀[0m[38;2;230;223;138m[48;2;65;65;65m▀[0m[38;2;230;223;138m[48;2;65;65;65m▀[0m[38;2;230;223;138m[48;2;65;65;65m▀[0m[38;2;51;188;125m[48;2;148;134;83m▀[0m[38;2;51;188;125m[48;2;192;181;101m▀[0m[38;2;148;134;83m[48;2;192;181;101m▀[0m[38;2;0;0;0m[48;2;0;0;0m▀[0m  
[38;2;0;0;0m▀[38;2;0;0;0m▀ [38;2;0;0;0m[48;2;0;0;0m▀[0m[38;2;65;65;65m[48;2;192;181;101m▀[0m[38;2;65;65;65m[48;2;51;188;125m▀[0m[38;2;192;181;101m[48;2;65;65;65m▀[0m[38;2;192;181;101m[48;2;65;65;65m▀[0m[38;2;192;181;101m[48;2;65;65;65m▀[0m[38;2;148;134;83m[48;2;65;65;65m▀[0m[38;2;192;181;101m[48;2;65;65;65m▀[0m[38;2;65;65;65m[48;2;230;223;138m▀[0m[38;2;0;0;0m[48;2;0;0;0m▀[0m   
   [38;2;0;0;0m▀[38;2;51;188;125m[48;2;0;0;0m▀[0m[38;2;230;223;138m[48;2;192;181;101m▀[0m[38;2;96;220;176m[48;2;192;181;101m▀[0m[38;2;96;220;176m[48;2;51;188;125m▀[0m[38;2;230;223;138m[48;2;96;220;176m▀[0m[38;2;230;223;138m[48;2;96;220;176m▀[0m[38;2;230;223;138m[48;2;65;65;65m▀[0m[38;2;230;223;138m[48;2;230;223;138m▀[0m[38;2;230;223;138m[48;2;230;223;138m▀[0m[38;2;0;0;0m[48;2;230;223;138m▀[0m[38;2;0;0;0m▄ 
    [38;2;0;0;0m▀[38;2;65;65;65m[48;2;0;0;0m▀[0m[38;2;51;188;125m[48;2;65;65;65m▀[0m[38;2;192;181;101m[48;2;148;134;83m▀[0m[38;2;192;181;101m[48;2;65;65;65m▀[0m[38;2;65;65;65m[48;2;0;0;0m▀[0m[38;2;0;0;0m▀[38;2;0;0;0m▀[38;2;230;223;138m[48;2;0;0;0m▀[0m[38;2;230;223;138m[48;2;230;223;138m▀[0m[38;2;0;0;0m[48;2;230;223;138m▀[0m[38;2;0;0;0m▄
     [38;2;0;0;0m▀[38;2;192;181;101m[48;2;0;0;0m▀[0m[38;2;192;181;101m[48;2;148;134;83m▀[0m[38;2;192;181;101m[48;2;0;0;0m▀[0m[38;2;0;0;0m▀  [38;2;0;0;0m▀[38;2;230;223;138m[48;2;0;0;0m▀[0m[38;2;230;223;138m[48;2;0;0;0m▀[0m[38;2;0;0;0m▀
       [38;2;0;0;0m▀        
[0m