         [38;2;0;0;0m▄[38;2;0;0;0m▄   [38;2;0;0;0m▄[38;2;0;0;0m[48;2;132;140;156m▀[0m[38;2;0;0;0m[48;2;132;140;156m▀[0m[38;2;0;0;0m▄       
[38;2;0;0;0m▄[38;2;0;0;0m▄[38;2;0;0;0m[48;2;0;0;0m▀[0m[38;2;0;0;0m[48;2;0;0;0m▀[0m[38;2;0;0;0m▄  [38;2;0;0;0m[48;2;0;0;0m▀[0m[38;2;0;0;0m[48;2;0;0;0m▀[0m[38;2;0;0;0m▀[38;2;0;0;0m▀[38;2;0;0;0m[48;2;0;0;0m▀[0m [38;2;0;0;0m▄[38;2;0;0;0m[48;2;132;140;156m▀[0m[38;2;132;140;156m[48;2;132;140;156m▀[0m[38;2;132;140;156m[48;2;132;140;156m▀[0m[38;2;0;0;0m[48;2;0;0;0m▀[0m       
[38;2;0;0;0m▀[38;2;0;0;0m▀  [38;2;0;0;0m▀[38;2;0;0;0m[48;2;0;0;0m▀[0m[38;2;0;0;0m▄    [38;2;0;0;0m[48;2;0;0;0m▀[0m [38;2;0;0;0m[48;2;0;0;0m▀[0m[38;2;132;140;156m[48;2;132;140;156m▀[0m[38;2;132;140;156m[48;2;132;140;156m▀[0m[38;2;132;140;156m[48;2;132;140;156m▀[0m[38;2;0;0;0m[48;2;0;0;0m▀[0m   [38;2;0;0;0m▄[38;2;0;0;0m▄[38;2;0;0;0m▄ 
      [38;2;0;0;0m[48;2;0;0;0m▀[0m[38;2;0;0;0m▄[38;2;0;0;0m[48;2;124;230;36m▀[0m[38;2;0;0;0m[48;2;124;230;36m▀[0m[38;2;0;0;0m[48;2;65;65;65m▀[0m[38;2;0;0;0m[48;2;0;0;0m▀[0m [38;2;0;0;0m[48;2;0;0;0m▀[0m[38;2;132;140;156m[48;2;132;140;156m▀[0m[38;2;132;140;156m[48;2;132;140;156m▀[0m[38;2;0;0;0m[48;2;0;0;0m▀[0m [38;2;0;0;0m▄[38;2;0;0;0m[48;2;255;255;255m▀[0m[38;2;0;0;0m[48;2;165;173;247m▀[0m[38;2;255;255;255m[48;2;255;255;255m▀[0m[38;2;255;255;255m[48;2;255;255;255m▀[0m[38;2;255;255;255m[48;2;255;255;255m▀[0m[38;2;0;0;0m[48;2;0;0;0m▀[0m
    [38;2;0;0;0m▄[38;2;0;0;0m[48;2;54;121;242m▀[0m[38;2;124;230;36m[48;2;124;230;36m▀[0m[38;2;65;65;65m[48;2;124;230;36m▀[0m[38;2;124;230;36m[48;2;124;230;36m▀[0m[38;2;65;65;65m[48;2;65;65;65m▀[0m[38;2;65;65;65m[48;2;124;230;36m▀[0m[38;2;124;230;36m[48;2;124;230;36m▀[0m[38;2;0;0;0m[48;2;124;230;36m▀[0m[38;2;65;65;65m[48;2;65;65;65m▀[0m[38;2;132;140;156m[48;2;132;140;156m▀[0m[38;2;0;0;0m[48;2;65;65;65m▀[0m[38;2;0;0;0m▄[38;2;0;0;0m[48;2;165;173;247m▀[0m[38;2;255;255;255m[48;2;165;173;247m▀[0m[38;2;165;173;247m[48;2;255;255;255m▀[0m[38;2;165;173;247m[48;2;255;255;255m▀[0m[38;2;165;173;247m[48;2;255;255;255m▀[0m[38;2;165;173;247m[48;2;0;0;0m▀[0m[38;2;0;0;0m▀ 
   [38;2;0;0;0m▄[38;2;0;0;0m[48;2;65;65;65m▀[0m[38;2;255;255;255m[48;2;54;121;242m▀[0m[38;2;124;230;36m[48;2;124;230;36m▀[0m[38;2;124;230;36m[48;2;124;230;36m▀[0m[38;2;124;230;36m[48;2;124;230;36m▀[0m[38;2;124;230;36m[48;2;124;230;36m▀[0m[38;2;124;230;36m[48;2;27;94;215m▀[0m[38;2;124;230;36m[48;2;27;94;215m▀[0m[38;2;124;230;36m[48;2;124;230;36m▀[0m[38;2;110;184;31m[48;2;110;184;31m▀[0m[38;2;65;65;65m[48;2;110;184;31m▀[0m[38;2;65;65;65m[48;2;65;65;65m▀[0m[38;2;255;255;255m[48;2;255;255;255m▀[0m[38;2;255;255;255m[48;2;65;65;65m▀[0m[38;2;255;255;255m[48;2;65;65;65m▀[0m[38;2;165;173;247m[48;2;65;65;65m▀[0m[38;2;65;65;65m[48;2;165;173;247m▀[0m[38;2;0;0;0m[48;2;165;173;247m▀[0m[38;2;0;0;0m▄  
 [38;2;0;0;0m▄[38;2;0;0;0m[48;2;165;173;247m▀[0m[38;2;165;173;247m[48;2;165;173;247m▀[0m[38;2;65;65;65m[48;2;165;173;247m▀[0m[38;2;54;121;242m[48;2;65;65;65m▀[0m[38;2;124;230;36m[48;2;124;230;36m▀[0m[38;2;124;230;36m[48;2;124;230;36m▀[0m[38;2;124;230;36m[48;2;124;230;36m▀[0m[38;2;27;94;215m[48;2;27;94;215m▀[0m[38;2;255;255;255m[48;2;27;94;215m▀[0m[38;2;27;94;215m[48;2;54;121;242m▀[0m[38;2;27;94;215m[48;2;54;121;242m▀[0m[38;2;65;65;65m[48;2;65;65;65m▀[0m[38;2;110;184;31m[48;2;110;184;31m▀[0m[38;2;110;184;31m[48;2;110;184;31m▀[0m[38;2;65;65;65m[48;2;65;65;65m▀[0m[38;2;165;173;247m[48;2;65;65;65m▀[0m[38;2;165;173;247m[48;2;165;173;247m▀[0m[38;2;132;140;156m[48;2;132;140;156m▀[0m[38;2;132;140;156m[48;2;165;173;247m▀[0m[38;2;132;140;156m[48;2;0;0;0m▀[0m[38;2;0;0;0m▀  
[38;2;0;0;0m[48;2;0;0;0m▀[0m[38;2;165;173;247m[48;2;0;0;0m▀[0m[38;2;165;173;247m[48;2;0;0;0m▀[0m[38;2;0;0;0m▀[38;2;0;0;0m▀[38;2;0;0;0m▀[38;2;110;184;31m[48;2;0;0;0m▀[0m[38;2;124;230;36m[48;2;110;184;31m▀[0m[38;2;124;230;36m[48;2;110;184;31m▀[0m[38;2;27;94;215m[48;2;110;184;31m▀[0m[38;2;27;94;215m[48;2;0;0;0m▀[0m[38;2;54;121;242m[48;2;0;0;0m▀[0m[38;2;65;65;65m[48;2;110;184;31m▀[0m[38;2;110;184;31m[48;2;110;184;31m▀[0m[38;2;0;0;0m[48;2;0;0;0m▀[0m[38;2;0;0;0m[48;2;0;0;0m▀[0m[38;2;115;115;90m[48;2;0;0;0m▀[0m[38;2;115;115;90m[48;2;110;184;31m▀[0m[38;2;0;0;0m[48;2;0;0;0m▀[0m[38;2;0;0;0m▀[38;2;0;0;0m▀    
       [38;2;0;0;0m▀[38;2;0;0;0m▀[38;2;0;0;0m[48;2;0;0;0m▀[0m[38;2;0;0;0m[48;2;0;0;0m▀[0m[38;2;0;0;0m▄[38;2;0;0;0m[48;2;0;0;0m▀[0m[38;2;115;115;90m[48;2;110;184;31m▀[0m[38;2;115;115;90m[48;2;0;0;0m▀[0m[38;2;0;0;0m[48;2;0;0;0m▀[0m[38;2;0;0;0m[48;2;0;0;0m▀[0m[38;2;110;184;31m[48;2;115;115;90m▀[0m[38;2;115;115;90m[48;2;115;115;90m▀[0m[38;2;0;0;0m[48;2;0;0;0m▀[0m     
         [38;2;0;0;0m▄[38;2;0;0;0m[48;2;255;255;255m▀[0m[38;2;255;255;255m[48;2;255;255;255m▀[0m[38;2;255;255;255m[48;2;165;173;247m▀[0m[38;2;0;0;0m[48;2;165;173;247m▀[0m[38;2;0;0;0m[48;2;0;0;0m▀[0m[38;2;110;184;31m[48;2;115;115;90m▀[0m[38;2;0;0;0m[48;2;0;0;0m▀[0m[38;2;0;0;0m[48;2;0;0;0m▀[0m[38;2;0;0;0m▀      
        [38;2;0;0;0m[48;2;0;0;0m▀[0m[38;2;255;255;255m[48;2;0;0;0m▀[0m[38;2;165;173;247m[48;2;0;0;0m▀[0m[38;2;165;173;247m[48;2;0;0;0m▀[0m[38;2;165;173;247m[48;2;0;0;0m▀[0m[38;2;0;0;0m▀[38;2;0;0;0m▀[38;2;0;0;0m▀[38;2;0;0;0m▀[38;2;0;0;0m[48;2;0;0;0m▀[0m[38;2;0;0;0m[48;2;0;0;0m▀[0m[38;2;0;0;0m▄[38;2;0;0;0m▄    
                    [38;2;0;0;0m▀    
[0m