       [38;2;0;0;0m▄[38;2;0;0;0m[48;2;113;234;138m▀[0m[38;2;0;0;0m[48;2;62;183;87m▀[0m[38;2;0;0;0m▄          
      [38;2;0;0;0m[48;2;0;0;0m▀[0m[38;2;113;234;138m[48;2;113;234;138m▀[0m[38;2;62;183;87m[48;2;113;234;138m▀[0m[38;2;113;234;138m[48;2;113;234;138m▀[0m[38;2;0;0;0m[48;2;0;0;0m▀[0m       [38;2;0;0;0m▄[38;2;0;0;0m▄ 
      [38;2;0;0;0m[48;2;0;0;0m▀[0m[38;2;62;183;87m[48;2;255;74;70m▀[0m[38;2;62;183;87m[48;2;255;74;70m▀[0m[38;2;113;234;138m[48;2;65;65;65m▀[0m[38;2;65;65;65m[48;2;255;74;70m▀[0m[38;2;0;0;0m[48;2;211;222;222m▀[0m[38;2;0;0;0m[48;2;243;247;247m▀[0m[38;2;0;0;0m▄[38;2;0;0;0m▄[38;2;0;0;0m▄ [38;2;0;0;0m[48;2;0;0;0m▀[0m[38;2;113;234;138m[48;2;113;234;138m▀[0m[38;2;113;234;138m[48;2;243;247;247m▀[0m[38;2;0;0;0m[48;2;0;0;0m▀[0m
     [38;2;0;0;0m▄[38;2;0;0;0m[48;2;255;74;70m▀[0m[38;2;255;74;70m[48;2;255;74;70m▀[0m[38;2;65;65;65m[48;2;65;65;65m▀[0m[38;2;255;74;70m[48;2;255;143;126m▀[0m[38;2;255;74;70m[48;2;246;230;131m▀[0m[38;2;255;74;70m[48;2;255;143;126m▀[0m[38;2;255;74;70m[48;2;255;74;70m▀[0m[38;2;243;247;247m[48;2;65;65;65m▀[0m[38;2;211;222;222m[48;2;65;65;65m▀[0m[38;2;243;247;247m[48;2;255;74;70m▀[0m[38;2;0;0;0m[48;2;255;74;70m▀[0m[38;2;113;234;138m[48;2;255;74;70m▀[0m[38;2;243;247;247m[48;2;113;234;138m▀[0m[38;2;0;0;0m[48;2;243;247;247m▀[0m[38;2;0;0;0m▄
    [38;2;0;0;0m▄[38;2;0;0;0m[48;2;243;247;247m▀[0m[38;2;243;247;247m[48;2;243;247;247m▀[0m[38;2;255;74;70m[48;2;255;74;70m▀[0m[38;2;255;143;126m[48;2;246;230;131m▀[0m[38;2;246;230;131m[48;2;62;183;87m▀[0m[38;2;62;183;87m[48;2;113;234;138m▀[0m[38;2;246;230;131m[48;2;62;183;87m▀[0m[38;2;62;183;87m[48;2;211;222;222m▀[0m[38;2;243;247;247m[48;2;65;65;65m▀[0m[38;2;65;65;65m[48;2;243;247;247m▀[0m[38;2;212;31;27m[48;2;212;31;27m▀[0m[38;2;255;74;70m[48;2;246;230;131m▀[0m[38;2;255;74;70m[48;2;113;234;138m▀[0m[38;2;113;234;138m[48;2;0;0;0m▀[0m[38;2;113;234;138m[48;2;0;0;0m▀[0m[38;2;0;0;0m▀
   [38;2;0;0;0m▄[38;2;0;0;0m[48;2;255;74;70m▀[0m[38;2;243;247;247m[48;2;255;74;70m▀[0m[38;2;255;74;70m[48;2;255;74;70m▀[0m[38;2;255;74;70m[48;2;255;74;70m▀[0m[38;2;246;230;131m[48;2;246;230;131m▀[0m[38;2;62;183;87m[48;2;65;65;65m▀[0m[38;2;113;234;138m[48;2;65;65;65m▀[0m[38;2;65;65;65m[48;2;243;247;247m▀[0m[38;2;65;65;65m[48;2;255;255;255m▀[0m[38;2;255;74;70m[48;2;255;74;70m▀[0m[38;2;212;31;27m[48;2;255;74;70m▀[0m[38;2;246;230;131m[48;2;65;65;65m▀[0m[38;2;65;65;65m[48;2;113;234;138m▀[0m[38;2;0;0;0m[48;2;62;183;87m▀[0m[38;2;0;0;0m▄  
  [38;2;0;0;0m▄[38;2;0;0;0m[48;2;243;247;247m▀[0m[38;2;243;247;247m[48;2;243;247;247m▀[0m[38;2;255;143;126m[48;2;243;247;247m▀[0m[38;2;255;74;70m[48;2;243;247;247m▀[0m[38;2;246;230;131m[48;2;246;230;131m▀[0m[38;2;246;230;131m[48;2;246;230;131m▀[0m[38;2;255;255;255m[48;2;246;230;131m▀[0m[38;2;255;74;70m[48;2;255;255;255m▀[0m[38;2;212;31;27m[48;2;255;255;255m▀[0m[38;2;255;255;255m[48;2;255;74;70m▀[0m[38;2;255;74;70m[48;2;255;74;70m▀[0m[38;2;65;65;65m[48;2;65;65;65m▀[0m[38;2;113;234;138m[48;2;211;222;222m▀[0m[38;2;62;183;87m[48;2;0;0;0m▀[0m[38;2;113;234;138m[48;2;0;0;0m▀[0m[38;2;0;0;0m▀  
[38;2;0;0;0m▄[38;2;0;0;0m[48;2;255;74;70m▀[0m[38;2;212;31;27m[48;2;255;74;70m▀[0m[38;2;243;247;247m[48;2;212;31;27m▀[0m[38;2;212;31;27m[48;2;255;74;70m▀[0m[38;2;212;31;27m[48;2;255;74;70m▀[0m[38;2;243;247;247m[48;2;212;31;27m▀[0m[38;2;243;247;247m[48;2;212;31;27m▀[0m[38;2;243;247;247m[48;2;212;31;27m▀[0m[38;2;246;230;131m[48;2;246;230;131m▀[0m[38;2;255;74;70m[48;2;246;230;131m▀[0m[38;2;255;74;70m[48;2;255;74;70m▀[0m[38;2;255;74;70m[48;2;255;74;70m▀[0m[38;2;255;74;70m[48;2;255;143;126m▀[0m[38;2;246;230;131m[48;2;0;0;0m▀[0m[38;2;0;0;0m▀     
[38;2;0;0;0m▀[38;2;212;31;27m[48;2;0;0;0m▀[0m[38;2;197;197;197m[48;2;255;74;70m▀[0m[38;2;255;74;70m[48;2;255;255;255m▀[0m[38;2;255;74;70m[48;2;197;197;197m▀[0m[38;2;255;74;70m[48;2;255;255;255m▀[0m[38;2;255;74;70m[48;2;212;31;27m▀[0m[38;2;255;74;70m[48;2;212;31;27m▀[0m[38;2;212;31;27m[48;2;243;247;247m▀[0m[38;2;246;230;131m[48;2;246;230;131m▀[0m[38;2;246;230;131m[48;2;246;230;131m▀[0m[38;2;246;230;131m[48;2;0;0;0m▀[0m[38;2;246;230;131m[48;2;0;0;0m▀[0m[38;2;0;0;0m▀       
  [38;2;0;0;0m▀[38;2;255;74;70m[48;2;0;0;0m▀[0m[38;2;255;74;70m[48;2;0;0;0m▀[0m[38;2;212;31;27m[48;2;0;0;0m▀[0m[38;2;0;0;0m▀[38;2;0;0;0m▀[38;2;0;0;0m▀[38;2;0;0;0m▀[38;2;0;0;0m▀          
[0m