        [38;2;0;0;0m▄[38;2;0;0;0m[48;2;107;137;156m▀[0m[38;2;0;0;0m[48;2;0;0;0m▀[0m     
       [38;2;0;0;0m[48;2;0;0;0m▀[0m[38;2;107;137;156m[48;2;65;65;65m▀[0m[38;2;107;137;156m[48;2;65;65;65m▀[0m[38;2;0;0;0m[48;2;0;0;0m▀[0m     
      [38;2;0;0;0m▄[38;2;0;0;0m[48;2;107;137;156m▀[0m[38;2;107;137;156m[48;2;65;65;65m▀[0m[38;2;107;137;156m[48;2;65;65;65m▀[0m[38;2;0;0;0m[48;2;107;137;156m▀[0m[38;2;0;0;0m▄    
    [38;2;0;0;0m▄[38;2;0;0;0m[48;2;255;156;148m▀[0m[38;2;0;0;0m[48;2;255;156;148m▀[0m[38;2;65;65;65m[48;2;214;115;123m▀[0m[38;2;107;137;156m[48;2;65;65;65m▀[0m[38;2;107;137;156m[48;2;65;65;65m▀[0m[38;2;65;65;65m[48;2;214;115;123m▀[0m[38;2;0;0;0m[48;2;255;156;148m▀[0m[38;2;0;0;0m▄   
  [38;2;0;0;0m▄[38;2;0;0;0m[48;2;255;156;148m▀[0m[38;2;255;156;148m[48;2;255;156;148m▀[0m[38;2;255;156;148m[48;2;65;65;65m▀[0m[38;2;255;156;148m[48;2;65;65;65m▀[0m[38;2;255;156;148m[48;2;65;65;65m▀[0m[38;2;255;156;148m[48;2;214;115;123m▀[0m[38;2;255;156;148m[48;2;255;156;148m▀[0m[38;2;255;156;148m[48;2;255;156;148m▀[0m[38;2;255;156;148m[48;2;255;156;148m▀[0m[38;2;255;156;148m[48;2;255;156;148m▀[0m[38;2;0;0;0m[48;2;255;156;148m▀[0m[38;2;0;0;0m▄ 
 [38;2;0;0;0m▄[38;2;0;0;0m[48;2;255;156;148m▀[0m[38;2;255;156;148m[48;2;65;65;65m▀[0m[38;2;65;65;65m[48;2;255;206;58m▀[0m[38;2;107;137;156m[48;2;65;65;65m▀[0m[38;2;107;137;156m[48;2;107;137;156m▀[0m[38;2;107;137;156m[48;2;107;137;156m▀[0m[38;2;65;65;65m[48;2;107;137;156m▀[0m[38;2;65;65;65m[48;2;255;206;58m▀[0m[38;2;255;156;148m[48;2;65;65;65m▀[0m[38;2;255;156;148m[48;2;255;156;148m▀[0m[38;2;255;156;148m[48;2;255;156;148m▀[0m[38;2;255;156;148m[48;2;255;156;148m▀[0m[38;2;0;0;0m[48;2;255;156;148m▀[0m[38;2;0;0;0m▄
 [38;2;0;0;0m[48;2;0;0;0m▀[0m[38;2;255;156;148m[48;2;255;156;148m▀[0m[38;2;65;65;65m[48;2;181;82;90m▀[0m[38;2;107;137;156m[48;2;0;0;0m▀[0m[38;2;0;0;0m[48;2;107;137;156m▀[0m[38;2;65;65;65m[48;2;107;137;156m▀[0m[38;2;107;137;156m[48;2;107;137;156m▀[0m[38;2;107;137;156m[48;2;107;137;156m▀[0m[38;2;0;0;0m[48;2;255;206;58m▀[0m[38;2;189;165;66m[48;2;107;137;156m▀[0m[38;2;65;65;65m[48;2;65;65;65m▀[0m[38;2;255;156;148m[48;2;255;156;148m▀[0m[38;2;255;156;148m[48;2;255;156;148m▀[0m[38;2;255;156;148m[48;2;0;0;0m▀[0m[38;2;0;0;0m▀
 [38;2;0;0;0m▀[38;2;255;156;148m[48;2;0;0;0m▀[0m[38;2;181;82;90m[48;2;255;156;148m▀[0m[38;2;255;156;148m[48;2;255;156;148m▀[0m[38;2;0;0;0m[48;2;181;82;90m▀[0m[38;2;65;65;65m[48;2;255;156;148m▀[0m[38;2;107;137;156m[48;2;65;65;65m▀[0m[38;2;107;137;156m[48;2;65;65;65m▀[0m[38;2;107;137;156m[48;2;65;65;65m▀[0m[38;2;65;65;65m[48;2;255;156;148m▀[0m[38;2;255;156;148m[48;2;181;82;90m▀[0m[38;2;255;156;148m[48;2;255;156;148m▀[0m[38;2;255;156;148m[48;2;255;156;148m▀[0m[38;2;181;82;90m[48;2;214;115;123m▀[0m[38;2;0;0;0m[48;2;0;0;0m▀[0m
 [38;2;0;0;0m▄[38;2;0;0;0m[48;2;65;65;65m▀[0m[38;2;65;65;65m[48;2;189;189;189m▀[0m[38;2;214;115;123m[48;2;65;65;65m▀[0m[38;2;255;156;148m[48;2;255;156;148m▀[0m[38;2;255;156;148m[48;2;255;156;148m▀[0m[38;2;255;156;148m[48;2;255;156;148m▀[0m[38;2;255;156;148m[48;2;255;156;148m▀[0m[38;2;181;82;90m[48;2;181;82;90m▀[0m[38;2;255;156;148m[48;2;255;156;148m▀[0m[38;2;181;82;90m[48;2;255;156;148m▀[0m[38;2;255;156;148m[48;2;214;115;123m▀[0m[38;2;214;115;123m[48;2;214;115;123m▀[0m[38;2;181;82;90m[48;2;0;0;0m▀[0m[38;2;0;0;0m▀
[38;2;0;0;0m[48;2;0;0;0m▀[0m[38;2;65;65;65m[48;2;189;189;189m▀[0m[38;2;189;189;189m[48;2;65;65;65m▀[0m[38;2;65;65;65m[48;2;0;0;0m▀[0m[38;2;181;82;90m[48;2;65;65;65m▀[0m[38;2;214;115;123m[48;2;214;115;123m▀[0m[38;2;255;156;148m[48;2;214;115;123m▀[0m[38;2;255;156;148m[48;2;214;115;123m▀[0m[38;2;214;115;123m[48;2;214;115;123m▀[0m[38;2;214;115;123m[48;2;65;65;65m▀[0m[38;2;65;65;65m[48;2;189;189;189m▀[0m[38;2;181;82;90m[48;2;65;65;65m▀[0m[38;2;214;115;123m[48;2;0;0;0m▀[0m[38;2;0;0;0m▀  
[38;2;0;0;0m▀[38;2;0;0;0m▀[38;2;0;0;0m▀ [38;2;0;0;0m▀[38;2;214;115;123m[48;2;0;0;0m▀[0m[38;2;214;115;123m[48;2;214;115;123m▀[0m[38;2;214;115;123m[48;2;214;115;123m▀[0m[38;2;214;115;123m[48;2;214;115;123m▀[0m[38;2;214;115;123m[48;2;0;0;0m▀[0m[38;2;65;65;65m[48;2;0;0;0m▀[0m[38;2;189;189;189m[48;2;65;65;65m▀[0m[38;2;65;65;65m[48;2;189;189;189m▀[0m[38;2;0;0;0m[48;2;0;0;0m▀[0m  
      [38;2;0;0;0m▀[38;2;0;0;0m▀[38;2;0;0;0m▀  [38;2;0;0;0m▀[38;2;0;0;0m▀[38;2;0;0;0m▀  
[0m