   [38;2;0;0;0m▄[38;2;0;0;0m▄  [38;2;0;0;0m▄[38;2;0;0;0m▄[38;2;0;0;0m[48;2;65;65;65m▀[0m[38;2;0;0;0m[48;2;187;68;62m▀[0m[38;2;0;0;0m[48;2;0;0;0m▀[0m     
  [38;2;0;0;0m[48;2;0;0;0m▀[0m[38;2;140;69;49m[48;2;140;69;49m▀[0m[38;2;0;0;0m[48;2;0;0;0m▀[0m [38;2;0;0;0m[48;2;0;0;0m▀[0m[38;2;187;68;62m[48;2;187;68;62m▀[0m[38;2;65;65;65m[48;2;101;64;51m▀[0m[38;2;187;68;62m[48;2;187;68;62m▀[0m[38;2;140;69;49m[48;2;101;64;51m▀[0m[38;2;65;65;65m[48;2;187;68;62m▀[0m[38;2;0;0;0m[48;2;0;0;0m▀[0m    
  [38;2;0;0;0m▀[38;2;140;69;49m[48;2;0;0;0m▀[0m[38;2;65;65;65m[48;2;187;68;62m▀[0m[38;2;0;0;0m[48;2;187;68;62m▀[0m[38;2;187;68;62m[48;2;187;68;62m▀[0m[38;2;140;69;49m[48;2;187;68;62m▀[0m[38;2;101;64;51m[48;2;187;68;62m▀[0m[38;2;101;64;51m[48;2;140;69;49m▀[0m[38;2;187;68;62m[48;2;140;69;49m▀[0m[38;2;0;0;0m[48;2;0;0;0m▀[0m[38;2;0;0;0m▄[38;2;0;0;0m[48;2;187;68;62m▀[0m[38;2;0;0;0m[48;2;187;68;62m▀[0m[38;2;0;0;0m[48;2;0;0;0m▀[0m 
  [38;2;0;0;0m[48;2;0;0;0m▀[0m[38;2;187;68;62m[48;2;187;68;62m▀[0m[38;2;187;68;62m[48;2;101;64;51m▀[0m[38;2;187;68;62m[48;2;101;64;51m▀[0m[38;2;187;68;62m[48;2;101;64;51m▀[0m[38;2;187;68;62m[48;2;187;68;62m▀[0m[38;2;187;68;62m[48;2;187;68;62m▀[0m[38;2;187;68;62m[48;2;187;68;62m▀[0m[38;2;101;64;51m[48;2;187;68;62m▀[0m[38;2;187;68;62m[48;2;187;68;62m▀[0m[38;2;187;68;62m[48;2;101;64;51m▀[0m[38;2;187;68;62m[48;2;0;0;0m▀[0m[38;2;0;0;0m▀  
 [38;2;0;0;0m[48;2;0;0;0m▀[0m[38;2;140;69;49m[48;2;86;55;44m▀[0m[38;2;101;64;51m[48;2;255;255;255m▀[0m[38;2;120;85;56m[48;2;120;85;56m▀[0m[38;2;120;85;56m[48;2;120;85;56m▀[0m[38;2;120;85;56m[48;2;233;171;109m▀[0m[38;2;101;64;51m[48;2;233;171;109m▀[0m[38;2;101;64;51m[48;2;233;171;109m▀[0m[38;2;187;68;62m[48;2;101;64;51m▀[0m[38;2;140;69;49m[48;2;187;68;62m▀[0m[38;2;101;64;51m[48;2;187;68;62m▀[0m[38;2;0;0;0m[48;2;187;68;62m▀[0m[38;2;0;0;0m▄   
[38;2;0;0;0m▄[38;2;0;0;0m[48;2;140;69;49m▀[0m[38;2;86;55;44m[48;2;0;0;0m▀[0m[38;2;0;0;0m[48;2;233;171;109m▀[0m[38;2;233;171;109m[48;2;249;225;59m▀[0m[38;2;233;171;109m[48;2;249;225;59m▀[0m[38;2;233;171;109m[48;2;233;171;109m▀[0m[38;2;255;255;255m[48;2;0;0;0m▀[0m[38;2;233;171;109m[48;2;233;171;109m▀[0m[38;2;233;171;109m[48;2;120;85;56m▀[0m[38;2;140;69;49m[48;2;86;55;44m▀[0m[38;2;187;68;62m[48;2;187;68;62m▀[0m[38;2;187;68;62m[48;2;140;69;49m▀[0m[38;2;0;0;0m[48;2;0;0;0m▀[0m   
[38;2;0;0;0m▀[38;2;0;0;0m▀ [38;2;0;0;0m▀[38;2;197;163;58m[48;2;0;0;0m▀[0m[38;2;197;163;58m[48;2;0;0;0m▀[0m[38;2;233;171;109m[48;2;233;171;109m▀[0m[38;2;233;171;109m[48;2;233;171;109m▀[0m[38;2;120;85;56m[48;2;233;171;109m▀[0m[38;2;120;85;56m[48;2;86;55;44m▀[0m[38;2;86;55;44m[48;2;140;69;49m▀[0m[38;2;65;65;65m[48;2;0;0;0m▀[0m[38;2;0;0;0m[48;2;187;68;62m▀[0m[38;2;0;0;0m▄   
  [38;2;0;0;0m▄[38;2;0;0;0m[48;2;98;70;50m▀[0m[38;2;65;65;65m[48;2;98;70;50m▀[0m[38;2;98;70;50m[48;2;65;65;65m▀[0m[38;2;65;65;65m[48;2;233;171;109m▀[0m[38;2;204;135;81m[48;2;233;171;109m▀[0m[38;2;86;55;44m[48;2;65;65;65m▀[0m[38;2;65;65;65m[48;2;120;85;56m▀[0m[38;2;0;0;0m[48;2;65;65;65m▀[0m[38;2;0;0;0m▄[38;2;0;0;0m▀[38;2;0;0;0m▀[38;2;0;0;0m▄[38;2;0;0;0m▄[38;2;0;0;0m▄
  [38;2;0;0;0m▀[38;2;98;70;50m[48;2;0;0;0m▀[0m[38;2;65;65;65m[48;2;65;65;65m▀[0m[38;2;233;171;109m[48;2;233;171;109m▀[0m[38;2;233;171;109m[48;2;233;171;109m▀[0m[38;2;233;171;109m[48;2;233;171;109m▀[0m[38;2;65;65;65m[48;2;233;171;109m▀[0m[38;2;120;85;56m[48;2;65;65;65m▀[0m[38;2;120;85;56m[48;2;120;85;56m▀[0m[38;2;98;70;50m[48;2;120;85;56m▀[0m[38;2;0;0;0m[48;2;65;65;65m▀[0m[38;2;0;0;0m[48;2;187;68;62m▀[0m[38;2;249;225;59m[48;2;140;69;49m▀[0m[38;2;249;225;59m[48;2;0;0;0m▀[0m[38;2;0;0;0m▀
  [38;2;0;0;0m▀[38;2;181;181;181m[48;2;0;0;0m▀[0m[38;2;204;135;81m[48;2;0;0;0m▀[0m[38;2;65;65;65m[48;2;0;0;0m▀[0m[38;2;233;171;109m[48;2;0;0;0m▀[0m[38;2;233;171;109m[48;2;65;65;65m▀[0m[38;2;120;85;56m[48;2;204;135;81m▀[0m[38;2;65;65;65m[48;2;233;171;109m▀[0m[38;2;120;85;56m[48;2;65;65;65m▀[0m[38;2;98;70;50m[48;2;65;65;65m▀[0m[38;2;65;65;65m[48;2;0;0;0m▀[0m[38;2;0;0;0m▀[38;2;0;0;0m▀  
       [38;2;0;0;0m▀[38;2;255;255;255m[48;2;0;0;0m▀[0m[38;2;181;181;181m[48;2;0;0;0m▀[0m[38;2;255;255;255m[48;2;0;0;0m▀[0m[38;2;0;0;0m▀     
[0m