      [38;2;0;0;0m▄[38;2;0;0;0m▄[38;2;0;0;0m[48;2;197;138;90m▀[0m[38;2;0;0;0m[48;2;197;138;90m▀[0m[38;2;0;0;0m[48;2;197;138;90m▀[0m[38;2;0;0;0m[48;2;197;138;90m▀[0m[38;2;0;0;0m▄[38;2;0;0;0m▄ 
    [38;2;0;0;0m▄[38;2;0;0;0m[48;2;148;98;58m▀[0m[38;2;197;138;90m[48;2;197;138;90m▀[0m[38;2;197;138;90m[48;2;197;138;90m▀[0m[38;2;197;138;90m[48;2;197;138;90m▀[0m[38;2;197;138;90m[48;2;197;138;90m▀[0m[38;2;197;138;90m[48;2;148;98;58m▀[0m[38;2;197;138;90m[48;2;0;0;0m▀[0m[38;2;197;138;90m[48;2;0;0;0m▀[0m[38;2;148;98;58m[48;2;0;0;0m▀[0m[38;2;0;0;0m▀
  [38;2;0;0;0m▄[38;2;0;0;0m[48;2;245;245;124m▀[0m[38;2;65;65;65m[48;2;151;159;87m▀[0m[38;2;197;138;90m[48;2;65;65;65m▀[0m[38;2;65;65;65m[48;2;245;245;124m▀[0m[38;2;65;65;65m[48;2;173;189;90m▀[0m[38;2;65;65;65m[48;2;0;0;0m▀[0m[38;2;0;0;0m▀[38;2;0;0;0m▀    
[38;2;0;0;0m▄[38;2;0;0;0m[48;2;255;255;255m▀[0m[38;2;173;189;90m[48;2;245;245;124m▀[0m[38;2;245;245;124m[48;2;250;245;193m▀[0m[38;2;245;245;124m[48;2;245;245;124m▀[0m[38;2;245;245;124m[48;2;245;245;124m▀[0m[38;2;245;245;124m[48;2;151;159;87m▀[0m[38;2;245;245;124m[48;2;151;159;87m▀[0m[38;2;245;245;124m[48;2;245;245;124m▀[0m[38;2;0;0;0m[48;2;0;0;0m▀[0m     
[38;2;0;0;0m[48;2;0;0;0m▀[0m[38;2;239;90;132m[48;2;197;33;16m▀[0m[38;2;245;245;124m[48;2;245;245;124m▀[0m[38;2;245;245;124m[48;2;245;245;124m▀[0m[38;2;245;245;124m[48;2;245;245;124m▀[0m[38;2;173;189;90m[48;2;255;255;255m▀[0m[38;2;197;33;16m[48;2;239;90;132m▀[0m[38;2;255;255;255m[48;2;255;255;255m▀[0m[38;2;151;159;87m[48;2;173;189;90m▀[0m[38;2;245;245;124m[48;2;245;245;124m▀[0m[38;2;0;0;0m[48;2;0;0;0m▀[0m    
[38;2;0;0;0m▀[38;2;245;245;124m[48;2;0;0;0m▀[0m[38;2;173;189;90m[48;2;245;245;124m▀[0m[38;2;245;245;124m[48;2;151;159;87m▀[0m[38;2;245;245;124m[48;2;173;189;90m▀[0m[38;2;197;33;16m[48;2;245;245;124m▀[0m[38;2;239;90;132m[48;2;245;245;124m▀[0m[38;2;255;255;255m[48;2;245;245;124m▀[0m[38;2;245;245;124m[48;2;245;245;124m▀[0m[38;2;245;245;124m[48;2;245;245;124m▀[0m[38;2;148;98;58m[48;2;173;189;90m▀[0m[38;2;0;0;0m[48;2;65;65;65m▀[0m[38;2;0;0;0m[48;2;173;189;90m▀[0m[38;2;0;0;0m▄ 
[38;2;0;0;0m▀[38;2;148;98;58m[48;2;65;65;65m▀[0m[38;2;245;245;124m[48;2;245;245;124m▀[0m[38;2;245;245;124m[48;2;148;98;58m▀[0m[38;2;245;245;124m[48;2;245;245;124m▀[0m[38;2;245;245;124m[48;2;245;245;124m▀[0m[38;2;245;245;124m[48;2;148;98;58m▀[0m[38;2;245;245;124m[48;2;245;245;124m▀[0m[38;2;245;245;124m[48;2;173;189;90m▀[0m[38;2;148;98;58m[48;2;173;189;90m▀[0m[38;2;173;189;90m[48;2;173;189;90m▀[0m[38;2;173;189;90m[48;2;173;189;90m▀[0m[38;2;65;65;65m[48;2;173;189;90m▀[0m[38;2;0;0;0m[48;2;0;0;0m▀[0m 
 [38;2;0;0;0m[48;2;0;0;0m▀[0m[38;2;151;159;87m[48;2;189;189;206m▀[0m[38;2;245;245;124m[48;2;124;127;70m▀[0m[38;2;245;245;124m[48;2;173;189;90m▀[0m[38;2;173;189;90m[48;2;173;189;90m▀[0m[38;2;173;189;90m[48;2;173;189;90m▀[0m[38;2;173;189;90m[48;2;173;189;90m▀[0m[38;2;173;189;90m[48;2;151;159;87m▀[0m[38;2;173;189;90m[48;2;173;189;90m▀[0m[38;2;173;189;90m[48;2;173;189;90m▀[0m[38;2;173;189;90m[48;2;65;65;65m▀[0m[38;2;173;189;90m[48;2;255;255;255m▀[0m[38;2;0;0;0m[48;2;0;0;0m▀[0m 
  [38;2;0;0;0m▀[38;2;0;0;0m▀[38;2;0;0;0m▀[38;2;151;159;87m[48;2;0;0;0m▀[0m[38;2;173;189;90m[48;2;255;255;255m▀[0m[38;2;173;189;90m[48;2;151;159;87m▀[0m[38;2;124;127;70m[48;2;0;0;0m▀[0m[38;2;173;189;90m[48;2;0;0;0m▀[0m[38;2;0;0;0m▀[38;2;0;0;0m▀[38;2;0;0;0m▀  
      [38;2;0;0;0m▀[38;2;0;0;0m▀       
[0m