     [38;2;0;0;0m▄[38;2;0;0;0m[48;2;197;173;74m▀[0m[38;2;0;0;0m[48;2;247;222;82m▀[0m[38;2;0;0;0m[48;2;197;173;74m▀[0m[38;2;0;0;0m▄     
   [38;2;0;0;0m▄[38;2;0;0;0m[48;2;209;255;211m▀[0m[38;2;197;173;74m[48;2;65;65;65m▀[0m[38;2;247;222;82m[48;2;197;173;74m▀[0m[38;2;247;222;82m[48;2;247;222;82m▀[0m[38;2;247;222;82m[48;2;197;173;74m▀[0m[38;2;197;173;74m[48;2;65;65;65m▀[0m[38;2;0;0;0m[48;2;209;255;211m▀[0m[38;2;0;0;0m▄   
 [38;2;0;0;0m▄[38;2;0;0;0m[48;2;139;232;142m▀[0m[38;2;209;255;211m[48;2;209;255;211m▀[0m[38;2;209;255;211m[48;2;209;255;211m▀[0m[38;2;209;255;211m[48;2;209;255;211m▀[0m[38;2;65;65;65m[48;2;209;255;211m▀[0m[38;2;65;65;65m[48;2;209;255;211m▀[0m[38;2;65;65;65m[48;2;209;255;211m▀[0m[38;2;209;255;211m[48;2;209;255;211m▀[0m[38;2;209;255;211m[48;2;209;255;211m▀[0m[38;2;209;255;211m[48;2;209;255;211m▀[0m[38;2;0;0;0m[48;2;139;232;142m▀[0m[38;2;0;0;0m▄ 
 [38;2;0;0;0m[48;2;0;0;0m▀[0m[38;2;247;222;82m[48;2;65;65;65m▀[0m[38;2;139;232;142m[48;2;209;255;211m▀[0m[38;2;209;255;211m[48;2;209;255;211m▀[0m[38;2;209;255;211m[48;2;209;255;211m▀[0m[38;2;209;255;211m[48;2;139;232;142m▀[0m[38;2;139;232;142m[48;2;247;222;82m▀[0m[38;2;209;255;211m[48;2;139;232;142m▀[0m[38;2;209;255;211m[48;2;209;255;211m▀[0m[38;2;209;255;211m[48;2;139;232;142m▀[0m[38;2;139;232;142m[48;2;255;192;0m▀[0m[38;2;139;232;142m[48;2;139;232;142m▀[0m[38;2;0;0;0m[48;2;0;0;0m▀[0m 
[38;2;0;0;0m▀[38;2;139;232;142m[48;2;0;0;0m▀[0m[38;2;79;172;82m[48;2;0;0;0m▀[0m[38;2;123;123;123m[48;2;139;232;142m▀[0m[38;2;209;255;211m[48;2;123;123;123m▀[0m[38;2;209;255;211m[48;2;123;123;123m▀[0m[38;2;209;255;211m[48;2;123;123;123m▀[0m[38;2;65;65;65m[48;2;139;232;142m▀[0m[38;2;139;232;142m[48;2;255;192;0m▀[0m[38;2;255;192;0m[48;2;79;172;82m▀[0m[38;2;255;192;0m[48;2;79;172;82m▀[0m[38;2;255;192;0m[48;2;255;192;0m▀[0m[38;2;255;192;0m[48;2;0;0;0m▀[0m[38;2;0;0;0m▀ 
   [38;2;0;0;0m▀[38;2;0;0;0m▀[38;2;139;232;142m[48;2;0;0;0m▀[0m[38;2;139;232;142m[48;2;0;0;0m▀[0m[38;2;139;232;142m[48;2;0;0;0m▀[0m[38;2;139;232;142m[48;2;0;0;0m▀[0m[38;2;79;172;82m[48;2;0;0;0m▀[0m[38;2;139;232;142m[48;2;0;0;0m▀[0m[38;2;0;0;0m▀   
       [38;2;0;0;0m[48;2;0;0;0m▀[0m[38;2;139;232;142m[48;2;139;232;142m▀[0m[38;2;0;0;0m[48;2;0;0;0m▀[0m[38;2;0;0;0m▄    
      [38;2;0;0;0m[48;2;0;0;0m▀[0m[38;2;139;232;142m[48;2;209;255;211m▀[0m[38;2;209;255;211m[48;2;209;255;211m▀[0m[38;2;209;255;211m[48;2;209;255;211m▀[0m[38;2;209;255;211m[48;2;209;255;211m▀[0m[38;2;0;0;0m[48;2;0;0;0m▀[0m   
       [38;2;0;0;0m[48;2;0;0;0m▀[0m[38;2;209;255;211m[48;2;209;255;211m▀[0m[38;2;209;255;211m[48;2;209;255;211m▀[0m[38;2;255;192;0m[48;2;209;255;211m▀[0m[38;2;255;192;0m[48;2;255;192;0m▀[0m[38;2;0;0;0m[48;2;255;192;0m▀[0m[38;2;0;0;0m[48;2;255;192;0m▀[0m[38;2;0;0;0m▄
        [38;2;0;0;0m▀[38;2;255;192;0m[48;2;0;0;0m▀[0m[38;2;255;192;0m[48;2;255;192;0m▀[0m[38;2;255;192;0m[48;2;255;192;0m▀[0m[38;2;255;192;0m[48;2;0;0;0m▀[0m[38;2;0;0;0m[48;2;0;0;0m▀[0m 
          [38;2;0;0;0m▀[38;2;0;0;0m▀   
[0m