            [38;2;0;0;0m▄[38;2;0;0;0m▄[38;2;0;0;0m▄[38;2;0;0;0m[48;2;233;120;55m▀[0m[38;2;0;0;0m[48;2;233;120;55m▀[0m[38;2;0;0;0m▄     
          [38;2;0;0;0m▄[38;2;0;0;0m[48;2;255;255;255m▀[0m[38;2;255;255;255m[48;2;255;255;255m▀[0m[38;2;255;139;58m[48;2;255;255;255m▀[0m[38;2;255;139;58m[48;2;255;139;58m▀[0m[38;2;65;65;65m[48;2;255;139;58m▀[0m[38;2;255;255;255m[48;2;65;65;65m▀[0m[38;2;233;120;55m[48;2;233;120;55m▀[0m[38;2;0;0;0m[48;2;0;0;0m▀[0m    
         [38;2;0;0;0m▄[38;2;0;0;0m[48;2;0;0;0m▀[0m[38;2;255;139;58m[48;2;233;120;55m▀[0m[38;2;255;255;255m[48;2;255;255;255m▀[0m[38;2;255;255;255m[48;2;255;255;255m▀[0m[38;2;255;139;58m[48;2;255;139;58m▀[0m[38;2;255;139;58m[48;2;0;0;0m▀[0m[38;2;0;0;0m▀[38;2;0;0;0m▀ [38;2;0;0;0m▄[38;2;0;0;0m▄  
     [38;2;0;0;0m▄[38;2;0;0;0m▄[38;2;0;0;0m▄[38;2;0;0;0m▄[38;2;0;0;0m[48;2;0;0;0m▀[0m[38;2;233;120;55m[48;2;233;120;55m▀[0m[38;2;233;120;55m[48;2;65;65;65m▀[0m[38;2;0;0;0m[48;2;0;0;0m▀[0m[38;2;0;0;0m▀[38;2;0;0;0m▀[38;2;0;0;0m▄[38;2;0;0;0m▄[38;2;0;0;0m[48;2;255;139;58m▀[0m[38;2;0;0;0m[48;2;255;139;58m▀[0m[38;2;233;120;55m[48;2;65;65;65m▀[0m[38;2;233;120;55m[48;2;255;255;255m▀[0m[38;2;0;0;0m[48;2;233;120;55m▀[0m[38;2;0;0;0m▄
  [38;2;0;0;0m▄[38;2;0;0;0m[48;2;255;250;58m▀[0m[38;2;0;0;0m[48;2;255;255;255m▀[0m[38;2;255;250;58m[48;2;255;255;255m▀[0m[38;2;255;250;58m[48;2;255;250;58m▀[0m[38;2;255;250;58m[48;2;255;250;58m▀[0m[38;2;255;250;58m[48;2;255;250;58m▀[0m[38;2;65;65;65m[48;2;255;250;58m▀[0m[38;2;65;65;65m[48;2;189;177;66m▀[0m[38;2;255;250;58m[48;2;65;65;65m▀[0m[38;2;255;250;58m[48;2;189;177;66m▀[0m[38;2;0;0;0m[48;2;233;120;55m▀[0m[38;2;0;0;0m[48;2;233;120;55m▀[0m[38;2;255;255;255m[48;2;255;139;58m▀[0m[38;2;255;255;255m[48;2;255;255;255m▀[0m[38;2;255;255;255m[48;2;255;255;255m▀[0m[38;2;255;139;58m[48;2;255;255;255m▀[0m[38;2;255;139;58m[48;2;255;139;58m▀[0m[38;2;65;65;65m[48;2;0;0;0m▀[0m[38;2;233;120;55m[48;2;0;0;0m▀[0m[38;2;0;0;0m▀
[38;2;0;0;0m▄[38;2;0;0;0m[48;2;65;65;65m▀[0m[38;2;255;250;58m[48;2;255;250;58m▀[0m[38;2;255;250;58m[48;2;255;250;58m▀[0m[38;2;255;255;255m[48;2;255;250;58m▀[0m[38;2;255;255;255m[48;2;255;250;58m▀[0m[38;2;255;250;58m[48;2;255;250;58m▀[0m[38;2;255;250;58m[48;2;255;250;58m▀[0m[38;2;255;250;58m[48;2;255;250;58m▀[0m[38;2;255;250;58m[48;2;255;250;58m▀[0m[38;2;255;250;58m[48;2;255;250;58m▀[0m[38;2;65;65;65m[48;2;255;250;58m▀[0m[38;2;65;65;65m[48;2;0;0;0m▀[0m[38;2;0;0;0m▀[38;2;233;120;55m[48;2;0;0;0m▀[0m[38;2;233;120;55m[48;2;0;0;0m▀[0m[38;2;255;255;255m[48;2;0;0;0m▀[0m[38;2;0;0;0m▀[38;2;0;0;0m▀[38;2;0;0;0m▀   
[38;2;0;0;0m[48;2;0;0;0m▀[0m[38;2;189;177;66m[48;2;65;65;65m▀[0m[38;2;65;65;65m[48;2;0;0;0m▀[0m[38;2;255;250;58m[48;2;255;250;58m▀[0m[38;2;255;250;58m[48;2;255;250;58m▀[0m[38;2;255;250;58m[48;2;255;250;58m▀[0m[38;2;255;250;58m[48;2;65;65;65m▀[0m[38;2;255;250;58m[48;2;255;250;58m▀[0m[38;2;255;250;58m[48;2;255;250;58m▀[0m[38;2;255;250;58m[48;2;255;250;58m▀[0m[38;2;255;250;58m[48;2;65;65;65m▀[0m[38;2;65;65;65m[48;2;255;250;58m▀[0m[38;2;0;0;0m[48;2;255;250;58m▀[0m[38;2;0;0;0m▄         
 [38;2;0;0;0m▀[38;2;189;177;66m[48;2;0;0;0m▀[0m[38;2;65;65;65m[48;2;189;177;66m▀[0m[38;2;189;177;66m[48;2;65;65;65m▀[0m[38;2;255;250;58m[48;2;65;65;65m▀[0m[38;2;0;0;0m[48;2;65;65;65m▀[0m[38;2;189;177;66m[48;2;65;65;65m▀[0m[38;2;65;65;65m[48;2;65;65;65m▀[0m[38;2;148;140;66m[48;2;65;65;65m▀[0m[38;2;189;177;66m[48;2;189;177;66m▀[0m[38;2;255;250;58m[48;2;0;0;0m▀[0m[38;2;189;177;66m[48;2;0;0;0m▀[0m[38;2;0;0;0m▀         
   [38;2;0;0;0m▀[38;2;0;0;0m▀[38;2;189;177;66m[48;2;0;0;0m▀[0m[38;2;189;177;66m[48;2;0;0;0m▀[0m[38;2;189;177;66m[48;2;0;0;0m▀[0m[38;2;65;65;65m[48;2;0;0;0m▀[0m[38;2;189;177;66m[48;2;0;0;0m▀[0m[38;2;0;0;0m[48;2;189;177;66m▀[0m[38;2;0;0;0m[48;2;0;0;0m▀[0m           
         [38;2;0;0;0m▀[38;2;0;0;0m▀            
[0m