  [38;2;0;0;0m▄[38;2;0;0;0m▄     [38;2;0;0;0m▄[38;2;0;0;0m▄[38;2;0;0;0m▄[38;2;0;0;0m[48;2;222;139;0m▀[0m[38;2;0;0;0m▄[38;2;0;0;0m[48;2;222;139;0m▀[0m[38;2;0;0;0m▄ [38;2;0;0;0m▄[38;2;0;0;0m[48;2;222;139;0m▀[0m[38;2;0;0;0m[48;2;222;139;0m▀[0m[38;2;0;0;0m▄[38;2;0;0;0m▄ 
[38;2;0;0;0m▄[38;2;0;0;0m[48;2;255;190;66m▀[0m[38;2;255;190;66m[48;2;255;190;66m▀[0m[38;2;255;190;66m[48;2;255;190;66m▀[0m[38;2;0;0;0m[48;2;255;190;66m▀[0m[38;2;0;0;0m[48;2;255;190;66m▀[0m[38;2;0;0;0m▄[38;2;0;0;0m▄[38;2;0;0;0m[48;2;255;190;66m▀[0m[38;2;222;139;0m[48;2;222;139;0m▀[0m[38;2;222;139;0m[48;2;156;223;90m▀[0m[38;2;222;139;0m[48;2;156;223;90m▀[0m[38;2;222;139;0m[48;2;156;223;90m▀[0m[38;2;222;135;0m[48;2;222;135;0m▀[0m[38;2;222;135;0m[48;2;222;135;0m▀[0m[38;2;162;79;0m[48;2;228;150;0m▀[0m[38;2;0;0;8m[48;2;228;150;0m▀[0m[38;2;222;135;0m[48;2;222;135;0m▀[0m[38;2;222;135;0m[48;2;222;135;0m▀[0m[38;2;222;135;0m[48;2;222;135;0m▀[0m[38;2;222;135;0m[48;2;222;135;0m▀[0m[38;2;222;139;0m[48;2;0;0;0m▀[0m[38;2;0;0;0m▀
[38;2;0;0;0m▀[38;2;0;0;0m▀[38;2;0;0;0m▀[38;2;0;0;0m▀[38;2;189;142;49m[48;2;0;0;0m▀[0m[38;2;172;134;44m[48;2;8;4;0m▀[0m[38;2;255;199;66m[48;2;172;134;44m▀[0m[38;2;255;189;66m[48;2;255;189;66m▀[0m[38;2;255;189;66m[48;2;255;189;66m▀[0m[38;2;175;80;0m[48;2;239;235;66m▀[0m[38;2;164;189;88m[48;2;164;189;88m▀[0m[38;2;0;0;0m[48;2;156;223;90m▀[0m[38;2;156;223;90m[48;2;156;223;90m▀[0m[38;2;222;135;0m[48;2;222;135;0m▀[0m[38;2;222;135;0m[48;2;222;135;0m▀[0m[38;2;221;133;0m[48;2;175;80;0m▀[0m[38;2;221;133;0m[48;2;175;80;0m▀[0m[38;2;222;139;0m[48;2;0;0;0m▀[0m[38;2;222;139;0m[48;2;0;0;0m▀[0m[38;2;0;0;0m▀[38;2;0;0;0m▀  
      [38;2;0;0;0m▀[38;2;189;142;57m[48;2;0;8;24m▀[0m[38;2;63;52;35m[48;2;189;142;57m▀[0m[38;2;255;190;66m[48;2;66;65;66m▀[0m[38;2;255;190;66m[48;2;66;65;66m▀[0m[38;2;255;190;66m[48;2;255;190;66m▀[0m[38;2;222;139;0m[48;2;255;190;66m▀[0m[38;2;222;135;0m[48;2;176;83;0m▀[0m[38;2;222;135;0m[48;2;222;135;0m▀[0m[38;2;228;138;0m[48;2;159;69;0m▀[0m[38;2;0;0;0m[48;2;0;0;0m▀[0m      
        [38;2;0;0;0m▀[38;2;189;142;49m[48;2;0;0;0m▀[0m[38;2;189;142;49m[48;2;189;142;49m▀[0m[38;2;66;65;66m[48;2;189;142;49m▀[0m[38;2;189;142;49m[48;2;189;142;49m▀[0m[38;2;176;82;0m[48;2;176;82;0m▀[0m[38;2;176;82;0m[48;2;176;82;0m▀[0m[38;2;176;83;0m[48;2;0;0;0m▀[0m[38;2;0;0;0m▀      
       [38;2;0;0;0m▄[38;2;0;0;0m[48;2;176;83;0m▀[0m[38;2;176;82;0m[48;2;176;82;0m▀[0m[38;2;176;82;0m[48;2;176;82;0m▀[0m[38;2;162;79;0m[48;2;66;65;66m▀[0m[38;2;162;79;0m[48;2;16;4;0m▀[0m[38;2;0;0;0m▀[38;2;0;0;0m▀        
  [38;2;0;0;0m▄[38;2;0;0;0m[48;2;176;83;0m▀[0m[38;2;0;0;0m▄ [38;2;0;0;0m[48;2;0;0;0m▀[0m[38;2;175;80;0m[48;2;221;133;0m▀[0m[38;2;175;80;0m[48;2;221;133;0m▀[0m[38;2;176;82;0m[48;2;66;65;66m▀[0m[38;2;66;65;66m[48;2;213;181;139m▀[0m[38;2;216;185;144m[48;2;216;185;144m▀[0m[38;2;66;65;66m[48;2;66;65;66m▀[0m[38;2;0;0;0m[48;2;216;185;144m▀[0m[38;2;0;0;0m[48;2;216;185;144m▀[0m[38;2;0;0;0m▄       
 [38;2;0;0;0m[48;2;0;0;0m▀[0m[38;2;176;83;0m[48;2;176;83;0m▀[0m[38;2;181;109;0m[48;2;66;65;66m▀[0m[38;2;66;65;66m[48;2;223;125;0m▀[0m[38;2;0;0;0m[48;2;222;139;0m▀[0m[38;2;222;139;0m[48;2;222;139;0m▀[0m[38;2;222;135;0m[48;2;222;135;0m▀[0m[38;2;222;135;0m[48;2;222;135;0m▀[0m[38;2;171;97;0m[48;2;223;125;0m▀[0m[38;2;66;65;66m[48;2;223;125;0m▀[0m[38;2;66;65;66m[48;2;66;65;66m▀[0m[38;2;216;185;144m[48;2;216;185;144m▀[0m[38;2;216;185;144m[48;2;0;0;0m▀[0m[38;2;0;0;0m▀[38;2;0;0;0m▄[38;2;0;0;0m[48;2;222;139;0m▀[0m[38;2;0;0;0m[48;2;222;139;0m▀[0m[38;2;0;0;0m[48;2;222;139;0m▀[0m[38;2;0;0;0m▄   
[38;2;0;0;0m[48;2;0;0;0m▀[0m[38;2;176;83;0m[48;2;176;83;0m▀[0m[38;2;65;64;66m[48;2;65;64;66m▀[0m[38;2;246;226;196m[48;2;246;226;196m▀[0m[38;2;66;65;66m[48;2;246;226;196m▀[0m[38;2;66;65;66m[48;2;242;220;189m▀[0m[38;2;222;135;0m[48;2;66;65;66m▀[0m[38;2;222;135;0m[48;2;66;65;66m▀[0m[38;2;66;65;66m[48;2;242;220;189m▀[0m[38;2;222;135;0m[48;2;66;65;66m▀[0m[38;2;66;65;66m[48;2;242;220;189m▀[0m[38;2;246;226;197m[48;2;246;226;197m▀[0m[38;2;0;0;8m[48;2;210;177;134m▀[0m[38;2;0;0;0m▄[38;2;0;0;0m[48;2;222;139;0m▀[0m[38;2;222;135;0m[48;2;222;135;0m▀[0m[38;2;222;135;0m[48;2;222;135;0m▀[0m[38;2;222;135;0m[48;2;222;135;0m▀[0m[38;2;222;135;0m[48;2;176;83;0m▀[0m[38;2;222;139;0m[48;2;222;139;0m▀[0m[38;2;0;0;0m[48;2;0;0;0m▀[0m  
[38;2;0;0;0m[48;2;0;0;0m▀[0m[38;2;66;65;66m[48;2;66;65;66m▀[0m[38;2;243;221;190m[48;2;223;193;155m▀[0m[38;2;245;225;195m[48;2;245;225;195m▀[0m[38;2;245;225;195m[48;2;245;225;195m▀[0m[38;2;245;225;195m[48;2;245;225;195m▀[0m[38;2;245;225;195m[48;2;245;225;195m▀[0m[38;2;245;225;195m[48;2;245;225;195m▀[0m[38;2;245;225;195m[48;2;245;225;195m▀[0m[38;2;246;226;196m[48;2;246;226;196m▀[0m[38;2;246;226;196m[48;2;218;187;147m▀[0m[38;2;66;65;66m[48;2;66;65;66m▀[0m[38;2;66;65;66m[48;2;222;139;0m▀[0m[38;2;222;135;0m[48;2;222;135;0m▀[0m[38;2;222;135;0m[48;2;176;83;0m▀[0m[38;2;221;133;0m[48;2;221;133;0m▀[0m[38;2;175;80;0m[48;2;175;80;0m▀[0m[38;2;222;135;0m[48;2;222;135;0m▀[0m[38;2;176;83;0m[48;2;222;135;0m▀[0m[38;2;222;135;0m[48;2;176;83;0m▀[0m[38;2;222;135;0m[48;2;222;135;0m▀[0m[38;2;0;0;0m[48;2;0;0;0m▀[0m 
 [38;2;0;0;0m▀[38;2;0;0;0m▀[38;2;216;185;144m[48;2;0;0;0m▀[0m[38;2;216;185;144m[48;2;216;185;144m▀[0m[38;2;246;226;196m[48;2;218;187;147m▀[0m[38;2;246;226;196m[48;2;218;187;147m▀[0m[38;2;218;187;147m[48;2;218;187;147m▀[0m[38;2;218;187;147m[48;2;218;187;147m▀[0m[38;2;206;172;129m[48;2;66;65;66m▀[0m[38;2;66;65;66m[48;2;222;135;0m▀[0m[38;2;222;135;0m[48;2;222;135;0m▀[0m[38;2;222;135;0m[48;2;222;135;0m▀[0m[38;2;162;71;0m[48;2;228;138;0m▀[0m[38;2;162;71;0m[48;2;0;0;8m▀[0m[38;2;0;0;0m▀[38;2;222;139;0m[48;2;0;0;0m▀[0m[38;2;162;79;0m[48;2;0;0;8m▀[0m[38;2;228;150;0m[48;2;228;150;0m▀[0m[38;2;162;71;0m[48;2;92;45;0m▀[0m[38;2;222;139;0m[48;2;222;139;0m▀[0m[38;2;222;139;0m[48;2;222;139;0m▀[0m[38;2;0;0;0m[48;2;0;0;0m▀[0m
    [38;2;0;0;0m▀[38;2;216;185;144m[48;2;0;0;0m▀[0m[38;2;216;185;144m[48;2;0;0;0m▀[0m[38;2;65;64;66m[48;2;176;83;0m▀[0m[38;2;65;64;66m[48;2;176;83;0m▀[0m[38;2;221;133;0m[48;2;175;80;0m▀[0m[38;2;221;133;0m[48;2;175;80;0m▀[0m[38;2;221;133;0m[48;2;175;80;0m▀[0m[38;2;175;80;0m[48;2;175;80;0m▀[0m[38;2;175;84;0m[48;2;175;84;0m▀[0m[38;2;175;84;0m[48;2;82;35;0m▀[0m[38;2;0;0;0m[48;2;176;83;0m▀[0m[38;2;176;83;0m[48;2;176;83;0m▀[0m[38;2;176;83;0m[48;2;0;0;0m▀[0m[38;2;0;0;0m▀[38;2;0;0;0m▀[38;2;176;83;0m[48;2;0;0;0m▀[0m[38;2;222;139;0m[48;2;222;139;0m▀[0m[38;2;0;0;0m[48;2;0;0;0m▀[0m
      [38;2;0;0;0m▄[38;2;0;0;0m[48;2;66;66;66m▀[0m[38;2;66;66;66m[48;2;66;66;66m▀[0m[38;2;176;83;0m[48;2;0;0;0m▀[0m[38;2;0;0;0m▀[38;2;176;83;0m[48;2;0;0;0m▀[0m[38;2;176;83;0m[48;2;176;83;0m▀[0m[38;2;176;83;0m[48;2;0;0;0m▀[0m[38;2;176;83;0m[48;2;176;83;0m▀[0m[38;2;66;67;66m[48;2;0;0;0m▀[0m[38;2;0;0;0m▀    [38;2;0;0;0m▀ 
      [38;2;0;0;0m▀[38;2;0;0;0m▀[38;2;0;0;0m[48;2;0;0;0m▀[0m[38;2;0;0;0m[48;2;66;66;66m▀[0m[38;2;0;0;0m[48;2;66;66;66m▀[0m[38;2;66;66;66m[48;2;0;0;0m▀[0m[38;2;0;0;0m[48;2;66;66;66m▀[0m[38;2;66;66;66m[48;2;0;0;0m▀[0m[38;2;0;0;0m[48;2;66;66;66m▀[0m[38;2;0;0;0m▄       
         [38;2;0;0;0m▀[38;2;0;0;0m▀[38;2;0;0;0m▀[38;2;0;0;0m▀[38;2;0;0;0m▀[38;2;0;0;0m▀        
[0m