        [38;2;0;0;0m▄[38;2;0;0;0m[48;2;82;134;247m▀[0m[38;2;0;0;0m▄          
     [38;2;0;0;0m▄[38;2;0;0;0m[48;2;82;134;247m▀[0m[38;2;0;0;0m▄[38;2;0;0;0m[48;2;82;134;247m▀[0m[38;2;82;134;247m[48;2;82;134;247m▀[0m[38;2;0;0;0m[48;2;39;109;180m▀[0m[38;2;0;0;0m▄[38;2;0;0;0m▄        
     [38;2;0;0;0m[48;2;0;0;0m▀[0m[38;2;82;134;247m[48;2;82;134;247m▀[0m[38;2;39;109;180m[48;2;82;134;247m▀[0m[38;2;82;134;247m[48;2;82;134;247m▀[0m[38;2;82;134;247m[48;2;82;134;247m▀[0m[38;2;39;109;180m[48;2;82;134;247m▀[0m[38;2;82;134;247m[48;2;39;109;180m▀[0m[38;2;0;0;0m[48;2;0;0;0m▀[0m        
     [38;2;0;0;0m[48;2;0;0;0m▀[0m[38;2;82;134;247m[48;2;39;109;180m▀[0m[38;2;39;109;180m[48;2;109;227;188m▀[0m[38;2;62;188;144m[48;2;109;227;188m▀[0m[38;2;109;227;188m[48;2;109;227;188m▀[0m[38;2;109;227;188m[48;2;109;227;188m▀[0m[38;2;62;188;144m[48;2;109;227;188m▀[0m[38;2;0;0;0m[48;2;62;188;144m▀[0m[38;2;0;0;0m▄[38;2;0;0;0m▄      
  [38;2;0;0;0m▄[38;2;0;0;0m[48;2;174;248;224m▀[0m[38;2;0;0;0m[48;2;174;248;224m▀[0m[38;2;62;188;144m[48;2;174;248;224m▀[0m[38;2;109;227;188m[48;2;109;227;188m▀[0m[38;2;109;227;188m[48;2;109;227;188m▀[0m[38;2;109;227;188m[48;2;189;41;66m▀[0m[38;2;0;0;0m[48;2;255;255;255m▀[0m[38;2;109;227;188m[48;2;0;0;0m▀[0m[38;2;109;227;188m[48;2;109;227;188m▀[0m[38;2;109;227;188m[48;2;109;227;188m▀[0m[38;2;39;109;180m[48;2;62;142;121m▀[0m[38;2;82;134;247m[48;2;0;0;0m▀[0m[38;2;0;0;0m▀     
  [38;2;0;0;0m[48;2;0;0;0m▀[0m[38;2;174;248;224m[48;2;62;188;144m▀[0m[38;2;174;248;224m[48;2;109;227;188m▀[0m[38;2;109;227;188m[48;2;65;65;65m▀[0m[38;2;109;227;188m[48;2;109;227;188m▀[0m[38;2;0;0;0m[48;2;109;227;188m▀[0m[38;2;247;99;82m[48;2;255;255;255m▀[0m[38;2;255;255;255m[48;2;62;188;144m▀[0m[38;2;65;65;65m[48;2;219;194;106m▀[0m[38;2;109;227;188m[48;2;255;255;255m▀[0m[38;2;109;227;188m[48;2;109;227;188m▀[0m[38;2;109;227;188m[48;2;109;227;188m▀[0m[38;2;0;0;0m[48;2;39;109;180m▀[0m[38;2;0;0;0m[48;2;82;134;247m▀[0m[38;2;0;0;0m▄    
  [38;2;0;0;0m[48;2;0;0;0m▀[0m[38;2;250;239;115m[48;2;65;65;65m▀[0m[38;2;250;239;115m[48;2;250;239;115m▀[0m[38;2;250;239;115m[48;2;250;239;115m▀[0m[38;2;62;188;144m[48;2;250;239;115m▀[0m[38;2;62;188;144m[48;2;250;239;115m▀[0m[38;2;219;194;106m[48;2;250;239;115m▀[0m[38;2;250;239;115m[48;2;250;239;115m▀[0m[38;2;250;239;115m[48;2;250;239;115m▀[0m[38;2;219;194;106m[48;2;219;194;106m▀[0m[38;2;109;227;188m[48;2;62;188;144m▀[0m[38;2;62;188;144m[48;2;62;188;144m▀[0m[38;2;62;142;121m[48;2;62;188;144m▀[0m[38;2;0;0;0m[48;2;0;0;0m▀[0m  [38;2;0;0;0m▄  
[38;2;0;0;0m▄[38;2;0;0;0m[48;2;109;227;188m▀[0m[38;2;62;188;144m[48;2;62;188;144m▀[0m[38;2;62;188;144m[48;2;62;188;144m▀[0m[38;2;65;65;65m[48;2;62;188;144m▀[0m[38;2;65;65;65m[48;2;62;188;144m▀[0m[38;2;250;239;115m[48;2;65;65;65m▀[0m[38;2;250;239;115m[48;2;65;65;65m▀[0m[38;2;250;239;115m[48;2;65;65;65m▀[0m[38;2;250;239;115m[48;2;65;65;65m▀[0m[38;2;65;65;65m[48;2;62;188;144m▀[0m[38;2;62;188;144m[48;2;62;188;144m▀[0m[38;2;62;188;144m[48;2;62;188;144m▀[0m[38;2;62;188;144m[48;2;109;227;188m▀[0m[38;2;109;227;188m[48;2;109;227;188m▀[0m[38;2;109;227;188m[48;2;109;227;188m▀[0m[38;2;0;0;0m[48;2;109;227;188m▀[0m[38;2;0;0;0m[48;2;65;65;65m▀[0m[38;2;39;109;180m[48;2;39;109;180m▀[0m[38;2;0;0;0m[48;2;0;0;0m▀[0m 
[38;2;0;0;0m▀[38;2;0;0;0m▀[38;2;0;0;0m[48;2;0;0;0m▀[0m[38;2;109;227;188m[48;2;0;0;0m▀[0m[38;2;0;0;0m▀[38;2;0;0;0m[48;2;0;0;0m▀[0m[38;2;62;142;121m[48;2;219;194;106m▀[0m[38;2;219;194;106m[48;2;219;194;106m▀[0m[38;2;62;188;144m[48;2;250;239;115m▀[0m[38;2;62;188;144m[48;2;250;239;115m▀[0m[38;2;62;188;144m[48;2;109;227;188m▀[0m[38;2;62;188;144m[48;2;62;188;144m▀[0m[38;2;65;65;65m[48;2;250;239;115m▀[0m[38;2;109;227;188m[48;2;65;65;65m▀[0m[38;2;109;227;188m[48;2;109;227;188m▀[0m[38;2;109;227;188m[48;2;65;65;65m▀[0m[38;2;62;188;144m[48;2;109;227;188m▀[0m[38;2;109;227;188m[48;2;65;65;65m▀[0m[38;2;65;65;65m[48;2;65;65;65m▀[0m[38;2;0;0;0m[48;2;62;188;144m▀[0m[38;2;0;0;0m[48;2;0;0;0m▀[0m
    [38;2;0;0;0m[48;2;0;0;0m▀[0m[38;2;62;188;144m[48;2;62;188;144m▀[0m[38;2;109;227;188m[48;2;250;239;115m▀[0m[38;2;250;239;115m[48;2;250;239;115m▀[0m[38;2;250;239;115m[48;2;250;239;115m▀[0m[38;2;109;227;188m[48;2;109;227;188m▀[0m[38;2;109;227;188m[48;2;109;227;188m▀[0m[38;2;250;239;115m[48;2;250;239;115m▀[0m[38;2;219;194;106m[48;2;109;227;188m▀[0m[38;2;109;227;188m[48;2;109;227;188m▀[0m[38;2;65;65;65m[48;2;109;227;188m▀[0m[38;2;62;188;144m[48;2;62;188;144m▀[0m[38;2;65;65;65m[48;2;62;142;121m▀[0m[38;2;65;65;65m[48;2;62;188;144m▀[0m[38;2;62;188;144m[48;2;0;0;0m▀[0m[38;2;0;0;0m▀ 
    [38;2;0;0;0m▀[38;2;62;188;144m[48;2;0;0;0m▀[0m[38;2;62;142;121m[48;2;62;188;144m▀[0m[38;2;250;239;115m[48;2;62;142;121m▀[0m[38;2;250;239;115m[48;2;0;0;0m▀[0m[38;2;250;239;115m[48;2;219;194;106m▀[0m[38;2;250;239;115m[48;2;219;194;106m▀[0m[38;2;219;194;106m[48;2;65;65;65m▀[0m[38;2;109;227;188m[48;2;62;188;144m▀[0m[38;2;109;227;188m[48;2;109;227;188m▀[0m[38;2;109;227;188m[48;2;109;227;188m▀[0m[38;2;109;227;188m[48;2;62;142;121m▀[0m[38;2;65;65;65m[48;2;0;0;0m▀[0m[38;2;0;0;0m▀   
     [38;2;0;0;0m▀[38;2;0;0;0m▀[38;2;0;0;0m▀ [38;2;0;0;0m▀[38;2;0;0;0m▀[38;2;0;0;0m▀[38;2;65;65;65m[48;2;0;0;0m▀[0m[38;2;62;142;121m[48;2;62;188;144m▀[0m[38;2;62;142;121m[48;2;109;227;188m▀[0m[38;2;65;65;65m[48;2;0;0;0m▀[0m[38;2;0;0;0m▀    
            [38;2;0;0;0m▀[38;2;0;0;0m▀[38;2;0;0;0m▀      
[0m