        [38;2;0;0;0m▄[38;2;0;0;0m[48;2;132;115;115m▀[0m[38;2;0;0;0m[48;2;0;0;0m▀[0m     
    [38;2;0;0;0m▄[38;2;0;0;0m▄[38;2;0;0;0m▄[38;2;0;0;0m[48;2;132;115;115m▀[0m[38;2;132;115;115m[48;2;132;115;115m▀[0m[38;2;132;115;115m[48;2;0;0;0m▀[0m[38;2;0;0;0m▀     
 [38;2;0;0;0m▄[38;2;0;0;0m[48;2;132;115;115m▀[0m[38;2;0;0;0m[48;2;132;115;115m▀[0m[38;2;90;74;74m[48;2;132;115;115m▀[0m[38;2;107;90;90m[48;2;132;115;115m▀[0m[38;2;132;115;115m[48;2;132;115;115m▀[0m[38;2;132;115;115m[48;2;132;115;115m▀[0m[38;2;90;74;74m[48;2;132;115;115m▀[0m[38;2;0;0;0m[48;2;107;90;90m▀[0m[38;2;0;0;0m▄     
[38;2;0;0;0m▄[38;2;0;0;0m[48;2;132;115;115m▀[0m[38;2;156;140;140m[48;2;132;115;115m▀[0m[38;2;156;140;140m[48;2;156;140;140m▀[0m[38;2;132;115;115m[48;2;156;140;140m▀[0m[38;2;132;115;115m[48;2;156;140;140m▀[0m[38;2;132;115;115m[48;2;156;140;140m▀[0m[38;2;132;115;115m[48;2;132;115;115m▀[0m[38;2;132;115;115m[48;2;132;115;115m▀[0m[38;2;132;115;115m[48;2;132;115;115m▀[0m[38;2;107;90;90m[48;2;132;115;115m▀[0m[38;2;0;0;0m[48;2;0;0;0m▀[0m    
[38;2;0;0;0m[48;2;0;0;0m▀[0m[38;2;132;115;115m[48;2;90;74;74m▀[0m[38;2;107;90;90m[48;2;107;90;90m▀[0m[38;2;132;115;115m[48;2;132;115;115m▀[0m[38;2;132;115;115m[48;2;90;74;74m▀[0m[38;2;90;74;74m[48;2;127;176;100m▀[0m[38;2;132;115;115m[48;2;107;90;90m▀[0m[38;2;156;140;140m[48;2;90;74;74m▀[0m[38;2;156;140;140m[48;2;107;90;90m▀[0m[38;2;156;140;140m[48;2;132;115;115m▀[0m[38;2;132;115;115m[48;2;132;115;115m▀[0m[38;2;0;0;0m[48;2;0;0;0m▀[0m    
 [38;2;0;0;0m[48;2;0;0;0m▀[0m[38;2;127;176;100m[48;2;127;176;100m▀[0m[38;2;107;90;90m[48;2;127;176;100m▀[0m[38;2;127;176;100m[48;2;127;176;100m▀[0m[38;2;127;176;100m[48;2;127;176;100m▀[0m[38;2;90;74;74m[48;2;127;176;100m▀[0m[38;2;127;176;100m[48;2;107;90;90m▀[0m[38;2;107;90;90m[48;2;107;90;90m▀[0m[38;2;132;115;115m[48;2;65;65;65m▀[0m[38;2;0;0;0m[48;2;0;0;0m▀[0m[38;2;0;0;0m▄[38;2;0;0;0m▄[38;2;0;0;0m[48;2;127;176;100m▀[0m[38;2;0;0;0m[48;2;0;0;0m▀[0m[38;2;0;0;0m▄
  [38;2;0;0;0m▀[38;2;156;115;206m[48;2;0;0;0m▀[0m[38;2;156;115;206m[48;2;0;0;0m▀[0m[38;2;127;176;100m[48;2;90;74;74m▀[0m[38;2;90;141;67m[48;2;90;74;74m▀[0m[38;2;90;74;74m[48;2;107;90;90m▀[0m[38;2;90;74;74m[48;2;132;115;115m▀[0m[38;2;132;115;115m[48;2;132;115;115m▀[0m[38;2;107;90;90m[48;2;177;48;255m▀[0m[38;2;90;74;74m[48;2;107;90;90m▀[0m[38;2;127;176;100m[48;2;90;74;74m▀[0m[38;2;90;141;67m[48;2;127;176;100m▀[0m[38;2;127;176;100m[48;2;0;0;0m▀[0m[38;2;0;0;0m▀
    [38;2;0;0;0m[48;2;0;0;0m▀[0m[38;2;177;48;255m[48;2;90;74;74m▀[0m[38;2;107;90;90m[48;2;107;90;90m▀[0m[38;2;132;115;115m[48;2;90;74;74m▀[0m[38;2;177;48;255m[48;2;107;90;90m▀[0m[38;2;132;115;115m[48;2;90;74;74m▀[0m[38;2;90;74;74m[48;2;90;141;67m▀[0m[38;2;90;74;74m[48;2;90;141;67m▀[0m[38;2;127;176;100m[48;2;127;176;100m▀[0m[38;2;127;176;100m[48;2;127;176;100m▀[0m[38;2;90;141;67m[48;2;127;176;100m▀[0m[38;2;0;0;0m[48;2;0;0;0m▀[0m
   [38;2;0;0;0m▀[38;2;127;176;100m[48;2;0;0;0m▀[0m[38;2;127;176;100m[48;2;0;0;0m▀[0m[38;2;0;0;0m▀[38;2;90;141;67m[48;2;0;0;0m▀[0m[38;2;90;74;74m[48;2;90;141;67m▀[0m[38;2;90;74;74m[48;2;127;176;100m▀[0m[38;2;90;141;67m[48;2;0;0;0m▀[0m[38;2;0;0;0m▀[38;2;0;0;0m▀[38;2;127;176;100m[48;2;0;0;0m▀[0m[38;2;127;176;100m[48;2;0;0;0m▀[0m[38;2;0;0;0m▀
       [38;2;0;0;0m▀[38;2;127;176;100m[48;2;0;0;0m▀[0m[38;2;127;176;100m[48;2;0;0;0m▀[0m[38;2;0;0;0m▀     
[0m