       [38;2;0;0;0m▄[38;2;0;0;0m▄[38;2;0;0;0m[48;2;101;225;204m▀[0m[38;2;0;0;0m▄        
   [38;2;0;0;0m▄[38;2;0;0;0m▄[38;2;0;0;0m▄[38;2;0;0;0m[48;2;3;144;152m▀[0m[38;2;101;225;204m[48;2;64;188;181m▀[0m[38;2;65;65;65m[48;2;64;188;181m▀[0m[38;2;101;225;204m[48;2;101;225;204m▀[0m[38;2;0;0;0m[48;2;0;0;0m▀[0m        
  [38;2;0;0;0m[48;2;0;0;0m▀[0m[38;2;132;132;115m[48;2;65;65;65m▀[0m[38;2;65;65;65m[48;2;101;225;204m▀[0m[38;2;101;225;204m[48;2;149;255;230m▀[0m[38;2;101;225;204m[48;2;149;255;230m▀[0m[38;2;101;225;204m[48;2;101;225;204m▀[0m[38;2;101;225;204m[48;2;101;225;204m▀[0m[38;2;64;188;181m[48;2;101;225;204m▀[0m[38;2;3;144;152m[48;2;64;188;181m▀[0m[38;2;0;0;0m[48;2;0;0;0m▀[0m[38;2;0;0;0m▄      
[38;2;0;0;0m[48;2;0;0;0m▀[0m[38;2;0;0;0m[48;2;255;255;255m▀[0m[38;2;65;65;65m[48;2;65;65;65m▀[0m[38;2;101;225;204m[48;2;101;225;204m▀[0m[38;2;101;225;204m[48;2;101;225;204m▀[0m[38;2;149;255;230m[48;2;101;225;204m▀[0m[38;2;149;255;230m[48;2;101;225;204m▀[0m[38;2;101;225;204m[48;2;101;225;204m▀[0m[38;2;101;225;204m[48;2;101;225;204m▀[0m[38;2;101;225;204m[48;2;101;225;204m▀[0m[38;2;101;225;204m[48;2;101;225;204m▀[0m[38;2;132;132;115m[48;2;65;65;65m▀[0m[38;2;132;132;115m[48;2;132;132;115m▀[0m[38;2;0;0;0m[48;2;0;0;0m▀[0m     
 [38;2;0;0;0m[48;2;0;0;0m▀[0m[38;2;101;225;204m[48;2;64;188;181m▀[0m[38;2;65;65;65m[48;2;0;0;0m▀[0m[38;2;101;225;204m[48;2;101;225;204m▀[0m[38;2;101;225;204m[48;2;101;225;204m▀[0m[38;2;101;225;204m[48;2;101;225;204m▀[0m[38;2;101;225;204m[48;2;101;225;204m▀[0m[38;2;101;225;204m[48;2;65;65;65m▀[0m[38;2;3;144;152m[48;2;101;225;204m▀[0m[38;2;101;225;204m[48;2;101;225;204m▀[0m[38;2;101;225;204m[48;2;101;225;204m▀[0m[38;2;65;65;65m[48;2;3;144;152m▀[0m[38;2;0;0;0m[48;2;255;255;255m▀[0m[38;2;0;0;0m[48;2;0;0;0m▀[0m    
[38;2;0;0;0m[48;2;0;0;0m▀[0m[38;2;255;255;255m[48;2;0;0;0m▀[0m[38;2;0;0;0m▀[38;2;64;188;181m[48;2;0;0;0m▀[0m[38;2;239;132;107m[48;2;64;188;181m▀[0m[38;2;214;99;66m[48;2;3;144;152m▀[0m[38;2;101;225;204m[48;2;65;65;65m▀[0m[38;2;101;225;204m[48;2;101;225;204m▀[0m[38;2;0;0;0m[48;2;101;225;204m▀[0m[38;2;101;225;204m[48;2;64;188;181m▀[0m[38;2;101;225;204m[48;2;3;144;152m▀[0m[38;2;3;144;152m[48;2;255;255;255m▀[0m[38;2;255;255;255m[48;2;0;0;0m▀[0m[38;2;0;0;0m▀     
  [38;2;0;0;0m▄[38;2;0;0;0m▄[38;2;0;0;0m[48;2;101;225;204m▀[0m[38;2;65;65;65m[48;2;101;225;204m▀[0m[38;2;64;188;181m[48;2;64;188;181m▀[0m[38;2;65;65;65m[48;2;101;225;204m▀[0m[38;2;64;188;181m[48;2;101;225;204m▀[0m[38;2;65;65;65m[48;2;3;144;152m▀[0m[38;2;0;0;0m[48;2;0;0;0m▀[0m[38;2;0;0;0m▀[38;2;255;255;255m[48;2;0;0;0m▀[0m[38;2;0;0;0m[48;2;0;0;0m▀[0m     
 [38;2;0;0;0m▀[38;2;132;132;115m[48;2;0;0;0m▀[0m[38;2;132;132;115m[48;2;65;65;65m▀[0m[38;2;124;43;126m[48;2;168;86;159m▀[0m[38;2;3;144;152m[48;2;168;86;159m▀[0m[38;2;101;225;204m[48;2;101;225;204m▀[0m[38;2;101;225;204m[48;2;101;225;204m▀[0m[38;2;101;225;204m[48;2;124;43;126m▀[0m[38;2;101;225;204m[48;2;124;43;126m▀[0m[38;2;101;225;204m[48;2;101;225;204m▀[0m[38;2;0;0;0m[48;2;101;225;204m▀[0m[38;2;0;0;0m[48;2;101;225;204m▀[0m[38;2;0;0;0m▄ [38;2;0;0;0m▄[38;2;0;0;0m▄[38;2;0;0;0m▄ 
  [38;2;0;0;0m▄[38;2;0;0;0m[48;2;251;221;185m▀[0m[38;2;251;221;185m[48;2;206;181;99m▀[0m[38;2;168;86;159m[48;2;168;86;159m▀[0m[38;2;101;225;204m[48;2;168;86;159m▀[0m[38;2;124;43;126m[48;2;168;86;159m▀[0m[38;2;168;86;159m[48;2;168;86;159m▀[0m[38;2;168;86;159m[48;2;168;86;159m▀[0m[38;2;124;43;126m[48;2;251;221;185m▀[0m[38;2;124;43;126m[48;2;168;86;159m▀[0m[38;2;132;132;115m[48;2;65;65;65m▀[0m[38;2;132;132;115m[48;2;65;65;65m▀[0m[38;2;0;0;0m[48;2;132;132;115m▀[0m[38;2;132;132;115m[48;2;132;132;115m▀[0m[38;2;132;132;115m[48;2;132;132;115m▀[0m[38;2;132;132;115m[48;2;132;132;115m▀[0m[38;2;0;0;0m[48;2;0;0;0m▀[0m
 [38;2;0;0;0m▄[38;2;0;0;0m[48;2;132;132;115m▀[0m[38;2;168;86;159m[48;2;65;65;65m▀[0m[38;2;168;86;159m[48;2;0;0;0m▀[0m[38;2;168;86;159m[48;2;64;188;181m▀[0m[38;2;168;86;159m[48;2;64;188;181m▀[0m[38;2;168;86;159m[48;2;64;188;181m▀[0m[38;2;168;86;159m[48;2;168;86;159m▀[0m[38;2;206;181;99m[48;2;168;86;159m▀[0m[38;2;206;181;99m[48;2;251;221;185m▀[0m[38;2;251;221;185m[48;2;251;221;185m▀[0m[38;2;168;86;159m[48;2;168;86;159m▀[0m[38;2;65;65;65m[48;2;168;86;159m▀[0m[38;2;65;65;65m[48;2;0;0;0m▀[0m[38;2;132;132;115m[48;2;0;0;0m▀[0m[38;2;132;132;115m[48;2;0;0;0m▀[0m[38;2;0;0;0m▀ 
 [38;2;0;0;0m▀[38;2;0;0;0m▀[38;2;0;0;0m▀ [38;2;0;0;0m▀[38;2;0;0;0m▀[38;2;0;0;0m▀[38;2;64;188;181m[48;2;0;0;0m▀[0m[38;2;64;188;181m[48;2;0;0;0m▀[0m[38;2;168;86;159m[48;2;0;0;0m▀[0m[38;2;168;86;159m[48;2;132;132;115m▀[0m[38;2;168;86;159m[48;2;65;65;65m▀[0m[38;2;65;65;65m[48;2;0;0;0m▀[0m[38;2;0;0;0m▀    
          [38;2;0;0;0m▀[38;2;0;0;0m▀[38;2;0;0;0m▀      
[0m