          [38;2;0;0;0m▄[38;2;0;0;0m▄[38;2;0;0;0m[48;2;247;74;49m▀[0m[38;2;0;0;0m[48;2;247;74;49m▀[0m[38;2;0;0;0m[48;2;197;33;33m▀[0m[38;2;0;0;0m▄[38;2;0;0;0m[48;2;65;65;65m▀[0m[38;2;0;0;0m[48;2;0;0;0m▀[0m     
  [38;2;0;0;0m▄[38;2;0;0;0m▄  [38;2;0;0;0m▄[38;2;0;0;0m▄[38;2;0;0;0m▄[38;2;0;0;0m[48;2;0;0;0m▀[0m[38;2;197;33;33m[48;2;247;74;49m▀[0m[38;2;247;74;49m[48;2;65;65;65m▀[0m[38;2;65;65;65m[48;2;115;115;115m▀[0m[38;2;247;74;49m[48;2;65;65;65m▀[0m[38;2;247;74;49m[48;2;247;74;49m▀[0m[38;2;247;74;49m[48;2;197;33;33m▀[0m[38;2;197;33;33m[48;2;0;0;0m▀[0m[38;2;0;0;0m▀     
  [38;2;0;0;0m▀[38;2;65;65;65m[48;2;0;0;0m▀[0m[38;2;0;0;0m[48;2;65;65;65m▀[0m[38;2;0;0;0m[48;2;247;74;49m▀[0m[38;2;247;74;49m[48;2;247;74;49m▀[0m[38;2;247;74;49m[48;2;247;74;49m▀[0m[38;2;247;74;49m[48;2;65;65;65m▀[0m[38;2;65;65;65m[48;2;65;65;65m▀[0m[38;2;65;65;65m[48;2;65;65;65m▀[0m[38;2;65;65;65m[48;2;247;74;49m▀[0m[38;2;115;115;115m[48;2;65;65;65m▀[0m[38;2;65;65;65m[48;2;197;33;33m▀[0m[38;2;197;33;33m[48;2;65;65;65m▀[0m[38;2;247;74;49m[48;2;65;65;65m▀[0m[38;2;247;74;49m[48;2;247;74;49m▀[0m[38;2;0;0;0m[48;2;247;74;49m▀[0m[38;2;0;0;0m[48;2;197;33;33m▀[0m[38;2;0;0;0m▄ [38;2;0;0;0m▄[38;2;0;0;0m▄
    [38;2;0;0;0m[48;2;0;0;0m▀[0m[38;2;197;33;33m[48;2;227;116;195m▀[0m[38;2;247;74;49m[48;2;255;170;236m▀[0m[38;2;247;74;49m[48;2;227;116;195m▀[0m[38;2;247;74;49m[48;2;197;33;33m▀[0m[38;2;247;74;49m[48;2;197;33;33m▀[0m[38;2;247;74;49m[48;2;65;65;65m▀[0m[38;2;65;65;65m[48;2;65;65;65m▀[0m[38;2;197;33;33m[48;2;65;65;65m▀[0m[38;2;247;74;49m[48;2;197;33;33m▀[0m[38;2;65;65;65m[48;2;247;74;49m▀[0m[38;2;65;65;65m[48;2;247;74;49m▀[0m[38;2;65;65;65m[48;2;247;74;49m▀[0m[38;2;247;74;49m[48;2;247;74;49m▀[0m[38;2;247;74;49m[48;2;197;33;33m▀[0m[38;2;247;74;49m[48;2;65;65;65m▀[0m[38;2;0;0;0m[48;2;65;65;65m▀[0m[38;2;65;65;65m[48;2;0;0;0m▀[0m[38;2;0;0;0m▀
 [38;2;0;0;0m▄[38;2;0;0;0m[48;2;255;255;255m▀[0m[38;2;0;0;0m[48;2;197;33;33m▀[0m[38;2;197;33;33m[48;2;255;255;255m▀[0m[38;2;255;170;236m[48;2;227;116;195m▀[0m[38;2;227;116;195m[48;2;255;255;255m▀[0m[38;2;255;255;255m[48;2;255;255;255m▀[0m[38;2;65;65;65m[48;2;255;255;255m▀[0m[38;2;227;116;195m[48;2;255;170;236m▀[0m[38;2;227;116;195m[48;2;227;116;195m▀[0m[38;2;197;33;33m[48;2;255;255;255m▀[0m[38;2;197;33;33m[48;2;65;65;65m▀[0m[38;2;65;65;65m[48;2;197;33;33m▀[0m[38;2;65;65;65m[48;2;197;33;33m▀[0m[38;2;197;33;33m[48;2;0;0;0m▀[0m[38;2;197;33;33m[48;2;0;0;0m▀[0m[38;2;197;33;33m[48;2;0;0;0m▀[0m[38;2;0;0;0m▀[38;2;0;0;0m▀[38;2;0;0;0m▀  
[38;2;0;0;0m[48;2;0;0;0m▀[0m[38;2;255;255;255m[48;2;0;0;0m▀[0m[38;2;255;255;255m[48;2;255;255;255m▀[0m[38;2;197;33;33m[48;2;65;65;65m▀[0m[38;2;255;255;255m[48;2;255;255;255m▀[0m[38;2;197;197;197m[48;2;0;0;0m▀[0m[38;2;255;255;255m[48;2;255;255;255m▀[0m[38;2;255;255;255m[48;2;255;255;255m▀[0m[38;2;255;170;236m[48;2;227;116;195m▀[0m[38;2;227;116;195m[48;2;255;255;255m▀[0m[38;2;255;255;255m[48;2;255;255;255m▀[0m[38;2;255;255;255m[48;2;255;255;255m▀[0m[38;2;165;165;165m[48;2;197;197;197m▀[0m[38;2;65;65;65m[48;2;0;0;0m▀[0m[38;2;0;0;0m▀        
  [38;2;0;0;0m▀[38;2;0;0;0m▀[38;2;165;165;165m[48;2;0;0;0m▀[0m[38;2;255;255;255m[48;2;197;197;197m▀[0m[38;2;255;255;255m[48;2;197;197;197m▀[0m[38;2;255;255;255m[48;2;255;255;255m▀[0m[38;2;197;197;197m[48;2;0;0;0m▀[0m[38;2;255;255;255m[48;2;255;255;255m▀[0m[38;2;255;255;255m[48;2;197;33;33m▀[0m[38;2;197;33;33m[48;2;247;74;49m▀[0m[38;2;197;33;33m[48;2;247;74;49m▀[0m[38;2;0;0;0m[48;2;65;65;65m▀[0m[38;2;0;0;0m▄        
    [38;2;0;0;0m▄[38;2;0;0;0m[48;2;255;255;255m▀[0m[38;2;222;115;189m[48;2;227;116;195m▀[0m[38;2;255;255;255m[48;2;255;170;236m▀[0m[38;2;255;255;255m[48;2;197;197;197m▀[0m[38;2;255;255;255m[48;2;65;65;65m▀[0m[38;2;197;33;33m[48;2;65;65;65m▀[0m[38;2;247;74;49m[48;2;0;0;0m▀[0m[38;2;197;33;33m[48;2;115;115;115m▀[0m[38;2;255;255;255m[48;2;255;255;255m▀[0m[38;2;0;0;0m[48;2;255;255;255m▀[0m[38;2;0;0;0m▄       
    [38;2;0;0;0m[48;2;0;0;0m▀[0m[38;2;227;116;195m[48;2;247;74;49m▀[0m[38;2;255;255;255m[48;2;65;65;65m▀[0m[38;2;197;197;197m[48;2;227;116;195m▀[0m[38;2;227;116;195m[48;2;255;170;236m▀[0m[38;2;197;197;197m[48;2;0;0;0m▀[0m[38;2;0;0;0m▀ [38;2;0;0;0m[48;2;0;0;0m▀[0m[38;2;255;255;255m[48;2;255;255;255m▀[0m[38;2;255;255;255m[48;2;255;255;255m▀[0m[38;2;0;0;0m[48;2;255;255;255m▀[0m[38;2;0;0;0m▄      
   [38;2;0;0;0m[48;2;0;0;0m▀[0m[38;2;247;74;49m[48;2;0;0;0m▀[0m[38;2;65;65;65m[48;2;227;116;195m▀[0m[38;2;227;116;195m[48;2;255;170;236m▀[0m[38;2;0;0;0m[48;2;0;0;0m▀[0m[38;2;0;0;0m▀   [38;2;0;0;0m▀[38;2;255;255;255m[48;2;0;0;0m▀[0m[38;2;0;0;0m▀[38;2;255;255;255m[48;2;0;0;0m▀[0m[38;2;0;0;0m▀      
    [38;2;0;0;0m▀[38;2;0;0;0m▀[38;2;0;0;0m▀                
[0m