     [38;2;0;0;0m▄[38;2;0;0;0m[48;2;44;54;125m▀[0m[38;2;0;0;0m▄   [38;2;0;0;0m▄[38;2;0;0;0m▄[38;2;0;0;0m▄         
    [38;2;0;0;0m[48;2;0;0;0m▀[0m[38;2;44;54;125m[48;2;36;42;102m▀[0m[38;2;36;42;102m[48;2;44;54;125m▀[0m[38;2;0;0;0m[48;2;44;54;125m▀[0m[38;2;0;0;0m▄[38;2;0;0;0m[48;2;59;74;154m▀[0m[38;2;0;0;0m[48;2;59;74;154m▀[0m[38;2;44;54;125m[48;2;36;42;102m▀[0m[38;2;44;54;125m[48;2;44;54;125m▀[0m[38;2;0;0;0m[48;2;0;0;0m▀[0m      [38;2;0;0;0m▄[38;2;0;0;0m▄ 
   [38;2;0;0;0m[48;2;0;0;0m▀[0m[38;2;44;54;125m[48;2;44;54;125m▀[0m[38;2;44;54;125m[48;2;59;74;154m▀[0m[38;2;59;74;154m[48;2;44;54;125m▀[0m[38;2;59;74;154m[48;2;36;42;102m▀[0m[38;2;44;54;125m[48;2;150;220;243m▀[0m[38;2;150;220;243m[48;2;150;220;243m▀[0m[38;2;44;54;125m[48;2;150;220;243m▀[0m[38;2;59;74;154m[48;2;36;42;102m▀[0m[38;2;0;0;0m[48;2;0;0;0m▀[0m [38;2;0;0;0m▄[38;2;0;0;0m▄  [38;2;0;0;0m▄[38;2;0;0;0m[48;2;65;65;65m▀[0m[38;2;255;255;255m[48;2;255;255;255m▀[0m[38;2;255;255;255m[48;2;255;255;255m▀[0m[38;2;0;0;0m[48;2;0;0;0m▀[0m
 [38;2;0;0;0m▄[38;2;0;0;0m[48;2;255;255;255m▀[0m[38;2;0;0;0m[48;2;44;54;125m▀[0m[38;2;44;54;125m[48;2;36;42;102m▀[0m[38;2;36;42;102m[48;2;59;74;154m▀[0m[38;2;59;74;154m[48;2;59;74;154m▀[0m[38;2;36;42;102m[48;2;36;42;102m▀[0m[38;2;150;220;243m[48;2;119;168;182m▀[0m[38;2;150;220;243m[48;2;0;0;0m▀[0m[38;2;119;168;182m[48;2;247;247;82m▀[0m[38;2;36;42;102m[48;2;44;54;125m▀[0m[38;2;59;74;154m[48;2;59;74;154m▀[0m[38;2;0;0;0m[48;2;59;74;154m▀[0m[38;2;255;255;255m[48;2;255;255;255m▀[0m[38;2;255;255;255m[48;2;255;255;255m▀[0m[38;2;0;0;0m[48;2;255;255;255m▀[0m[38;2;0;0;0m[48;2;255;255;255m▀[0m[38;2;255;255;255m[48;2;255;255;255m▀[0m[38;2;255;255;255m[48;2;255;255;255m▀[0m[38;2;65;65;65m[48;2;0;0;0m▀[0m[38;2;0;0;0m▀ 
 [38;2;0;0;0m▀[38;2;44;54;125m[48;2;0;0;0m▀[0m[38;2;44;54;125m[48;2;150;220;243m▀[0m[38;2;255;255;255m[48;2;150;220;243m▀[0m[38;2;59;74;154m[48;2;59;74;154m▀[0m[38;2;59;74;154m[48;2;59;74;154m▀[0m[38;2;44;54;125m[48;2;59;74;154m▀[0m[38;2;247;247;82m[48;2;44;54;125m▀[0m[38;2;0;0;0m[48;2;247;247;82m▀[0m[38;2;247;247;82m[48;2;44;54;125m▀[0m[38;2;44;54;125m[48;2;150;220;243m▀[0m[38;2;59;74;154m[48;2;65;65;65m▀[0m[38;2;65;65;65m[48;2;189;189;173m▀[0m[38;2;189;189;173m[48;2;189;189;173m▀[0m[38;2;255;255;255m[48;2;65;65;65m▀[0m[38;2;255;255;255m[48;2;255;255;255m▀[0m[38;2;255;255;255m[48;2;255;255;255m▀[0m[38;2;255;255;255m[48;2;0;0;0m▀[0m[38;2;65;65;65m[48;2;0;0;0m▀[0m[38;2;0;0;0m▀  
   [38;2;0;0;0m▀[38;2;0;0;0m▀[38;2;150;220;243m[48;2;0;0;0m▀[0m[38;2;150;220;243m[48;2;65;65;65m▀[0m[38;2;150;220;243m[48;2;65;65;65m▀[0m[38;2;150;220;243m[48;2;65;65;65m▀[0m[38;2;150;220;243m[48;2;65;65;65m▀[0m[38;2;65;65;65m[48;2;132;132;115m▀[0m[38;2;65;65;65m[48;2;189;189;173m▀[0m[38;2;132;132;115m[48;2;189;189;173m▀[0m[38;2;189;189;173m[48;2;189;189;173m▀[0m[38;2;132;132;115m[48;2;0;0;0m▀[0m[38;2;0;0;0m▀[38;2;0;0;0m▀[38;2;0;0;0m▀     
    [38;2;0;0;0m▄[38;2;0;0;0m[48;2;119;168;182m▀[0m[38;2;189;189;173m[48;2;65;65;65m▀[0m[38;2;132;132;115m[48;2;65;65;65m▀[0m[38;2;189;189;173m[48;2;132;132;115m▀[0m[38;2;189;189;173m[48;2;189;189;173m▀[0m[38;2;132;132;115m[48;2;189;189;173m▀[0m[38;2;189;189;173m[48;2;65;65;65m▀[0m[38;2;65;65;65m[48;2;150;220;243m▀[0m[38;2;189;189;173m[48;2;65;65;65m▀[0m[38;2;0;0;0m[48;2;0;0;0m▀[0m[38;2;0;0;0m▄       
   [38;2;0;0;0m▄[38;2;0;0;0m[48;2;150;220;243m▀[0m[38;2;119;168;182m[48;2;65;65;65m▀[0m[38;2;0;0;0m[48;2;0;0;0m▀[0m[38;2;109;154;166m[48;2;109;154;166m▀[0m[38;2;65;65;65m[48;2;65;65;65m▀[0m[38;2;65;65;65m[48;2;119;168;182m▀[0m[38;2;65;65;65m[48;2;119;168;182m▀[0m[38;2;65;65;65m[48;2;65;65;65m▀[0m[38;2;150;220;243m[48;2;150;220;243m▀[0m[38;2;65;65;65m[48;2;65;65;65m▀[0m[38;2;150;220;243m[48;2;150;220;243m▀[0m[38;2;150;220;243m[48;2;150;220;243m▀[0m[38;2;0;0;0m[48;2;0;0;0m▀[0m      
[38;2;0;0;0m▄[38;2;0;0;0m[48;2;189;189;173m▀[0m[38;2;0;0;0m[48;2;59;74;154m▀[0m[38;2;59;74;154m[48;2;59;74;154m▀[0m[38;2;150;220;243m[48;2;0;0;0m▀[0m[38;2;0;0;0m▀ [38;2;0;0;0m▀[38;2;109;154;166m[48;2;0;0;0m▀[0m[38;2;65;65;65m[48;2;0;0;0m▀[0m[38;2;65;65;65m[48;2;65;65;65m▀[0m[38;2;119;168;182m[48;2;150;220;243m▀[0m[38;2;150;220;243m[48;2;65;65;65m▀[0m[38;2;65;65;65m[48;2;119;168;182m▀[0m[38;2;119;168;182m[48;2;119;168;182m▀[0m[38;2;0;0;0m[48;2;0;0;0m▀[0m[38;2;0;0;0m▄      
[38;2;0;0;0m▀[38;2;132;132;115m[48;2;0;0;0m▀[0m[38;2;255;255;255m[48;2;0;0;0m▀[0m[38;2;0;0;0m▀[38;2;255;255;255m[48;2;0;0;0m▀[0m[38;2;0;0;0m[48;2;0;0;0m▀[0m  [38;2;0;0;0m▄[38;2;0;0;0m[48;2;255;255;255m▀[0m[38;2;65;65;65m[48;2;59;74;154m▀[0m[38;2;59;74;154m[48;2;59;74;154m▀[0m[38;2;65;65;65m[48;2;65;65;65m▀[0m[38;2;44;54;125m[48;2;0;0;0m▀[0m[38;2;0;0;0m▀[38;2;119;168;182m[48;2;0;0;0m▀[0m[38;2;44;54;125m[48;2;0;0;0m▀[0m[38;2;0;0;0m▀     
        [38;2;0;0;0m▀[38;2;132;132;115m[48;2;0;0;0m▀[0m[38;2;255;255;255m[48;2;0;0;0m▀[0m[38;2;0;0;0m▀[38;2;255;255;255m[48;2;0;0;0m▀[0m[38;2;0;0;0m▀         
[0m