   [38;2;0;0;0m▄[38;2;0;0;0m[48;2;255;255;255m▀[0m[38;2;0;0;0m[48;2;255;255;255m▀[0m[38;2;0;0;0m▄[38;2;0;0;0m▄              
 [38;2;0;0;0m[48;2;0;0;0m▀[0m[38;2;0;0;0m[48;2;241;204;1m▀[0m[38;2;0;0;0m[48;2;65;65;65m▀[0m[38;2;255;255;255m[48;2;168;203;222m▀[0m[38;2;65;65;65m[48;2;65;65;65m▀[0m[38;2;255;255;255m[48;2;255;255;255m▀[0m[38;2;255;255;255m[48;2;255;255;255m▀[0m[38;2;0;0;0m[48;2;0;0;0m▀[0m         [38;2;0;0;0m▄[38;2;0;0;0m▄[38;2;0;0;0m▄ 
 [38;2;0;0;0m▀[38;2;85;145;213m[48;2;0;0;0m▀[0m[38;2;241;204;1m[48;2;193;137;1m▀[0m[38;2;121;156;175m[48;2;255;255;255m▀[0m[38;2;65;65;65m[48;2;168;203;222m▀[0m[38;2;168;203;222m[48;2;65;65;65m▀[0m[38;2;65;65;65m[48;2;241;204;1m▀[0m[38;2;193;137;1m[48;2;241;204;1m▀[0m[38;2;0;0;0m[48;2;241;204;1m▀[0m[38;2;0;0;0m[48;2;241;204;1m▀[0m[38;2;0;0;0m[48;2;0;0;0m▀[0m     [38;2;0;0;0m[48;2;0;0;0m▀[0m[38;2;198;102;51m[48;2;133;82;51m▀[0m[38;2;133;82;51m[48;2;189;197;197m▀[0m[38;2;241;204;1m[48;2;189;197;197m▀[0m[38;2;0;0;0m[48;2;0;0;0m▀[0m
 [38;2;0;0;0m▄[38;2;0;0;0m[48;2;168;203;222m▀[0m[38;2;255;255;255m[48;2;255;255;255m▀[0m[38;2;255;255;255m[48;2;255;255;255m▀[0m[38;2;255;255;255m[48;2;168;203;222m▀[0m[38;2;168;203;222m[48;2;65;65;65m▀[0m[38;2;241;204;1m[48;2;193;137;1m▀[0m[38;2;241;204;1m[48;2;241;204;1m▀[0m[38;2;85;145;213m[48;2;85;145;213m▀[0m[38;2;85;145;213m[48;2;0;0;0m▀[0m[38;2;0;0;0m▀  [38;2;0;0;0m▄ [38;2;0;0;0m▄[38;2;0;0;0m[48;2;133;82;51m▀[0m[38;2;65;65;65m[48;2;0;0;0m▀[0m[38;2;0;0;0m▀[38;2;0;0;0m▀ 
[38;2;0;0;0m▄[38;2;0;0;0m[48;2;175;212;255m▀[0m[38;2;255;255;255m[48;2;123;183;251m▀[0m[38;2;255;255;255m[48;2;255;255;255m▀[0m[38;2;255;255;255m[48;2;241;204;1m▀[0m[38;2;121;156;175m[48;2;0;0;0m▀[0m[38;2;255;255;255m[48;2;255;255;255m▀[0m[38;2;65;65;65m[48;2;65;65;65m▀[0m[38;2;241;204;1m[48;2;193;137;1m▀[0m[38;2;193;137;1m[48;2;193;137;1m▀[0m[38;2;0;0;0m[48;2;65;65;65m▀[0m[38;2;0;0;0m▄[38;2;0;0;0m[48;2;123;183;251m▀[0m[38;2;0;0;0m[48;2;0;0;0m▀[0m[38;2;123;183;251m[48;2;123;183;251m▀[0m[38;2;0;0;0m[48;2;123;183;251m▀[0m[38;2;133;82;51m[48;2;65;65;65m▀[0m[38;2;0;0;0m[48;2;0;0;0m▀[0m    
[38;2;0;0;0m▀[38;2;123;183;251m[48;2;0;0;0m▀[0m[38;2;123;183;251m[48;2;85;145;213m▀[0m[38;2;85;145;213m[48;2;85;145;213m▀[0m[38;2;241;204;1m[48;2;241;204;1m▀[0m[38;2;241;204;1m[48;2;193;137;1m▀[0m[38;2;241;204;1m[48;2;65;65;65m▀[0m[38;2;193;137;1m[48;2;65;65;65m▀[0m[38;2;65;65;65m[48;2;193;137;1m▀[0m[38;2;193;137;1m[48;2;193;137;1m▀[0m[38;2;0;0;0m[48;2;65;65;65m▀[0m[38;2;0;0;0m[48;2;123;183;251m▀[0m[38;2;123;183;251m[48;2;198;102;51m▀[0m[38;2;123;183;251m[48;2;198;102;51m▀[0m[38;2;198;102;51m[48;2;198;102;51m▀[0m[38;2;198;102;51m[48;2;241;204;1m▀[0m[38;2;198;102;51m[48;2;241;204;1m▀[0m[38;2;193;137;1m[48;2;198;102;51m▀[0m[38;2;0;0;0m[48;2;0;0;0m▀[0m   
  [38;2;0;0;0m▀[38;2;0;0;0m▀[38;2;0;0;0m▀[38;2;0;0;0m[48;2;0;0;0m▀[0m[38;2;156;99;49m[48;2;193;137;1m▀[0m[38;2;193;137;1m[48;2;193;137;1m▀[0m[38;2;133;82;51m[48;2;133;82;51m▀[0m[38;2;133;82;51m[48;2;133;82;51m▀[0m[38;2;193;137;1m[48;2;241;204;1m▀[0m[38;2;133;82;51m[48;2;133;82;51m▀[0m[38;2;133;82;51m[48;2;133;82;51m▀[0m[38;2;241;204;1m[48;2;241;204;1m▀[0m[38;2;198;102;51m[48;2;241;204;1m▀[0m[38;2;241;204;1m[48;2;198;102;51m▀[0m[38;2;241;204;1m[48;2;198;102;51m▀[0m[38;2;198;102;51m[48;2;133;82;51m▀[0m[38;2;0;0;0m[48;2;0;0;0m▀[0m   
     [38;2;0;0;0m[48;2;0;0;0m▀[0m[38;2;193;137;1m[48;2;241;204;1m▀[0m[38;2;193;137;1m[48;2;193;137;1m▀[0m[38;2;241;204;1m[48;2;241;204;1m▀[0m[38;2;241;204;1m[48;2;241;204;1m▀[0m[38;2;241;204;1m[48;2;241;204;1m▀[0m[38;2;241;204;1m[48;2;241;204;1m▀[0m[38;2;241;204;1m[48;2;241;204;1m▀[0m[38;2;241;204;1m[48;2;193;137;1m▀[0m[38;2;193;137;1m[48;2;0;0;0m▀[0m[38;2;133;82;51m[48;2;0;0;0m▀[0m[38;2;133;82;51m[48;2;133;82;51m▀[0m[38;2;133;82;51m[48;2;133;82;51m▀[0m[38;2;0;0;0m[48;2;133;82;51m▀[0m[38;2;0;0;0m▄  
      [38;2;0;0;0m[48;2;0;0;0m▀[0m[38;2;241;204;1m[48;2;241;204;1m▀[0m[38;2;193;137;1m[48;2;133;82;51m▀[0m[38;2;193;137;1m[48;2;193;137;1m▀[0m[38;2;241;204;1m[48;2;133;82;51m▀[0m[38;2;241;204;1m[48;2;241;204;1m▀[0m[38;2;241;204;1m[48;2;193;137;1m▀[0m[38;2;133;82;51m[48;2;0;0;0m▀[0m[38;2;0;0;0m▀ [38;2;0;0;0m▀[38;2;133;82;51m[48;2;0;0;0m▀[0m[38;2;133;82;51m[48;2;133;82;51m▀[0m[38;2;0;0;0m[48;2;0;0;0m▀[0m  
      [38;2;0;0;0m[48;2;0;0;0m▀[0m[38;2;193;137;1m[48;2;133;82;51m▀[0m[38;2;156;99;49m[48;2;0;0;0m▀[0m[38;2;0;0;0m▀[38;2;0;0;0m▀[38;2;193;137;1m[48;2;0;0;0m▀[0m[38;2;193;137;1m[48;2;193;137;1m▀[0m[38;2;0;0;0m[48;2;0;0;0m▀[0m   [38;2;0;0;0m[48;2;0;0;0m▀[0m[38;2;133;82;51m[48;2;0;0;0m▀[0m[38;2;0;0;0m▀  
      [38;2;0;0;0m▀[38;2;0;0;0m▀   [38;2;0;0;0m[48;2;0;0;0m▀[0m[38;2;193;137;1m[48;2;133;82;51m▀[0m[38;2;0;0;0m[48;2;0;0;0m▀[0m        
           [38;2;0;0;0m▀[38;2;0;0;0m▀         
[0m