      [38;2;0;0;0m▄[38;2;0;0;0m▄[38;2;0;0;0m[48;2;182;97;75m▀[0m[38;2;0;0;0m[48;2;182;97;75m▀[0m[38;2;0;0;0m[48;2;182;97;75m▀[0m[38;2;0;0;0m▄[38;2;0;0;0m▄               
     [38;2;0;0;0m[48;2;0;0;0m▀[0m[38;2;167;79;68m[48;2;182;97;75m▀[0m[38;2;182;97;75m[48;2;65;65;65m▀[0m[38;2;182;97;75m[48;2;65;65;65m▀[0m[38;2;182;97;75m[48;2;0;0;0m▀[0m[38;2;182;97;75m[48;2;0;0;0m▀[0m[38;2;182;97;75m[48;2;167;79;68m▀[0m[38;2;182;97;75m[48;2;182;97;75m▀[0m[38;2;0;0;0m[48;2;182;97;75m▀[0m[38;2;0;0;0m[48;2;182;97;75m▀[0m[38;2;0;0;0m▄            
   [38;2;0;0;0m▄[38;2;0;0;0m[48;2;58;206;187m▀[0m[38;2;66;178;189m[48;2;58;206;187m▀[0m[38;2;65;65;65m[48;2;58;206;187m▀[0m[38;2;58;206;187m[48;2;58;206;187m▀[0m[38;2;58;206;187m[48;2;58;206;187m▀[0m[38;2;0;0;0m[48;2;58;206;187m▀[0m[38;2;0;0;0m▄[38;2;0;0;0m▀[38;2;0;0;0m▀[38;2;167;79;68m[48;2;0;0;0m▀[0m[38;2;167;79;68m[48;2;167;79;68m▀[0m[38;2;182;97;75m[48;2;167;79;68m▀[0m[38;2;0;0;0m[48;2;167;79;68m▀[0m[38;2;0;0;0m▄   [38;2;0;0;0m▄[38;2;0;0;0m▄     
 [38;2;0;0;0m▄[38;2;0;0;0m[48;2;58;206;187m▀[0m[38;2;58;206;187m[48;2;58;206;187m▀[0m[38;2;58;206;187m[48;2;58;206;187m▀[0m[38;2;58;206;187m[48;2;68;110;152m▀[0m[38;2;66;178;189m[48;2;58;206;187m▀[0m[38;2;58;206;187m[48;2;0;0;0m▀[0m[38;2;58;206;187m[48;2;247;247;41m▀[0m[38;2;58;206;187m[48;2;58;206;187m▀[0m[38;2;0;0;0m[48;2;58;206;187m▀[0m[38;2;0;0;0m▄  [38;2;0;0;0m▀[38;2;167;79;68m[48;2;0;0;0m▀[0m[38;2;167;79;68m[48;2;0;0;0m▀[0m[38;2;167;79;68m[48;2;167;79;68m▀[0m[38;2;0;0;0m[48;2;167;79;68m▀[0m[38;2;0;0;0m[48;2;167;79;68m▀[0m[38;2;0;0;0m[48;2;167;79;68m▀[0m[38;2;167;79;68m[48;2;0;0;0m▀[0m[38;2;0;0;0m▀     
 [38;2;0;0;0m▀[38;2;58;206;187m[48;2;0;0;0m▀[0m[38;2;66;178;189m[48;2;58;206;187m▀[0m[38;2;58;206;187m[48;2;58;206;187m▀[0m[38;2;58;206;187m[48;2;66;178;189m▀[0m[38;2;247;247;41m[48;2;66;178;189m▀[0m[38;2;0;0;0m[48;2;66;178;189m▀[0m[38;2;247;247;41m[48;2;213;210;168m▀[0m[38;2;213;210;168m[48;2;213;210;168m▀[0m[38;2;58;206;187m[48;2;58;206;187m▀[0m[38;2;0;0;0m[48;2;66;178;189m▀[0m[38;2;0;0;0m▄    [38;2;0;0;0m▀[38;2;0;0;0m▀[38;2;0;0;0m▀[38;2;0;0;0m▀       
[38;2;0;0;0m▄[38;2;0;0;0m▄[38;2;0;0;0m▄[38;2;0;0;0m▀[38;2;0;0;0m▀[38;2;174;170;138m[48;2;0;0;0m▀[0m[38;2;213;210;168m[48;2;65;65;65m▀[0m[38;2;213;210;168m[48;2;213;210;168m▀[0m[38;2;213;210;168m[48;2;213;210;168m▀[0m[38;2;213;210;168m[48;2;213;210;168m▀[0m[38;2;174;170;138m[48;2;213;210;168m▀[0m[38;2;66;178;189m[48;2;65;65;65m▀[0m[38;2;66;178;189m[48;2;66;178;189m▀[0m[38;2;0;0;0m[48;2;66;178;189m▀[0m[38;2;0;0;0m[48;2;66;178;189m▀[0m[38;2;0;0;0m▄[38;2;0;0;0m▄[38;2;0;0;0m▄[38;2;0;0;0m[48;2;182;97;75m▀[0m[38;2;0;0;0m[48;2;182;97;75m▀[0m[38;2;0;0;0m[48;2;0;0;0m▀[0m       
[38;2;0;0;0m▀[38;2;182;97;75m[48;2;0;0;0m▀[0m[38;2;182;97;75m[48;2;65;65;65m▀[0m[38;2;0;0;0m[48;2;66;178;189m▀[0m[38;2;0;0;0m[48;2;58;206;187m▀[0m[38;2;66;178;189m[48;2;0;0;0m▀[0m[38;2;66;178;189m[48;2;0;0;0m▀[0m[38;2;0;0;0m▀[38;2;0;0;0m▀[38;2;213;210;168m[48;2;0;0;0m▀[0m[38;2;213;210;168m[48;2;174;170;138m▀[0m[38;2;213;210;168m[48;2;65;65;65m▀[0m[38;2;65;65;65m[48;2;58;206;187m▀[0m[38;2;65;65;65m[48;2;58;206;187m▀[0m[38;2;58;206;187m[48;2;58;206;187m▀[0m[38;2;58;206;187m[48;2;65;65;65m▀[0m[38;2;0;0;0m[48;2;65;65;65m▀[0m[38;2;65;65;65m[48;2;182;97;75m▀[0m[38;2;65;65;65m[48;2;182;97;75m▀[0m[38;2;0;0;0m[48;2;182;97;75m▀[0m[38;2;0;0;0m▄       
[38;2;0;0;0m[48;2;0;0;0m▀[0m[38;2;140;66;58m[48;2;0;0;0m▀[0m[38;2;0;0;0m▀[38;2;58;206;187m[48;2;0;0;0m▀[0m[38;2;68;110;152m[48;2;0;0;0m▀[0m[38;2;0;0;0m▀ [38;2;0;0;0m▄[38;2;0;0;0m[48;2;65;65;65m▀[0m[38;2;0;0;0m[48;2;66;178;189m▀[0m[38;2;65;65;65m[48;2;174;170;138m▀[0m[38;2;58;206;187m[48;2;65;65;65m▀[0m[38;2;65;65;65m[48;2;65;65;65m▀[0m[38;2;58;206;187m[48;2;58;206;187m▀[0m[38;2;65;65;65m[48;2;65;65;65m▀[0m[38;2;182;97;75m[48;2;65;65;65m▀[0m[38;2;182;97;75m[48;2;65;65;65m▀[0m[38;2;65;65;65m[48;2;66;178;189m▀[0m[38;2;65;65;65m[48;2;0;0;0m▀[0m[38;2;0;0;0m▀ [38;2;0;0;0m▄[38;2;0;0;0m▄[38;2;0;0;0m▄[38;2;0;0;0m▄[38;2;0;0;0m▄[38;2;0;0;0m[48;2;182;97;75m▀[0m[38;2;0;0;0m[48;2;0;0;0m▀[0m
       [38;2;0;0;0m▀[38;2;66;178;189m[48;2;0;0;0m▀[0m[38;2;66;178;189m[48;2;66;178;189m▀[0m[38;2;65;65;65m[48;2;66;178;189m▀[0m[38;2;66;178;189m[48;2;0;0;0m▀[0m[38;2;66;178;189m[48;2;174;170;138m▀[0m[38;2;65;65;65m[48;2;174;170;138m▀[0m[38;2;174;170;138m[48;2;65;65;65m▀[0m[38;2;66;178;189m[48;2;58;206;187m▀[0m[38;2;58;206;187m[48;2;58;206;187m▀[0m[38;2;58;206;187m[48;2;58;206;187m▀[0m[38;2;65;65;65m[48;2;66;178;189m▀[0m[38;2;0;0;0m[48;2;65;65;65m▀[0m[38;2;0;0;0m[48;2;140;66;58m▀[0m[38;2;140;66;58m[48;2;140;66;58m▀[0m[38;2;140;66;58m[48;2;140;66;58m▀[0m[38;2;140;66;58m[48;2;0;0;0m▀[0m[38;2;182;97;75m[48;2;0;0;0m▀[0m[38;2;182;97;75m[48;2;0;0;0m▀[0m[38;2;0;0;0m▀ 
       [38;2;0;0;0m▀[38;2;66;178;189m[48;2;0;0;0m▀[0m[38;2;66;178;189m[48;2;0;0;0m▀[0m[38;2;0;0;0m▀ [38;2;0;0;0m▀[38;2;0;0;0m▀[38;2;0;0;0m▀[38;2;0;0;0m▀[38;2;58;206;187m[48;2;0;0;0m▀[0m[38;2;66;178;189m[48;2;58;94;129m▀[0m[38;2;66;178;189m[48;2;0;0;0m▀[0m[38;2;0;0;0m▀[38;2;0;0;0m▀[38;2;0;0;0m▀[38;2;0;0;0m▀     
               [38;2;0;0;0m▀[38;2;58;206;187m[48;2;0;0;0m▀[0m[38;2;66;178;189m[48;2;0;0;0m▀[0m[38;2;58;206;187m[48;2;0;0;0m▀[0m[38;2;0;0;0m▀        
[0m