     [38;2;7;7;7m▄[38;2;7;7;7m[48;2;199;199;212m▀[0m[38;2;7;7;7m[48;2;7;7;7m▀[0m[38;2;7;7;7m▄            
   [38;2;7;7;7m▄[38;2;7;7;7m[48;2;199;199;212m▀[0m[38;2;144;151;173m[48;2;199;199;212m▀[0m[38;2;199;199;212m[48;2;199;199;212m▀[0m[38;2;199;199;212m[48;2;199;199;212m▀[0m[38;2;144;151;173m[48;2;199;199;212m▀[0m[38;2;7;7;7m[48;2;144;151;173m▀[0m[38;2;7;7;7m▄          
  [38;2;7;7;7m[48;2;7;7;7m▀[0m[38;2;82;82;82m[48;2;199;199;212m▀[0m[38;2;199;199;212m[48;2;199;199;212m▀[0m[38;2;199;199;212m[48;2;199;199;212m▀[0m[38;2;199;199;212m[48;2;199;199;212m▀[0m[38;2;199;199;212m[48;2;199;199;212m▀[0m[38;2;199;199;212m[48;2;82;82;82m▀[0m[38;2;82;82;82m[48;2;212;157;63m▀[0m[38;2;82;82;82m[48;2;212;157;63m▀[0m[38;2;7;7;7m[48;2;7;7;7m▀[0m         
[38;2;7;7;7m▄[38;2;7;7;7m[48;2;144;151;173m▀[0m[38;2;144;151;173m[48;2;199;199;212m▀[0m[38;2;199;199;212m[48;2;199;199;212m▀[0m[38;2;199;199;212m[48;2;144;151;173m▀[0m[38;2;144;151;173m[48;2;199;199;212m▀[0m[38;2;199;199;212m[48;2;199;199;212m▀[0m[38;2;82;82;82m[48;2;199;199;212m▀[0m[38;2;212;157;63m[48;2;199;199;212m▀[0m[38;2;197;172;98m[48;2;197;172;98m▀[0m[38;2;197;172;98m[48;2;197;172;98m▀[0m[38;2;173;126;45m[48;2;173;126;45m▀[0m[38;2;7;7;7m[48;2;7;7;7m▀[0m   [38;2;7;7;7m▄[38;2;7;7;7m▄   
[38;2;7;7;7m[48;2;7;7;7m▀[0m[38;2;199;199;212m[48;2;144;151;173m▀[0m[38;2;199;199;212m[48;2;199;199;212m▀[0m[38;2;199;199;212m[48;2;199;199;212m▀[0m[38;2;144;151;173m[48;2;144;151;173m▀[0m[38;2;199;199;212m[48;2;144;151;173m▀[0m[38;2;199;199;212m[48;2;199;199;212m▀[0m[38;2;199;199;212m[48;2;199;199;212m▀[0m[38;2;199;199;212m[48;2;199;199;212m▀[0m[38;2;197;172;98m[48;2;199;199;212m▀[0m[38;2;173;126;45m[48;2;199;199;212m▀[0m[38;2;144;151;173m[48;2;7;7;7m▀[0m[38;2;7;7;7m▀ [38;2;7;7;7m[48;2;7;7;7m▀[0m[38;2;7;7;7m[48;2;199;199;212m▀[0m[38;2;199;199;212m[48;2;199;199;212m▀[0m[38;2;199;199;212m[48;2;199;199;212m▀[0m[38;2;7;7;7m[48;2;199;199;212m▀[0m[38;2;7;7;7m▄ 
 [38;2;7;7;7m[48;2;7;7;7m▀[0m[38;2;144;151;173m[48;2;169;128;102m▀[0m[38;2;144;151;173m[48;2;222;193;166m▀[0m[38;2;169;128;102m[48;2;222;193;166m▀[0m[38;2;169;128;102m[48;2;222;193;166m▀[0m[38;2;144;151;173m[48;2;169;128;102m▀[0m[38;2;199;199;212m[48;2;82;82;82m▀[0m[38;2;82;82;82m[48;2;199;199;212m▀[0m[38;2;199;199;212m[48;2;199;199;212m▀[0m[38;2;144;151;173m[48;2;144;151;173m▀[0m[38;2;144;151;173m[48;2;82;82;82m▀[0m[38;2;7;7;7m[48;2;144;151;173m▀[0m[38;2;7;7;7m[48;2;144;151;173m▀[0m[38;2;82;82;82m[48;2;199;199;212m▀[0m[38;2;199;199;212m[48;2;82;82;82m▀[0m[38;2;199;199;212m[48;2;199;199;212m▀[0m[38;2;144;151;173m[48;2;144;151;173m▀[0m[38;2;199;199;212m[48;2;199;199;212m▀[0m[38;2;199;199;212m[48;2;199;199;212m▀[0m[38;2;7;7;7m[48;2;7;7;7m▀[0m
  [38;2;7;7;7m[48;2;7;7;7m▀[0m[38;2;82;82;82m[48;2;144;151;173m▀[0m[38;2;222;193;166m[48;2;82;82;82m▀[0m[38;2;222;193;166m[48;2;82;82;82m▀[0m[38;2;222;193;166m[48;2;144;151;173m▀[0m[38;2;82;82;82m[48;2;144;151;173m▀[0m[38;2;199;199;212m[48;2;82;82;82m▀[0m[38;2;144;151;173m[48;2;82;82;82m▀[0m[38;2;82;82;82m[48;2;212;157;63m▀[0m[38;2;173;126;45m[48;2;212;157;63m▀[0m[38;2;82;82;82m[48;2;212;157;63m▀[0m[38;2;144;151;173m[48;2;82;82;82m▀[0m[38;2;199;199;212m[48;2;144;151;173m▀[0m[38;2;199;199;212m[48;2;199;199;212m▀[0m[38;2;144;151;173m[48;2;199;199;212m▀[0m[38;2;199;199;212m[48;2;144;151;173m▀[0m[38;2;199;199;212m[48;2;144;151;173m▀[0m[38;2;144;151;173m[48;2;7;7;7m▀[0m[38;2;7;7;7m▀
 [38;2;7;7;7m[48;2;7;7;7m▀[0m[38;2;199;199;212m[48;2;199;199;212m▀[0m[38;2;144;151;173m[48;2;199;199;212m▀[0m[38;2;144;151;173m[48;2;144;151;173m▀[0m[38;2;144;151;173m[48;2;144;151;173m▀[0m[38;2;144;151;173m[48;2;144;151;173m▀[0m[38;2;144;151;173m[48;2;199;199;212m▀[0m[38;2;199;199;212m[48;2;199;199;212m▀[0m[38;2;82;82;82m[48;2;199;199;212m▀[0m[38;2;212;157;63m[48;2;82;82;82m▀[0m[38;2;212;157;63m[48;2;212;157;63m▀[0m[38;2;82;82;82m[48;2;212;157;63m▀[0m[38;2;82;82;82m[48;2;173;126;45m▀[0m[38;2;82;82;82m[48;2;82;82;82m▀[0m[38;2;144;151;173m[48;2;144;151;173m▀[0m[38;2;144;151;173m[48;2;144;151;173m▀[0m[38;2;144;151;173m[48;2;7;7;7m▀[0m[38;2;144;151;173m[48;2;7;7;7m▀[0m[38;2;7;7;7m▀ 
  [38;2;7;7;7m▀[38;2;199;199;212m[48;2;7;7;7m▀[0m[38;2;82;82;82m[48;2;82;82;82m▀[0m[38;2;199;199;212m[48;2;82;82;82m▀[0m[38;2;199;199;212m[48;2;144;151;173m▀[0m[38;2;82;82;82m[48;2;199;199;212m▀[0m[38;2;199;199;212m[48;2;82;82;82m▀[0m[38;2;144;151;173m[48;2;82;82;82m▀[0m[38;2;82;82;82m[48;2;173;126;45m▀[0m[38;2;173;126;45m[48;2;122;81;9m▀[0m[38;2;82;82;82m[48;2;122;81;9m▀[0m[38;2;82;82;82m[48;2;173;126;45m▀[0m[38;2;82;82;82m[48;2;7;7;7m▀[0m[38;2;7;7;7m▀[38;2;7;7;7m▀    
  [38;2;7;7;7m[48;2;7;7;7m▀[0m[38;2;173;126;45m[48;2;248;248;248m▀[0m[38;2;122;81;9m[48;2;173;126;45m▀[0m[38;2;122;81;9m[48;2;82;82;82m▀[0m[38;2;82;82;82m[48;2;212;157;63m▀[0m[38;2;82;82;82m[48;2;212;157;63m▀[0m[38;2;212;157;63m[48;2;173;126;45m▀[0m[38;2;7;7;7m[48;2;7;7;7m▀[0m[38;2;7;7;7m▀[38;2;173;126;45m[48;2;7;7;7m▀[0m[38;2;173;126;45m[48;2;7;7;7m▀[0m[38;2;7;7;7m▀       
   [38;2;7;7;7m▀[38;2;7;7;7m▀[38;2;248;248;248m[48;2;7;7;7m▀[0m[38;2;212;157;63m[48;2;7;7;7m▀[0m[38;2;248;248;248m[48;2;7;7;7m▀[0m[38;2;7;7;7m▀            
[0m