     [38;2;0;0;0m▄[38;2;0;0;0m[48;2;65;65;65m▀[0m[38;2;0;0;0m[48;2;65;65;65m▀[0m[38;2;0;0;0m▄              
      [38;2;0;0;0m[48;2;0;0;0m▀[0m[38;2;65;65;65m[48;2;65;65;65m▀[0m[38;2;65;65;65m[48;2;214;178;52m▀[0m[38;2;0;0;0m[48;2;237;223;50m▀[0m[38;2;0;0;0m[48;2;214;178;52m▀[0m[38;2;0;0;0m▄[38;2;0;0;0m▄[38;2;0;0;0m[48;2;123;123;123m▀[0m[38;2;0;0;0m[48;2;123;123;123m▀[0m[38;2;0;0;0m[48;2;123;123;123m▀[0m[38;2;0;0;0m[48;2;123;123;123m▀[0m[38;2;0;0;0m▄     
     [38;2;0;0;0m▄[38;2;0;0;0m[48;2;237;223;50m▀[0m[38;2;237;223;50m[48;2;237;223;50m▀[0m[38;2;65;65;65m[48;2;237;223;50m▀[0m[38;2;237;223;50m[48;2;237;223;50m▀[0m[38;2;237;223;50m[48;2;237;223;50m▀[0m[38;2;99;99;99m[48;2;237;223;50m▀[0m[38;2;123;123;123m[48;2;99;99;99m▀[0m[38;2;123;123;123m[48;2;123;123;123m▀[0m[38;2;255;168;186m[48;2;228;106;131m▀[0m[38;2;255;168;186m[48;2;0;0;0m▀[0m[38;2;0;0;0m▀      
    [38;2;0;0;0m▄[38;2;0;0;0m[48;2;255;168;186m▀[0m[38;2;214;178;52m[48;2;255;168;186m▀[0m[38;2;214;178;52m[48;2;255;168;186m▀[0m[38;2;237;223;50m[48;2;214;178;52m▀[0m[38;2;237;223;50m[48;2;237;223;50m▀[0m[38;2;237;223;50m[48;2;0;0;0m▀[0m[38;2;255;255;255m[48;2;255;255;255m▀[0m[38;2;99;99;99m[48;2;214;178;52m▀[0m[38;2;228;106;131m[48;2;99;99;99m▀[0m[38;2;0;0;0m[48;2;0;0;0m▀[0m        
 [38;2;0;0;0m▄[38;2;0;0;0m[48;2;65;65;65m▀[0m[38;2;0;0;0m[48;2;65;65;65m▀[0m[38;2;0;0;0m[48;2;0;0;0m▀[0m[38;2;255;168;186m[48;2;65;65;65m▀[0m[38;2;255;168;186m[48;2;255;168;186m▀[0m[38;2;65;65;65m[48;2;255;168;186m▀[0m[38;2;255;168;186m[48;2;255;168;186m▀[0m[38;2;237;223;50m[48;2;214;178;52m▀[0m[38;2;65;65;65m[48;2;214;178;52m▀[0m[38;2;214;178;52m[48;2;214;178;52m▀[0m[38;2;214;178;52m[48;2;214;178;52m▀[0m[38;2;214;178;52m[48;2;65;65;65m▀[0m[38;2;65;65;65m[48;2;123;123;123m▀[0m[38;2;0;0;0m[48;2;123;123;123m▀[0m[38;2;0;0;0m[48;2;0;0;0m▀[0m[38;2;0;0;0m[48;2;255;168;186m▀[0m[38;2;0;0;0m[48;2;255;168;186m▀[0m[38;2;0;0;0m[48;2;228;106;131m▀[0m[38;2;0;0;0m▄  
[38;2;0;0;0m[48;2;0;0;0m▀[0m[38;2;65;65;65m[48;2;214;178;52m▀[0m[38;2;65;65;65m[48;2;214;178;52m▀[0m[38;2;65;65;65m[48;2;65;65;65m▀[0m[38;2;65;65;65m[48;2;0;0;0m▀[0m[38;2;0;0;0m▀[38;2;65;65;65m▀[38;2;214;178;52m[48;2;65;65;65m▀[0m[38;2;214;178;52m[48;2;237;223;50m▀[0m[38;2;255;255;255m[48;2;237;223;50m▀[0m[38;2;255;255;255m[48;2;237;223;50m▀[0m[38;2;237;223;50m[48;2;237;223;50m▀[0m[38;2;65;65;65m[48;2;65;65;65m▀[0m[38;2;123;123;123m[48;2;65;65;65m▀[0m[38;2;99;99;99m[48;2;123;123;123m▀[0m[38;2;123;123;123m[48;2;123;123;123m▀[0m[38;2;123;123;123m[48;2;123;123;123m▀[0m[38;2;65;65;65m[48;2;65;65;65m▀[0m[38;2;65;65;65m[48;2;228;106;131m▀[0m[38;2;255;168;186m[48;2;65;65;65m▀[0m[38;2;255;168;186m[48;2;255;168;186m▀[0m[38;2;0;0;0m[48;2;228;106;131m▀[0m[38;2;0;0;0m▄
 [38;2;0;0;0m▀[38;2;0;0;0m▀[38;2;0;0;0m▀  [38;2;0;0;0m[48;2;0;0;0m▀[0m[38;2;65;65;65m[48;2;65;65;65m▀[0m[38;2;237;223;50m[48;2;123;123;123m▀[0m[38;2;65;65;65m[48;2;123;123;123m▀[0m[38;2;237;223;50m[48;2;123;123;123m▀[0m[38;2;65;65;65m[48;2;65;65;65m▀[0m[38;2;123;123;123m[48;2;237;223;50m▀[0m[38;2;123;123;123m[48;2;237;223;50m▀[0m[38;2;123;123;123m[48;2;123;123;123m▀[0m[38;2;123;123;123m[48;2;65;65;65m▀[0m[38;2;65;65;65m[48;2;65;65;65m▀[0m[38;2;228;106;131m[48;2;228;106;131m▀[0m[38;2;255;168;186m[48;2;65;65;65m▀[0m[38;2;228;106;131m[48;2;255;168;186m▀[0m[38;2;65;65;65m[48;2;0;0;0m▀[0m[38;2;255;168;186m[48;2;255;168;186m▀[0m[38;2;0;0;0m[48;2;0;0;0m▀[0m
      [38;2;0;0;0m▀[38;2;99;99;99m[48;2;0;0;0m▀[0m[38;2;65;65;65m[48;2;99;99;99m▀[0m[38;2;123;123;123m[48;2;99;99;99m▀[0m[38;2;123;123;123m[48;2;65;65;65m▀[0m[38;2;123;123;123m[48;2;0;0;0m▀[0m[38;2;65;65;65m[48;2;123;123;123m▀[0m[38;2;65;65;65m[48;2;123;123;123m▀[0m[38;2;65;65;65m[48;2;123;123;123m▀[0m[38;2;123;123;123m[48;2;123;123;123m▀[0m[38;2;123;123;123m[48;2;123;123;123m▀[0m[38;2;65;65;65m[48;2;0;0;0m▀[0m[38;2;228;106;131m[48;2;0;0;0m▀[0m[38;2;0;0;0m▀ [38;2;0;0;0m▀ 
        [38;2;0;0;0m▀[38;2;0;0;0m▀[38;2;0;0;0m▀ [38;2;0;0;0m[48;2;0;0;0m▀[0m[38;2;123;123;123m[48;2;237;223;50m▀[0m[38;2;123;123;123m[48;2;65;65;65m▀[0m[38;2;123;123;123m[48;2;237;223;50m▀[0m[38;2;65;65;65m[48;2;0;0;0m▀[0m[38;2;0;0;0m▀     
             [38;2;0;0;0m▀[38;2;0;0;0m▀[38;2;0;0;0m▀       
[0m