       [38;2;0;0;0m▄[38;2;0;0;0m[48;2;218;209;209m▀[0m[38;2;0;0;0m[48;2;218;209;209m▀[0m[38;2;0;0;0m▄        
       [38;2;0;0;0m[48;2;0;0;0m▀[0m[38;2;218;209;209m[48;2;218;209;209m▀[0m[38;2;215;206;206m[48;2;215;206;206m▀[0m[38;2;215;206;206m[48;2;215;206;206m▀[0m[38;2;0;0;0m[48;2;0;0;0m▀[0m       
        [38;2;0;0;0m▀[38;2;166;146;154m[48;2;16;4;8m▀[0m[38;2;238;218;226m[48;2;166;146;154m▀[0m[38;2;0;0;0m[48;2;0;0;0m▀[0m       
        [38;2;0;0;0m▄[38;2;0;0;0m[48;2;247;219;222m▀[0m[38;2;247;219;222m[48;2;247;219;222m▀[0m[38;2;247;199;206m[48;2;247;199;206m▀[0m[38;2;0;0;0m[48;2;0;0;0m▀[0m      
     [38;2;0;0;0m▄[38;2;0;0;0m▄[38;2;0;0;0m[48;2;79;66;68m▀[0m[38;2;239;199;206m[48;2;79;66;68m▀[0m[38;2;247;200;205m[48;2;247;200;205m▀[0m[38;2;247;200;205m[48;2;247;200;205m▀[0m[38;2;247;199;206m[48;2;249;217;222m▀[0m[38;2;247;199;206m[48;2;255;255;255m▀[0m[38;2;0;0;0m[48;2;0;0;0m▀[0m     
  [38;2;0;0;0m▄[38;2;0;0;0m[48;2;218;209;209m▀[0m[38;2;0;0;0m[48;2;218;209;209m▀[0m[38;2;215;206;206m[48;2;215;206;206m▀[0m[38;2;215;206;206m[48;2;215;206;206m▀[0m[38;2;215;206;206m[48;2;215;206;206m▀[0m[38;2;215;206;206m[48;2;215;206;206m▀[0m[38;2;66;65;66m[48;2;218;209;209m▀[0m[38;2;66;65;66m[48;2;218;209;209m▀[0m[38;2;255;243;247m[48;2;66;65;66m▀[0m[38;2;255;243;247m[48;2;255;243;247m▀[0m[38;2;0;0;0m[48;2;247;199;206m▀[0m[38;2;0;0;0m▄    
 [38;2;0;0;0m[48;2;0;0;0m▀[0m[38;2;218;209;209m[48;2;218;209;209m▀[0m[38;2;215;205;205m[48;2;215;205;205m▀[0m[38;2;215;205;205m[48;2;181;157;170m▀[0m[38;2;215;206;206m[48;2;215;206;206m▀[0m[38;2;215;206;206m[48;2;215;206;206m▀[0m[38;2;215;205;205m[48;2;181;157;170m▀[0m[38;2;215;205;205m[48;2;215;205;205m▀[0m[38;2;218;209;209m[48;2;218;209;209m▀[0m[38;2;218;209;209m[48;2;66;65;66m▀[0m[38;2;218;209;209m[48;2;218;209;209m▀[0m[38;2;66;65;66m[48;2;66;65;66m▀[0m[38;2;206;154;173m[48;2;206;154;173m▀[0m[38;2;0;0;0m[48;2;0;0;0m▀[0m    
[38;2;0;0;0m[48;2;0;0;0m▀[0m[38;2;178;155;167m[48;2;178;155;167m▀[0m[38;2;178;155;167m[48;2;178;155;167m▀[0m[38;2;172;159;161m[48;2;66;65;74m▀[0m[38;2;221;207;207m[48;2;172;159;161m▀[0m[38;2;221;207;207m[48;2;172;159;161m▀[0m[38;2;172;159;161m[48;2;66;65;74m▀[0m[38;2;218;209;209m[48;2;177;157;165m▀[0m[38;2;218;209;209m[48;2;177;157;165m▀[0m[38;2;66;65;66m[48;2;66;65;66m▀[0m[38;2;221;207;207m[48;2;168;160;159m▀[0m[38;2;66;65;66m[48;2;66;65;66m▀[0m[38;2;181;157;170m[48;2;181;157;170m▀[0m[38;2;66;65;66m[48;2;0;0;0m▀[0m[38;2;0;0;0m▀    
 [38;2;0;0;0m▀[38;2;66;65;66m[48;2;0;0;0m▀[0m[38;2;160;132;136m[48;2;247;199;206m▀[0m[38;2;74;65;66m[48;2;247;199;206m▀[0m[38;2;66;65;66m[48;2;247;199;206m▀[0m[38;2;66;65;66m[48;2;247;199;206m▀[0m[38;2;181;157;170m[48;2;66;65;66m▀[0m[38;2;181;157;170m[48;2;66;65;66m▀[0m[38;2;181;157;170m[48;2;66;65;66m▀[0m[38;2;181;157;170m[48;2;66;65;66m▀[0m[38;2;66;65;66m[48;2;181;157;170m▀[0m[38;2;181;157;170m[48;2;181;157;170m▀[0m[38;2;181;157;170m[48;2;181;157;170m▀[0m[38;2;0;0;0m[48;2;0;0;0m▀[0m    
[38;2;0;0;0m▄[38;2;0;0;0m[48;2;181;157;170m▀[0m[38;2;181;157;170m[48;2;181;157;170m▀[0m[38;2;66;65;66m[48;2;66;65;66m▀[0m[38;2;247;199;206m[48;2;66;65;66m▀[0m[38;2;160;132;136m[48;2;66;65;66m▀[0m[38;2;255;199;206m[48;2;66;65;66m▀[0m[38;2;247;199;206m[48;2;66;65;66m▀[0m[38;2;247;199;206m[48;2;66;65;66m▀[0m[38;2;206;154;173m[48;2;0;0;0m▀[0m[38;2;0;0;0m▀[38;2;181;157;170m[48;2;0;0;0m▀[0m[38;2;181;157;170m[48;2;181;157;170m▀[0m[38;2;177;157;165m[48;2;218;209;209m▀[0m[38;2;177;157;165m[48;2;218;209;209m▀[0m[38;2;0;0;0m[48;2;218;209;209m▀[0m[38;2;0;0;0m[48;2;218;209;209m▀[0m[38;2;0;0;0m▄ 
 [38;2;0;0;0m▀[38;2;0;0;0m▀[38;2;0;0;0m▀[38;2;206;154;173m[48;2;0;0;0m▀[0m[38;2;206;158;173m[48;2;0;4;0m▀[0m[38;2;68;55;57m[48;2;0;4;0m▀[0m[38;2;74;65;66m[48;2;247;199;206m▀[0m[38;2;189;154;159m[48;2;247;199;206m▀[0m[38;2;206;154;173m[48;2;0;0;0m▀[0m[38;2;0;0;0m▀ [38;2;0;0;0m▀[38;2;0;0;0m▀[38;2;218;209;209m[48;2;0;0;0m▀[0m[38;2;218;209;209m[48;2;0;0;0m▀[0m[38;2;218;209;209m[48;2;0;0;0m▀[0m[38;2;218;209;209m[48;2;0;0;0m▀[0m[38;2;0;0;0m▀
       [38;2;0;0;0m▀[38;2;0;0;0m▀          
[0m