             [38;2;0;0;0m[48;2;0;0;0m▀[0m[38;2;0;0;0m[48;2;231;120;225m▀[0m[38;2;0;0;0m▄                  
             [38;2;0;0;0m[48;2;0;0;0m▀[0m[38;2;231;120;225m[48;2;231;120;225m▀[0m[38;2;0;0;0m[48;2;231;120;225m▀[0m[38;2;0;0;0m▄                 
             [38;2;0;0;0m[48;2;0;0;0m▀[0m[38;2;231;120;225m[48;2;231;120;225m▀[0m[38;2;231;120;225m[48;2;231;120;225m▀[0m[38;2;0;0;0m[48;2;231;120;225m▀[0m[38;2;0;0;0m▄                
       [38;2;0;0;0m▄[38;2;0;0;0m[48;2;231;120;225m▀[0m[38;2;0;0;0m▄   [38;2;0;0;0m[48;2;0;0;0m▀[0m[38;2;231;120;225m[48;2;231;120;225m▀[0m[38;2;231;120;225m[48;2;231;120;225m▀[0m[38;2;231;120;225m[48;2;231;120;225m▀[0m[38;2;0;0;0m[48;2;0;0;0m▀[0m    [38;2;0;0;0m▄           
       [38;2;0;0;0m[48;2;0;0;0m▀[0m[38;2;208;74;199m[48;2;208;74;199m▀[0m[38;2;0;0;0m[48;2;0;0;0m▀[0m  [38;2;0;0;0m[48;2;0;0;0m▀[0m[38;2;208;74;199m[48;2;231;120;225m▀[0m[38;2;208;74;199m[48;2;231;120;225m▀[0m[38;2;231;120;225m[48;2;231;120;225m▀[0m[38;2;231;120;225m[48;2;231;120;225m▀[0m[38;2;231;120;225m[48;2;231;120;225m▀[0m[38;2;0;0;0m[48;2;0;0;0m▀[0m  [38;2;0;0;0m[48;2;0;0;0m▀[0m[38;2;248;178;246m[48;2;231;120;225m▀[0m[38;2;0;0;0m[48;2;0;0;0m▀[0m          
        [38;2;0;0;0m▀[38;2;208;74;199m[48;2;0;0;0m▀[0m[38;2;0;0;0m[48;2;208;74;199m▀[0m[38;2;0;0;0m[48;2;65;65;65m▀[0m[38;2;208;74;199m[48;2;231;120;225m▀[0m[38;2;208;74;199m[48;2;231;120;225m▀[0m[38;2;231;120;225m[48;2;231;120;225m▀[0m[38;2;231;120;225m[48;2;208;74;199m▀[0m[38;2;231;120;225m[48;2;231;120;225m▀[0m[38;2;231;120;225m[48;2;231;120;225m▀[0m[38;2;0;0;0m[48;2;231;120;225m▀[0m[38;2;0;0;0m▄[38;2;0;0;0m[48;2;231;120;225m▀[0m[38;2;231;120;225m[48;2;0;0;0m▀[0m[38;2;65;65;65m[48;2;0;0;0m▀[0m[38;2;0;0;0m▀          
         [38;2;0;0;0m▀[38;2;208;74;199m[48;2;0;0;0m▀[0m[38;2;208;74;199m[48;2;208;74;199m▀[0m[38;2;65;65;65m[48;2;208;74;199m▀[0m[38;2;208;74;199m[48;2;65;65;65m▀[0m[38;2;208;74;199m[48;2;231;120;225m▀[0m[38;2;231;120;225m[48;2;231;120;225m▀[0m[38;2;231;120;225m[48;2;231;120;225m▀[0m[38;2;231;120;225m[48;2;65;65;65m▀[0m[38;2;65;65;65m[48;2;231;120;225m▀[0m[38;2;231;120;225m[48;2;65;65;65m▀[0m[38;2;0;0;0m[48;2;0;0;0m▀[0m[38;2;0;0;0m[48;2;0;0;0m▀[0m            
        [38;2;0;0;0m[48;2;0;0;0m▀[0m[38;2;0;0;0m[48;2;231;120;225m▀[0m[38;2;0;0;0m▄[38;2;0;0;0m[48;2;0;0;0m▀[0m[38;2;65;65;65m[48;2;231;120;225m▀[0m[38;2;208;74;199m[48;2;249;110;66m▀[0m[38;2;249;110;66m[48;2;249;110;66m▀[0m[38;2;249;110;66m[48;2;231;120;225m▀[0m[38;2;65;65;65m[48;2;231;120;225m▀[0m[38;2;231;120;225m[48;2;65;65;65m▀[0m[38;2;65;65;65m[48;2;231;120;225m▀[0m[38;2;231;120;225m[48;2;231;120;225m▀[0m[38;2;231;120;225m[48;2;231;120;225m▀[0m[38;2;0;0;0m[48;2;0;0;0m▀[0m[38;2;0;0;0m▄           
   [38;2;0;0;0m▄[38;2;0;0;0m▄[38;2;0;0;0m▄  [38;2;0;0;0m[48;2;0;0;0m▀[0m[38;2;231;120;225m[48;2;0;0;0m▀[0m[38;2;231;120;225m[48;2;231;120;225m▀[0m[38;2;65;65;65m[48;2;231;120;225m▀[0m[38;2;249;110;66m[48;2;65;65;65m▀[0m[38;2;249;110;66m[48;2;65;65;65m▀[0m[38;2;249;110;66m[48;2;249;110;66m▀[0m[38;2;249;110;66m[48;2;223;98;48m▀[0m[38;2;249;110;66m[48;2;0;0;0m▀[0m[38;2;249;110;66m[48;2;255;222;49m▀[0m[38;2;65;65;65m[48;2;65;65;65m▀[0m[38;2;231;120;225m[48;2;231;120;225m▀[0m[38;2;231;120;225m[48;2;249;110;66m▀[0m[38;2;249;110;66m[48;2;231;120;225m▀[0m[38;2;231;120;225m[48;2;231;120;225m▀[0m[38;2;0;0;0m[48;2;65;65;65m▀[0m[38;2;0;0;0m▄         
 [38;2;0;0;0m▄[38;2;0;0;0m[48;2;208;74;199m▀[0m[38;2;208;74;199m[48;2;208;74;199m▀[0m[38;2;208;74;199m[48;2;208;74;199m▀[0m[38;2;208;74;199m[48;2;208;74;199m▀[0m[38;2;0;0;0m[48;2;208;74;199m▀[0m[38;2;0;0;0m[48;2;65;65;65m▀[0m[38;2;65;65;65m[48;2;0;0;0m▀[0m[38;2;0;0;0m[48;2;0;0;0m▀[0m[38;2;65;65;65m[48;2;208;74;199m▀[0m[38;2;231;120;225m[48;2;65;65;65m▀[0m[38;2;231;120;225m[48;2;65;65;65m▀[0m[38;2;231;120;225m[48;2;231;120;225m▀[0m[38;2;231;120;225m[48;2;231;120;225m▀[0m[38;2;65;65;65m[48;2;231;120;225m▀[0m[38;2;255;222;49m[48;2;65;65;65m▀[0m[38;2;173;140;16m[48;2;65;65;65m▀[0m[38;2;65;65;65m[48;2;231;120;225m▀[0m[38;2;231;120;225m[48;2;231;120;225m▀[0m[38;2;249;110;66m[48;2;223;98;48m▀[0m[38;2;231;120;225m[48;2;231;120;225m▀[0m[38;2;231;120;225m[48;2;231;120;225m▀[0m[38;2;231;120;225m[48;2;65;65;65m▀[0m[38;2;0;0;0m[48;2;231;120;225m▀[0m[38;2;0;0;0m[48;2;0;0;0m▀[0m[38;2;0;0;0m▄ [38;2;0;0;0m▄[38;2;0;0;0m▄    
[38;2;0;0;0m▄[38;2;0;0;0m[48;2;255;255;255m▀[0m[38;2;249;110;66m[48;2;208;74;199m▀[0m[38;2;208;74;199m[48;2;223;98;48m▀[0m[38;2;208;74;199m[48;2;208;74;199m▀[0m[38;2;208;74;199m[48;2;208;74;199m▀[0m[38;2;208;74;199m[48;2;208;74;199m▀[0m[38;2;208;74;199m[48;2;208;74;199m▀[0m[38;2;65;65;65m[48;2;0;0;0m▀[0m[38;2;208;74;199m[48;2;0;0;0m▀[0m[38;2;0;0;0m▀[38;2;0;0;0m[48;2;0;0;0m▀[0m[38;2;249;110;66m[48;2;231;120;225m▀[0m[38;2;65;65;65m[48;2;249;110;66m▀[0m[38;2;65;65;65m[48;2;249;110;66m▀[0m[38;2;65;65;65m[48;2;249;110;66m▀[0m[38;2;65;65;65m[48;2;249;110;66m▀[0m[38;2;231;120;225m[48;2;249;110;66m▀[0m[38;2;231;120;225m[48;2;249;110;66m▀[0m[38;2;249;110;66m[48;2;231;120;225m▀[0m[38;2;223;98;48m[48;2;231;120;225m▀[0m[38;2;208;74;199m[48;2;223;98;48m▀[0m[38;2;208;74;199m[48;2;208;74;199m▀[0m[38;2;65;65;65m[48;2;208;74;199m▀[0m[38;2;231;120;225m[48;2;65;65;65m▀[0m[38;2;231;120;225m[48;2;231;120;225m▀[0m[38;2;0;0;0m[48;2;65;65;65m▀[0m[38;2;0;0;0m[48;2;231;120;225m▀[0m[38;2;208;74;199m[48;2;231;120;225m▀[0m[38;2;231;120;225m[48;2;208;74;199m▀[0m[38;2;0;0;0m[48;2;208;74;199m▀[0m[38;2;0;0;0m[48;2;231;120;225m▀[0m[38;2;0;0;0m▄ 
[38;2;0;0;0m▀[38;2;208;74;199m[48;2;0;0;0m▀[0m[38;2;208;74;199m[48;2;197;197;197m▀[0m[38;2;208;74;199m[48;2;208;74;199m▀[0m[38;2;223;98;48m[48;2;223;98;48m▀[0m[38;2;208;74;199m[48;2;208;74;199m▀[0m[38;2;208;74;199m[48;2;0;0;0m▀[0m[38;2;208;74;199m[48;2;0;0;0m▀[0m[38;2;0;0;0m▀[38;2;0;0;0m▄[38;2;0;0;0m[48;2;208;74;199m▀[0m[38;2;223;98;48m[48;2;223;98;48m▀[0m[38;2;65;65;65m[48;2;65;65;65m▀[0m[38;2;231;120;225m[48;2;65;65;65m▀[0m[38;2;231;120;225m[48;2;65;65;65m▀[0m[38;2;231;120;225m[48;2;65;65;65m▀[0m[38;2;231;120;225m[48;2;65;65;65m▀[0m[38;2;65;65;65m[48;2;65;65;65m▀[0m[38;2;231;120;225m[48;2;231;120;225m▀[0m[38;2;231;120;225m[48;2;231;120;225m▀[0m[38;2;231;120;225m[48;2;249;110;66m▀[0m[38;2;65;65;65m[48;2;231;120;225m▀[0m[38;2;65;65;65m[48;2;231;120;225m▀[0m[38;2;208;74;199m[48;2;65;65;65m▀[0m[38;2;173;140;16m[48;2;173;140;16m▀[0m[38;2;65;65;65m[48;2;65;65;65m▀[0m[38;2;231;120;225m[48;2;231;120;225m▀[0m[38;2;231;120;225m[48;2;231;120;225m▀[0m[38;2;231;120;225m[48;2;231;120;225m▀[0m[38;2;231;120;225m[48;2;231;120;225m▀[0m[38;2;208;74;199m[48;2;208;74;199m▀[0m[38;2;208;74;199m[48;2;231;120;225m▀[0m[38;2;0;0;0m[48;2;208;74;199m▀[0m[38;2;0;0;0m▄
  [38;2;0;0;0m▀[38;2;0;0;0m▀[38;2;0;0;0m▀[38;2;0;0;0m▀   [38;2;0;0;0m▀[38;2;208;74;199m[48;2;0;0;0m▀[0m[38;2;208;74;199m[48;2;65;65;65m▀[0m[38;2;223;98;48m[48;2;65;65;65m▀[0m[38;2;65;65;65m[48;2;0;0;0m▀[0m[38;2;231;120;225m[48;2;0;0;0m▀[0m[38;2;231;120;225m[48;2;65;65;65m▀[0m[38;2;231;120;225m[48;2;65;65;65m▀[0m[38;2;65;65;65m[48;2;65;65;65m▀[0m[38;2;208;74;199m[48;2;0;0;0m▀[0m[38;2;249;110;66m[48;2;223;98;48m▀[0m[38;2;231;120;225m[48;2;208;74;199m▀[0m[38;2;231;120;225m[48;2;231;120;225m▀[0m[38;2;231;120;225m[48;2;231;120;225m▀[0m[38;2;231;120;225m[48;2;231;120;225m▀[0m[38;2;65;65;65m[48;2;0;0;0m▀[0m[38;2;0;0;0m▀[38;2;231;120;225m[48;2;0;0;0m▀[0m[38;2;231;120;225m[48;2;231;120;225m▀[0m[38;2;231;120;225m[48;2;231;120;225m▀[0m[38;2;231;120;225m[48;2;231;120;225m▀[0m[38;2;231;120;225m[48;2;249;110;66m▀[0m[38;2;249;110;66m[48;2;208;74;199m▀[0m[38;2;249;110;66m[48;2;208;74;199m▀[0m[38;2;0;0;0m[48;2;0;0;0m▀[0m
         [38;2;0;0;0m▀[38;2;197;197;197m[48;2;0;0;0m▀[0m[38;2;208;74;199m[48;2;0;0;0m▀[0m[38;2;208;74;199m[48;2;0;0;0m▀[0m[38;2;0;0;0m▀ [38;2;0;0;0m▀[38;2;0;0;0m▀[38;2;0;0;0m▀ [38;2;0;0;0m▀[38;2;0;0;0m▀[38;2;208;74;199m[48;2;0;0;0m▀[0m[38;2;208;74;199m[48;2;65;65;65m▀[0m[38;2;65;65;65m[48;2;0;0;0m▀[0m[38;2;0;0;0m[48;2;0;0;0m▀[0m[38;2;0;0;0m▀ [38;2;0;0;0m▀[38;2;0;0;0m▀[38;2;249;110;66m[48;2;0;0;0m▀[0m[38;2;208;74;199m[48;2;255;255;255m▀[0m[38;2;231;120;225m[48;2;0;0;0m▀[0m[38;2;255;255;255m[48;2;0;0;0m▀[0m[38;2;0;0;0m▀
                    [38;2;0;0;0m▀[38;2;208;74;199m[48;2;0;0;0m▀[0m[38;2;197;197;197m[48;2;0;0;0m▀[0m[38;2;255;255;255m[48;2;0;0;0m▀[0m[38;2;0;0;0m[48;2;0;0;0m▀[0m     [38;2;0;0;0m▀[38;2;0;0;0m▀  
[0m