[38;2;0;0;0m[48;2;0;0;0m▀[0m[38;2;0;0;0m[48;2;143;207;47m▀[0m[38;2;0;0;0m[48;2;193;255;66m▀[0m[38;2;0;0;0m[48;2;193;255;66m▀[0m[38;2;0;0;0m[48;2;0;0;0m▀[0m                 
[38;2;0;0;0m[48;2;0;0;0m▀[0m[38;2;193;255;66m[48;2;193;255;66m▀[0m[38;2;143;207;47m[48;2;193;255;66m▀[0m[38;2;193;255;66m[48;2;143;207;47m▀[0m[38;2;0;0;0m[48;2;193;255;66m▀[0m[38;2;0;0;0m[48;2;193;255;66m▀[0m[38;2;0;0;0m[48;2;0;0;0m▀[0m      [38;2;0;0;0m▄[38;2;0;0;0m▄ [38;2;0;0;0m[48;2;0;0;0m▀[0m[38;2;0;0;0m[48;2;193;255;66m▀[0m[38;2;0;0;0m[48;2;193;255;66m▀[0m[38;2;0;0;0m▄[38;2;0;0;0m▄ 
[38;2;0;0;0m▀[38;2;0;0;0m▀[38;2;0;0;0m[48;2;0;0;0m▀[0m[38;2;193;255;66m[48;2;193;255;66m▀[0m[38;2;143;207;47m[48;2;193;255;66m▀[0m[38;2;193;255;66m[48;2;89;155;41m▀[0m[38;2;0;0;0m[48;2;143;207;47m▀[0m[38;2;0;0;0m▄[38;2;0;0;0m▄  [38;2;0;0;0m▄[38;2;0;0;0m▄[38;2;0;0;0m[48;2;89;155;41m▀[0m[38;2;193;255;66m[48;2;193;255;66m▀[0m[38;2;0;0;0m[48;2;193;255;66m▀[0m[38;2;193;255;66m[48;2;143;207;47m▀[0m[38;2;193;255;66m[48;2;143;207;47m▀[0m[38;2;143;207;47m[48;2;193;255;66m▀[0m[38;2;143;207;47m[48;2;193;255;66m▀[0m[38;2;143;207;47m[48;2;0;0;0m▀[0m[38;2;0;0;0m▀
  [38;2;0;0;0m▀[38;2;65;65;65m[48;2;0;0;0m▀[0m[38;2;65;65;65m[48;2;0;0;0m▀[0m[38;2;193;255;66m[48;2;65;65;65m▀[0m[38;2;89;155;41m[48;2;193;255;66m▀[0m[38;2;143;207;47m[48;2;89;155;41m▀[0m[38;2;0;0;0m[48;2;143;207;47m▀[0m[38;2;0;0;0m▄[38;2;0;0;0m▄[38;2;0;0;0m[48;2;193;255;66m▀[0m[38;2;193;255;66m[48;2;143;207;47m▀[0m[38;2;193;255;66m[48;2;89;155;41m▀[0m[38;2;143;207;47m[48;2;193;255;66m▀[0m[38;2;143;207;47m[48;2;143;207;47m▀[0m[38;2;89;155;41m[48;2;0;0;0m▀[0m[38;2;0;0;0m▀[38;2;193;255;66m[48;2;0;0;0m▀[0m[38;2;0;0;0m▀  
   [38;2;0;0;0m[48;2;0;0;0m▀[0m[38;2;124;235;62m[48;2;107;197;58m▀[0m[38;2;65;65;65m[48;2;65;65;65m▀[0m[38;2;193;255;66m[48;2;65;65;65m▀[0m[38;2;193;255;66m[48;2;65;65;65m▀[0m[38;2;89;155;41m[48;2;89;155;41m▀[0m[38;2;0;0;0m[48;2;193;255;66m▀[0m[38;2;193;255;66m[48;2;65;65;65m▀[0m[38;2;143;207;47m[48;2;65;65;65m▀[0m[38;2;193;255;66m[48;2;65;65;65m▀[0m[38;2;65;65;65m[48;2;66;148;49m▀[0m[38;2;65;65;65m[48;2;66;148;49m▀[0m[38;2;193;255;66m[48;2;0;0;0m▀[0m[38;2;0;0;0m▀     
   [38;2;0;0;0m▄[38;2;0;0;0m[48;2;124;235;62m▀[0m[38;2;124;235;62m[48;2;239;255;24m▀[0m[38;2;124;235;62m[48;2;124;235;62m▀[0m[38;2;107;197;58m[48;2;124;235;62m▀[0m[38;2;65;65;65m[48;2;124;235;62m▀[0m[38;2;65;65;65m[48;2;124;235;62m▀[0m[38;2;65;65;65m[48;2;124;235;62m▀[0m[38;2;66;148;49m[48;2;124;235;62m▀[0m[38;2;124;235;62m[48;2;124;235;62m▀[0m[38;2;124;235;62m[48;2;65;65;65m▀[0m[38;2;124;235;62m[48;2;107;197;58m▀[0m[38;2;0;0;0m[48;2;0;0;0m▀[0m      
   [38;2;0;0;0m[48;2;0;0;0m▀[0m[38;2;124;235;62m[48;2;124;235;62m▀[0m[38;2;124;235;62m[48;2;66;148;49m▀[0m[38;2;124;235;62m[48;2;124;235;62m▀[0m[38;2;124;235;62m[48;2;124;235;62m▀[0m[38;2;124;235;62m[48;2;239;255;24m▀[0m[38;2;124;235;62m[48;2;124;235;62m▀[0m[38;2;124;235;62m[48;2;107;197;58m▀[0m[38;2;124;235;62m[48;2;65;65;65m▀[0m[38;2;65;65;65m[48;2;65;65;65m▀[0m[38;2;65;65;65m[48;2;107;197;58m▀[0m[38;2;0;0;0m[48;2;0;0;0m▀[0m[38;2;0;0;0m▄[38;2;0;0;0m▄     
  [38;2;0;0;0m[48;2;0;0;0m▀[0m[38;2;65;65;65m[48;2;107;197;58m▀[0m[38;2;124;235;62m[48;2;65;65;65m▀[0m[38;2;124;235;62m[48;2;124;235;62m▀[0m[38;2;66;148;49m[48;2;107;197;58m▀[0m[38;2;66;148;49m[48;2;107;197;58m▀[0m[38;2;124;235;62m[48;2;124;235;62m▀[0m[38;2;124;235;62m[48;2;124;235;62m▀[0m[38;2;124;235;62m[48;2;124;235;62m▀[0m[38;2;107;197;58m[48;2;107;197;58m▀[0m[38;2;107;197;58m[48;2;107;197;58m▀[0m[38;2;107;197;58m[48;2;107;197;58m▀[0m[38;2;65;65;65m[48;2;65;65;65m▀[0m[38;2;107;197;58m[48;2;65;65;65m▀[0m[38;2;107;197;58m[48;2;0;0;0m▀[0m[38;2;0;0;0m▀    
   [38;2;0;0;0m▀[38;2;0;0;0m▀[38;2;0;0;0m▀[38;2;124;235;62m[48;2;0;0;0m▀[0m[38;2;124;235;62m[48;2;66;148;49m▀[0m[38;2;124;235;62m[48;2;66;148;49m▀[0m[38;2;124;235;62m[48;2;107;197;58m▀[0m[38;2;107;197;58m[48;2;107;197;58m▀[0m[38;2;107;197;58m[48;2;0;0;0m▀[0m[38;2;107;197;58m[48;2;0;0;0m▀[0m[38;2;66;148;49m[48;2;65;65;65m▀[0m[38;2;107;197;58m[48;2;107;197;58m▀[0m[38;2;0;0;0m[48;2;0;0;0m▀[0m      
       [38;2;0;0;0m[48;2;0;0;0m▀[0m[38;2;124;235;62m[48;2;0;0;0m▀[0m[38;2;66;148;49m[48;2;0;0;0m▀[0m[38;2;0;0;0m▀  [38;2;0;0;0m▀[38;2;0;0;0m▀       
[0m