   [38;2;0;0;0m▄[38;2;0;0;0m[48;2;189;189;189m▀[0m[38;2;0;0;0m[48;2;255;255;255m▀[0m[38;2;0;0;0m[48;2;255;255;255m▀[0m[38;2;0;0;0m▄[38;2;0;0;0m▄[38;2;0;0;0m▄[38;2;0;0;0m▄         
  [38;2;0;0;0m[48;2;0;0;0m▀[0m[38;2;255;255;255m[48;2;255;255;255m▀[0m[38;2;255;255;255m[48;2;255;255;255m▀[0m[38;2;189;189;189m[48;2;59;70;196m▀[0m[38;2;59;70;196m[48;2;59;70;196m▀[0m[38;2;59;70;196m[48;2;255;255;255m▀[0m[38;2;255;255;255m[48;2;255;255;255m▀[0m[38;2;255;255;255m[48;2;255;255;255m▀[0m[38;2;255;255;255m[48;2;255;255;255m▀[0m[38;2;0;0;0m[48;2;255;255;255m▀[0m[38;2;0;0;0m▄   [38;2;0;0;0m▄[38;2;0;0;0m▄[38;2;0;0;0m▄ 
  [38;2;0;0;0m▄[38;2;0;0;0m[48;2;255;191;67m▀[0m[38;2;59;70;196m[48;2;88;105;241m▀[0m[38;2;88;105;241m[48;2;88;105;241m▀[0m[38;2;59;70;196m[48;2;88;105;241m▀[0m[38;2;255;255;255m[48;2;59;70;196m▀[0m[38;2;255;255;255m[48;2;0;0;0m▀[0m[38;2;0;0;0m▀[38;2;0;0;0m▀[38;2;255;255;255m[48;2;0;0;0m▀[0m[38;2;0;0;0m▀   [38;2;0;0;0m[48;2;0;0;0m▀[0m[38;2;0;0;0m▀[38;2;0;0;0m▄ 
[38;2;0;0;0m▄[38;2;0;0;0m[48;2;255;191;67m▀[0m[38;2;88;105;241m[48;2;255;191;67m▀[0m[38;2;255;191;67m[48;2;255;191;67m▀[0m[38;2;88;105;241m[48;2;202;140;60m▀[0m[38;2;88;105;241m[48;2;0;0;0m▀[0m[38;2;255;255;255m[48;2;255;255;255m▀[0m[38;2;88;105;241m[48;2;88;105;241m▀[0m[38;2;59;70;196m[48;2;88;105;241m▀[0m[38;2;0;0;0m[48;2;0;0;0m▀[0m        [38;2;65;65;65m▀[38;2;0;0;0m[48;2;0;0;0m▀[0m
[38;2;0;0;0m▀[38;2;59;70;196m[48;2;0;0;0m▀[0m[38;2;255;191;67m[48;2;0;0;0m▀[0m[38;2;255;191;67m[48;2;202;140;60m▀[0m[38;2;255;191;67m[48;2;202;140;60m▀[0m[38;2;255;191;67m[48;2;59;70;196m▀[0m[38;2;88;105;241m[48;2;88;105;241m▀[0m[38;2;88;105;241m[48;2;88;105;241m▀[0m[38;2;88;105;241m[48;2;88;105;241m▀[0m[38;2;0;0;0m[48;2;59;70;196m▀[0m[38;2;0;0;0m▄ [38;2;0;0;0m▄[38;2;0;0;0m▄[38;2;0;0;0m▄[38;2;0;0;0m▄  [38;2;65;65;65m▄[38;2;0;0;0m[48;2;0;0;0m▀[0m
   [38;2;0;0;0m▀[38;2;0;0;0m[48;2;0;0;0m▀[0m[38;2;88;105;241m[48;2;88;105;241m▀[0m[38;2;88;105;241m[48;2;88;105;241m▀[0m[38;2;88;105;241m[48;2;88;105;241m▀[0m[38;2;59;70;196m[48;2;59;70;196m▀[0m[38;2;255;255;255m[48;2;255;255;255m▀[0m[38;2;59;70;196m[48;2;59;70;196m▀[0m[38;2;0;0;0m[48;2;255;255;255m▀[0m[38;2;255;255;255m[48;2;88;105;241m▀[0m[38;2;88;105;241m[48;2;255;255;255m▀[0m[38;2;255;255;255m[48;2;88;105;241m▀[0m[38;2;88;105;241m[48;2;255;255;255m▀[0m[38;2;0;0;0m[48;2;88;105;241m▀[0m[38;2;65;65;65m[48;2;0;0;0m▀[0m[38;2;0;0;0m▀ 
   [38;2;0;0;0m[48;2;0;0;0m▀[0m[38;2;255;255;255m[48;2;255;255;255m▀[0m[38;2;189;189;189m[48;2;88;105;241m▀[0m[38;2;88;105;241m[48;2;59;70;196m▀[0m[38;2;59;70;196m[48;2;255;255;255m▀[0m[38;2;255;255;255m[48;2;189;189;189m▀[0m[38;2;189;189;189m[48;2;59;70;196m▀[0m[38;2;59;70;196m[48;2;88;105;241m▀[0m[38;2;255;255;255m[48;2;189;189;189m▀[0m[38;2;88;105;241m[48;2;88;105;241m▀[0m[38;2;255;255;255m[48;2;189;189;189m▀[0m[38;2;88;105;241m[48;2;88;105;241m▀[0m[38;2;255;255;255m[48;2;88;105;241m▀[0m[38;2;88;105;241m[48;2;88;105;241m▀[0m[38;2;0;0;0m[48;2;0;0;0m▀[0m  
   [38;2;0;0;0m▀[38;2;88;105;241m[48;2;0;0;0m▀[0m[38;2;88;105;241m[48;2;202;140;60m▀[0m[38;2;88;105;241m[48;2;88;105;241m▀[0m[38;2;88;105;241m[48;2;88;105;241m▀[0m[38;2;88;105;241m[48;2;88;105;241m▀[0m[38;2;88;105;241m[48;2;88;105;241m▀[0m[38;2;88;105;241m[48;2;88;105;241m▀[0m[38;2;88;105;241m[48;2;88;105;241m▀[0m[38;2;88;105;241m[48;2;202;140;60m▀[0m[38;2;88;105;241m[48;2;202;140;60m▀[0m[38;2;59;70;196m[48;2;0;0;0m▀[0m[38;2;88;105;241m[48;2;88;105;241m▀[0m[38;2;88;105;241m[48;2;88;105;241m▀[0m[38;2;0;0;0m[48;2;0;0;0m▀[0m  
    [38;2;0;0;0m[48;2;0;0;0m▀[0m[38;2;59;70;196m[48;2;189;189;189m▀[0m[38;2;202;140;60m[48;2;59;70;196m▀[0m[38;2;202;140;60m[48;2;0;0;0m▀[0m[38;2;59;70;196m[48;2;59;70;196m▀[0m[38;2;88;105;241m[48;2;88;105;241m▀[0m[38;2;88;105;241m[48;2;88;105;241m▀[0m[38;2;202;140;60m[48;2;0;0;0m▀[0m[38;2;0;0;0m▀[38;2;0;0;0m▀ [38;2;0;0;0m[48;2;0;0;0m▀[0m[38;2;148;148;156m[48;2;255;255;255m▀[0m[38;2;189;189;189m[48;2;255;255;255m▀[0m[38;2;0;0;0m[48;2;0;0;0m▀[0m 
   [38;2;0;0;0m[48;2;0;0;0m▀[0m[38;2;255;255;255m[48;2;88;105;241m▀[0m[38;2;255;255;255m[48;2;59;70;196m▀[0m[38;2;0;0;0m[48;2;0;0;0m▀[0m [38;2;0;0;0m[48;2;0;0;0m▀[0m[38;2;88;105;241m[48;2;189;189;189m▀[0m[38;2;59;70;196m[48;2;0;0;0m▀[0m[38;2;0;0;0m▀   [38;2;0;0;0m▀[38;2;88;105;241m[48;2;0;0;0m▀[0m[38;2;59;70;196m[48;2;0;0;0m▀[0m[38;2;0;0;0m▀ 
    [38;2;0;0;0m▀[38;2;0;0;0m▀ [38;2;0;0;0m[48;2;0;0;0m▀[0m[38;2;255;255;255m[48;2;88;105;241m▀[0m[38;2;255;255;255m[48;2;59;70;196m▀[0m[38;2;0;0;0m[48;2;0;0;0m▀[0m         
        [38;2;0;0;0m▀[38;2;0;0;0m▀          
[0m