  [38;2;0;0;0m▄[38;2;0;0;0m[48;2;255;177;121m▀[0m[38;2;0;0;0m▄              
  [38;2;0;0;0m[48;2;0;0;0m▀[0m[38;2;255;177;121m[48;2;255;177;121m▀[0m[38;2;0;0;0m[48;2;227;108;24m▀[0m[38;2;0;0;0m▄[38;2;0;0;0m[48;2;252;226;82m▀[0m[38;2;0;0;0m[48;2;252;226;82m▀[0m[38;2;0;0;0m[48;2;227;180;0m▀[0m[38;2;0;0;0m▄[38;2;0;0;0m▄[38;2;0;0;0m[48;2;255;177;121m▀[0m[38;2;0;0;0m[48;2;0;0;0m▀[0m      
 [38;2;0;0;0m▄[38;2;0;0;0m[48;2;227;180;0m▀[0m[38;2;227;108;24m[48;2;252;226;82m▀[0m[38;2;255;177;121m[48;2;255;177;121m▀[0m[38;2;65;65;65m[48;2;65;65;65m▀[0m[38;2;65;65;65m[48;2;131;218;255m▀[0m[38;2;227;180;0m[48;2;131;218;255m▀[0m[38;2;252;226;82m[48;2;65;65;65m▀[0m[38;2;65;65;65m[48;2;65;65;65m▀[0m[38;2;255;177;121m[48;2;255;177;121m▀[0m[38;2;255;177;121m[48;2;227;108;24m▀[0m[38;2;65;65;65m[48;2;65;65;65m▀[0m[38;2;0;0;0m[48;2;227;180;0m▀[0m[38;2;0;0;0m▄    
[38;2;0;0;0m▄[38;2;0;0;0m[48;2;227;180;0m▀[0m[38;2;252;226;82m[48;2;227;180;0m▀[0m[38;2;65;65;65m[48;2;131;218;255m▀[0m[38;2;131;218;255m[48;2;131;218;255m▀[0m[38;2;131;218;255m[48;2;131;218;255m▀[0m[38;2;131;218;255m[48;2;131;218;255m▀[0m[38;2;131;218;255m[48;2;131;218;255m▀[0m[38;2;131;218;255m[48;2;131;218;255m▀[0m[38;2;255;177;121m[48;2;255;177;121m▀[0m[38;2;255;177;121m[48;2;65;65;65m▀[0m[38;2;65;65;65m[48;2;252;226;82m▀[0m[38;2;252;226;82m[48;2;252;226;82m▀[0m[38;2;252;226;82m[48;2;252;226;82m▀[0m[38;2;0;0;0m[48;2;227;180;0m▀[0m[38;2;0;0;0m▄   
[38;2;0;0;0m[48;2;0;0;0m▀[0m[38;2;227;180;0m[48;2;227;180;0m▀[0m[38;2;255;255;255m[48;2;255;255;255m▀[0m[38;2;84;165;246m[48;2;0;0;0m▀[0m[38;2;131;218;255m[48;2;131;218;255m▀[0m[38;2;131;218;255m[48;2;131;218;255m▀[0m[38;2;131;218;255m[48;2;131;218;255m▀[0m[38;2;131;218;255m[48;2;131;218;255m▀[0m[38;2;131;218;255m[48;2;227;180;0m▀[0m[38;2;131;218;255m[48;2;227;180;0m▀[0m[38;2;131;218;255m[48;2;131;218;255m▀[0m[38;2;65;65;65m[48;2;84;165;246m▀[0m[38;2;252;226;82m[48;2;252;226;82m▀[0m[38;2;252;226;82m[48;2;252;226;82m▀[0m[38;2;252;226;82m[48;2;227;180;0m▀[0m[38;2;0;0;0m[48;2;0;0;0m▀[0m   
 [38;2;0;0;0m▀[38;2;227;180;0m[48;2;0;0;0m▀[0m[38;2;131;218;255m[48;2;65;65;65m▀[0m[38;2;65;65;65m[48;2;84;165;246m▀[0m[38;2;131;218;255m[48;2;131;218;255m▀[0m[38;2;131;218;255m[48;2;131;218;255m▀[0m[38;2;84;165;246m[48;2;0;0;0m▀[0m[38;2;255;255;255m[48;2;255;255;255m▀[0m[38;2;227;180;0m[48;2;65;65;65m▀[0m[38;2;65;65;65m[48;2;227;180;0m▀[0m[38;2;65;65;65m[48;2;252;226;82m▀[0m[38;2;227;180;0m[48;2;65;65;65m▀[0m[38;2;227;180;0m[48;2;227;180;0m▀[0m[38;2;227;180;0m[48;2;65;65;65m▀[0m[38;2;0;0;0m[48;2;65;65;65m▀[0m[38;2;0;0;0m[48;2;65;65;65m▀[0m[38;2;0;0;0m▄ 
  [38;2;0;0;0m▀[38;2;123;123;123m[48;2;0;0;0m▀[0m[38;2;65;65;65m[48;2;0;0;0m▀[0m[38;2;65;65;65m[48;2;227;180;0m▀[0m[38;2;84;165;246m[48;2;65;65;65m▀[0m[38;2;131;218;255m[48;2;65;65;65m▀[0m[38;2;131;218;255m[48;2;65;65;65m▀[0m[38;2;65;65;65m[48;2;65;65;65m▀[0m[38;2;252;226;82m[48;2;65;65;65m▀[0m[38;2;252;226;82m[48;2;227;180;0m▀[0m[38;2;227;180;0m[48;2;227;180;0m▀[0m[38;2;227;180;0m[48;2;65;65;65m▀[0m[38;2;65;65;65m[48;2;189;197;206m▀[0m[38;2;255;255;255m[48;2;255;255;255m▀[0m[38;2;255;255;255m[48;2;255;255;255m▀[0m[38;2;255;255;255m[48;2;0;0;0m▀[0m[38;2;0;0;0m▀
     [38;2;0;0;0m▀[38;2;255;177;121m[48;2;0;0;0m▀[0m[38;2;227;108;24m[48;2;131;218;255m▀[0m[38;2;227;108;24m[48;2;255;177;121m▀[0m[38;2;65;65;65m[48;2;255;177;121m▀[0m[38;2;123;123;123m[48;2;65;65;65m▀[0m[38;2;65;65;65m[48;2;65;65;65m▀[0m[38;2;65;65;65m[48;2;65;65;65m▀[0m[38;2;189;197;206m[48;2;65;65;65m▀[0m[38;2;189;197;206m[48;2;0;0;0m▀[0m[38;2;123;123;123m[48;2;0;0;0m▀[0m[38;2;0;0;0m▀  
      [38;2;0;0;0m[48;2;0;0;0m▀[0m[38;2;65;65;65m[48;2;65;65;65m▀[0m[38;2;131;218;255m[48;2;65;65;65m▀[0m[38;2;84;165;246m[48;2;0;0;0m▀[0m[38;2;131;218;255m[48;2;0;0;0m▀[0m[38;2;65;65;65m[48;2;227;180;0m▀[0m[38;2;227;180;0m[48;2;65;65;65m▀[0m[38;2;227;180;0m[48;2;65;65;65m▀[0m[38;2;0;0;0m[48;2;0;0;0m▀[0m    
       [38;2;0;0;0m▀[38;2;0;0;0m▀  [38;2;0;0;0m▀[38;2;65;65;65m[48;2;0;0;0m▀[0m[38;2;65;65;65m[48;2;0;0;0m▀[0m[38;2;0;0;0m▀    
[0m