           [38;2;0;4;0m▄[38;2;0;4;0m▄[38;2;0;4;0m[48;2;247;133;177m▀[0m[38;2;0;4;0m[48;2;247;133;177m▀[0m[38;2;0;4;0m[48;2;247;87;142m▀[0m[38;2;0;4;0m▄           
         [38;2;0;4;0m▄[38;2;0;4;0m[48;2;1;152;190m▀[0m[38;2;1;152;190m[48;2;247;133;177m▀[0m[38;2;247;133;177m[48;2;247;135;177m▀[0m[38;2;247;133;177m[48;2;247;135;177m▀[0m[38;2;247;133;177m[48;2;247;133;177m▀[0m[38;2;247;133;177m[48;2;0;4;0m▀[0m[38;2;0;4;0m▀           
       [38;2;0;4;0m▄[38;2;0;4;0m[48;2;1;165;203m▀[0m[38;2;1;152;190m[48;2;1;165;203m▀[0m[38;2;247;133;177m[48;2;247;135;177m▀[0m[38;2;247;133;177m[48;2;247;135;177m▀[0m[38;2;247;135;177m[48;2;247;135;177m▀[0m[38;2;247;135;177m[48;2;247;135;177m▀[0m[38;2;247;133;177m[48;2;0;4;0m▀[0m[38;2;0;4;0m▀            
      [38;2;0;8;0m▄[38;2;0;4;0m[48;2;1;196;230m▀[0m[38;2;1;165;203m[48;2;1;152;190m▀[0m[38;2;247;133;177m[48;2;247;133;177m▀[0m[38;2;247;135;177m[48;2;247;135;177m▀[0m[38;2;247;135;177m[48;2;247;135;177m▀[0m[38;2;247;135;177m[48;2;247;133;177m▀[0m[38;2;247;135;177m[48;2;0;4;0m▀[0m[38;2;0;4;0m▀             
     [38;2;0;4;0m▄[38;2;0;8;0m[48;2;1;165;203m▀[0m[38;2;1;130;168m[48;2;1;165;203m▀[0m[38;2;247;133;177m[48;2;247;135;177m▀[0m[38;2;247;133;177m[48;2;247;135;177m▀[0m[38;2;247;135;177m[48;2;247;133;177m▀[0m[38;2;247;135;177m[48;2;247;133;177m▀[0m[38;2;247;133;177m[48;2;247;72;131m▀[0m[38;2;0;4;0m[48;2;8;16;0m▀[0m              
    [38;2;0;4;0m▄[38;2;0;4;0m[48;2;1;188;224m▀[0m[38;2;1;165;203m[48;2;1;175;212m▀[0m[38;2;247;133;177m[48;2;247;133;177m▀[0m[38;2;247;135;177m[48;2;247;133;177m▀[0m[38;2;247;135;177m[48;2;247;133;177m▀[0m[38;2;247;133;177m[48;2;247;86;141m▀[0m[38;2;247;87;142m[48;2;247;133;177m▀[0m[38;2;247;163;196m[48;2;247;61;125m▀[0m[38;2;247;72;131m[48;2;247;141;180m▀[0m[38;2;0;4;0m[48;2;0;4;0m▀[0m             
   [38;2;0;4;0m▄[38;2;0;4;0m[48;2;66;60;66m▀[0m[38;2;1;188;224m[48;2;1;180;217m▀[0m[38;2;1;175;212m[48;2;1;156;194m▀[0m[38;2;1;175;212m[48;2;1;156;194m▀[0m[38;2;66;65;66m[48;2;35;107;202m▀[0m[38;2;66;65;66m[48;2;35;107;202m▀[0m[38;2;247;86;141m[48;2;82;73;49m▀[0m[38;2;247;86;141m[48;2;247;53;119m▀[0m[38;2;247;141;180m[48;2;0;4;0m▀[0m[38;2;8;12;0m▀              
 [38;2;0;4;0m▄[38;2;0;4;0m[48;2;247;133;177m▀[0m[38;2;247;133;177m[48;2;247;92;146m▀[0m[38;2;1;156;194m[48;2;35;107;202m▀[0m[38;2;1;156;194m[48;2;35;107;202m▀[0m[38;2;31;103;201m[48;2;247;87;142m▀[0m[38;2;31;103;201m[48;2;247;133;177m▀[0m[38;2;247;87;142m[48;2;247;133;177m▀[0m[38;2;35;107;202m[48;2;96;95;93m▀[0m[38;2;44;115;202m[48;2;34;107;202m▀[0m[38;2;82;73;49m[48;2;66;56;57m▀[0m[38;2;247;87;142m[48;2;247;87;142m▀[0m[38;2;0;4;0m[48;2;247;87;142m▀[0m[38;2;0;4;0m▄[38;2;0;4;0m▄            
[38;2;0;4;0m▄[38;2;0;4;0m[48;2;247;133;177m▀[0m[38;2;247;92;146m[48;2;247;87;142m▀[0m[38;2;141;100;174m[48;2;35;107;202m▀[0m[38;2;35;107;202m[48;2;35;107;202m▀[0m[38;2;247;87;142m[48;2;247;87;142m▀[0m[38;2;247;133;177m[48;2;247;133;177m▀[0m[38;2;247;133;177m[48;2;247;133;177m▀[0m[38;2;247;133;177m[48;2;66;65;66m▀[0m[38;2;247;133;177m[48;2;66;65;66m▀[0m[38;2;96;106;112m[48;2;66;65;66m▀[0m[38;2;34;107;202m[48;2;37;110;202m▀[0m[38;2;66;65;66m[48;2;66;65;66m▀[0m[38;2;247;87;142m[48;2;247;87;142m▀[0m[38;2;247;87;142m[48;2;247;86;141m▀[0m[38;2;247;87;142m[48;2;247;86;141m▀[0m[38;2;0;4;0m[48;2;247;87;142m▀[0m[38;2;0;4;0m▄          
[38;2;0;4;0m▀[38;2;247;133;177m[48;2;0;4;0m▀[0m[38;2;35;107;202m[48;2;35;107;202m▀[0m[38;2;35;107;202m[48;2;35;107;202m▀[0m[38;2;35;107;202m[48;2;37;110;202m▀[0m[38;2;247;87;142m[48;2;1;160;198m▀[0m[38;2;112;111;88m[48;2;214;186;74m▀[0m[38;2;57;56;66m[48;2;214;186;74m▀[0m[38;2;255;255;255m[48;2;247;255;255m▀[0m[38;2;66;65;66m[48;2;66;65;66m▀[0m[38;2;66;65;66m[48;2;22;87;179m▀[0m[38;2;23;86;177m[48;2;66;65;66m▀[0m[38;2;66;65;66m[48;2;247;86;141m▀[0m[38;2;247;87;142m[48;2;247;86;141m▀[0m[38;2;247;86;141m[48;2;247;87;142m▀[0m[38;2;247;86;141m[48;2;247;87;142m▀[0m[38;2;247;87;142m[48;2;0;4;0m▀[0m[38;2;0;4;0m▀          
[38;2;0;0;8m▄[38;2;0;4;0m[48;2;1;167;205m▀[0m[38;2;35;107;202m[48;2;1;153;193m▀[0m[38;2;1;152;190m[48;2;34;107;202m▀[0m[38;2;1;160;198m[48;2;34;107;202m▀[0m[38;2;239;255;255m[48;2;34;107;202m▀[0m[38;2;255;255;255m[48;2;35;107;202m▀[0m[38;2;255;255;255m[48;2;0;4;0m▀[0m[38;2;66;65;66m[48;2;23;85;177m▀[0m[38;2;24;88;180m[48;2;93;105;115m▀[0m[38;2;90;97;101m[48;2;66;65;66m▀[0m[38;2;66;65;66m[48;2;247;87;142m▀[0m[38;2;247;86;141m[48;2;247;87;142m▀[0m[38;2;247;86;141m[48;2;0;4;0m▀[0m[38;2;0;4;0m▀[38;2;0;4;0m▀            
[38;2;0;0;8m[48;2;0;4;0m▀[0m[38;2;34;107;202m[48;2;35;107;202m▀[0m[38;2;24;88;180m[48;2;35;107;202m▀[0m[38;2;34;107;202m[48;2;0;4;0m▀[0m[38;2;82;103;111m[48;2;0;4;0m▀[0m[38;2;8;0;0m▀[38;2;0;4;0m▀ [38;2;0;0;0m[48;2;8;8;8m▀[0m[38;2;23;85;177m[48;2;1;136;174m▀[0m[38;2;66;65;66m[48;2;66;64;66m▀[0m[38;2;247;87;142m[48;2;0;4;0m▀[0m[38;2;0;4;0m▀               
 [38;2;0;4;0m▀[38;2;0;4;0m▀    [38;2;0;4;0m[48;2;0;4;0m▀[0m[38;2;1;136;174m[48;2;1;186;222m▀[0m[38;2;1;201;234m[48;2;1;186;222m▀[0m[38;2;66;64;66m[48;2;87;105;129m▀[0m[38;2;0;4;0m[48;2;57;56;74m▀[0m[38;2;0;4;0m▄       [38;2;0;0;8m▄[38;2;0;0;8m▄      
      [38;2;0;4;0m[48;2;0;8;0m▀[0m[38;2;1;188;224m[48;2;1;196;230m▀[0m[38;2;1;186;222m[48;2;1;186;222m▀[0m[38;2;66;65;66m[48;2;66;65;66m▀[0m[38;2;33;105;203m[48;2;35;107;202m▀[0m[38;2;57;56;74m[48;2;66;65;66m▀[0m[38;2;247;87;142m[48;2;66;65;66m▀[0m[38;2;0;4;0m[48;2;247;87;142m▀[0m[38;2;0;4;0m▄   [38;2;0;4;0m▄[38;2;0;4;0m[48;2;1;188;224m▀[0m[38;2;15;69;151m[48;2;35;107;202m▀[0m[38;2;31;103;198m[48;2;35;107;202m▀[0m[38;2;0;4;0m[48;2;22;87;179m▀[0m[38;2;0;4;0m▄    
     [38;2;0;4;0m▄[38;2;0;8;0m[48;2;1;152;190m▀[0m[38;2;1;130;168m[48;2;66;65;66m▀[0m[38;2;1;186;222m[48;2;1;153;193m▀[0m[38;2;1;186;222m[48;2;1;188;224m▀[0m[38;2;66;65;66m[48;2;57;60;74m▀[0m[38;2;35;107;202m[48;2;30;104;202m▀[0m[38;2;66;65;66m[48;2;82;73;49m▀[0m[38;2;247;87;142m[48;2;247;53;119m▀[0m[38;2;0;4;0m[48;2;247;133;177m▀[0m[38;2;0;4;0m▄  [38;2;0;4;0m[48;2;0;4;0m▀[0m[38;2;1;188;224m[48;2;1;188;224m▀[0m[38;2;35;107;202m[48;2;0;4;0m▀[0m[38;2;0;4;0m▀[38;2;22;87;179m[48;2;0;4;0m▀[0m[38;2;0;4;0m[48;2;22;87;179m▀[0m[38;2;0;4;0m▄   
     [38;2;0;4;0m[48;2;0;4;0m▀[0m[38;2;57;109;123m[48;2;63;64;63m▀[0m[38;2;66;66;66m[48;2;63;64;63m▀[0m[38;2;57;109;123m[48;2;63;64;63m▀[0m[38;2;1;188;224m[48;2;1;188;224m▀[0m[38;2;1;207;238m[48;2;1;186;222m▀[0m[38;2;57;60;74m[48;2;66;65;66m▀[0m[38;2;44;115;202m[48;2;35;107;202m▀[0m[38;2;82;73;49m[48;2;66;65;66m▀[0m[38;2;247;133;177m[48;2;247;133;177m▀[0m[38;2;247;133;177m[48;2;247;133;177m▀[0m[38;2;0;4;0m[48;2;74;73;57m▀[0m[38;2;0;0;16m▄[38;2;0;4;0m[48;2;35;107;202m▀[0m[38;2;1;188;224m[48;2;1;186;222m▀[0m[38;2;0;4;0m[48;2;0;4;0m▀[0m [38;2;0;4;0m[48;2;0;4;0m▀[0m[38;2;22;87;179m[48;2;22;87;179m▀[0m[38;2;0;4;0m[48;2;54;60;65m▀[0m[38;2;8;8;8m▄[38;2;0;4;0m[48;2;22;87;179m▀[0m[38;2;0;4;0m▄
    [38;2;0;4;0m▄[38;2;0;4;0m[48;2;22;87;179m▀[0m[38;2;74;77;74m[48;2;255;255;255m▀[0m[38;2;63;64;63m[48;2;96;106;112m▀[0m[38;2;74;77;74m[48;2;255;255;255m▀[0m[38;2;179;179;179m[48;2;255;255;255m▀[0m[38;2;1;186;222m[48;2;74;69;66m▀[0m[38;2;66;65;66m[48;2;1;194;229m▀[0m[38;2;35;107;202m[48;2;57;60;74m▀[0m[38;2;35;107;202m[48;2;30;104;202m▀[0m[38;2;66;65;66m[48;2;66;65;66m▀[0m[38;2;247;133;177m[48;2;247;120;166m▀[0m[38;2;247;130;174m[48;2;247;120;166m▀[0m[38;2;74;73;57m[48;2;66;65;66m▀[0m[38;2;1;186;222m[48;2;1;186;222m▀[0m[38;2;35;107;202m[48;2;35;107;202m▀[0m[38;2;0;4;0m[48;2;0;4;0m▀[0m  [38;2;0;4;0m[48;2;0;4;0m▀[0m[38;2;23;90;182m[48;2;22;87;179m▀[0m[38;2;54;60;65m[48;2;22;87;179m▀[0m[38;2;22;87;179m[48;2;22;87;179m▀[0m[38;2;0;4;0m[48;2;0;4;0m▀[0m
    [38;2;0;4;0m[48;2;0;4;0m▀[0m[38;2;22;87;179m[48;2;179;179;179m▀[0m[38;2;66;65;66m[48;2;0;4;0m▀[0m[38;2;255;255;255m[48;2;179;179;179m▀[0m[38;2;179;179;179m[48;2;66;64;66m▀[0m[38;2;255;255;255m[48;2;0;4;0m▀[0m[38;2;1;145;183m[48;2;255;255;255m▀[0m[38;2;74;69;66m[48;2;66;66;66m▀[0m[38;2;1;207;238m[48;2;1;194;229m▀[0m[38;2;57;60;74m[48;2;74;69;66m▀[0m[38;2;41;112;202m[48;2;255;255;255m▀[0m[38;2;66;65;66m[48;2;66;65;66m▀[0m[38;2;66;65;66m[48;2;33;105;203m▀[0m[38;2;33;105;203m[48;2;1;207;238m▀[0m[38;2;1;186;222m[48;2;35;107;202m▀[0m[38;2;35;107;202m[48;2;35;107;202m▀[0m[38;2;0;4;0m[48;2;0;4;0m▀[0m   [38;2;0;4;0m[48;2;0;4;0m▀[0m[38;2;22;87;179m[48;2;22;87;179m▀[0m[38;2;0;4;0m[48;2;0;4;0m▀[0m 
   [38;2;0;4;0m[48;2;0;4;0m▀[0m[38;2;66;65;66m[48;2;179;179;179m▀[0m[38;2;179;179;179m[48;2;179;179;179m▀[0m[38;2;0;4;0m[48;2;0;4;0m▀[0m[38;2;179;179;179m[48;2;179;179;179m▀[0m[38;2;0;4;0m[48;2;0;4;0m▀[0m [38;2;0;4;0m[48;2;0;4;0m▀[0m[38;2;255;255;255m[48;2;255;255;255m▀[0m[38;2;74;69;66m[48;2;66;65;66m▀[0m[38;2;1;145;183m[48;2;179;179;179m▀[0m[38;2;255;255;255m[48;2;255;255;255m▀[0m[38;2;255;255;255m[48;2;255;255;255m▀[0m[38;2;1;87;116m[48;2;66;65;66m▀[0m[38;2;33;105;203m[48;2;35;107;202m▀[0m[38;2;35;107;202m[48;2;35;107;202m▀[0m[38;2;0;4;0m[48;2;0;4;0m▀[0m     [38;2;0;4;0m▀  
  [38;2;0;4;0m[48;2;0;4;0m▀[0m[38;2;255;255;255m[48;2;66;64;66m▀[0m[38;2;179;179;179m[48;2;255;255;255m▀[0m[38;2;179;179;179m[48;2;0;4;0m▀[0m[38;2;0;4;0m[48;2;66;65;66m▀[0m[38;2;179;179;179m[48;2;179;179;179m▀[0m[38;2;0;4;0m[48;2;0;4;0m▀[0m [38;2;0;4;0m[48;2;0;4;0m▀[0m[38;2;255;255;255m[48;2;255;255;255m▀[0m[38;2;66;65;66m[48;2;0;4;0m▀[0m[38;2;66;65;66m[48;2;66;65;66m▀[0m[38;2;179;179;179m[48;2;179;179;179m▀[0m[38;2;255;255;255m[48;2;66;65;66m▀[0m[38;2;66;65;66m[48;2;255;255;255m▀[0m[38;2;35;107;202m[48;2;66;66;66m▀[0m[38;2;0;4;0m[48;2;0;4;0m▀[0m         
  [38;2;0;4;0m▄[38;2;0;4;0m[48;2;66;64;66m▀[0m[38;2;0;4;0m[48;2;179;179;179m▀[0m[38;2;179;179;179m[48;2;66;65;66m▀[0m[38;2;179;179;179m[48;2;1;96;127m▀[0m[38;2;1;186;222m[48;2;1;193;227m▀[0m[38;2;0;4;0m[48;2;66;66;66m▀[0m[38;2;0;4;0m▄[38;2;0;4;0m[48;2;255;255;255m▀[0m[38;2;255;255;255m[48;2;255;255;255m▀[0m[38;2;0;4;0m[48;2;0;4;0m▀[0m[38;2;0;4;0m▀[38;2;66;65;66m[48;2;0;4;0m▀[0m[38;2;66;65;66m[48;2;179;179;179m▀[0m[38;2;255;255;255m[48;2;66;66;66m▀[0m[38;2;0;4;0m[48;2;179;179;179m▀[0m[38;2;0;4;0m▄         
   [38;2;0;4;0m▀[38;2;0;4;0m▀[38;2;0;4;0m▀[38;2;16;8;0m▀[38;2;1;96;127m[48;2;0;4;0m▀[0m[38;2;66;66;66m[48;2;179;179;179m▀[0m[38;2;179;179;179m[48;2;0;4;0m▀[0m[38;2;255;255;255m[48;2;179;179;179m▀[0m[38;2;179;179;179m[48;2;0;4;0m▀[0m[38;2;0;4;0m[48;2;179;179;179m▀[0m[38;2;0;4;0m▄[38;2;0;4;0m▀[38;2;66;66;66m[48;2;0;4;0m▀[0m[38;2;255;255;255m[48;2;0;4;0m▀[0m[38;2;0;4;0m▀[38;2;0;4;0m▀         
        [38;2;0;4;0m▀ [38;2;0;4;0m▀ [38;2;0;4;0m▀               
[0m