         [38;2;0;0;0m▄[38;2;0;0;0m[48;2;255;247;115m▀[0m[38;2;0;0;0m[48;2;224;184;35m▀[0m[38;2;0;0;0m▄         
       [38;2;0;0;0m▄[38;2;0;0;0m[48;2;65;65;65m▀[0m[38;2;65;65;65m[48;2;228;57;0m▀[0m[38;2;65;65;65m[48;2;65;65;65m▀[0m[38;2;255;247;115m[48;2;255;247;115m▀[0m[38;2;0;0;0m[48;2;224;184;35m▀[0m[38;2;0;0;0m▄        
   [38;2;0;0;0m▄[38;2;0;0;0m▄[38;2;0;0;0m[48;2;224;184;35m▀[0m[38;2;0;0;0m[48;2;224;184;35m▀[0m[38;2;179;129;1m[48;2;179;129;1m▀[0m[38;2;65;65;65m[48;2;65;65;65m▀[0m[38;2;228;57;0m[48;2;228;57;0m▀[0m[38;2;65;65;65m[48;2;65;65;65m▀[0m[38;2;255;247;115m[48;2;255;247;115m▀[0m[38;2;255;247;115m[48;2;255;247;115m▀[0m[38;2;0;0;0m[48;2;179;129;1m▀[0m[38;2;0;0;0m▄       
[38;2;65;65;65m▄[38;2;65;65;65m[48;2;228;57;0m▀[0m[38;2;0;0;0m[48;2;65;65;65m▀[0m[38;2;224;184;35m[48;2;0;0;0m▀[0m[38;2;224;184;35m[48;2;224;184;35m▀[0m[38;2;224;184;35m[48;2;224;184;35m▀[0m[38;2;224;184;35m[48;2;224;184;35m▀[0m[38;2;255;247;115m[48;2;255;247;115m▀[0m[38;2;65;65;65m[48;2;255;247;115m▀[0m[38;2;65;65;65m[48;2;255;247;115m▀[0m[38;2;255;247;115m[48;2;255;247;115m▀[0m[38;2;255;247;115m[48;2;255;247;115m▀[0m[38;2;179;129;1m[48;2;255;247;115m▀[0m[38;2;255;247;115m[48;2;255;247;115m▀[0m[38;2;255;247;115m[48;2;255;247;115m▀[0m[38;2;0;0;0m[48;2;255;247;115m▀[0m[38;2;0;0;0m▄[38;2;0;0;0m▄    
[38;2;65;65;65m[48;2;65;65;65m▀[0m[38;2;228;57;0m[48;2;228;57;0m▀[0m[38;2;65;65;65m[48;2;65;65;65m▀[0m[38;2;0;0;0m▄[38;2;0;0;0m[48;2;224;184;35m▀[0m[38;2;224;184;35m[48;2;224;184;35m▀[0m[38;2;179;129;1m[48;2;0;0;0m▀[0m[38;2;224;184;35m[48;2;248;222;222m▀[0m[38;2;255;247;115m[48;2;179;129;1m▀[0m[38;2;255;247;115m[48;2;179;129;1m▀[0m[38;2;179;129;1m[48;2;248;222;222m▀[0m[38;2;224;184;35m[48;2;248;222;222m▀[0m[38;2;255;247;115m[48;2;224;184;35m▀[0m[38;2;255;247;115m[48;2;255;247;115m▀[0m[38;2;255;247;115m[48;2;255;247;115m▀[0m[38;2;255;247;115m[48;2;255;247;115m▀[0m[38;2;255;247;115m[48;2;255;247;115m▀[0m[38;2;179;129;1m[48;2;255;247;115m▀[0m[38;2;0;0;0m[48;2;65;65;65m▀[0m[38;2;0;0;0m▄  
[38;2;65;65;65m▀[38;2;65;65;65m▀ [38;2;0;0;0m▀[38;2;224;184;35m[48;2;0;0;0m▀[0m[38;2;179;129;1m[48;2;0;0;0m▀[0m[38;2;65;65;65m[48;2;248;222;222m▀[0m[38;2;248;222;222m[48;2;248;222;222m▀[0m[38;2;248;222;222m[48;2;248;222;222m▀[0m[38;2;248;222;222m[48;2;248;222;222m▀[0m[38;2;0;0;0m[48;2;65;65;65m▀[0m[38;2;248;222;222m[48;2;248;222;222m▀[0m[38;2;179;129;1m[48;2;179;129;1m▀[0m[38;2;255;247;115m[48;2;255;247;115m▀[0m[38;2;179;129;1m[48;2;179;129;1m▀[0m[38;2;255;247;115m[48;2;0;0;0m▀[0m[38;2;224;184;35m[48;2;0;0;0m▀[0m[38;2;65;65;65m[48;2;65;65;65m▀[0m[38;2;228;57;0m[48;2;228;57;0m▀[0m[38;2;65;65;65m[48;2;65;65;65m▀[0m  
      [38;2;0;0;0m[48;2;0;0;0m▀[0m[38;2;248;222;222m[48;2;65;65;65m▀[0m[38;2;65;65;65m[48;2;225;172;180m▀[0m[38;2;248;222;222m[48;2;248;222;222m▀[0m[38;2;248;222;222m[48;2;248;222;222m▀[0m[38;2;248;222;222m[48;2;225;172;180m▀[0m[38;2;248;222;222m[48;2;65;65;65m▀[0m[38;2;65;65;65m[48;2;65;65;65m▀[0m[38;2;0;0;0m[48;2;224;184;35m▀[0m[38;2;0;0;0m▄[38;2;0;0;0m▄[38;2;65;65;65m[48;2;65;65;65m▀[0m[38;2;228;57;0m[48;2;65;65;65m▀[0m[38;2;65;65;65m▀  
   [38;2;0;0;0m▄[38;2;0;0;0m[48;2;224;184;35m▀[0m[38;2;0;0;0m[48;2;224;184;35m▀[0m[38;2;224;184;35m[48;2;224;184;35m▀[0m[38;2;224;184;35m[48;2;65;65;65m▀[0m[38;2;65;65;65m[48;2;248;222;222m▀[0m[38;2;65;65;65m[48;2;0;0;0m▀[0m[38;2;225;172;180m[48;2;248;222;222m▀[0m[38;2;248;222;222m[48;2;248;222;222m▀[0m[38;2;248;222;222m[48;2;65;65;65m▀[0m[38;2;225;172;180m[48;2;248;222;222m▀[0m[38;2;65;65;65m[48;2;248;222;222m▀[0m[38;2;224;184;35m[48;2;65;65;65m▀[0m[38;2;224;184;35m[48;2;224;184;35m▀[0m[38;2;0;0;0m[48;2;255;247;115m▀[0m[38;2;0;0;0m[48;2;255;247;115m▀[0m[38;2;0;0;0m▄[38;2;0;0;0m▄ 
    [38;2;0;0;0m▀[38;2;224;184;35m[48;2;0;0;0m▀[0m[38;2;224;184;35m[48;2;0;0;0m▀[0m[38;2;0;0;0m▀[38;2;0;0;0m▀ [38;2;0;0;0m▀[38;2;225;172;180m[48;2;0;0;0m▀[0m[38;2;225;172;180m[48;2;0;0;0m▀[0m[38;2;0;0;0m▀[38;2;65;65;65m[48;2;0;0;0m▀[0m[38;2;224;184;35m[48;2;255;247;115m▀[0m[38;2;255;247;115m[48;2;255;247;115m▀[0m[38;2;255;247;115m[48;2;224;184;35m▀[0m[38;2;255;247;115m[48;2;255;247;115m▀[0m[38;2;255;247;115m[48;2;255;247;115m▀[0m[38;2;255;247;115m[48;2;0;0;0m▀[0m[38;2;0;0;0m▀
               [38;2;0;0;0m▀[38;2;255;247;115m[48;2;0;0;0m▀[0m[38;2;255;247;115m[48;2;0;0;0m▀[0m[38;2;0;0;0m▀[38;2;0;0;0m▀  
[0m