      [38;2;0;0;0m▄[38;2;0;0;0m[48;2;65;65;65m▀[0m[38;2;0;0;0m[48;2;164;205;222m▀[0m[38;2;0;0;0m▄           
     [38;2;0;0;0m▄[38;2;0;0;0m[48;2;164;205;222m▀[0m[38;2;164;205;222m[48;2;222;172;115m▀[0m[38;2;164;205;222m[48;2;164;205;222m▀[0m[38;2;164;205;222m[48;2;65;65;65m▀[0m[38;2;0;0;0m[48;2;0;0;0m▀[0m[38;2;0;0;0m▄[38;2;0;0;0m▄  [38;2;0;0;0m▄[38;2;0;0;0m▄[38;2;0;0;0m▄   
     [38;2;0;0;0m[48;2;0;0;0m▀[0m[38;2;222;172;115m[48;2;246;197;148m▀[0m[38;2;246;197;148m[48;2;65;65;65m▀[0m[38;2;65;65;65m[48;2;164;205;222m▀[0m[38;2;164;205;222m[48;2;164;205;222m▀[0m[38;2;164;205;222m[48;2;164;205;222m▀[0m[38;2;164;205;222m[48;2;164;205;222m▀[0m[38;2;123;164;189m[48;2;164;205;222m▀[0m[38;2;0;0;0m[48;2;65;65;65m▀[0m[38;2;0;0;0m[48;2;164;205;222m▀[0m[38;2;164;205;222m[48;2;164;205;222m▀[0m[38;2;164;205;222m[48;2;164;205;222m▀[0m[38;2;164;205;222m[48;2;164;205;222m▀[0m[38;2;0;0;0m[48;2;164;205;222m▀[0m[38;2;0;0;0m▄ 
 [38;2;0;0;0m▄[38;2;0;0;0m▄[38;2;0;0;0m[48;2;231;129;175m▀[0m[38;2;0;0;0m[48;2;255;166;206m▀[0m[38;2;0;0;0m[48;2;65;65;65m▀[0m[38;2;65;65;65m[48;2;123;164;189m▀[0m[38;2;213;238;246m[48;2;123;164;189m▀[0m[38;2;123;164;189m[48;2;164;205;222m▀[0m[38;2;164;205;222m[48;2;164;205;222m▀[0m[38;2;164;205;222m[48;2;164;205;222m▀[0m[38;2;164;205;222m[48;2;123;164;189m▀[0m[38;2;164;205;222m[48;2;123;164;189m▀[0m[38;2;164;205;222m[48;2;123;164;189m▀[0m[38;2;164;205;222m[48;2;164;205;222m▀[0m[38;2;164;205;222m[48;2;148;106;57m▀[0m[38;2;148;106;57m[48;2;246;197;148m▀[0m[38;2;148;106;57m[48;2;246;197;148m▀[0m[38;2;164;205;222m[48;2;148;106;57m▀[0m[38;2;164;205;222m[48;2;164;205;222m▀[0m[38;2;0;0;0m[48;2;0;0;0m▀[0m
[38;2;0;0;0m[48;2;0;0;0m▀[0m[38;2;255;166;206m[48;2;255;166;206m▀[0m[38;2;255;166;206m[48;2;231;129;175m▀[0m[38;2;231;129;175m[48;2;255;255;255m▀[0m[38;2;255;166;206m[48;2;255;255;255m▀[0m[38;2;65;65;65m[48;2;65;65;65m▀[0m[38;2;164;205;222m[48;2;65;65;65m▀[0m[38;2;65;65;65m[48;2;115;115;115m▀[0m[38;2;65;65;65m[48;2;115;115;115m▀[0m[38;2;164;205;222m[48;2;65;65;65m▀[0m[38;2;164;205;222m[48;2;164;205;222m▀[0m[38;2;123;164;189m[48;2;164;205;222m▀[0m[38;2;213;238;246m[48;2;123;164;189m▀[0m[38;2;213;238;246m[48;2;123;164;189m▀[0m[38;2;123;164;189m[48;2;123;164;189m▀[0m[38;2;148;106;57m[48;2;164;205;222m▀[0m[38;2;246;197;148m[48;2;148;106;57m▀[0m[38;2;246;197;148m[48;2;246;197;148m▀[0m[38;2;246;197;148m[48;2;65;65;65m▀[0m[38;2;0;0;0m[48;2;0;0;0m▀[0m 
[38;2;0;0;0m▀[38;2;255;255;255m[48;2;0;0;0m▀[0m[38;2;255;255;255m[48;2;255;255;255m▀[0m[38;2;255;255;255m[48;2;173;160;152m▀[0m[38;2;255;255;255m[48;2;255;255;255m▀[0m[38;2;255;255;255m[48;2;255;255;255m▀[0m[38;2;65;65;65m[48;2;65;65;65m▀[0m[38;2;115;115;115m[48;2;115;115;115m▀[0m[38;2;115;115;115m[48;2;65;65;65m▀[0m[38;2;65;65;65m[48;2;65;65;65m▀[0m[38;2;164;205;222m[48;2;123;164;189m▀[0m[38;2;0;0;0m[48;2;123;164;189m▀[0m[38;2;164;205;222m[48;2;0;0;0m▀[0m[38;2;164;205;222m[48;2;0;0;0m▀[0m[38;2;164;205;222m[48;2;123;164;189m▀[0m[38;2;123;164;189m[48;2;0;0;0m▀[0m[38;2;0;0;0m▀[38;2;0;0;0m▀[38;2;0;0;0m▀  
 [38;2;0;0;0m▀[38;2;255;255;255m[48;2;0;0;0m▀[0m[38;2;173;160;152m[48;2;255;255;255m▀[0m[38;2;255;255;255m[48;2;255;255;255m▀[0m[38;2;65;65;65m[48;2;65;65;65m▀[0m[38;2;123;164;189m[48;2;65;65;65m▀[0m[38;2;65;65;65m[48;2;123;164;189m▀[0m[38;2;65;65;65m[48;2;123;164;189m▀[0m[38;2;65;65;65m[48;2;123;164;189m▀[0m[38;2;65;65;65m[48;2;123;164;189m▀[0m[38;2;123;164;189m[48;2;65;65;65m▀[0m[38;2;123;164;189m[48;2;65;65;65m▀[0m[38;2;123;164;189m[48;2;213;238;246m▀[0m[38;2;65;65;65m[48;2;213;238;246m▀[0m[38;2;213;238;246m[48;2;65;65;65m▀[0m[38;2;0;0;0m[48;2;0;0;0m▀[0m    
  [38;2;0;0;0m▀[38;2;255;255;255m[48;2;0;0;0m▀[0m[38;2;255;255;255m[48;2;255;255;255m▀[0m[38;2;255;255;255m[48;2;173;160;152m▀[0m[38;2;255;255;255m[48;2;255;255;255m▀[0m[38;2;65;65;65m[48;2;255;255;255m▀[0m[38;2;65;65;65m[48;2;65;65;65m▀[0m[38;2;123;164;189m[48;2;65;65;65m▀[0m[38;2;164;205;222m[48;2;65;65;65m▀[0m[38;2;164;205;222m[48;2;164;205;222m▀[0m[38;2;164;205;222m[48;2;164;205;222m▀[0m[38;2;65;65;65m[48;2;164;205;222m▀[0m[38;2;65;65;65m[48;2;164;205;222m▀[0m[38;2;0;0;0m[48;2;0;0;0m▀[0m     
   [38;2;0;0;0m▀[38;2;255;255;255m[48;2;0;0;0m▀[0m[38;2;173;160;152m[48;2;231;129;175m▀[0m[38;2;255;255;255m[48;2;231;129;175m▀[0m[38;2;65;65;65m[48;2;65;65;65m▀[0m[38;2;164;205;222m[48;2;164;205;222m▀[0m[38;2;164;205;222m[48;2;164;205;222m▀[0m[38;2;164;205;222m[48;2;164;205;222m▀[0m[38;2;164;205;222m[48;2;164;205;222m▀[0m[38;2;164;205;222m[48;2;164;205;222m▀[0m[38;2;164;205;222m[48;2;164;205;222m▀[0m[38;2;82;139;164m[48;2;82;139;164m▀[0m[38;2;213;238;246m[48;2;213;238;246m▀[0m[38;2;0;0;0m[48;2;0;0;0m▀[0m    
     [38;2;0;0;0m▀[38;2;0;0;0m▀[38;2;0;0;0m▀[38;2;0;0;0m▀[38;2;0;0;0m▀[38;2;123;164;189m[48;2;0;0;0m▀[0m[38;2;164;205;222m[48;2;0;0;0m▀[0m[38;2;164;205;222m[48;2;0;0;0m▀[0m[38;2;82;139;164m[48;2;0;0;0m▀[0m[38;2;213;238;246m[48;2;0;0;0m▀[0m[38;2;0;0;0m▀     
[0m