    [38;2;0;0;0m▄[38;2;0;0;0m[48;2;223;144;2m▀[0m[38;2;0;0;0m[48;2;223;144;2m▀[0m[38;2;0;0;0m▄    [38;2;0;0;0m▄[38;2;0;0;0m▄      
   [38;2;0;0;0m[48;2;0;0;0m▀[0m[38;2;65;65;65m[48;2;201;110;2m▀[0m[38;2;223;144;2m[48;2;201;110;2m▀[0m[38;2;223;144;2m[48;2;0;0;0m▀[0m[38;2;0;0;0m▀   [38;2;0;0;0m[48;2;0;0;0m▀[0m[38;2;242;183;2m[48;2;242;183;2m▀[0m[38;2;242;183;2m[48;2;242;183;2m▀[0m[38;2;0;0;0m[48;2;0;0;0m▀[0m     
  [38;2;0;0;0m[48;2;0;0;0m▀[0m[38;2;201;110;2m[48;2;201;110;2m▀[0m[38;2;0;0;0m[48;2;0;0;0m▀[0m[38;2;223;144;2m[48;2;65;65;65m▀[0m[38;2;65;65;65m[48;2;223;144;2m▀[0m[38;2;0;0;0m[48;2;0;0;0m▀[0m  [38;2;0;0;0m▄[38;2;0;0;0m[48;2;242;183;2m▀[0m[38;2;223;144;2m[48;2;242;183;2m▀[0m[38;2;223;144;2m[48;2;0;0;0m▀[0m[38;2;223;144;2m[48;2;0;0;0m▀[0m[38;2;0;0;0m[48;2;223;144;2m▀[0m[38;2;0;0;0m▄   
 [38;2;0;0;0m[48;2;0;0;0m▀[0m[38;2;201;110;2m[48;2;201;110;2m▀[0m[38;2;0;0;0m[48;2;0;0;0m▀[0m [38;2;0;0;0m[48;2;0;0;0m▀[0m[38;2;223;144;2m[48;2;201;110;2m▀[0m[38;2;223;144;2m[48;2;242;183;2m▀[0m[38;2;0;0;0m[48;2;242;183;2m▀[0m[38;2;0;0;0m[48;2;223;144;2m▀[0m[38;2;242;183;2m[48;2;242;183;2m▀[0m[38;2;242;183;2m[48;2;242;183;2m▀[0m[38;2;223;144;2m[48;2;0;0;0m▀[0m[38;2;0;0;0m▀ [38;2;0;0;0m▀[38;2;242;183;2m[48;2;0;0;0m▀[0m[38;2;0;0;0m[48;2;242;183;2m▀[0m[38;2;0;0;0m▄ 
  [38;2;0;0;0m▀[38;2;0;0;0m▄[38;2;0;0;0m▄[38;2;0;0;0m[48;2;223;144;2m▀[0m[38;2;242;183;2m[48;2;242;183;2m▀[0m[38;2;242;183;2m[48;2;242;183;2m▀[0m[38;2;242;183;2m[48;2;242;183;2m▀[0m[38;2;242;183;2m[48;2;223;144;2m▀[0m[38;2;242;183;2m[48;2;65;65;65m▀[0m[38;2;242;183;2m[48;2;223;144;2m▀[0m[38;2;0;0;0m[48;2;242;183;2m▀[0m[38;2;0;0;0m▄  [38;2;0;0;0m▀[38;2;242;183;2m[48;2;0;0;0m▀[0m[38;2;0;0;0m[48;2;242;183;2m▀[0m[38;2;0;0;0m▄
  [38;2;0;0;0m[48;2;0;0;0m▀[0m[38;2;223;144;2m[48;2;65;65;65m▀[0m[38;2;65;65;65m[48;2;120;99;82m▀[0m[38;2;65;65;65m[48;2;120;99;82m▀[0m[38;2;242;183;2m[48;2;65;65;65m▀[0m[38;2;242;183;2m[48;2;65;65;65m▀[0m[38;2;242;183;2m[48;2;242;183;2m▀[0m[38;2;65;65;65m[48;2;65;65;65m▀[0m[38;2;255;255;255m[48;2;0;0;0m▀[0m[38;2;65;65;65m[48;2;65;65;65m▀[0m[38;2;242;183;2m[48;2;242;183;2m▀[0m[38;2;0;0;0m[48;2;0;0;0m▀[0m   [38;2;0;0;0m▀[38;2;242;183;2m[48;2;0;0;0m▀[0m[38;2;0;0;0m▀
 [38;2;0;0;0m▄[38;2;0;0;0m[48;2;120;99;82m▀[0m[38;2;65;65;65m[48;2;65;65;65m▀[0m[38;2;120;99;82m[48;2;120;99;82m▀[0m[38;2;65;65;65m[48;2;65;65;65m▀[0m[38;2;156;90;58m[48;2;0;0;0m▀[0m[38;2;156;90;58m[48;2;65;65;65m▀[0m[38;2;65;65;65m[48;2;65;65;65m▀[0m[38;2;120;99;82m[48;2;120;99;82m▀[0m[38;2;120;99;82m[48;2;120;99;82m▀[0m[38;2;65;65;65m[48;2;120;99;82m▀[0m[38;2;0;0;0m[48;2;0;0;0m▀[0m  [38;2;0;0;0m▄[38;2;0;0;0m▄   
[38;2;0;0;0m▄[38;2;0;0;0m[48;2;201;110;2m▀[0m[38;2;65;65;65m[48;2;0;0;0m▀[0m[38;2;120;99;82m[48;2;0;0;0m▀[0m[38;2;65;65;65m[48;2;0;0;0m▀[0m[38;2;0;0;0m▀[38;2;0;0;0m▄[38;2;0;0;0m[48;2;247;230;140m▀[0m[38;2;189;165;82m[48;2;247;230;140m▀[0m[38;2;65;65;65m[48;2;65;65;65m▀[0m[38;2;120;99;82m[48;2;120;99;82m▀[0m[38;2;120;99;82m[48;2;120;99;82m▀[0m[38;2;65;65;65m[48;2;65;65;65m▀[0m[38;2;0;0;0m[48;2;120;99;82m▀[0m[38;2;0;0;0m[48;2;65;65;65m▀[0m[38;2;242;183;2m[48;2;242;183;2m▀[0m[38;2;223;144;2m[48;2;242;183;2m▀[0m[38;2;0;0;0m[48;2;0;0;0m▀[0m  
[38;2;0;0;0m[48;2;0;0;0m▀[0m[38;2;201;110;2m[48;2;201;110;2m▀[0m[38;2;0;0;0m[48;2;0;0;0m▀[0m [38;2;0;0;0m▄[38;2;0;0;0m[48;2;242;183;2m▀[0m[38;2;242;183;2m[48;2;120;99;82m▀[0m[38;2;247;230;140m[48;2;120;99;82m▀[0m[38;2;242;183;2m[48;2;242;183;2m▀[0m[38;2;242;183;2m[48;2;120;99;82m▀[0m[38;2;65;65;65m[48;2;120;99;82m▀[0m[38;2;120;99;82m[48;2;65;65;65m▀[0m[38;2;120;99;82m[48;2;65;65;65m▀[0m[38;2;120;99;82m[48;2;0;0;0m▀[0m[38;2;0;0;0m▀[38;2;223;144;2m[48;2;0;0;0m▀[0m[38;2;242;183;2m[48;2;242;183;2m▀[0m[38;2;223;144;2m[48;2;242;183;2m▀[0m[38;2;0;0;0m[48;2;0;0;0m▀[0m 
 [38;2;0;0;0m▀  [38;2;0;0;0m▀[38;2;242;183;2m[48;2;0;0;0m▀[0m[38;2;120;99;82m[48;2;242;183;2m▀[0m[38;2;120;99;82m[48;2;242;183;2m▀[0m[38;2;242;183;2m[48;2;242;183;2m▀[0m[38;2;120;99;82m[48;2;242;183;2m▀[0m[38;2;120;99;82m[48;2;65;65;65m▀[0m[38;2;65;65;65m[48;2;0;0;0m▀[0m[38;2;100;79;62m[48;2;65;65;65m▀[0m[38;2;100;79;62m[48;2;100;79;62m▀[0m[38;2;0;0;0m[48;2;100;79;62m▀[0m[38;2;0;0;0m[48;2;65;65;65m▀[0m[38;2;242;183;2m[48;2;242;183;2m▀[0m[38;2;242;183;2m[48;2;223;144;2m▀[0m[38;2;0;0;0m[48;2;0;0;0m▀[0m 
     [38;2;0;0;0m▀[38;2;65;65;65m[48;2;0;0;0m▀[0m[38;2;189;165;82m[48;2;0;0;0m▀[0m[38;2;189;165;82m[48;2;0;0;0m▀[0m[38;2;242;183;2m[48;2;0;0;0m▀[0m[38;2;0;0;0m[48;2;223;144;2m▀[0m[38;2;0;0;0m▄[38;2;0;0;0m▀[38;2;100;79;62m[48;2;0;0;0m▀[0m[38;2;100;79;62m[48;2;100;79;62m▀[0m[38;2;65;65;65m[48;2;0;0;0m▀[0m[38;2;242;183;2m[48;2;242;183;2m▀[0m[38;2;0;0;0m[48;2;0;0;0m▀[0m  
         [38;2;0;0;0m▀[38;2;223;144;2m[48;2;0;0;0m▀[0m[38;2;0;0;0m▀  [38;2;0;0;0m▀ [38;2;0;0;0m▀   
[0m