      [38;2;0;0;0m▄[38;2;0;0;0m[48;2;180;174;164m▀[0m[38;2;0;0;0m▄         
[38;2;0;0;0m▄[38;2;0;0;0m[48;2;123;123;111m▀[0m[38;2;0;0;0m[48;2;123;123;111m▀[0m[38;2;0;0;0m▄[38;2;0;0;8m▄[38;2;0;0;0m[48;2;126;124;117m▀[0m[38;2;180;174;164m[48;2;180;175;164m▀[0m[38;2;180;174;164m[48;2;123;120;115m▀[0m[38;2;65;64;65m[48;2;123;121;115m▀[0m[38;2;0;0;0m[48;2;185;174;168m▀[0m[38;2;0;0;0m[48;2;189;178;172m▀[0m[38;2;0;4;8m▄      
[38;2;0;0;0m[48;2;0;0;0m▀[0m[38;2;123;123;111m[48;2;123;123;111m▀[0m[38;2;123;123;111m[48;2;117;121;120m▀[0m[38;2;123;123;111m[48;2;65;64;65m▀[0m[38;2;63;62;63m[48;2;255;255;255m▀[0m[38;2;63;62;63m[48;2;255;255;255m▀[0m[38;2;65;64;65m[48;2;255;255;255m▀[0m[38;2;65;64;65m[48;2;167;176;178m▀[0m[38;2;185;174;168m[48;2;65;64;65m▀[0m[38;2;185;174;168m[48;2;65;64;65m▀[0m[38;2;63;62;63m[48;2;123;120;115m▀[0m[38;2;63;62;63m[48;2;65;64;65m▀[0m[38;2;0;0;0m[48;2;183;175;167m▀[0m[38;2;0;0;0m[48;2;183;175;167m▀[0m[38;2;0;0;0m▄   
 [38;2;0;0;0m[48;2;0;0;0m▀[0m[38;2;65;64;65m[48;2;255;255;255m▀[0m[38;2;169;178;175m[48;2;255;255;255m▀[0m[38;2;255;255;255m[48;2;255;255;255m▀[0m[38;2;255;255;255m[48;2;255;255;255m▀[0m[38;2;167;176;178m[48;2;255;255;255m▀[0m[38;2;255;255;255m[48;2;255;255;255m▀[0m[38;2;255;255;255m[48;2;255;255;255m▀[0m[38;2;255;255;255m[48;2;160;163;164m▀[0m[38;2;65;64;65m[48;2;160;163;164m▀[0m[38;2;180;175;164m[48;2;65;72;74m▀[0m[38;2;183;175;167m[48;2;180;178;164m▀[0m[38;2;183;175;167m[48;2;123;121;115m▀[0m[38;2;123;123;111m[48;2;123;123;111m▀[0m[38;2;0;0;0m[48;2;0;0;0m▀[0m  
[38;2;0;0;0m▄[38;2;0;0;0m[48;2;123;123;111m▀[0m[38;2;255;255;255m[48;2;82;82;82m▀[0m[38;2;65;64;65m[48;2;246;246;246m▀[0m[38;2;255;255;255m[48;2;65;64;65m▀[0m[38;2;255;255;255m[48;2;255;255;246m▀[0m[38;2;255;255;255m[48;2;160;161;160m▀[0m[38;2;255;255;255m[48;2;65;68;65m▀[0m[38;2;65;72;74m[48;2;255;250;255m▀[0m[38;2;255;255;255m[48;2;255;250;255m▀[0m[38;2;255;255;255m[48;2;164;165;164m▀[0m[38;2;255;255;255m[48;2;65;64;65m▀[0m[38;2;65;64;65m[48;2;126;124;115m▀[0m[38;2;123;121;115m[48;2;65;64;65m▀[0m[38;2;0;0;0m[48;2;0;0;0m▀[0m   
[38;2;0;0;0m▄[38;2;0;0;0m[48;2;123;123;111m▀[0m[38;2;164;164;164m[48;2;164;153;148m▀[0m[38;2;0;0;0m[48;2;164;153;148m▀[0m[38;2;160;159;156m[48;2;0;0;0m▀[0m[38;2;65;64;65m[48;2;255;171;142m▀[0m[38;2;65;68;65m[48;2;229;126;86m▀[0m[38;2;255;255;255m[48;2;0;0;8m▀[0m[38;2;0;0;0m[48;2;65;64;65m▀[0m[38;2;84;83;84m[48;2;164;153;148m▀[0m[38;2;65;64;65m[48;2;164;155;148m▀[0m[38;2;164;165;164m[48;2;164;155;148m▀[0m[38;2;156;153;139m[48;2;164;153;148m▀[0m[38;2;65;64;65m[48;2;164;153;148m▀[0m[38;2;164;178;180m[48;2;65;64;65m▀[0m[38;2;0;0;0m[48;2;164;178;175m▀[0m[38;2;0;0;0m▄ 
 [38;2;0;0;0m▀[38;2;0;0;0m▀[38;2;164;153;148m[48;2;0;0;0m▀[0m[38;2;255;171;142m[48;2;65;64;65m▀[0m[38;2;65;64;65m[48;2;233;130;90m▀[0m[38;2;255;175;148m[48;2;230;127;87m▀[0m[38;2;208;134;99m[48;2;180;106;68m▀[0m[38;2;164;153;148m[48;2;123;122;112m▀[0m[38;2;164;153;148m[48;2;65;64;65m▀[0m[38;2;164;155;148m[48;2;117;113;106m▀[0m[38;2;164;155;148m[48;2;172;165;156m▀[0m[38;2;65;64;65m[48;2;164;153;148m▀[0m[38;2;65;64;65m[48;2;0;0;0m▀[0m[38;2;164;178;175m[48;2;164;178;180m▀[0m[38;2;164;178;175m[48;2;164;178;180m▀[0m[38;2;164;178;180m[48;2;0;0;0m▀[0m[38;2;0;0;0m▀
 [38;2;0;0;0m▄[38;2;0;0;0m[48;2;123;122;112m▀[0m[38;2;123;123;111m[48;2;123;122;112m▀[0m[38;2;65;64;65m[48;2;65;64;65m▀[0m[38;2;65;64;65m[48;2;175;175;175m▀[0m[38;2;65;64;65m[48;2;255;246;246m▀[0m[38;2;65;64;65m[48;2;65;64;65m▀[0m[38;2;65;64;65m[48;2;123;121;115m▀[0m[38;2;123;122;112m[48;2;123;121;115m▀[0m[38;2;8;8;8m[48;2;120;118;109m▀[0m[38;2;63;60;57m[48;2;0;0;0m▀[0m[38;2;0;0;0m▀ [38;2;0;0;0m▀[38;2;164;178;180m[48;2;0;0;0m▀[0m[38;2;0;0;0m▀ 
 [38;2;0;0;0m▀[38;2;123;122;112m[48;2;0;0;0m▀[0m[38;2;65;64;65m[48;2;65;64;65m▀[0m[38;2;175;175;175m[48;2;65;64;65m▀[0m[38;2;65;64;65m[48;2;180;175;164m▀[0m[38;2;65;64;65m[48;2;180;174;164m▀[0m[38;2;191;186;186m[48;2;180;174;164m▀[0m[38;2;180;178;164m[48;2;131;124;120m▀[0m[38;2;65;64;65m[48;2;65;64;65m▀[0m[38;2;180;178;164m[48;2;180;174;172m▀[0m[38;2;120;118;109m[48;2;180;174;172m▀[0m[38;2;0;0;0m[48;2;0;0;0m▀[0m     
  [38;2;0;0;0m▄[38;2;0;0;0m[48;2;65;64;65m▀[0m[38;2;123;120;115m[48;2;123;123;111m▀[0m[38;2;65;64;65m[48;2;123;123;111m▀[0m[38;2;65;66;65m[48;2;0;0;0m▀[0m[38;2;123;120;115m[48;2;65;64;65m▀[0m[38;2;164;153;148m[48;2;164;153;148m▀[0m[38;2;164;153;148m[48;2;164;153;148m▀[0m[38;2;60;60;63m[48;2;164;153;148m▀[0m[38;2;0;4;8m[48;2;0;0;0m▀[0m      
   [38;2;0;0;0m▀[38;2;0;0;0m▀[38;2;0;0;0m▀ [38;2;0;0;0m▀[38;2;164;153;148m[48;2;0;0;0m▀[0m[38;2;65;64;65m[48;2;0;0;0m▀[0m[38;2;164;153;148m[48;2;0;0;0m▀[0m[38;2;0;0;0m▀      
[0m