     [38;2;0;0;0m▄[38;2;0;0;0m[48;2;242;255;175m▀[0m[38;2;0;0;0m[48;2;221;244;105m▀[0m[38;2;0;0;0m▄      
    [38;2;0;0;0m▄[38;2;0;0;0m[48;2;173;217;16m▀[0m[38;2;221;244;105m[48;2;221;244;105m▀[0m[38;2;173;217;16m[48;2;173;217;16m▀[0m[38;2;0;0;0m[48;2;0;0;0m▀[0m      
   [38;2;0;0;0m▄[38;2;0;0;0m[48;2;65;65;65m▀[0m[38;2;221;244;105m[48;2;221;244;105m▀[0m[38;2;173;217;16m[48;2;173;217;16m▀[0m[38;2;173;217;16m[48;2;173;217;16m▀[0m[38;2;0;0;0m[48;2;0;0;0m▀[0m      
 [38;2;0;0;0m▄[38;2;0;0;0m[48;2;242;255;175m▀[0m[38;2;221;244;105m[48;2;242;255;175m▀[0m[38;2;173;217;16m[48;2;221;244;105m▀[0m[38;2;221;244;105m[48;2;221;244;105m▀[0m[38;2;221;244;105m[48;2;221;244;105m▀[0m[38;2;221;244;105m[48;2;221;244;105m▀[0m[38;2;173;217;16m[48;2;221;244;105m▀[0m[38;2;0;0;0m[48;2;173;217;16m▀[0m[38;2;0;0;0m▄    
[38;2;0;0;0m[48;2;0;0;0m▀[0m[38;2;221;244;105m[48;2;221;244;105m▀[0m[38;2;242;255;175m[48;2;221;244;105m▀[0m[38;2;242;255;175m[48;2;221;244;105m▀[0m[38;2;221;244;105m[48;2;173;217;16m▀[0m[38;2;173;217;16m[48;2;221;244;105m▀[0m[38;2;221;244;105m[48;2;0;0;0m▀[0m[38;2;65;65;65m[48;2;255;255;255m▀[0m[38;2;65;65;65m[48;2;65;65;65m▀[0m[38;2;221;244;105m[48;2;221;244;105m▀[0m[38;2;0;0;0m[48;2;173;217;16m▀[0m[38;2;0;0;0m▄[38;2;0;0;0m▄  
[38;2;0;0;0m▀[38;2;173;217;16m[48;2;0;0;0m▀[0m[38;2;221;244;105m[48;2;120;163;1m▀[0m[38;2;221;244;105m[48;2;120;163;1m▀[0m[38;2;221;244;105m[48;2;221;244;105m▀[0m[38;2;65;65;65m[48;2;221;244;105m▀[0m[38;2;173;66;58m[48;2;173;217;16m▀[0m[38;2;255;255;255m[48;2;65;65;65m▀[0m[38;2;65;65;65m[48;2;221;244;105m▀[0m[38;2;221;244;105m[48;2;221;244;105m▀[0m[38;2;221;244;105m[48;2;221;244;105m▀[0m[38;2;65;65;65m[48;2;65;65;65m▀[0m[38;2;221;244;105m[48;2;120;163;1m▀[0m[38;2;0;0;0m[48;2;120;163;1m▀[0m[38;2;0;0;0m▄
[38;2;0;0;0m[48;2;0;0;0m▀[0m[38;2;173;217;16m[48;2;65;65;65m▀[0m[38;2;65;65;65m[48;2;173;217;16m▀[0m[38;2;173;217;16m[48;2;65;65;65m▀[0m[38;2;120;163;1m[48;2;65;65;65m▀[0m[38;2;221;244;105m[48;2;173;217;16m▀[0m[38;2;221;244;105m[48;2;221;244;105m▀[0m[38;2;221;244;105m[48;2;221;244;105m▀[0m[38;2;221;244;105m[48;2;221;244;105m▀[0m[38;2;173;217;16m[48;2;120;163;1m▀[0m[38;2;221;244;105m[48;2;221;244;105m▀[0m[38;2;221;244;105m[48;2;221;244;105m▀[0m[38;2;65;65;65m[48;2;221;244;105m▀[0m[38;2;173;217;16m[48;2;65;65;65m▀[0m[38;2;0;0;0m[48;2;0;0;0m▀[0m
 [38;2;0;0;0m▀[38;2;173;217;16m[48;2;0;0;0m▀[0m[38;2;65;65;65m[48;2;120;163;1m▀[0m[38;2;222;82;74m[48;2;173;66;58m▀[0m[38;2;222;82;74m[48;2;222;82;74m▀[0m[38;2;221;244;105m[48;2;120;163;1m▀[0m[38;2;120;163;1m[48;2;221;244;105m▀[0m[38;2;221;244;105m[48;2;221;244;105m▀[0m[38;2;221;244;105m[48;2;221;244;105m▀[0m[38;2;65;65;65m[48;2;173;217;16m▀[0m[38;2;221;244;105m[48;2;65;65;65m▀[0m[38;2;221;244;105m[48;2;0;0;0m▀[0m[38;2;0;0;0m[48;2;0;0;0m▀[0m 
 [38;2;0;0;0m▀[38;2;197;206;214m[48;2;0;0;0m▀[0m[38;2;173;217;16m[48;2;0;0;0m▀[0m[38;2;0;0;0m▀[38;2;173;66;58m[48;2;0;0;0m▀[0m[38;2;120;163;1m[48;2;0;0;0m▀[0m[38;2;221;244;105m[48;2;120;163;1m▀[0m[38;2;221;244;105m[48;2;173;217;16m▀[0m[38;2;173;217;16m[48;2;173;217;16m▀[0m[38;2;173;217;16m[48;2;120;163;1m▀[0m[38;2;0;0;0m[48;2;0;0;0m▀[0m   
       [38;2;0;0;0m▀[38;2;197;206;214m[48;2;0;0;0m▀[0m[38;2;197;206;214m[48;2;0;0;0m▀[0m[38;2;0;0;0m▀    
[0m