      [38;2;0;0;0m▄[38;2;0;0;0m[48;2;189;154;66m▀[0m[38;2;0;0;0m▄             
    [38;2;0;0;0m▄[38;2;65;65;65m▄[38;2;0;0;0m[48;2;189;154;66m▀[0m[38;2;247;229;41m[48;2;247;229;41m▀[0m[38;2;0;0;0m[48;2;65;65;65m▀[0m[38;2;0;0;0m[48;2;247;229;41m▀[0m[38;2;0;0;0m[48;2;0;0;0m▀[0m           
    [38;2;0;0;0m▀[38;2;247;229;41m[48;2;0;0;0m▀[0m[38;2;189;154;66m[48;2;247;229;41m▀[0m[38;2;247;229;41m[48;2;247;229;41m▀[0m[38;2;247;229;41m[48;2;247;229;41m▀[0m[38;2;247;229;41m[48;2;247;229;41m▀[0m[38;2;0;0;0m[48;2;0;0;0m▀[0m   [38;2;0;0;0m▄[38;2;0;0;0m[48;2;248;218;10m▀[0m[38;2;0;0;0m▄     
     [38;2;0;0;0m▀[38;2;189;154;66m[48;2;0;0;0m▀[0m[38;2;65;65;65m[48;2;248;218;10m▀[0m[38;2;65;65;65m[48;2;248;218;10m▀[0m[38;2;65;65;65m[48;2;233;174;11m▀[0m[38;2;0;0;0m[48;2;248;218;10m▀[0m[38;2;0;0;0m[48;2;198;122;9m▀[0m[38;2;0;0;0m▄[38;2;0;0;0m▄[38;2;0;0;0m[48;2;248;218;10m▀[0m[38;2;248;218;10m[48;2;248;218;10m▀[0m[38;2;255;255;255m[48;2;255;255;255m▀[0m[38;2;0;0;0m[48;2;255;255;255m▀[0m[38;2;0;0;0m▄   
    [38;2;0;0;0m▄[38;2;0;0;0m[48;2;248;218;10m▀[0m[38;2;248;218;10m[48;2;248;218;10m▀[0m[38;2;248;218;10m[48;2;248;218;10m▀[0m[38;2;248;218;10m[48;2;197;189;189m▀[0m[38;2;248;218;10m[48;2;255;255;255m▀[0m[38;2;233;174;11m[48;2;248;218;10m▀[0m[38;2;233;174;11m[48;2;233;174;11m▀[0m[38;2;233;174;11m[48;2;248;218;10m▀[0m[38;2;248;218;10m[48;2;233;174;11m▀[0m[38;2;65;65;65m[48;2;248;218;10m▀[0m[38;2;248;218;10m[48;2;65;65;65m▀[0m[38;2;255;255;255m[48;2;255;255;255m▀[0m[38;2;255;255;255m[48;2;197;189;189m▀[0m[38;2;0;0;0m[48;2;0;0;0m▀[0m   
   [38;2;0;0;0m▄[38;2;0;0;0m[48;2;248;218;10m▀[0m[38;2;248;218;10m[48;2;248;218;10m▀[0m[38;2;248;218;10m[48;2;248;218;10m▀[0m[38;2;248;218;10m[48;2;248;218;10m▀[0m[38;2;255;255;255m[48;2;255;255;255m▀[0m[38;2;0;0;0m[48;2;255;255;255m▀[0m[38;2;255;255;255m[48;2;255;255;255m▀[0m[38;2;248;218;10m[48;2;248;218;10m▀[0m[38;2;233;174;11m[48;2;233;174;11m▀[0m[38;2;233;174;11m[48;2;248;218;10m▀[0m[38;2;248;218;10m[48;2;65;65;65m▀[0m[38;2;198;122;9m[48;2;65;65;65m▀[0m[38;2;197;189;189m[48;2;65;65;65m▀[0m[38;2;255;255;255m[48;2;255;255;255m▀[0m[38;2;255;255;255m[48;2;255;255;255m▀[0m[38;2;0;0;0m[48;2;0;0;0m▀[0m  
  [38;2;0;0;0m▄[38;2;0;0;0m[48;2;198;122;9m▀[0m[38;2;233;174;11m[48;2;255;254;148m▀[0m[38;2;233;174;11m[48;2;255;254;148m▀[0m[38;2;248;218;10m[48;2;255;251;125m▀[0m[38;2;248;218;10m[48;2;248;218;10m▀[0m[38;2;248;218;10m[48;2;248;218;10m▀[0m[38;2;255;255;255m[48;2;248;218;10m▀[0m[38;2;197;189;189m[48;2;248;218;10m▀[0m[38;2;248;218;10m[48;2;65;65;65m▀[0m[38;2;65;65;65m[48;2;248;218;10m▀[0m[38;2;65;65;65m[48;2;248;218;10m▀[0m[38;2;248;218;10m[48;2;255;255;255m▀[0m[38;2;248;218;10m[48;2;255;255;255m▀[0m[38;2;248;218;10m[48;2;65;65;65m▀[0m[38;2;65;65;65m[48;2;132;132;115m▀[0m[38;2;197;189;189m[48;2;132;132;115m▀[0m[38;2;197;189;189m[48;2;132;132;115m▀[0m[38;2;0;0;0m[48;2;0;0;0m▀[0m 
  [38;2;0;0;0m▀[38;2;255;251;125m[48;2;0;0;0m▀[0m[38;2;65;65;65m[48;2;65;65;65m▀[0m[38;2;65;65;65m[48;2;65;65;65m▀[0m[38;2;255;254;148m[48;2;255;251;125m▀[0m[38;2;233;174;11m[48;2;233;174;11m▀[0m[38;2;248;218;10m[48;2;248;218;10m▀[0m[38;2;248;218;10m[48;2;65;65;65m▀[0m[38;2;65;65;65m[48;2;247;229;41m▀[0m[38;2;65;65;65m[48;2;247;229;41m▀[0m[38;2;255;255;255m[48;2;65;65;65m▀[0m[38;2;255;255;255m[48;2;197;189;189m▀[0m[38;2;197;189;189m[48;2;255;255;255m▀[0m[38;2;197;189;189m[48;2;255;255;255m▀[0m[38;2;65;65;65m[48;2;255;255;255m▀[0m[38;2;233;174;11m[48;2;0;0;0m▀[0m[38;2;197;189;189m[48;2;233;174;11m▀[0m[38;2;197;189;189m[48;2;233;174;11m▀[0m[38;2;0;0;0m[48;2;233;174;11m▀[0m[38;2;0;0;0m▄
 [38;2;0;0;0m▄[38;2;0;0;0m[48;2;189;154;66m▀[0m[38;2;0;0;0m[48;2;0;0;0m▀[0m[38;2;65;65;65m[48;2;198;122;9m▀[0m[38;2;65;65;65m[48;2;65;65;65m▀[0m[38;2;65;65;65m[48;2;65;65;65m▀[0m[38;2;255;254;148m[48;2;255;254;148m▀[0m[38;2;233;174;11m[48;2;198;122;9m▀[0m[38;2;248;218;10m[48;2;248;218;10m▀[0m[38;2;65;65;65m[48;2;248;218;10m▀[0m[38;2;65;65;65m[48;2;248;218;10m▀[0m[38;2;247;229;41m[48;2;65;65;65m▀[0m[38;2;65;65;65m[48;2;247;229;41m▀[0m[38;2;255;255;255m[48;2;65;65;65m▀[0m[38;2;65;65;65m[48;2;233;174;11m▀[0m[38;2;0;0;0m[48;2;0;0;0m▀[0m [38;2;0;0;0m▀[38;2;0;0;0m▀[38;2;0;0;0m▀ 
[38;2;0;0;0m[48;2;0;0;0m▀[0m[38;2;189;154;66m[48;2;189;154;66m▀[0m[38;2;0;0;0m[48;2;0;0;0m▀[0m [38;2;0;0;0m▀[38;2;255;254;148m[48;2;0;0;0m▀[0m[38;2;255;254;148m[48;2;0;0;0m▀[0m[38;2;255;251;125m[48;2;0;0;0m▀[0m[38;2;233;174;11m[48;2;233;174;11m▀[0m[38;2;198;122;9m[48;2;233;174;11m▀[0m[38;2;198;122;9m[48;2;233;174;11m▀[0m[38;2;233;174;11m[48;2;65;65;65m▀[0m[38;2;65;65;65m[48;2;65;65;65m▀[0m[38;2;247;229;41m[48;2;247;229;41m▀[0m[38;2;65;65;65m[48;2;65;65;65m▀[0m[38;2;0;0;0m[48;2;0;0;0m▀[0m      
 [38;2;0;0;0m▀[38;2;189;154;66m[48;2;0;0;0m▀[0m[38;2;0;0;0m[48;2;189;154;66m▀[0m[38;2;0;0;0m▄   [38;2;0;0;0m▀[38;2;0;0;0m▀[38;2;65;65;65m[48;2;0;0;0m▀[0m[38;2;189;154;66m[48;2;189;154;66m▀[0m[38;2;189;154;66m[48;2;0;0;0m▀[0m[38;2;65;65;65m[48;2;189;154;66m▀[0m[38;2;247;229;41m[48;2;65;65;65m▀[0m[38;2;247;229;41m[48;2;0;0;0m▀[0m[38;2;0;0;0m▀     
  [38;2;0;0;0m▀[38;2;189;154;66m[48;2;0;0;0m▀[0m[38;2;0;0;0m▀     [38;2;0;0;0m▀[38;2;0;0;0m▀ [38;2;0;0;0m▀[38;2;0;0;0m▀       
[0m