   [38;2;0;0;0m▄[38;2;0;0;0m[48;2;255;197;0m▀[0m[38;2;0;0;0m[48;2;255;197;0m▀[0m[38;2;0;0;0m▄ [38;2;0;0;0m▄[38;2;0;0;0m▄             
  [38;2;0;0;0m[48;2;0;0;0m▀[0m[38;2;255;197;0m[48;2;255;197;0m▀[0m[38;2;0;0;0m[48;2;0;0;0m▀[0m[38;2;0;0;0m▀[38;2;0;0;0m▄[38;2;0;0;0m[48;2;255;197;0m▀[0m[38;2;255;197;0m[48;2;0;0;0m▀[0m[38;2;255;197;0m[48;2;0;0;0m▀[0m[38;2;0;0;0m▀            
 [38;2;0;0;0m[48;2;0;0;0m▀[0m[38;2;255;197;0m[48;2;255;197;0m▀[0m[38;2;0;0;0m[48;2;0;0;0m▀[0m[38;2;0;0;0m▄[38;2;0;0;0m[48;2;255;197;0m▀[0m[38;2;255;197;0m[48;2;65;65;65m▀[0m[38;2;0;0;0m[48;2;0;0;0m▀[0m[38;2;0;0;0m▄              
 [38;2;0;0;0m[48;2;0;0;0m▀[0m[38;2;255;197;0m[48;2;138;132;34m▀[0m[38;2;138;132;34m[48;2;230;224;69m▀[0m[38;2;255;197;0m[48;2;255;197;0m▀[0m[38;2;189;173;16m[48;2;184;185;56m▀[0m[38;2;184;185;56m[48;2;230;224;69m▀[0m[38;2;230;224;69m[48;2;230;224;69m▀[0m[38;2;138;132;34m[48;2;230;224;69m▀[0m[38;2;0;0;0m[48;2;230;224;69m▀[0m[38;2;0;0;0m▄ [38;2;0;0;0m▄[38;2;0;0;0m▄         
[38;2;0;0;0m▄[38;2;0;0;0m[48;2;230;224;69m▀[0m[38;2;230;224;69m[48;2;230;224;69m▀[0m[38;2;255;197;0m[48;2;255;197;0m▀[0m[38;2;184;185;56m[48;2;230;224;69m▀[0m[38;2;230;224;69m[48;2;138;132;34m▀[0m[38;2;184;185;56m[48;2;255;197;0m▀[0m[38;2;138;132;34m[48;2;255;255;255m▀[0m[38;2;230;224;69m[48;2;138;132;34m▀[0m[38;2;230;224;69m[48;2;230;224;69m▀[0m[38;2;184;185;56m[48;2;230;224;69m▀[0m[38;2;0;0;0m[48;2;65;65;65m▀[0m[38;2;255;255;255m[48;2;255;204;174m▀[0m[38;2;255;255;255m[48;2;255;204;174m▀[0m[38;2;0;0;0m[48;2;255;255;255m▀[0m[38;2;0;0;0m▄       
[38;2;0;0;0m[48;2;0;0;0m▀[0m[38;2;251;230;178m[48;2;251;230;178m▀[0m[38;2;230;224;69m[48;2;251;230;178m▀[0m[38;2;184;185;56m[48;2;230;224;69m▀[0m[38;2;230;224;69m[48;2;230;224;69m▀[0m[38;2;255;255;255m[48;2;189;173;16m▀[0m[38;2;65;65;65m[48;2;65;65;65m▀[0m[38;2;255;255;255m[48;2;255;255;255m▀[0m[38;2;184;185;56m[48;2;230;224;69m▀[0m[38;2;230;224;69m[48;2;230;224;69m▀[0m[38;2;230;224;69m[48;2;230;224;69m▀[0m[38;2;230;224;69m[48;2;230;224;69m▀[0m[38;2;65;65;65m[48;2;138;132;34m▀[0m[38;2;255;204;174m[48;2;246;141;81m▀[0m[38;2;255;255;255m[48;2;65;65;65m▀[0m[38;2;0;0;0m[48;2;255;204;174m▀[0m[38;2;0;0;0m[48;2;255;255;255m▀[0m[38;2;0;0;0m[48;2;255;255;255m▀[0m[38;2;0;0;0m▄[38;2;0;0;0m▄[38;2;0;0;0m[48;2;230;224;69m▀[0m[38;2;0;0;0m[48;2;184;185;56m▀[0m[38;2;0;0;0m[48;2;0;0;0m▀[0m
[38;2;0;0;0m▀[38;2;184;185;56m[48;2;0;0;0m▀[0m[38;2;251;230;178m[48;2;230;224;69m▀[0m[38;2;230;224;69m[48;2;184;185;56m▀[0m[38;2;230;224;69m[48;2;230;224;69m▀[0m[38;2;230;224;69m[48;2;230;224;69m▀[0m[38;2;230;224;69m[48;2;65;65;65m▀[0m[38;2;138;132;34m[48;2;230;224;69m▀[0m[38;2;230;224;69m[48;2;230;224;69m▀[0m[38;2;230;224;69m[48;2;230;224;69m▀[0m[38;2;230;224;69m[48;2;230;224;69m▀[0m[38;2;230;224;69m[48;2;230;224;69m▀[0m[38;2;230;224;69m[48;2;230;224;69m▀[0m[38;2;138;132;34m[48;2;138;132;34m▀[0m[38;2;222;89;20m[48;2;246;141;81m▀[0m[38;2;246;141;81m[48;2;246;141;81m▀[0m[38;2;255;204;174m[48;2;255;204;174m▀[0m[38;2;255;255;255m[48;2;255;255;255m▀[0m[38;2;65;65;65m[48;2;65;65;65m▀[0m[38;2;230;224;69m[48;2;138;132;34m▀[0m[38;2;230;224;69m[48;2;230;224;69m▀[0m[38;2;184;185;56m[48;2;184;185;56m▀[0m[38;2;0;0;0m[48;2;0;0;0m▀[0m
  [38;2;0;0;0m▀[38;2;0;0;0m▀[38;2;0;0;0m▀[38;2;0;0;0m▀[38;2;189;189;189m[48;2;0;0;0m▀[0m[38;2;65;65;65m[48;2;255;204;174m▀[0m[38;2;230;224;69m[48;2;65;65;65m▀[0m[38;2;230;224;69m[48;2;230;224;69m▀[0m[38;2;230;224;69m[48;2;230;224;69m▀[0m[38;2;230;224;69m[48;2;230;224;69m▀[0m[38;2;230;224;69m[48;2;230;224;69m▀[0m[38;2;138;132;34m[48;2;138;132;34m▀[0m[38;2;246;141;81m[48;2;222;89;20m▀[0m[38;2;246;141;81m[48;2;65;65;65m▀[0m[38;2;255;255;255m[48;2;138;132;34m▀[0m[38;2;65;65;65m[48;2;184;185;56m▀[0m[38;2;230;224;69m[48;2;230;224;69m▀[0m[38;2;230;224;69m[48;2;230;224;69m▀[0m[38;2;138;132;34m[48;2;230;224;69m▀[0m[38;2;184;185;56m[48;2;0;0;0m▀[0m[38;2;0;0;0m▀
     [38;2;0;0;0m[48;2;0;0;0m▀[0m[38;2;255;255;255m[48;2;255;255;255m▀[0m[38;2;246;141;81m[48;2;246;141;81m▀[0m[38;2;65;65;65m[48;2;255;197;0m▀[0m[38;2;184;185;56m[48;2;222;89;20m▀[0m[38;2;230;224;69m[48;2;138;132;34m▀[0m[38;2;230;224;69m[48;2;138;132;34m▀[0m[38;2;138;132;34m[48;2;222;89;20m▀[0m[38;2;255;197;0m[48;2;255;197;0m▀[0m[38;2;246;141;81m[48;2;246;141;81m▀[0m[38;2;255;204;174m[48;2;255;204;174m▀[0m[38;2;65;65;65m[48;2;255;255;255m▀[0m[38;2;230;224;69m[48;2;65;65;65m▀[0m[38;2;230;224;69m[48;2;230;224;69m▀[0m[38;2;230;224;69m[48;2;230;224;69m▀[0m[38;2;230;224;69m[48;2;184;185;56m▀[0m[38;2;0;0;0m[48;2;184;185;56m▀[0m[38;2;0;0;0m▄
     [38;2;0;0;0m▀[38;2;255;255;255m[48;2;0;0;0m▀[0m[38;2;255;255;255m[48;2;138;132;34m▀[0m[38;2;222;89;20m[48;2;65;65;65m▀[0m[38;2;246;141;81m[48;2;255;204;174m▀[0m[38;2;246;141;81m[48;2;246;141;81m▀[0m[38;2;246;141;81m[48;2;246;141;81m▀[0m[38;2;222;89;20m[48;2;255;255;255m▀[0m[38;2;246;141;81m[48;2;65;65;65m▀[0m[38;2;246;141;81m[48;2;255;255;255m▀[0m[38;2;255;204;174m[48;2;255;255;255m▀[0m[38;2;255;255;255m[48;2;255;255;255m▀[0m[38;2;65;65;65m[48;2;65;65;65m▀[0m[38;2;230;224;69m[48;2;184;185;56m▀[0m[38;2;184;185;56m[48;2;184;185;56m▀[0m[38;2;184;185;56m[48;2;184;185;56m▀[0m[38;2;184;185;56m[48;2;184;185;56m▀[0m[38;2;0;0;0m[48;2;0;0;0m▀[0m
      [38;2;0;0;0m[48;2;0;0;0m▀[0m[38;2;230;224;69m[48;2;184;185;56m▀[0m[38;2;65;65;65m[48;2;230;224;69m▀[0m[38;2;255;255;255m[48;2;65;65;65m▀[0m[38;2;255;204;174m[48;2;255;255;255m▀[0m[38;2;255;255;255m[48;2;65;65;65m▀[0m[38;2;255;255;255m[48;2;138;132;34m▀[0m[38;2;138;132;34m[48;2;230;224;69m▀[0m[38;2;138;132;34m[48;2;230;224;69m▀[0m[38;2;65;65;65m[48;2;230;224;69m▀[0m[38;2;65;65;65m[48;2;184;185;56m▀[0m[38;2;184;185;56m[48;2;0;0;0m▀[0m[38;2;184;185;56m[48;2;0;0;0m▀[0m[38;2;65;65;65m[48;2;189;189;189m▀[0m[38;2;184;185;56m[48;2;189;189;189m▀[0m[38;2;184;185;56m[48;2;184;185;56m▀[0m[38;2;0;0;0m[48;2;0;0;0m▀[0m
      [38;2;0;0;0m▄[38;2;0;0;0m[48;2;255;255;255m▀[0m[38;2;230;224;69m[48;2;189;189;189m▀[0m[38;2;184;185;56m[48;2;184;185;56m▀[0m[38;2;65;65;65m[48;2;0;0;0m▀[0m[38;2;230;224;69m[48;2;0;0;0m▀[0m[38;2;230;224;69m[48;2;184;185;56m▀[0m[38;2;230;224;69m[48;2;230;224;69m▀[0m[38;2;230;224;69m[48;2;230;224;69m▀[0m[38;2;230;224;69m[48;2;184;185;56m▀[0m[38;2;184;185;56m[48;2;0;0;0m▀[0m[38;2;0;0;0m▀ [38;2;0;0;0m▀[38;2;0;0;0m▀[38;2;0;0;0m▀ 
       [38;2;0;0;0m▀[38;2;0;0;0m▀[38;2;0;0;0m▀  [38;2;0;0;0m[48;2;0;0;0m▀[0m[38;2;184;185;56m[48;2;255;255;255m▀[0m[38;2;230;224;69m[48;2;189;189;189m▀[0m[38;2;184;185;56m[48;2;184;185;56m▀[0m[38;2;0;0;0m[48;2;0;0;0m▀[0m      
             [38;2;0;0;0m▀[38;2;0;0;0m▀[38;2;0;0;0m▀       
[0m