       [38;2;0;0;0m▄[38;2;0;0;0m▄[38;2;0;0;0m[48;2;234;234;234m▀[0m[38;2;0;0;0m[48;2;234;234;234m▀[0m[38;2;0;0;0m[48;2;234;234;234m▀[0m[38;2;0;0;0m[48;2;111;111;111m▀[0m[38;2;0;0;0m▄      
     [38;2;0;0;0m▄[38;2;0;0;0m[48;2;234;234;234m▀[0m[38;2;234;234;234m[48;2;156;156;156m▀[0m[38;2;199;199;199m[48;2;0;0;0m▀[0m[38;2;0;0;0m▀[38;2;0;0;0m▀[38;2;234;234;234m[48;2;0;0;0m▀[0m[38;2;234;234;234m[48;2;234;234;234m▀[0m[38;2;111;111;111m[48;2;234;234;234m▀[0m[38;2;0;0;0m[48;2;0;0;0m▀[0m     
  [38;2;0;0;0m▄ [38;2;0;0;0m[48;2;0;0;0m▀[0m[38;2;111;111;111m[48;2;199;199;199m▀[0m[38;2;199;199;199m[48;2;65;65;65m▀[0m[38;2;65;65;65m[48;2;234;234;234m▀[0m[38;2;65;65;65m[48;2;234;234;234m▀[0m[38;2;0;0;0m[48;2;234;234;234m▀[0m[38;2;0;0;0m[48;2;65;65;65m▀[0m[38;2;65;65;65m[48;2;199;199;199m▀[0m[38;2;234;234;234m[48;2;234;234;234m▀[0m[38;2;234;234;234m[48;2;156;156;156m▀[0m[38;2;0;0;0m[48;2;0;0;0m▀[0m     
 [38;2;0;0;0m[48;2;0;0;0m▀[0m[38;2;199;199;199m[48;2;199;199;199m▀[0m[38;2;0;0;0m[48;2;199;199;199m▀[0m[38;2;65;65;65m[48;2;65;65;65m▀[0m[38;2;65;65;65m[48;2;234;234;234m▀[0m[38;2;234;234;234m[48;2;234;234;234m▀[0m[38;2;234;234;234m[48;2;65;65;65m▀[0m[38;2;65;65;65m[48;2;234;234;234m▀[0m[38;2;234;234;234m[48;2;65;65;65m▀[0m[38;2;111;111;111m[48;2;234;234;234m▀[0m[38;2;234;234;234m[48;2;234;234;234m▀[0m[38;2;234;234;234m[48;2;199;199;199m▀[0m[38;2;65;65;65m[48;2;111;111;111m▀[0m[38;2;234;234;234m[48;2;234;234;234m▀[0m[38;2;0;0;0m[48;2;234;234;234m▀[0m[38;2;0;0;0m▄   
  [38;2;0;0;0m▀[38;2;199;199;199m[48;2;0;0;0m▀[0m[38;2;65;65;65m[48;2;234;234;234m▀[0m[38;2;234;234;234m[48;2;234;234;234m▀[0m[38;2;234;234;234m[48;2;234;234;234m▀[0m[38;2;65;65;65m[48;2;234;234;234m▀[0m[38;2;234;234;234m[48;2;156;156;156m▀[0m[38;2;234;234;234m[48;2;234;234;234m▀[0m[38;2;234;234;234m[48;2;234;234;234m▀[0m[38;2;234;234;234m[48;2;234;234;234m▀[0m[38;2;111;111;111m[48;2;234;234;234m▀[0m[38;2;234;234;234m[48;2;234;234;234m▀[0m[38;2;234;234;234m[48;2;234;234;234m▀[0m[38;2;234;234;234m[48;2;175;242;12m▀[0m[38;2;175;242;12m[48;2;141;211;1m▀[0m[38;2;0;0;0m[48;2;111;173;1m▀[0m[38;2;0;0;0m▄ 
   [38;2;0;0;0m[48;2;0;0;0m▀[0m[38;2;234;234;234m[48;2;65;65;65m▀[0m[38;2;234;234;234m[48;2;234;234;234m▀[0m[38;2;199;199;199m[48;2;199;199;199m▀[0m[38;2;234;234;234m[48;2;234;234;234m▀[0m[38;2;234;234;234m[48;2;0;0;0m▀[0m[38;2;65;65;65m[48;2;234;234;234m▀[0m[38;2;156;156;156m[48;2;156;156;156m▀[0m[38;2;234;234;234m[48;2;199;199;199m▀[0m[38;2;65;65;65m[48;2;0;0;0m▀[0m[38;2;175;242;12m[48;2;0;0;0m▀[0m[38;2;141;211;1m[48;2;111;173;1m▀[0m[38;2;141;211;1m[48;2;111;173;1m▀[0m[38;2;111;173;1m[48;2;111;173;1m▀[0m[38;2;111;173;1m[48;2;111;173;1m▀[0m[38;2;0;0;0m[48;2;111;173;1m▀[0m[38;2;0;0;0m▄
    [38;2;0;0;0m[48;2;0;0;0m▀[0m[38;2;234;234;234m[48;2;199;199;199m▀[0m[38;2;234;234;234m[48;2;234;234;234m▀[0m[38;2;65;65;65m[48;2;199;199;199m▀[0m[38;2;120;184;1m[48;2;199;199;199m▀[0m[38;2;199;199;199m[48;2;199;199;199m▀[0m[38;2;199;199;199m[48;2;0;0;0m▀[0m[38;2;0;0;0m▀  [38;2;0;0;0m[48;2;0;0;0m▀[0m[38;2;111;173;1m[48;2;111;173;1m▀[0m[38;2;111;173;1m[48;2;111;173;1m▀[0m[38;2;111;173;1m[48;2;111;173;1m▀[0m[38;2;111;173;1m[48;2;111;173;1m▀[0m[38;2;0;0;0m[48;2;0;0;0m▀[0m
     [38;2;0;0;0m[48;2;0;0;0m▀[0m[38;2;156;156;156m[48;2;65;65;65m▀[0m[38;2;199;199;199m[48;2;65;65;65m▀[0m[38;2;65;65;65m[48;2;156;156;156m▀[0m[38;2;65;65;65m[48;2;156;156;156m▀[0m[38;2;156;156;156m[48;2;199;199;199m▀[0m[38;2;0;0;0m[48;2;234;234;234m▀[0m[38;2;0;0;0m▄[38;2;0;0;0m[48;2;0;0;0m▀[0m[38;2;84;133;1m[48;2;84;133;1m▀[0m[38;2;84;133;1m[48;2;84;133;1m▀[0m[38;2;111;173;1m[48;2;84;133;1m▀[0m[38;2;111;173;1m[48;2;84;133;1m▀[0m[38;2;84;133;1m[48;2;0;0;0m▀[0m[38;2;0;0;0m▀
    [38;2;0;0;0m▄[38;2;0;0;0m[48;2;111;111;111m▀[0m[38;2;111;111;111m[48;2;65;65;65m▀[0m[38;2;65;65;65m[48;2;199;199;199m▀[0m[38;2;156;156;156m[48;2;199;199;199m▀[0m[38;2;199;199;199m[48;2;199;199;199m▀[0m[38;2;65;65;65m[48;2;199;199;199m▀[0m[38;2;234;234;234m[48;2;65;65;65m▀[0m[38;2;234;234;234m[48;2;234;234;234m▀[0m[38;2;199;199;199m[48;2;234;234;234m▀[0m[38;2;0;0;0m[48;2;234;234;234m▀[0m[38;2;84;133;1m[48;2;0;0;0m▀[0m[38;2;84;133;1m[48;2;84;133;1m▀[0m[38;2;84;133;1m[48;2;0;0;0m▀[0m[38;2;0;0;0m▀ 
   [38;2;0;0;0m[48;2;0;0;0m▀[0m[38;2;84;133;1m[48;2;84;133;1m▀[0m[38;2;111;111;111m[48;2;65;65;65m▀[0m[38;2;65;65;65m[48;2;199;199;199m▀[0m[38;2;199;199;199m[48;2;199;199;199m▀[0m[38;2;199;199;199m[48;2;65;65;65m▀[0m[38;2;65;65;65m[48;2;234;234;234m▀[0m[38;2;234;234;234m[48;2;234;234;234m▀[0m[38;2;234;234;234m[48;2;234;234;234m▀[0m[38;2;65;65;65m[48;2;65;65;65m▀[0m[38;2;234;234;234m[48;2;234;234;234m▀[0m[38;2;234;234;234m[48;2;111;173;1m▀[0m[38;2;111;173;1m[48;2;141;211;1m▀[0m[38;2;0;0;0m[48;2;0;0;0m▀[0m   
    [38;2;0;0;0m[48;2;0;0;0m▀[0m[38;2;156;156;156m[48;2;156;156;156m▀[0m[38;2;65;65;65m[48;2;156;156;156m▀[0m[38;2;199;199;199m[48;2;65;65;65m▀[0m[38;2;65;65;65m[48;2;0;0;0m▀[0m[38;2;234;234;234m[48;2;65;65;65m▀[0m[38;2;234;234;234m[48;2;234;234;234m▀[0m[38;2;234;234;234m[48;2;234;234;234m▀[0m[38;2;234;234;234m[48;2;156;156;156m▀[0m[38;2;65;65;65m[48;2;0;0;0m▀[0m[38;2;141;211;1m[48;2;0;0;0m▀[0m[38;2;0;0;0m[48;2;0;0;0m▀[0m    
  [38;2;0;0;0m▄[38;2;0;0;0m[48;2;84;133;1m▀[0m[38;2;84;133;1m[48;2;84;133;1m▀[0m[38;2;65;65;65m[48;2;65;65;65m▀[0m[38;2;156;156;156m[48;2;156;156;156m▀[0m[38;2;0;0;0m[48;2;156;156;156m▀[0m[38;2;0;0;0m▄[38;2;0;0;0m▀[38;2;199;199;199m[48;2;0;0;0m▀[0m[38;2;199;199;199m[48;2;199;199;199m▀[0m[38;2;0;0;0m[48;2;156;156;156m▀[0m[38;2;0;0;0m▄      
 [38;2;0;0;0m[48;2;0;0;0m▀[0m[38;2;84;133;1m[48;2;84;133;1m▀[0m[38;2;84;133;1m[48;2;0;0;0m▀[0m[38;2;0;0;0m▀[38;2;0;0;0m[48;2;0;0;0m▀[0m[38;2;111;173;1m[48;2;111;173;1m▀[0m[38;2;156;156;156m[48;2;0;0;0m▀[0m[38;2;0;0;0m▀[38;2;0;0;0m▄[38;2;0;0;0m[48;2;111;173;1m▀[0m[38;2;199;199;199m[48;2;199;199;199m▀[0m[38;2;199;199;199m[48;2;111;173;1m▀[0m[38;2;0;0;0m[48;2;141;211;1m▀[0m[38;2;0;0;0m▄     
[38;2;0;0;0m[48;2;0;0;0m▀[0m[38;2;111;173;1m[48;2;111;173;1m▀[0m[38;2;111;173;1m[48;2;111;173;1m▀[0m[38;2;0;0;0m[48;2;111;173;1m▀[0m[38;2;0;0;0m▄ [38;2;0;0;0m▀  [38;2;0;0;0m▀[38;2;65;65;65m[48;2;0;0;0m▀[0m[38;2;141;211;1m[48;2;141;211;1m▀[0m[38;2;65;65;65m[48;2;0;0;0m▀[0m[38;2;141;211;1m[48;2;0;0;0m▀[0m[38;2;0;0;0m▀     
[38;2;0;0;0m▀[38;2;65;65;65m[48;2;0;0;0m▀[0m[38;2;111;173;1m[48;2;0;0;0m▀[0m[38;2;65;65;65m[48;2;0;0;0m▀[0m[38;2;0;0;0m▀      [38;2;0;0;0m▀        
[0m