    [38;2;0;0;0m▄[38;2;0;0;0m▄  [38;2;0;0;0m▄[38;2;0;0;0m[48;2;218;89;183m▀[0m[38;2;0;0;0m[48;2;0;0;0m▀[0m        
    [38;2;0;0;0m[48;2;0;0;0m▀[0m[38;2;218;89;183m[48;2;218;89;183m▀[0m[38;2;0;0;0m[48;2;0;0;0m▀[0m[38;2;0;0;0m[48;2;218;89;183m▀[0m[38;2;218;89;183m[48;2;218;89;183m▀[0m[38;2;218;89;183m[48;2;218;89;183m▀[0m[38;2;0;0;0m[48;2;0;0;0m▀[0m        
[38;2;0;0;0m[48;2;0;0;0m▀[0m[38;2;0;0;0m[48;2;218;89;183m▀[0m[38;2;0;0;0m[48;2;218;89;183m▀[0m[38;2;0;0;0m[48;2;218;89;183m▀[0m[38;2;65;65;65m[48;2;218;89;183m▀[0m[38;2;218;89;183m[48;2;65;65;65m▀[0m[38;2;218;89;183m[48;2;65;65;65m▀[0m[38;2;218;89;183m[48;2;218;89;183m▀[0m[38;2;218;89;183m[48;2;178;41;130m▀[0m[38;2;178;41;130m[48;2;178;41;130m▀[0m[38;2;178;41;130m[48;2;218;89;183m▀[0m[38;2;0;0;0m[48;2;218;89;183m▀[0m[38;2;0;0;0m[48;2;0;0;0m▀[0m      
 [38;2;0;0;0m▀[38;2;0;0;0m▀[38;2;218;89;183m[48;2;0;0;0m▀[0m[38;2;218;89;183m[48;2;178;41;130m▀[0m[38;2;218;89;183m[48;2;218;89;183m▀[0m[38;2;218;89;183m[48;2;218;89;183m▀[0m[38;2;65;65;65m[48;2;218;89;183m▀[0m[38;2;65;65;65m[48;2;218;89;183m▀[0m[38;2;178;41;130m[48;2;65;65;65m▀[0m[38;2;178;41;130m[48;2;0;0;0m▀[0m[38;2;0;0;0m▀       
  [38;2;0;0;0m▄[38;2;0;0;0m[48;2;255;255;255m▀[0m[38;2;255;233;79m[48;2;255;233;79m▀[0m[38;2;178;41;130m[48;2;255;233;79m▀[0m[38;2;178;41;130m[48;2;65;65;65m▀[0m[38;2;218;89;183m[48;2;189;49;33m▀[0m[38;2;218;89;183m[48;2;255;255;255m▀[0m[38;2;218;89;183m[48;2;218;89;183m▀[0m[38;2;0;0;0m[48;2;218;89;183m▀[0m[38;2;0;0;0m▄ [38;2;0;0;0m▄[38;2;0;0;0m[48;2;218;89;183m▀[0m[38;2;0;0;0m▄[38;2;0;0;0m[48;2;218;89;183m▀[0m[38;2;0;0;0m▄[38;2;0;0;0m▄
 [38;2;0;0;0m[48;2;0;0;0m▀[0m[38;2;255;255;255m[48;2;255;255;255m▀[0m[38;2;255;233;79m[48;2;214;183;18m▀[0m[38;2;214;183;18m[48;2;214;183;18m▀[0m[38;2;214;183;18m[48;2;185;143;17m▀[0m[38;2;255;255;255m[48;2;185;143;17m▀[0m[38;2;247;115;82m[48;2;178;41;130m▀[0m[38;2;255;255;255m[48;2;0;0;0m▀[0m[38;2;178;41;130m[48;2;0;0;0m▀[0m[38;2;218;89;183m[48;2;0;0;0m▀[0m[38;2;218;89;183m[48;2;0;0;0m▀[0m[38;2;0;0;0m[48;2;0;0;0m▀[0m[38;2;218;89;183m[48;2;178;41;130m▀[0m[38;2;218;89;183m[48;2;218;89;183m▀[0m[38;2;218;89;183m[48;2;178;41;130m▀[0m[38;2;178;41;130m[48;2;178;41;130m▀[0m[38;2;178;41;130m[48;2;0;0;0m▀[0m[38;2;0;0;0m▀
 [38;2;0;0;0m▀[38;2;255;233;79m[48;2;0;0;0m▀[0m[38;2;214;183;18m[48;2;0;0;0m▀[0m[38;2;0;0;0m▀[38;2;0;0;0m▀[38;2;0;0;0m[48;2;0;0;0m▀[0m[38;2;0;0;0m[48;2;218;89;183m▀[0m[38;2;0;0;0m[48;2;0;0;0m▀[0m[38;2;178;41;130m[48;2;218;89;183m▀[0m[38;2;178;41;130m[48;2;178;41;130m▀[0m[38;2;0;0;0m[48;2;178;41;130m▀[0m[38;2;178;41;130m[48;2;189;49;33m▀[0m[38;2;218;89;183m[48;2;178;41;130m▀[0m[38;2;178;41;130m[48;2;178;41;130m▀[0m[38;2;178;41;130m[48;2;178;41;130m▀[0m[38;2;178;41;130m[48;2;0;0;0m▀[0m[38;2;178;41;130m[48;2;0;0;0m▀[0m[38;2;0;0;0m▀
    [38;2;0;0;0m▄[38;2;0;0;0m[48;2;0;0;0m▀[0m[38;2;218;89;183m[48;2;178;41;130m▀[0m[38;2;218;89;183m[48;2;218;89;183m▀[0m[38;2;218;89;183m[48;2;218;89;183m▀[0m[38;2;178;41;130m[48;2;178;41;130m▀[0m[38;2;178;41;130m[48;2;178;41;130m▀[0m[38;2;178;41;130m[48;2;178;41;130m▀[0m[38;2;0;0;0m[48;2;0;0;0m▀[0m[38;2;0;0;0m▀[38;2;0;0;0m▀[38;2;0;0;0m▀   
   [38;2;0;0;0m[48;2;0;0;0m▀[0m[38;2;255;255;255m[48;2;0;0;0m▀[0m[38;2;214;183;18m[48;2;255;255;255m▀[0m[38;2;65;65;65m[48;2;185;143;17m▀[0m[38;2;178;41;130m[48;2;0;0;0m▀[0m[38;2;178;41;130m[48;2;0;0;0m▀[0m[38;2;178;41;130m[48;2;65;65;65m▀[0m[38;2;178;41;130m[48;2;214;183;18m▀[0m[38;2;0;0;0m[48;2;65;65;65m▀[0m[38;2;0;0;0m▄      
     [38;2;0;0;0m▀[38;2;0;0;0m▀ [38;2;0;0;0m[48;2;0;0;0m▀[0m[38;2;255;255;255m[48;2;0;0;0m▀[0m[38;2;214;183;18m[48;2;255;255;255m▀[0m[38;2;185;143;17m[48;2;0;0;0m▀[0m[38;2;214;183;18m[48;2;255;255;255m▀[0m[38;2;0;0;0m[48;2;0;0;0m▀[0m     
         [38;2;0;0;0m▀[38;2;0;0;0m▀ [38;2;0;0;0m▀      
[0m