   [38;2;0;0;0m▄ [38;2;0;0;0m▄[38;2;0;0;0m[48;2;143;170;25m▀[0m[38;2;0;0;0m[48;2;0;0;0m▀[0m [38;2;0;0;0m▄[38;2;0;0;0m▄[38;2;0;0;0m[48;2;219;240;40m▀[0m[38;2;0;0;0m[48;2;219;240;40m▀[0m[38;2;0;0;0m[48;2;219;240;40m▀[0m[38;2;0;0;0m▄  
 [38;2;0;0;0m▄[38;2;0;0;0m[48;2;219;240;40m▀[0m[38;2;178;203;30m[48;2;178;203;30m▀[0m[38;2;0;0;0m[48;2;65;65;65m▀[0m[38;2;143;170;25m[48;2;143;170;25m▀[0m[38;2;143;170;25m[48;2;65;65;65m▀[0m[38;2;65;65;65m[48;2;219;240;40m▀[0m[38;2;0;0;0m[48;2;219;240;40m▀[0m[38;2;219;240;40m[48;2;178;203;30m▀[0m[38;2;178;203;30m[48;2;219;240;40m▀[0m[38;2;178;203;30m[48;2;0;0;0m▀[0m[38;2;0;0;0m▀[38;2;0;0;0m▀   
 [38;2;0;0;0m[48;2;0;0;0m▀[0m[38;2;219;240;40m[48;2;219;240;40m▀[0m[38;2;178;203;30m[48;2;143;170;25m▀[0m[38;2;219;240;40m[48;2;219;240;40m▀[0m[38;2;65;65;65m[48;2;65;65;65m▀[0m[38;2;178;203;30m[48;2;178;203;30m▀[0m[38;2;219;240;40m[48;2;143;170;25m▀[0m[38;2;178;203;30m[48;2;219;240;40m▀[0m[38;2;219;240;40m[48;2;219;240;40m▀[0m[38;2;219;240;40m[48;2;65;65;65m▀[0m[38;2;65;65;65m[48;2;143;170;25m▀[0m[38;2;0;0;0m[48;2;143;170;25m▀[0m[38;2;0;0;0m[48;2;143;170;25m▀[0m[38;2;0;0;0m[48;2;0;0;0m▀[0m  
  [38;2;0;0;0m[48;2;0;0;0m▀[0m[38;2;178;203;30m[48;2;178;203;30m▀[0m[38;2;143;170;25m[48;2;143;170;25m▀[0m[38;2;65;65;65m[48;2;65;65;65m▀[0m[38;2;143;170;25m[48;2;143;170;25m▀[0m[38;2;178;203;30m[48;2;178;203;30m▀[0m[38;2;178;203;30m[48;2;65;65;65m▀[0m[38;2;65;65;65m[48;2;65;65;65m▀[0m[38;2;65;65;65m[48;2;219;240;40m▀[0m[38;2;65;65;65m[48;2;178;203;30m▀[0m[38;2;65;65;65m[48;2;178;203;30m▀[0m[38;2;65;65;65m[48;2;178;203;30m▀[0m[38;2;0;0;0m[48;2;219;240;40m▀[0m[38;2;0;0;0m[48;2;219;240;40m▀[0m[38;2;0;0;0m▄
  [38;2;0;0;0m▄[38;2;0;0;0m[48;2;87;182;35m▀[0m[38;2;178;203;30m[48;2;87;182;35m▀[0m[38;2;143;170;25m[48;2;87;182;35m▀[0m[38;2;178;203;30m[48;2;87;182;35m▀[0m[38;2;143;170;25m[48;2;178;203;30m▀[0m[38;2;178;203;30m[48;2;65;65;65m▀[0m[38;2;178;203;30m[48;2;65;65;65m▀[0m[38;2;178;203;30m[48;2;0;0;0m▀[0m[38;2;219;240;40m[48;2;0;0;0m▀[0m[38;2;219;240;40m[48;2;0;0;0m▀[0m[38;2;219;240;40m[48;2;0;0;0m▀[0m[38;2;0;0;0m▀[38;2;0;0;0m▀ 
[38;2;0;0;0m▄[38;2;0;0;0m[48;2;54;149;2m▀[0m[38;2;87;182;35m[48;2;87;182;35m▀[0m[38;2;230;74;41m[48;2;87;182;35m▀[0m[38;2;87;182;35m[48;2;87;182;35m▀[0m[38;2;87;182;35m[48;2;87;182;35m▀[0m[38;2;87;182;35m[48;2;230;74;41m▀[0m[38;2;87;182;35m[48;2;87;182;35m▀[0m[38;2;87;182;35m[48;2;87;182;35m▀[0m[38;2;0;0;0m[48;2;54;149;2m▀[0m[38;2;0;0;0m▄      
[38;2;0;0;0m[48;2;0;0;0m▀[0m[38;2;54;149;2m[48;2;65;65;65m▀[0m[38;2;54;149;2m[48;2;54;149;2m▀[0m[38;2;87;182;35m[48;2;54;149;2m▀[0m[38;2;0;0;0m[48;2;54;149;2m▀[0m[38;2;87;182;35m[48;2;54;149;2m▀[0m[38;2;87;182;35m[48;2;54;149;2m▀[0m[38;2;87;182;35m[48;2;54;149;2m▀[0m[38;2;54;149;2m[48;2;54;149;2m▀[0m[38;2;54;149;2m[48;2;54;149;2m▀[0m[38;2;0;0;0m[48;2;0;0;0m▀[0m      
 [38;2;0;0;0m▀[38;2;54;149;2m[48;2;0;0;0m▀[0m[38;2;54;149;2m[48;2;0;0;0m▀[0m[38;2;54;149;2m[48;2;54;149;2m▀[0m[38;2;54;149;2m[48;2;54;149;2m▀[0m[38;2;54;149;2m[48;2;54;149;2m▀[0m[38;2;54;149;2m[48;2;65;65;65m▀[0m[38;2;54;149;2m[48;2;65;65;65m▀[0m[38;2;65;65;65m[48;2;0;0;0m▀[0m[38;2;0;0;0m▀      
 [38;2;0;0;0m▀[38;2;54;149;2m[48;2;0;0;0m▀[0m[38;2;54;149;2m[48;2;0;0;0m▀[0m[38;2;0;0;0m▀[38;2;0;0;0m▀[38;2;65;65;65m[48;2;0;0;0m▀[0m[38;2;65;65;65m[48;2;54;149;2m▀[0m[38;2;0;0;0m[48;2;54;149;2m▀[0m[38;2;0;0;0m▄       
       [38;2;0;0;0m▀[38;2;0;0;0m▀        
[0m