         [38;2;0;0;0m▄[38;2;0;0;0m▄[38;2;0;0;0m[48;2;244;142;49m▀[0m[38;2;0;0;0m[48;2;0;0;0m▀[0m       
     [38;2;0;0;0m▄[38;2;0;0;0m[48;2;244;142;49m▀[0m[38;2;0;0;0m[48;2;244;142;49m▀[0m[38;2;0;0;0m[48;2;212;103;38m▀[0m[38;2;212;103;38m[48;2;152;66;32m▀[0m[38;2;244;142;49m[48;2;244;142;49m▀[0m[38;2;244;142;49m[48;2;244;142;49m▀[0m[38;2;0;0;0m[48;2;0;0;0m▀[0m       
 [38;2;0;0;0m▄[38;2;0;0;0m▄ [38;2;0;0;0m[48;2;0;0;0m▀[0m[38;2;244;142;49m[48;2;244;142;49m▀[0m[38;2;244;142;49m[48;2;244;142;49m▀[0m[38;2;244;142;49m[48;2;244;142;49m▀[0m[38;2;244;142;49m[48;2;152;66;32m▀[0m[38;2;152;66;32m[48;2;244;142;49m▀[0m[38;2;244;142;49m[48;2;244;142;49m▀[0m[38;2;244;142;49m[48;2;244;142;49m▀[0m[38;2;212;103;38m[48;2;212;103;38m▀[0m[38;2;0;0;0m[48;2;0;0;0m▀[0m      
[38;2;0;0;0m[48;2;0;0;0m▀[0m[38;2;244;142;49m[48;2;255;171;41m▀[0m[38;2;244;142;49m[48;2;244;142;49m▀[0m[38;2;0;0;0m[48;2;152;66;32m▀[0m[38;2;152;66;32m[48;2;244;142;49m▀[0m[38;2;212;103;38m[48;2;152;66;32m▀[0m[38;2;244;142;49m[48;2;152;66;32m▀[0m[38;2;244;142;49m[48;2;244;142;49m▀[0m[38;2;244;142;49m[48;2;244;142;49m▀[0m[38;2;244;142;49m[48;2;244;142;49m▀[0m[38;2;244;142;49m[48;2;152;66;32m▀[0m[38;2;212;103;38m[48;2;152;66;32m▀[0m[38;2;152;66;32m[48;2;212;103;38m▀[0m[38;2;0;0;0m[48;2;212;103;38m▀[0m[38;2;0;0;0m▄     
[38;2;0;0;0m[48;2;0;0;0m▀[0m[38;2;255;171;41m[48;2;65;65;65m▀[0m[38;2;152;66;32m[48;2;152;66;32m▀[0m[38;2;244;142;49m[48;2;0;0;0m▀[0m[38;2;244;142;49m[48;2;189;189;181m▀[0m[38;2;244;142;49m[48;2;244;142;49m▀[0m[38;2;244;142;49m[48;2;244;142;49m▀[0m[38;2;152;66;32m[48;2;212;103;38m▀[0m[38;2;152;66;32m[48;2;244;142;49m▀[0m[38;2;212;103;38m[48;2;244;142;49m▀[0m[38;2;244;142;49m[48;2;244;142;49m▀[0m[38;2;244;142;49m[48;2;244;142;49m▀[0m[38;2;244;142;49m[48;2;152;66;32m▀[0m[38;2;152;66;32m[48;2;244;142;49m▀[0m[38;2;0;0;0m[48;2;244;142;49m▀[0m[38;2;0;0;0m[48;2;244;142;49m▀[0m[38;2;0;0;0m▄   
 [38;2;0;0;0m▀[38;2;212;103;38m[48;2;0;0;0m▀[0m[38;2;65;65;65m[48;2;255;232;149m▀[0m[38;2;255;255;255m[48;2;209;176;96m▀[0m[38;2;244;142;49m[48;2;255;232;149m▀[0m[38;2;244;142;49m[48;2;255;232;149m▀[0m[38;2;0;0;0m[48;2;65;65;65m▀[0m[38;2;189;189;181m[48;2;255;255;255m▀[0m[38;2;212;103;38m[48;2;255;232;149m▀[0m[38;2;244;142;49m[48;2;212;103;38m▀[0m[38;2;152;66;32m[48;2;152;66;32m▀[0m[38;2;244;142;49m[48;2;255;214;69m▀[0m[38;2;255;214;69m[48;2;255;214;69m▀[0m[38;2;255;214;69m[48;2;255;171;41m▀[0m[38;2;244;142;49m[48;2;244;142;49m▀[0m[38;2;0;0;0m[48;2;0;0;0m▀[0m [38;2;0;0;0m▄ 
   [38;2;0;0;0m▀[38;2;255;232;149m[48;2;0;0;0m▀[0m[38;2;255;232;149m[48;2;65;65;65m▀[0m[38;2;255;232;149m[48;2;209;176;96m▀[0m[38;2;255;232;149m[48;2;255;232;149m▀[0m[38;2;255;232;149m[48;2;255;232;149m▀[0m[38;2;255;232;149m[48;2;209;176;96m▀[0m[38;2;209;176;96m[48;2;65;65;65m▀[0m[38;2;212;103;38m[48;2;65;65;65m▀[0m[38;2;255;214;69m[48;2;212;103;38m▀[0m[38;2;255;214;69m[48;2;0;0;0m▀[0m[38;2;244;142;49m[48;2;0;0;0m▀[0m[38;2;0;0;0m▀[38;2;0;0;0m▄[38;2;0;0;0m[48;2;244;142;49m▀[0m[38;2;244;142;49m[48;2;244;142;49m▀[0m[38;2;0;0;0m[48;2;0;0;0m▀[0m
    [38;2;0;0;0m▀[38;2;238;209;114m[48;2;0;0;0m▀[0m[38;2;65;65;65m[48;2;0;0;0m▀[0m[38;2;65;65;65m[48;2;209;176;96m▀[0m[38;2;65;65;65m[48;2;238;209;114m▀[0m[38;2;149;122;52m[48;2;238;209;114m▀[0m[38;2;209;176;96m[48;2;149;122;52m▀[0m[38;2;209;176;96m[48;2;65;65;65m▀[0m[38;2;149;122;52m[48;2;238;209;114m▀[0m[38;2;0;0;0m[48;2;238;209;114m▀[0m[38;2;0;0;0m▄[38;2;0;0;0m▄[38;2;0;0;0m[48;2;212;103;38m▀[0m[38;2;212;103;38m[48;2;0;0;0m▀[0m[38;2;244;142;49m[48;2;0;0;0m▀[0m[38;2;0;0;0m▀
      [38;2;0;0;0m▄[38;2;0;0;0m[48;2;212;103;38m▀[0m[38;2;212;103;38m[48;2;152;66;32m▀[0m[38;2;212;103;38m[48;2;0;0;0m▀[0m[38;2;212;103;38m[48;2;65;65;65m▀[0m[38;2;152;66;32m[48;2;152;66;32m▀[0m[38;2;65;65;65m[48;2;212;103;38m▀[0m[38;2;255;232;149m[48;2;0;0;0m▀[0m[38;2;152;66;32m[48;2;0;0;0m▀[0m[38;2;212;103;38m[48;2;0;0;0m▀[0m[38;2;0;0;0m▀   
       [38;2;0;0;0m▀[38;2;0;0;0m▀ [38;2;0;0;0m▀[38;2;212;103;38m[48;2;0;0;0m▀[0m[38;2;212;103;38m[48;2;0;0;0m▀[0m[38;2;0;0;0m▀      
[0m