           [38;2;0;0;0m▄[38;2;0;0;0m[48;2;160;71;53m▀[0m[38;2;0;0;0m[48;2;236;119;96m▀[0m[38;2;0;0;0m[48;2;236;119;96m▀[0m[38;2;0;0;0m[48;2;160;71;53m▀[0m[38;2;0;0;0m▄     
        [38;2;0;0;0m▄[38;2;0;0;0m▄[38;2;0;0;0m[48;2;236;119;96m▀[0m[38;2;236;119;96m[48;2;247;173;99m▀[0m[38;2;236;119;96m[48;2;247;222;66m▀[0m[38;2;236;119;96m[48;2;247;173;99m▀[0m[38;2;236;119;96m[48;2;236;119;96m▀[0m[38;2;236;119;96m[48;2;236;119;96m▀[0m[38;2;160;71;53m[48;2;186;95;71m▀[0m[38;2;0;0;0m[48;2;0;0;0m▀[0m    
     [38;2;0;0;0m▄[38;2;0;0;0m▄[38;2;0;0;0m[48;2;236;119;96m▀[0m[38;2;186;95;71m[48;2;236;119;96m▀[0m[38;2;236;119;96m[48;2;236;119;96m▀[0m[38;2;236;119;96m[48;2;236;119;96m▀[0m[38;2;236;119;96m[48;2;236;119;96m▀[0m[38;2;247;173;99m[48;2;236;119;96m▀[0m[38;2;247;222;66m[48;2;236;119;96m▀[0m[38;2;247;222;66m[48;2;236;119;96m▀[0m[38;2;247;173;99m[48;2;236;119;96m▀[0m[38;2;186;95;71m[48;2;186;95;71m▀[0m[38;2;160;71;53m[48;2;186;95;71m▀[0m[38;2;0;0;0m[48;2;0;0;0m▀[0m   
   [38;2;0;0;0m▄[38;2;0;0;0m[48;2;247;222;66m▀[0m[38;2;186;95;71m[48;2;247;173;99m▀[0m[38;2;236;119;96m[48;2;236;119;96m▀[0m[38;2;247;173;99m[48;2;236;119;96m▀[0m[38;2;247;222;66m[48;2;247;173;99m▀[0m[38;2;247;222;66m[48;2;247;222;66m▀[0m[38;2;247;173;99m[48;2;247;222;66m▀[0m[38;2;236;119;96m[48;2;247;222;66m▀[0m[38;2;236;119;96m[48;2;247;173;99m▀[0m[38;2;247;222;66m[48;2;236;119;96m▀[0m[38;2;247;222;66m[48;2;247;173;99m▀[0m[38;2;236;119;96m[48;2;189;165;66m▀[0m[38;2;186;95;71m[48;2;189;165;66m▀[0m[38;2;186;95;71m[48;2;186;95;71m▀[0m[38;2;160;71;53m[48;2;186;95;71m▀[0m[38;2;0;0;0m[48;2;0;0;0m▀[0m  
  [38;2;0;0;0m▄[38;2;0;0;0m[48;2;0;0;0m▀[0m[38;2;186;95;71m[48;2;186;95;71m▀[0m[38;2;247;222;66m[48;2;186;95;71m▀[0m[38;2;247;222;66m[48;2;236;119;96m▀[0m[38;2;247;173;99m[48;2;236;119;96m▀[0m[38;2;236;119;96m[48;2;236;119;96m▀[0m[38;2;236;119;96m[48;2;236;119;96m▀[0m[38;2;236;119;96m[48;2;236;119;96m▀[0m[38;2;236;119;96m[48;2;236;119;96m▀[0m[38;2;236;119;96m[48;2;236;119;96m▀[0m[38;2;236;119;96m[48;2;236;119;96m▀[0m[38;2;236;119;96m[48;2;186;95;71m▀[0m[38;2;186;95;71m[48;2;186;95;71m▀[0m[38;2;186;95;71m[48;2;186;95;71m▀[0m[38;2;186;95;71m[48;2;186;95;71m▀[0m[38;2;186;95;71m[48;2;186;95;71m▀[0m[38;2;160;71;53m[48;2;186;95;71m▀[0m[38;2;0;0;0m[48;2;160;71;53m▀[0m[38;2;0;0;0m▄
 [38;2;0;0;0m[48;2;0;0;0m▀[0m[38;2;245;185;87m[48;2;255;240;84m▀[0m[38;2;255;240;84m[48;2;245;185;87m▀[0m[38;2;0;0;0m[48;2;245;185;87m▀[0m[38;2;186;95;71m[48;2;65;65;65m▀[0m[38;2;186;95;71m[48;2;65;65;65m▀[0m[38;2;186;95;71m[48;2;186;95;71m▀[0m[38;2;236;119;96m[48;2;186;95;71m▀[0m[38;2;247;173;99m[48;2;186;95;71m▀[0m[38;2;247;222;66m[48;2;186;95;71m▀[0m[38;2;247;222;66m[48;2;189;165;66m▀[0m[38;2;236;119;96m[48;2;189;165;66m▀[0m[38;2;186;95;71m[48;2;189;165;66m▀[0m[38;2;186;95;71m[48;2;186;95;71m▀[0m[38;2;186;95;71m[48;2;186;95;71m▀[0m[38;2;186;95;71m[48;2;189;132;82m▀[0m[38;2;186;95;71m[48;2;189;165;66m▀[0m[38;2;189;132;82m[48;2;189;165;66m▀[0m[38;2;189;165;66m[48;2;189;132;82m▀[0m[38;2;189;165;66m[48;2;186;95;71m▀[0m[38;2;0;0;0m[48;2;0;0;0m▀[0m
[38;2;0;0;0m[48;2;0;0;0m▀[0m[38;2;255;240;84m[48;2;255;240;84m▀[0m[38;2;245;185;87m[48;2;245;185;87m▀[0m[38;2;245;185;87m[48;2;245;185;87m▀[0m[38;2;65;65;65m[48;2;0;0;0m▀[0m[38;2;255;255;255m[48;2;189;189;189m▀[0m[38;2;189;189;189m[48;2;165;165;148m▀[0m[38;2;65;65;65m[48;2;65;65;65m▀[0m[38;2;65;65;65m[48;2;255;255;255m▀[0m[38;2;65;65;65m[48;2;189;189;189m▀[0m[38;2;186;95;71m[48;2;65;65;65m▀[0m[38;2;186;95;71m[48;2;65;65;65m▀[0m[38;2;65;65;65m[48;2;255;240;84m▀[0m[38;2;65;65;65m[48;2;255;240;84m▀[0m[38;2;186;95;71m[48;2;65;65;65m▀[0m[38;2;186;95;71m[48;2;186;95;71m▀[0m[38;2;186;95;71m[48;2;186;95;71m▀[0m[38;2;186;95;71m[48;2;186;95;71m▀[0m[38;2;186;95;71m[48;2;65;65;65m▀[0m[38;2;186;95;71m[48;2;0;0;0m▀[0m[38;2;0;0;0m▀ 
[38;2;0;0;0m[48;2;0;0;0m▀[0m[38;2;245;185;87m[48;2;245;185;87m▀[0m[38;2;245;185;87m[48;2;0;0;0m▀[0m[38;2;0;0;0m▀ [38;2;0;0;0m▀[38;2;0;0;0m▀[38;2;65;65;65m[48;2;0;0;0m▀[0m[38;2;189;189;189m[48;2;0;0;0m▀[0m[38;2;165;165;148m[48;2;0;0;0m▀[0m[38;2;65;65;65m[48;2;255;240;84m▀[0m[38;2;255;240;84m[48;2;255;240;84m▀[0m[38;2;255;240;84m[48;2;255;240;84m▀[0m[38;2;255;240;84m[48;2;255;240;84m▀[0m[38;2;245;185;87m[48;2;245;185;87m▀[0m[38;2;65;65;65m[48;2;0;0;0m▀[0m[38;2;65;65;65m[48;2;245;185;87m▀[0m[38;2;65;65;65m[48;2;255;240;84m▀[0m[38;2;173;90;58m[48;2;65;65;65m▀[0m[38;2;173;90;58m[48;2;173;90;58m▀[0m[38;2;0;0;0m[48;2;173;90;58m▀[0m[38;2;0;0;0m▄
 [38;2;0;0;0m▀       [38;2;0;0;0m[48;2;0;0;0m▀[0m[38;2;255;240;84m[48;2;255;240;84m▀[0m[38;2;255;240;84m[48;2;255;240;84m▀[0m[38;2;255;240;84m[48;2;255;240;84m▀[0m[38;2;255;240;84m[48;2;245;185;87m▀[0m[38;2;0;0;0m[48;2;0;0;0m▀[0m [38;2;0;0;0m▀[38;2;245;185;87m[48;2;0;0;0m▀[0m[38;2;255;240;84m[48;2;245;185;87m▀[0m[38;2;65;65;65m[48;2;0;0;0m▀[0m[38;2;173;90;58m[48;2;0;0;0m▀[0m[38;2;0;0;0m▀
         [38;2;0;0;0m▀[38;2;245;185;87m[48;2;0;0;0m▀[0m[38;2;255;240;84m[48;2;255;240;84m▀[0m[38;2;245;185;87m[48;2;0;0;0m▀[0m[38;2;0;0;0m▀   [38;2;0;0;0m▀[38;2;245;185;87m[48;2;0;0;0m▀[0m[38;2;0;0;0m▀  
          [38;2;0;0;0m▀[38;2;245;185;87m[48;2;0;0;0m▀[0m[38;2;0;0;0m▀         
[0m