                [38;2;0;4;0m▄[38;2;0;4;0m▄[38;2;0;4;0m▄[38;2;0;4;0m▄[38;2;0;4;0m[48;2;255;239;66m▀[0m[38;2;0;4;0m[48;2;255;239;66m▀[0m[38;2;0;4;0m[48;2;255;239;66m▀[0m[38;2;0;4;0m[48;2;255;239;66m▀[0m[38;2;0;4;0m[48;2;0;4;0m▀[0m          
           [38;2;0;4;0m▄[38;2;0;4;0m[48;2;255;239;66m▀[0m[38;2;0;4;0m[48;2;255;239;66m▀[0m[38;2;0;4;0m[48;2;255;239;66m▀[0m[38;2;0;4;0m[48;2;255;239;66m▀[0m[38;2;255;239;66m[48;2;255;239;66m▀[0m[38;2;255;239;66m[48;2;255;249;181m▀[0m[38;2;255;239;66m[48;2;255;255;255m▀[0m[38;2;255;239;66m[48;2;255;255;255m▀[0m[38;2;255;239;66m[48;2;255;255;255m▀[0m[38;2;255;239;66m[48;2;255;239;66m▀[0m[38;2;255;239;66m[48;2;255;239;66m▀[0m[38;2;255;239;66m[48;2;0;4;0m▀[0m[38;2;0;4;0m▀          
           [38;2;0;4;0m[48;2;0;4;0m▀[0m[38;2;255;239;63m[48;2;255;239;63m▀[0m[38;2;255;239;63m[48;2;255;239;63m▀[0m[38;2;255;255;255m[48;2;255;255;255m▀[0m[38;2;255;255;255m[48;2;255;255;255m▀[0m[38;2;255;255;255m[48;2;255;255;255m▀[0m[38;2;255;255;255m[48;2;255;255;255m▀[0m[38;2;255;255;255m[48;2;255;255;255m▀[0m[38;2;255;255;255m[48;2;255;255;255m▀[0m[38;2;255;249;181m[48;2;255;239;66m▀[0m[38;2;255;239;66m[48;2;255;239;66m▀[0m[38;2;255;239;66m[48;2;0;4;0m▀[0m[38;2;0;4;0m▀           
          [38;2;0;4;0m[48;2;0;4;0m▀[0m[38;2;255;239;66m[48;2;255;239;66m▀[0m[38;2;255;239;66m[48;2;255;239;66m▀[0m[38;2;255;249;186m[48;2;255;255;247m▀[0m[38;2;255;255;255m[48;2;255;255;255m▀[0m[38;2;255;255;255m[48;2;255;255;255m▀[0m[38;2;255;255;255m[48;2;255;255;255m▀[0m[38;2;255;255;255m[48;2;255;255;255m▀[0m[38;2;255;255;255m[48;2;255;255;255m▀[0m[38;2;255;255;255m[48;2;255;249;181m▀[0m[38;2;255;239;66m[48;2;255;239;66m▀[0m[38;2;255;239;66m[48;2;0;4;0m▀[0m[38;2;0;4;0m▀            
          [38;2;0;4;0m[48;2;0;4;0m▀[0m[38;2;255;239;66m[48;2;255;239;66m▀[0m[38;2;255;239;57m[48;2;255;249;189m▀[0m[38;2;255;255;255m[48;2;255;255;255m▀[0m[38;2;255;255;255m[48;2;255;255;255m▀[0m[38;2;255;255;255m[48;2;255;255;255m▀[0m[38;2;255;255;255m[48;2;255;255;255m▀[0m[38;2;255;255;255m[48;2;255;255;255m▀[0m[38;2;255;255;247m[48;2;255;249;186m▀[0m[38;2;255;239;66m[48;2;255;239;66m▀[0m[38;2;255;239;66m[48;2;255;239;66m▀[0m[38;2;0;4;0m[48;2;0;4;0m▀[0m             
         [38;2;0;4;0m[48;2;0;4;0m▀[0m[38;2;255;239;63m[48;2;255;239;63m▀[0m[38;2;255;239;63m[48;2;255;239;63m▀[0m[38;2;255;255;255m[48;2;255;255;255m▀[0m[38;2;255;255;255m[48;2;255;255;255m▀[0m[38;2;255;255;255m[48;2;255;255;255m▀[0m[38;2;255;255;255m[48;2;255;255;255m▀[0m[38;2;255;255;255m[48;2;255;255;255m▀[0m[38;2;255;255;255m[48;2;255;255;255m▀[0m[38;2;255;239;63m[48;2;255;239;63m▀[0m[38;2;255;239;63m[48;2;255;239;63m▀[0m[38;2;0;4;0m[48;2;0;4;0m▀[0m              
         [38;2;0;4;0m[48;2;0;4;0m▀[0m[38;2;255;239;66m[48;2;255;239;66m▀[0m[38;2;255;239;66m[48;2;255;249;181m▀[0m[38;2;255;255;255m[48;2;255;255;255m▀[0m[38;2;255;255;255m[48;2;255;255;255m▀[0m[38;2;255;255;255m[48;2;255;255;255m▀[0m[38;2;255;255;255m[48;2;255;255;255m▀[0m[38;2;255;255;255m[48;2;255;255;255m▀[0m[38;2;255;249;189m[48;2;255;239;57m▀[0m[38;2;255;239;66m[48;2;255;239;66m▀[0m[38;2;0;4;0m[48;2;0;4;0m▀[0m               
        [38;2;0;4;0m[48;2;0;4;0m▀[0m[38;2;255;239;66m[48;2;255;239;66m▀[0m[38;2;255;239;66m[48;2;255;239;66m▀[0m[38;2;255;255;255m[48;2;255;255;255m▀[0m[38;2;255;255;255m[48;2;255;255;255m▀[0m[38;2;255;255;255m[48;2;255;255;255m▀[0m[38;2;255;255;255m[48;2;255;255;255m▀[0m[38;2;255;255;255m[48;2;255;255;255m▀[0m[38;2;255;249;181m[48;2;255;239;66m▀[0m[38;2;255;239;66m[48;2;255;239;66m▀[0m[38;2;0;4;0m[48;2;0;4;0m▀[0m                
        [38;2;0;4;0m[48;2;0;4;0m▀[0m[38;2;255;239;66m[48;2;255;239;66m▀[0m[38;2;255;249;181m[48;2;255;255;255m▀[0m[38;2;255;255;255m[48;2;255;255;255m▀[0m[38;2;255;255;255m[48;2;255;255;255m▀[0m[38;2;255;255;255m[48;2;255;255;255m▀[0m[38;2;255;255;255m[48;2;255;255;255m▀[0m[38;2;255;255;255m[48;2;255;255;255m▀[0m[38;2;255;239;66m[48;2;255;255;247m▀[0m[38;2;255;239;66m[48;2;255;249;186m▀[0m[38;2;0;4;0m[48;2;255;239;66m▀[0m[38;2;0;4;0m[48;2;255;239;66m▀[0m[38;2;0;4;0m[48;2;255;239;66m▀[0m[38;2;0;4;0m[48;2;255;239;66m▀[0m[38;2;0;4;0m[48;2;0;4;0m▀[0m            
       [38;2;0;4;0m[48;2;0;4;0m▀[0m[38;2;255;239;63m[48;2;255;239;63m▀[0m[38;2;255;239;63m[48;2;255;239;63m▀[0m[38;2;255;239;63m[48;2;255;239;63m▀[0m[38;2;255;239;63m[48;2;255;239;63m▀[0m[38;2;255;239;66m[48;2;255;239;66m▀[0m[38;2;255;239;66m[48;2;0;4;0m▀[0m[38;2;255;239;66m[48;2;0;4;0m▀[0m[38;2;255;239;66m[48;2;0;4;0m▀[0m[38;2;255;239;66m[48;2;255;239;66m▀[0m[38;2;255;255;255m[48;2;255;255;255m▀[0m[38;2;255;255;255m[48;2;255;255;255m▀[0m[38;2;255;255;255m[48;2;255;239;66m▀[0m[38;2;255;239;66m[48;2;255;239;66m▀[0m[38;2;0;4;0m[48;2;0;4;0m▀[0m             
 [38;2;0;4;0m[48;2;0;4;0m▀[0m[38;2;0;4;0m[48;2;82;81;82m▀[0m[38;2;0;4;0m▄[38;2;0;4;0m▄   [38;2;0;4;0m▀[38;2;0;4;0m▀[38;2;0;4;0m▀[38;2;0;4;0m▀[38;2;0;4;0m▀  [38;2;0;4;0m[48;2;0;4;0m▀[0m[38;2;255;239;57m[48;2;255;249;189m▀[0m[38;2;255;255;255m[48;2;255;255;255m▀[0m[38;2;255;249;181m[48;2;255;239;66m▀[0m[38;2;255;239;66m[48;2;255;239;66m▀[0m[38;2;0;4;0m[48;2;0;4;0m▀[0m              
 [38;2;0;4;0m[48;2;0;4;0m▀[0m[38;2;82;82;82m[48;2;82;82;82m▀[0m[38;2;82;82;82m[48;2;66;65;66m▀[0m[38;2;0;4;0m[48;2;198;129;41m▀[0m[38;2;0;4;0m[48;2;198;129;41m▀[0m[38;2;0;4;0m▄       [38;2;0;4;0m[48;2;0;4;0m▀[0m[38;2;255;239;66m[48;2;255;239;66m▀[0m[38;2;255;255;255m[48;2;255;255;255m▀[0m[38;2;255;249;181m[48;2;255;255;255m▀[0m[38;2;255;239;66m[48;2;255;239;66m▀[0m[38;2;0;4;0m[48;2;0;4;0m▀[0m[38;2;0;4;0m▄[38;2;0;4;0m[48;2;82;81;82m▀[0m[38;2;0;4;0m[48;2;82;82;82m▀[0m[38;2;0;4;0m[48;2;82;82;82m▀[0m[38;2;0;4;0m▄          
  [38;2;0;4;0m[48;2;0;4;0m▀[0m[38;2;198;129;41m[48;2;198;129;41m▀[0m[38;2;198;128;41m[48;2;198;128;41m▀[0m[38;2;198;128;41m[48;2;198;128;41m▀[0m[38;2;198;131;49m[48;2;198;131;49m▀[0m[38;2;0;8;24m[48;2;66;52;32m▀[0m[38;2;0;4;0m▄[38;2;0;4;0m▄[38;2;0;4;0m▄[38;2;0;4;0m▄  [38;2;0;4;0m▀[38;2;255;239;66m[48;2;0;4;0m▀[0m[38;2;255;227;66m[48;2;66;65;66m▀[0m[38;2;66;65;66m[48;2;255;183;66m▀[0m[38;2;74;69;74m[48;2;247;177;66m▀[0m[38;2;74;69;74m[48;2;74;69;74m▀[0m[38;2;82;82;82m[48;2;82;82;82m▀[0m[38;2;82;82;82m[48;2;82;82;82m▀[0m[38;2;82;81;82m[48;2;0;4;0m▀[0m[38;2;0;4;0m▀   [38;2;0;4;0m▄[38;2;0;4;0m[48;2;255;239;66m▀[0m[38;2;0;4;0m▄     
   [38;2;0;4;0m[48;2;0;4;0m▀[0m[38;2;192;135;54m[48;2;66;65;66m▀[0m[38;2;66;65;66m[48;2;255;171;49m▀[0m[38;2;66;65;66m[48;2;255;210;132m▀[0m[38;2;255;210;132m[48;2;255;210;132m▀[0m[38;2;255;209;128m[48;2;255;209;128m▀[0m[38;2;255;209;128m[48;2;255;209;128m▀[0m[38;2;255;210;132m[48;2;255;210;132m▀[0m[38;2;247;177;66m[48;2;255;210;132m▀[0m[38;2;0;4;0m[48;2;247;177;66m▀[0m[38;2;0;4;0m[48;2;247;177;66m▀[0m[38;2;0;4;0m[48;2;247;177;66m▀[0m[38;2;247;177;66m[48;2;247;177;66m▀[0m[38;2;247;175;63m[48;2;247;175;63m▀[0m[38;2;247;175;63m[48;2;247;175;63m▀[0m[38;2;247;177;66m[48;2;247;177;66m▀[0m[38;2;66;65;66m[48;2;247;177;66m▀[0m[38;2;74;69;74m[48;2;74;69;74m▀[0m[38;2;74;69;74m[48;2;255;255;255m▀[0m[38;2;255;243;132m[48;2;255;243;132m▀[0m[38;2;0;4;0m[48;2;255;243;132m▀[0m[38;2;0;4;0m▄[38;2;0;4;0m[48;2;255;239;66m▀[0m[38;2;0;4;0m[48;2;255;243;132m▀[0m[38;2;255;243;132m[48;2;255;243;132m▀[0m[38;2;255;239;66m[48;2;255;239;66m▀[0m[38;2;0;4;0m[48;2;0;4;0m▀[0m     
 [38;2;0;4;0m▄[38;2;0;0;0m[48;2;255;238;198m▀[0m[38;2;170;158;132m[48;2;85;79;66m▀[0m[38;2;247;175;63m[48;2;247;175;63m▀[0m[38;2;247;175;63m[48;2;247;175;63m▀[0m[38;2;247;177;66m[48;2;247;177;66m▀[0m[38;2;255;210;132m[48;2;247;177;66m▀[0m[38;2;255;210;132m[48;2;247;177;66m▀[0m[38;2;255;210;132m[48;2;247;177;66m▀[0m[38;2;247;177;66m[48;2;247;177;66m▀[0m[38;2;247;177;66m[48;2;198;129;41m▀[0m[38;2;247;175;63m[48;2;247;175;63m▀[0m[38;2;247;175;63m[48;2;247;175;63m▀[0m[38;2;247;175;63m[48;2;247;175;63m▀[0m[38;2;247;175;63m[48;2;247;175;63m▀[0m[38;2;247;175;63m[48;2;247;175;63m▀[0m[38;2;247;175;63m[48;2;247;175;63m▀[0m[38;2;247;177;66m[48;2;0;4;0m▀[0m[38;2;0;4;0m▀[38;2;0;4;0m▀[38;2;255;239;66m[48;2;0;4;0m▀[0m[38;2;255;255;255m[48;2;255;239;66m▀[0m[38;2;255;255;255m[48;2;255;255;255m▀[0m[38;2;255;239;66m[48;2;255;255;255m▀[0m[38;2;255;255;255m[48;2;255;239;66m▀[0m[38;2;255;255;247m[48;2;214;186;16m▀[0m[38;2;255;255;247m[48;2;227;209;93m▀[0m[38;2;255;255;231m[48;2;255;255;231m▀[0m[38;2;24;20;0m[48;2;178;176;154m▀[0m[38;2;0;4;0m▄    
[38;2;0;4;0m▄[38;2;0;4;0m[48;2;208;67;92m▀[0m[38;2;82;62;30m[48;2;0;4;8m▀[0m[38;2;0;4;8m[48;2;247;175;74m▀[0m[38;2;247;175;63m[48;2;247;175;63m▀[0m[38;2;247;175;63m[48;2;247;175;63m▀[0m[38;2;247;175;63m[48;2;247;175;63m▀[0m[38;2;247;175;63m[48;2;247;175;63m▀[0m[38;2;247;175;63m[48;2;247;175;63m▀[0m[38;2;247;175;63m[48;2;247;175;63m▀[0m[38;2;139;125;104m[48;2;82;63;41m▀[0m[38;2;255;249;231m[48;2;82;63;41m▀[0m[38;2;82;61;32m[48;2;0;0;16m▀[0m[38;2;247;177;66m[48;2;247;177;66m▀[0m[38;2;247;175;63m[48;2;247;175;63m▀[0m[38;2;247;175;63m[48;2;247;175;63m▀[0m[38;2;247;177;66m[48;2;247;177;66m▀[0m[38;2;198;129;41m[48;2;247;177;66m▀[0m[38;2;0;4;0m[48;2;247;177;66m▀[0m[38;2;0;4;0m▄  [38;2;0;4;0m[48;2;0;4;0m▀[0m[38;2;255;239;66m[48;2;255;239;66m▀[0m[38;2;255;239;66m[48;2;0;4;0m▀[0m[38;2;0;4;0m▀[38;2;0;4;0m[48;2;0;4;0m▀[0m[38;2;255;239;66m[48;2;255;239;66m▀[0m[38;2;255;255;255m[48;2;255;239;66m▀[0m[38;2;255;255;255m[48;2;255;255;255m▀[0m[38;2;0;4;0m[48;2;255;255;255m▀[0m[38;2;0;4;0m[48;2;255;255;255m▀[0m[38;2;0;4;0m[48;2;255;239;66m▀[0m[38;2;0;4;0m[48;2;255;239;66m▀[0m[38;2;0;4;0m[48;2;0;4;0m▀[0m
[38;2;0;0;8m[48;2;0;0;8m▀[0m[38;2;176;104;32m[48;2;255;163;90m▀[0m[38;2;247;177;66m[48;2;247;177;66m▀[0m[38;2;247;177;66m[48;2;148;97;49m▀[0m[38;2;247;177;66m[48;2;247;177;66m▀[0m[38;2;66;65;66m[48;2;247;177;66m▀[0m[38;2;247;175;63m[48;2;247;175;63m▀[0m[38;2;247;175;63m[48;2;247;175;63m▀[0m[38;2;247;175;63m[48;2;247;175;63m▀[0m[38;2;247;175;63m[48;2;247;175;63m▀[0m[38;2;172;121;44m[48;2;255;179;66m▀[0m[38;2;8;6;0m[48;2;255;179;66m▀[0m[38;2;220;138;62m[48;2;208;67;80m▀[0m[38;2;231;173;49m[48;2;208;67;80m▀[0m[38;2;247;175;63m[48;2;247;175;63m▀[0m[38;2;247;175;63m[48;2;247;175;63m▀[0m[38;2;247;175;63m[48;2;247;175;63m▀[0m[38;2;247;175;63m[48;2;247;175;63m▀[0m[38;2;247;175;63m[48;2;247;175;63m▀[0m[38;2;247;175;63m[48;2;247;175;63m▀[0m[38;2;0;4;0m[48;2;0;4;0m▀[0m  [38;2;0;4;0m▀  [38;2;0;4;0m▀[38;2;0;4;0m▀[38;2;0;4;0m▀[38;2;0;4;0m[48;2;0;4;0m▀[0m[38;2;255;239;66m[48;2;255;239;66m▀[0m[38;2;255;255;255m[48;2;255;255;255m▀[0m[38;2;255;239;66m[48;2;255;239;66m▀[0m[38;2;0;4;0m[48;2;0;4;0m▀[0m 
 [38;2;0;4;0m[48;2;0;4;0m▀[0m[38;2;247;177;66m[48;2;247;177;66m▀[0m[38;2;198;129;41m[48;2;247;177;66m▀[0m[38;2;66;65;66m[48;2;247;177;66m▀[0m[38;2;66;65;66m[48;2;247;177;66m▀[0m[38;2;192;135;54m[48;2;66;65;66m▀[0m[38;2;255;171;49m[48;2;66;65;66m▀[0m[38;2;247;177;66m[48;2;148;97;49m▀[0m[38;2;148;97;49m[48;2;247;177;66m▀[0m[38;2;247;177;66m[48;2;247;177;66m▀[0m[38;2;208;67;92m[48;2;247;177;66m▀[0m[38;2;210;68;87m[48;2;210;68;87m▀[0m[38;2;210;68;87m[48;2;210;68;87m▀[0m[38;2;208;67;92m[48;2;247;177;66m▀[0m[38;2;247;177;66m[48;2;247;177;66m▀[0m[38;2;247;175;63m[48;2;247;175;63m▀[0m[38;2;247;175;63m[48;2;247;175;63m▀[0m[38;2;247;175;63m[48;2;247;175;63m▀[0m[38;2;247;175;63m[48;2;247;175;63m▀[0m[38;2;255;169;74m[48;2;131;86;41m▀[0m[38;2;8;0;8m[48;2;8;0;8m▀[0m     [38;2;0;4;0m▄[38;2;0;4;0m[48;2;255;243;132m▀[0m[38;2;255;243;132m[48;2;255;243;132m▀[0m[38;2;255;255;255m[48;2;255;255;255m▀[0m[38;2;255;255;255m[48;2;255;239;66m▀[0m[38;2;0;4;0m[48;2;0;4;0m▀[0m  
  [38;2;0;4;0m[48;2;0;4;0m▀[0m[38;2;247;177;66m[48;2;247;177;66m▀[0m[38;2;247;175;63m[48;2;247;175;63m▀[0m[38;2;247;175;63m[48;2;247;175;63m▀[0m[38;2;247;175;63m[48;2;247;175;63m▀[0m[38;2;247;175;63m[48;2;247;175;63m▀[0m[38;2;247;175;63m[48;2;247;175;63m▀[0m[38;2;247;175;63m[48;2;247;175;63m▀[0m[38;2;247;175;63m[48;2;247;175;63m▀[0m[38;2;247;175;63m[48;2;247;175;63m▀[0m[38;2;247;175;63m[48;2;247;175;63m▀[0m[38;2;247;175;63m[48;2;247;175;63m▀[0m[38;2;247;175;63m[48;2;247;175;63m▀[0m[38;2;247;175;63m[48;2;247;175;63m▀[0m[38;2;247;175;63m[48;2;247;175;63m▀[0m[38;2;247;175;63m[48;2;247;175;63m▀[0m[38;2;247;175;63m[48;2;247;175;63m▀[0m[38;2;247;175;63m[48;2;247;175;63m▀[0m[38;2;247;177;66m[48;2;247;177;66m▀[0m[38;2;247;177;66m[48;2;166;83;50m▀[0m[38;2;0;4;0m[48;2;0;4;0m▀[0m     [38;2;0;4;0m▀[38;2;255;239;66m[48;2;0;4;0m▀[0m[38;2;255;255;255m[48;2;255;239;66m▀[0m[38;2;255;239;66m[48;2;255;255;255m▀[0m[38;2;255;239;66m[48;2;255;239;66m▀[0m[38;2;0;4;0m[48;2;255;239;66m▀[0m[38;2;0;4;0m▄
 [38;2;0;4;0m[48;2;0;4;0m▀[0m[38;2;247;175;63m[48;2;247;175;63m▀[0m[38;2;247;175;63m[48;2;247;175;63m▀[0m[38;2;131;99;57m[48;2;74;63;57m▀[0m[38;2;247;174;57m[48;2;247;174;57m▀[0m[38;2;247;175;63m[48;2;247;175;63m▀[0m[38;2;247;175;63m[48;2;247;175;63m▀[0m[38;2;247;175;63m[48;2;247;175;63m▀[0m[38;2;247;175;63m[48;2;247;175;63m▀[0m[38;2;247;177;66m[48;2;148;97;49m▀[0m[38;2;247;177;66m[48;2;247;177;66m▀[0m[38;2;247;175;63m[48;2;247;175;63m▀[0m[38;2;247;175;63m[48;2;247;175;63m▀[0m[38;2;247;177;66m[48;2;148;97;49m▀[0m[38;2;247;177;66m[48;2;247;177;66m▀[0m[38;2;247;175;63m[48;2;247;175;63m▀[0m[38;2;247;175;63m[48;2;247;175;63m▀[0m[38;2;247;175;63m[48;2;247;175;63m▀[0m[38;2;247;175;63m[48;2;247;175;63m▀[0m[38;2;166;83;50m[48;2;247;177;66m▀[0m[38;2;166;83;50m[48;2;247;177;66m▀[0m[38;2;0;4;0m[48;2;247;177;66m▀[0m[38;2;0;4;0m▄ [38;2;0;4;0m▄[38;2;0;4;0m▄ [38;2;0;4;0m[48;2;0;4;0m▀[0m[38;2;255;247;156m[48;2;255;247;156m▀[0m[38;2;255;243;132m[48;2;255;243;132m▀[0m[38;2;255;243;132m[48;2;0;4;0m▀[0m[38;2;0;4;0m▀[38;2;0;4;0m▀ 
[38;2;0;4;0m▄[38;2;0;4;0m[48;2;198;129;41m▀[0m[38;2;247;177;66m[48;2;66;65;66m▀[0m[38;2;247;177;66m[48;2;247;177;66m▀[0m[38;2;66;65;66m[48;2;66;65;66m▀[0m[38;2;247;177;66m[48;2;247;177;66m▀[0m[38;2;247;175;63m[48;2;247;175;63m▀[0m[38;2;247;175;63m[48;2;247;175;63m▀[0m[38;2;247;174;57m[48;2;247;174;57m▀[0m[38;2;131;99;57m[48;2;74;63;57m▀[0m[38;2;247;175;63m[48;2;247;175;63m▀[0m[38;2;247;175;63m[48;2;247;175;63m▀[0m[38;2;247;174;57m[48;2;247;174;57m▀[0m[38;2;131;99;57m[48;2;74;63;57m▀[0m[38;2;148;97;49m[48;2;247;177;66m▀[0m[38;2;247;177;66m[48;2;247;177;66m▀[0m[38;2;247;175;63m[48;2;247;175;63m▀[0m[38;2;247;175;63m[48;2;247;175;63m▀[0m[38;2;247;175;63m[48;2;247;175;63m▀[0m[38;2;247;175;63m[48;2;247;175;63m▀[0m[38;2;247;177;66m[48;2;247;177;66m▀[0m[38;2;247;177;66m[48;2;166;83;50m▀[0m[38;2;162;86;50m[48;2;162;86;50m▀[0m[38;2;0;12;16m[48;2;78;51;41m▀[0m[38;2;0;4;0m▄[38;2;0;4;0m[48;2;255;239;66m▀[0m[38;2;255;239;66m[48;2;255;239;66m▀[0m[38;2;0;4;0m[48;2;255;239;66m▀[0m[38;2;255;239;66m[48;2;255;255;255m▀[0m[38;2;255;255;255m[48;2;255;239;66m▀[0m[38;2;0;4;0m[48;2;0;4;0m▀[0m    
[38;2;0;4;0m[48;2;0;4;0m▀[0m[38;2;198;129;41m[48;2;198;129;41m▀[0m[38;2;198;129;41m[48;2;198;129;41m▀[0m[38;2;74;73;74m[48;2;74;73;74m▀[0m[38;2;247;177;66m[48;2;198;129;41m▀[0m[38;2;247;177;66m[48;2;247;177;66m▀[0m[38;2;247;175;63m[48;2;247;175;63m▀[0m[38;2;247;175;63m[48;2;247;175;63m▀[0m[38;2;247;177;66m[48;2;247;177;66m▀[0m[38;2;66;65;66m[48;2;247;177;66m▀[0m[38;2;192;135;54m[48;2;66;65;66m▀[0m[38;2;255;171;49m[48;2;66;65;66m▀[0m[38;2;66;65;66m[48;2;247;177;66m▀[0m[38;2;247;177;66m[48;2;66;65;66m▀[0m[38;2;247;175;63m[48;2;247;175;63m▀[0m[38;2;247;175;63m[48;2;247;175;63m▀[0m[38;2;247;175;63m[48;2;247;175;63m▀[0m[38;2;247;175;63m[48;2;247;175;63m▀[0m[38;2;247;175;63m[48;2;247;175;63m▀[0m[38;2;247;175;63m[48;2;247;175;63m▀[0m[38;2;247;175;63m[48;2;247;175;63m▀[0m[38;2;247;175;63m[48;2;247;175;63m▀[0m[38;2;198;129;41m[48;2;198;129;41m▀[0m[38;2;66;65;66m[48;2;66;65;66m▀[0m[38;2;255;239;63m[48;2;255;239;63m▀[0m[38;2;255;239;63m[48;2;255;239;63m▀[0m[38;2;0;4;0m[48;2;0;4;0m▀[0m[38;2;0;4;0m▀[38;2;255;239;66m[48;2;0;4;0m▀[0m[38;2;255;239;66m[48;2;0;4;0m▀[0m[38;2;0;4;0m▀    
 [38;2;0;4;0m[48;2;0;4;0m▀[0m[38;2;198;128;41m[48;2;198;128;41m▀[0m[38;2;198;128;41m[48;2;198;128;41m▀[0m[38;2;198;129;41m[48;2;82;81;82m▀[0m[38;2;198;129;41m[48;2;198;129;41m▀[0m[38;2;197;129;41m[48;2;197;129;41m▀[0m[38;2;247;177;66m[48;2;197;129;41m▀[0m[38;2;247;177;66m[48;2;197;129;41m▀[0m[38;2;247;177;66m[48;2;197;129;41m▀[0m[38;2;247;177;66m[48;2;197;129;41m▀[0m[38;2;247;177;66m[48;2;197;129;41m▀[0m[38;2;66;65;66m[48;2;66;65;66m▀[0m[38;2;192;135;54m[48;2;255;171;49m▀[0m[38;2;247;177;66m[48;2;197;129;41m▀[0m[38;2;197;129;41m[48;2;247;177;66m▀[0m[38;2;247;177;66m[48;2;198;129;41m▀[0m[38;2;247;177;66m[48;2;247;177;66m▀[0m[38;2;247;177;66m[48;2;198;129;41m▀[0m[38;2;247;177;66m[48;2;247;177;66m▀[0m[38;2;247;177;66m[48;2;197;129;41m▀[0m[38;2;197;129;41m[48;2;197;129;41m▀[0m[38;2;192;144;60m[48;2;66;65;66m▀[0m[38;2;66;65;66m[48;2;255;231;57m▀[0m[38;2;255;239;66m[48;2;255;239;66m▀[0m[38;2;0;4;0m[48;2;0;4;0m▀[0m         
  [38;2;0;4;0m▀[38;2;198;129;41m[48;2;0;4;0m▀[0m[38;2;198;122;41m[48;2;74;73;74m▀[0m[38;2;74;73;74m[48;2;156;105;52m▀[0m[38;2;82;81;82m[48;2;144;102;57m▀[0m[38;2;206;122;33m[48;2;82;81;82m▀[0m[38;2;198;129;41m[48;2;0;4;0m▀[0m[38;2;198;129;41m[48;2;198;129;41m▀[0m[38;2;198;128;41m[48;2;198;128;41m▀[0m[38;2;198;128;41m[48;2;198;128;41m▀[0m[38;2;66;65;66m[48;2;198;129;41m▀[0m[38;2;198;129;41m[48;2;66;65;66m▀[0m[38;2;247;177;66m[48;2;197;129;41m▀[0m[38;2;197;129;41m[48;2;197;129;41m▀[0m[38;2;247;177;66m[48;2;197;129;41m▀[0m[38;2;197;129;41m[48;2;197;129;41m▀[0m[38;2;198;128;41m[48;2;198;128;41m▀[0m[38;2;198;128;41m[48;2;198;128;41m▀[0m[38;2;198;129;41m[48;2;198;129;41m▀[0m[38;2;198;129;41m[48;2;0;4;0m▀[0m[38;2;0;4;0m▀[38;2;0;4;0m▀[38;2;0;4;0m▀          
  [38;2;0;4;0m▀[38;2;198;129;41m[48;2;0;4;0m▀[0m[38;2;137;87;32m[48;2;0;4;0m▀[0m[38;2;206;130;49m[48;2;0;4;0m▀[0m[38;2;0;4;0m▀[38;2;0;4;0m▀ [38;2;0;4;0m▀[38;2;0;4;0m▀[38;2;0;4;0m▀[38;2;0;4;0m▀[38;2;0;4;0m▀[38;2;140;92;35m[48;2;8;8;8m▀[0m[38;2;206;134;49m[48;2;140;92;35m▀[0m[38;2;198;129;41m[48;2;151;96;46m▀[0m[38;2;198;129;41m[48;2;151;96;46m▀[0m[38;2;198;131;49m[48;2;66;52;32m▀[0m[38;2;198;131;49m[48;2;0;8;24m▀[0m[38;2;0;4;0m▀              
             [38;2;0;4;0m▀[38;2;206;130;49m[48;2;0;4;0m▀[0m[38;2;137;87;32m[48;2;0;4;0m▀[0m[38;2;206;130;49m[48;2;0;4;0m▀[0m[38;2;137;87;32m[48;2;0;4;0m▀[0m[38;2;198;129;41m[48;2;0;4;0m▀[0m[38;2;0;4;0m▀               
[0m