        [38;2;0;0;0m▄[38;2;0;0;0m[48;2;90;90;90m▀[0m[38;2;0;0;0m▄      
       [38;2;0;0;0m▄[38;2;0;0;0m[48;2;181;93;114m▀[0m[38;2;226;49;111m[48;2;226;49;111m▀[0m[38;2;90;90;90m[48;2;181;93;114m▀[0m[38;2;0;0;0m[48;2;0;0;0m▀[0m     
     [38;2;0;0;0m▄[38;2;0;0;0m▄[38;2;0;0;0m[48;2;226;49;111m▀[0m[38;2;226;49;111m[48;2;226;49;111m▀[0m[38;2;226;49;111m[48;2;226;49;111m▀[0m[38;2;226;49;111m[48;2;226;49;111m▀[0m[38;2;90;90;90m[48;2;90;90;90m▀[0m[38;2;0;0;0m[48;2;0;0;0m▀[0m    
   [38;2;0;0;0m▄[38;2;0;0;0m[48;2;181;93;114m▀[0m[38;2;181;93;114m[48;2;226;49;111m▀[0m[38;2;226;49;111m[48;2;226;49;111m▀[0m[38;2;226;49;111m[48;2;226;49;111m▀[0m[38;2;226;49;111m[48;2;226;49;111m▀[0m[38;2;226;49;111m[48;2;226;49;111m▀[0m[38;2;226;49;111m[48;2;181;93;114m▀[0m[38;2;90;90;90m[48;2;90;90;90m▀[0m[38;2;90;90;90m[48;2;90;90;90m▀[0m[38;2;0;0;0m[48;2;0;0;0m▀[0m   
  [38;2;0;0;0m▄[38;2;0;0;0m[48;2;226;49;111m▀[0m[38;2;226;49;111m[48;2;226;49;111m▀[0m[38;2;226;49;111m[48;2;226;49;111m▀[0m[38;2;226;49;111m[48;2;226;49;111m▀[0m[38;2;226;49;111m[48;2;255;255;255m▀[0m[38;2;255;255;255m[48;2;255;255;255m▀[0m[38;2;226;49;111m[48;2;226;49;111m▀[0m[38;2;90;90;90m[48;2;255;255;255m▀[0m[38;2;90;90;90m[48;2;90;90;90m▀[0m[38;2;90;90;90m[48;2;90;90;90m▀[0m[38;2;0;0;0m[48;2;0;0;0m▀[0m   
  [38;2;0;0;0m[48;2;0;0;0m▀[0m[38;2;226;49;111m[48;2;181;93;114m▀[0m[38;2;226;49;111m[48;2;226;49;111m▀[0m[38;2;226;49;111m[48;2;226;49;111m▀[0m[38;2;255;255;255m[48;2;255;255;255m▀[0m[38;2;197;197;197m[48;2;90;90;90m▀[0m[38;2;90;90;90m[48;2;0;0;0m▀[0m[38;2;51;185;82m[48;2;51;185;82m▀[0m[38;2;255;255;255m[48;2;197;197;197m▀[0m[38;2;90;90;90m[48;2;90;90;90m▀[0m[38;2;0;0;0m[48;2;0;0;0m▀[0m [38;2;0;0;0m▄[38;2;0;0;0m▄ 
  [38;2;0;0;0m▄[38;2;0;0;0m[48;2;164;164;164m▀[0m[38;2;164;164;164m[48;2;164;164;164m▀[0m[38;2;90;90;90m[48;2;164;164;164m▀[0m[38;2;255;255;255m[48;2;90;90;90m▀[0m[38;2;90;90;90m[48;2;197;197;197m▀[0m[38;2;0;0;0m[48;2;197;197;197m▀[0m[38;2;197;197;197m[48;2;65;65;65m▀[0m[38;2;90;90;90m[48;2;0;0;0m▀[0m[38;2;0;0;0m▀[38;2;0;0;0m▄[38;2;0;0;0m[48;2;65;65;65m▀[0m[38;2;65;65;65m[48;2;65;65;65m▀[0m[38;2;65;65;65m[48;2;65;65;65m▀[0m[38;2;0;0;0m[48;2;0;0;0m▀[0m
[38;2;0;0;0m▄[38;2;0;0;0m[48;2;90;90;90m▀[0m[38;2;90;90;90m[48;2;90;90;90m▀[0m[38;2;164;164;164m[48;2;0;0;0m▀[0m[38;2;164;164;164m[48;2;0;0;0m▀[0m[38;2;0;0;0m▀[38;2;0;0;0m[48;2;0;0;0m▀[0m[38;2;65;65;65m[48;2;255;255;255m▀[0m[38;2;65;65;65m[48;2;255;255;255m▀[0m[38;2;90;90;90m[48;2;65;65;65m▀[0m[38;2;90;90;90m[48;2;65;65;65m▀[0m[38;2;0;0;0m[48;2;65;65;65m▀[0m[38;2;0;0;0m[48;2;90;90;90m▀[0m[38;2;65;65;65m[48;2;0;0;0m▀[0m[38;2;65;65;65m[48;2;0;0;0m▀[0m[38;2;0;0;0m▀ 
[38;2;0;0;0m▀[38;2;0;0;0m▀[38;2;0;0;0m▀  [38;2;0;0;0m▀[38;2;255;255;255m[48;2;0;0;0m▀[0m[38;2;255;255;255m[48;2;65;65;65m▀[0m[38;2;65;65;65m[48;2;90;90;90m▀[0m[38;2;65;65;65m[48;2;65;65;65m▀[0m[38;2;90;90;90m[48;2;90;90;90m▀[0m[38;2;90;90;90m[48;2;90;90;90m▀[0m[38;2;90;90;90m[48;2;0;0;0m▀[0m[38;2;0;0;0m▀   
      [38;2;0;0;0m▄[38;2;0;0;0m[48;2;123;123;123m▀[0m[38;2;90;90;90m[48;2;0;0;0m▀[0m[38;2;90;90;90m[48;2;65;65;65m▀[0m[38;2;65;65;65m[48;2;0;0;0m▀[0m[38;2;0;0;0m▀     
       [38;2;0;0;0m▀[38;2;164;164;164m[48;2;0;0;0m▀[0m[38;2;0;0;0m▀[38;2;164;164;164m[48;2;0;0;0m▀[0m[38;2;0;0;0m▀     
[0m