  [38;2;0;0;0m▄[38;2;0;0;0m▄[38;2;0;0;0m[48;2;58;159;197m▀[0m[38;2;0;0;0m[48;2;74;202;247m▀[0m[38;2;0;0;0m[48;2;74;202;247m▀[0m[38;2;0;0;0m[48;2;58;159;197m▀[0m[38;2;0;0;0m▄[38;2;0;0;0m▄   
 [38;2;0;0;0m[48;2;0;0;0m▀[0m[38;2;58;159;197m[48;2;74;202;247m▀[0m[38;2;74;202;247m[48;2;74;202;247m▀[0m[38;2;74;202;247m[48;2;74;202;247m▀[0m[38;2;74;202;247m[48;2;74;202;247m▀[0m[38;2;74;202;247m[48;2;74;202;247m▀[0m[38;2;74;202;247m[48;2;74;202;247m▀[0m[38;2;74;202;247m[48;2;74;202;247m▀[0m[38;2;58;159;197m[48;2;74;202;247m▀[0m[38;2;0;0;0m[48;2;0;0;0m▀[0m  
[38;2;0;0;0m[48;2;0;0;0m▀[0m[38;2;58;159;197m[48;2;74;202;247m▀[0m[38;2;74;202;247m[48;2;123;238;232m▀[0m[38;2;74;202;247m[48;2;74;202;247m▀[0m[38;2;74;202;247m[48;2;74;202;247m▀[0m[38;2;74;202;247m[48;2;74;202;247m▀[0m[38;2;74;202;247m[48;2;255;255;255m▀[0m[38;2;74;202;247m[48;2;255;255;255m▀[0m[38;2;74;202;247m[48;2;74;202;247m▀[0m[38;2;74;202;247m[48;2;74;202;247m▀[0m[38;2;58;159;197m[48;2;74;202;247m▀[0m[38;2;0;0;0m[48;2;0;0;0m▀[0m 
[38;2;0;0;0m▀[38;2;123;238;232m[48;2;0;0;0m▀[0m[38;2;123;238;232m[48;2;123;123;123m▀[0m[38;2;123;238;232m[48;2;123;238;232m▀[0m[38;2;123;238;232m[48;2;255;255;255m▀[0m[38;2;255;255;255m[48;2;255;255;255m▀[0m[38;2;255;255;255m[48;2;0;0;0m▀[0m[38;2;255;255;255m[48;2;255;255;255m▀[0m[38;2;255;255;255m[48;2;255;255;255m▀[0m[38;2;74;202;247m[48;2;74;202;247m▀[0m[38;2;74;202;247m[48;2;0;0;0m▀[0m[38;2;0;0;0m▀ 
[38;2;0;0;0m▀[38;2;253;253;48m[48;2;0;0;0m▀[0m[38;2;253;253;48m[48;2;232;215;48m▀[0m[38;2;123;123;123m[48;2;232;215;48m▀[0m[38;2;255;255;255m[48;2;189;189;181m▀[0m[38;2;255;255;255m[48;2;255;255;255m▀[0m[38;2;58;159;197m[48;2;255;255;255m▀[0m[38;2;255;255;255m[48;2;189;189;181m▀[0m[38;2;255;255;255m[48;2;65;65;65m▀[0m[38;2;58;159;197m[48;2;0;0;0m▀[0m[38;2;0;0;0m▀  
 [38;2;0;0;0m▄[38;2;0;0;0m[48;2;65;65;65m▀[0m[38;2;65;65;65m[48;2;58;159;197m▀[0m[38;2;189;189;181m[48;2;58;159;197m▀[0m[38;2;189;189;181m[48;2;58;159;197m▀[0m[38;2;189;189;181m[48;2;58;159;197m▀[0m[38;2;65;65;65m[48;2;74;202;247m▀[0m[38;2;65;65;65m[48;2;74;202;247m▀[0m[38;2;58;159;197m[48;2;65;65;65m▀[0m[38;2;0;0;0m[48;2;58;159;197m▀[0m[38;2;0;0;0m[48;2;65;65;65m▀[0m[38;2;0;0;0m▄
[38;2;0;0;0m▄[38;2;0;0;0m[48;2;107;192;184m▀[0m[38;2;107;192;184m[48;2;0;0;0m▀[0m[38;2;65;65;65m[48;2;0;0;0m▀[0m[38;2;58;159;197m[48;2;65;65;65m▀[0m[38;2;65;65;65m[48;2;123;238;232m▀[0m[38;2;74;202;247m[48;2;65;65;65m▀[0m[38;2;74;202;247m[48;2;65;65;65m▀[0m[38;2;65;65;65m[48;2;123;238;232m▀[0m[38;2;123;238;232m[48;2;123;238;232m▀[0m[38;2;65;65;65m[48;2;123;238;232m▀[0m[38;2;58;159;197m[48;2;65;65;65m▀[0m[38;2;0;0;0m[48;2;0;0;0m▀[0m
[38;2;0;0;0m▀[38;2;0;0;0m▀ [38;2;0;0;0m▀[38;2;255;255;255m[48;2;0;0;0m▀[0m[38;2;123;238;232m[48;2;77;149;154m▀[0m[38;2;255;255;255m[48;2;123;238;232m▀[0m[38;2;65;65;65m[48;2;123;238;232m▀[0m[38;2;123;238;232m[48;2;65;65;65m▀[0m[38;2;123;238;232m[48;2;123;238;232m▀[0m[38;2;123;238;232m[48;2;65;65;65m▀[0m[38;2;0;0;0m[48;2;0;0;0m▀[0m 
   [38;2;0;0;0m▀[38;2;232;215;48m[48;2;0;0;0m▀[0m[38;2;232;215;48m[48;2;0;0;0m▀[0m[38;2;0;0;0m▀[38;2;77;149;154m[48;2;0;0;0m▀[0m[38;2;107;192;184m[48;2;253;253;48m▀[0m[38;2;65;65;65m[48;2;253;253;48m▀[0m[38;2;107;192;184m[48;2;0;0;0m▀[0m[38;2;0;0;0m▀ 
        [38;2;0;0;0m▀[38;2;0;0;0m▀   
[0m