    [38;2;0;0;0m▄[38;2;0;0;0m[48;2;243;116;53m▀[0m[38;2;0;0;0m[48;2;243;116;53m▀[0m[38;2;0;0;0m▄        
  [38;2;0;0;0m▄[38;2;0;0;0m[48;2;219;65;38m▀[0m[38;2;243;116;53m[48;2;243;116;53m▀[0m[38;2;243;116;53m[48;2;243;116;53m▀[0m[38;2;243;116;53m[48;2;219;65;38m▀[0m[38;2;0;0;0m[48;2;0;0;0m▀[0m        
  [38;2;0;0;0m[48;2;0;0;0m▀[0m[38;2;243;116;53m[48;2;255;238;176m▀[0m[38;2;243;116;53m[48;2;219;65;38m▀[0m[38;2;219;65;38m[48;2;0;0;0m▀[0m[38;2;0;0;0m▀  [38;2;0;0;0m▄[38;2;0;0;0m▄[38;2;0;0;0m[48;2;243;116;53m▀[0m[38;2;0;0;0m[48;2;243;116;53m▀[0m[38;2;0;0;0m[48;2;243;116;53m▀[0m[38;2;0;0;0m[48;2;243;116;53m▀[0m[38;2;0;0;0m▄
 [38;2;0;0;0m[48;2;0;0;0m▀[0m[38;2;190;163;67m[48;2;255;238;176m▀[0m[38;2;190;163;67m[48;2;255;238;176m▀[0m[38;2;255;238;176m[48;2;255;238;176m▀[0m[38;2;255;238;176m[48;2;255;238;176m▀[0m[38;2;0;0;0m[48;2;255;238;176m▀[0m[38;2;0;0;0m[48;2;65;65;65m▀[0m[38;2;0;0;0m[48;2;255;238;176m▀[0m[38;2;243;116;53m[48;2;255;238;176m▀[0m[38;2;243;116;53m[48;2;243;116;53m▀[0m[38;2;243;116;53m[48;2;243;116;53m▀[0m[38;2;243;116;53m[48;2;243;116;53m▀[0m[38;2;243;116;53m[48;2;219;65;38m▀[0m[38;2;219;65;38m[48;2;0;0;0m▀[0m[38;2;0;0;0m▀
[38;2;0;0;0m[48;2;0;0;0m▀[0m[38;2;255;238;176m[48;2;0;0;0m▀[0m[38;2;255;238;176m[48;2;255;238;176m▀[0m[38;2;255;238;176m[48;2;255;238;176m▀[0m[38;2;255;238;176m[48;2;255;238;176m▀[0m[38;2;255;238;176m[48;2;255;238;176m▀[0m[38;2;255;238;176m[48;2;255;238;176m▀[0m[38;2;190;163;67m[48;2;255;238;176m▀[0m[38;2;255;238;176m[48;2;190;163;67m▀[0m[38;2;235;206;103m[48;2;65;65;65m▀[0m[38;2;219;65;38m[48;2;65;65;65m▀[0m[38;2;219;65;38m[48;2;0;0;0m▀[0m[38;2;0;0;0m▀[38;2;0;0;0m▀  
[38;2;0;0;0m[48;2;0;0;0m▀[0m[38;2;0;0;0m[48;2;255;238;176m▀[0m[38;2;255;238;176m[48;2;190;163;67m▀[0m[38;2;255;238;176m[48;2;255;238;176m▀[0m[38;2;255;238;176m[48;2;255;238;176m▀[0m[38;2;0;0;0m[48;2;0;0;0m▀[0m[38;2;255;238;176m[48;2;243;116;53m▀[0m[38;2;235;206;103m[48;2;255;173;140m▀[0m[38;2;235;206;103m[48;2;235;206;103m▀[0m[38;2;190;163;67m[48;2;190;163;67m▀[0m[38;2;0;0;0m[48;2;0;0;0m▀[0m     
[38;2;0;0;0m▄[38;2;0;0;0m[48;2;219;65;38m▀[0m[38;2;255;238;176m[48;2;65;65;65m▀[0m[38;2;255;238;176m[48;2;190;163;67m▀[0m[38;2;255;238;176m[48;2;235;206;103m▀[0m[38;2;243;116;53m[48;2;235;206;103m▀[0m[38;2;255;238;176m[48;2;219;65;38m▀[0m[38;2;255;173;140m[48;2;0;0;0m▀[0m[38;2;243;116;53m[48;2;0;0;0m▀[0m[38;2;0;0;0m▀[38;2;0;0;0m▄[38;2;0;0;0m▄    
 [38;2;0;0;0m▀[38;2;190;163;67m[48;2;0;0;0m▀[0m[38;2;255;238;176m[48;2;190;163;67m▀[0m[38;2;255;238;176m[48;2;255;238;176m▀[0m[38;2;235;206;103m[48;2;255;238;176m▀[0m[38;2;190;163;67m[48;2;235;206;103m▀[0m[38;2;255;238;176m[48;2;65;65;65m▀[0m[38;2;243;116;53m[48;2;65;65;65m▀[0m[38;2;0;0;0m[48;2;190;163;67m▀[0m[38;2;243;116;53m[48;2;219;65;38m▀[0m[38;2;0;0;0m[48;2;243;116;53m▀[0m[38;2;0;0;0m▄   
  [38;2;0;0;0m▀[38;2;235;206;103m[48;2;0;0;0m▀[0m[38;2;190;163;67m[48;2;0;0;0m▀[0m[38;2;235;206;103m[48;2;0;0;0m▀[0m[38;2;190;163;67m[48;2;255;238;176m▀[0m[38;2;190;163;67m[48;2;255;238;176m▀[0m[38;2;190;163;67m[48;2;0;0;0m▀[0m[38;2;65;65;65m[48;2;0;0;0m▀[0m[38;2;219;65;38m[48;2;0;0;0m▀[0m[38;2;0;0;0m▀[38;2;0;0;0m▀   
      [38;2;0;0;0m▀[38;2;0;0;0m▀        
[0m