     [38;2;0;0;0m▄[38;2;0;0;0m[48;2;107;97;89m▀[0m[38;2;0;0;0m[48;2;107;97;89m▀[0m[38;2;0;0;0m▄        
    [38;2;0;0;0m[48;2;0;0;0m▀[0m[38;2;107;97;89m[48;2;107;97;89m▀[0m[38;2;72;69;67m[48;2;72;69;67m▀[0m[38;2;72;69;67m[48;2;88;82;77m▀[0m[38;2;107;97;89m[48;2;107;97;89m▀[0m[38;2;0;0;0m[48;2;0;0;0m▀[0m       
   [38;2;0;0;0m▄[38;2;0;0;0m[48;2;107;97;89m▀[0m[38;2;88;82;77m[48;2;65;65;65m▀[0m[38;2;107;97;89m[48;2;107;97;89m▀[0m[38;2;72;69;67m[48;2;0;0;0m▀[0m[38;2;0;0;0m▀ [38;2;0;0;0m▄      
 [38;2;0;0;0m▄ [38;2;0;0;0m▀[38;2;107;97;89m[48;2;0;0;0m▀[0m[38;2;88;82;77m[48;2;107;97;89m▀[0m[38;2;65;65;65m[48;2;107;97;89m▀[0m[38;2;107;97;89m[48;2;107;97;89m▀[0m[38;2;0;0;0m[48;2;72;69;67m▀[0m[38;2;0;0;0m[48;2;107;97;89m▀[0m[38;2;107;97;89m[48;2;107;97;89m▀[0m[38;2;0;0;0m[48;2;0;0;0m▀[0m     
[38;2;0;0;0m[48;2;0;0;0m▀[0m[38;2;107;97;89m[48;2;88;82;77m▀[0m[38;2;0;0;0m[48;2;107;97;89m▀[0m[38;2;0;0;0m[48;2;72;69;67m▀[0m[38;2;229;201;0m[48;2;255;232;99m▀[0m[38;2;107;97;89m[48;2;107;97;89m▀[0m[38;2;107;97;89m[48;2;107;97;89m▀[0m[38;2;107;97;89m[48;2;229;201;0m▀[0m[38;2;107;97;89m[48;2;107;97;89m▀[0m[38;2;88;82;77m[48;2;107;97;89m▀[0m[38;2;0;0;0m[48;2;72;69;67m▀[0m[38;2;0;0;0m▄[38;2;0;0;0m▄    
[38;2;0;0;0m▀[38;2;107;97;89m[48;2;0;0;0m▀[0m[38;2;88;82;77m[48;2;88;82;77m▀[0m[38;2;107;97;89m[48;2;107;97;89m▀[0m[38;2;107;97;89m[48;2;189;189;189m▀[0m[38;2;107;97;89m[48;2;88;82;77m▀[0m[38;2;107;97;89m[48;2;107;97;89m▀[0m[38;2;255;232;99m[48;2;107;97;89m▀[0m[38;2;107;97;89m[48;2;107;97;89m▀[0m[38;2;107;97;89m[48;2;88;82;77m▀[0m[38;2;88;82;77m[48;2;107;97;89m▀[0m[38;2;107;97;89m[48;2;107;97;89m▀[0m[38;2;107;97;89m[48;2;107;97;89m▀[0m[38;2;0;0;0m[48;2;107;97;89m▀[0m[38;2;0;0;0m▄[38;2;0;0;0m[48;2;107;97;89m▀[0m[38;2;0;0;0m▄
 [38;2;0;0;0m[48;2;0;0;0m▀[0m[38;2;0;0;0m[48;2;175;91;186m▀[0m[38;2;72;69;67m[48;2;229;201;0m▀[0m[38;2;107;97;89m[48;2;107;97;89m▀[0m[38;2;107;97;89m[48;2;107;97;89m▀[0m[38;2;189;189;189m[48;2;107;97;89m▀[0m[38;2;107;97;89m[48;2;107;97;89m▀[0m[38;2;107;97;89m[48;2;72;69;67m▀[0m[38;2;107;97;89m[48;2;88;82;77m▀[0m[38;2;107;97;89m[48;2;107;97;89m▀[0m[38;2;107;97;89m[48;2;65;65;65m▀[0m[38;2;107;97;89m[48;2;107;97;89m▀[0m[38;2;107;97;89m[48;2;107;97;89m▀[0m[38;2;107;97;89m[48;2;107;97;89m▀[0m[38;2;107;97;89m[48;2;0;0;0m▀[0m[38;2;0;0;0m▀
 [38;2;0;0;0m[48;2;0;0;0m▀[0m[38;2;175;91;186m[48;2;175;91;186m▀[0m[38;2;229;201;0m[48;2;209;125;220m▀[0m[38;2;72;69;67m[48;2;175;91;186m▀[0m[38;2;107;97;89m[48;2;175;91;186m▀[0m[38;2;107;97;89m[48;2;72;69;67m▀[0m[38;2;72;69;67m[48;2;175;91;186m▀[0m[38;2;255;232;99m[48;2;229;201;0m▀[0m[38;2;255;232;99m[48;2;229;201;0m▀[0m[38;2;65;65;65m[48;2;175;91;186m▀[0m[38;2;175;91;186m[48;2;175;91;186m▀[0m[38;2;65;65;65m[48;2;175;91;186m▀[0m[38;2;0;0;0m[48;2;175;91;186m▀[0m[38;2;0;0;0m[48;2;0;0;0m▀[0m  
  [38;2;0;0;0m[48;2;0;0;0m▀[0m[38;2;175;91;186m[48;2;175;91;186m▀[0m[38;2;209;125;220m[48;2;209;125;220m▀[0m[38;2;175;91;186m[48;2;175;91;186m▀[0m[38;2;209;125;220m[48;2;175;91;186m▀[0m[38;2;175;91;186m[48;2;209;125;220m▀[0m[38;2;175;91;186m[48;2;175;91;186m▀[0m[38;2;175;91;186m[48;2;209;125;220m▀[0m[38;2;175;91;186m[48;2;209;125;220m▀[0m[38;2;209;125;220m[48;2;209;125;220m▀[0m[38;2;175;91;186m[48;2;175;91;186m▀[0m[38;2;0;0;0m[48;2;0;0;0m▀[0m   
   [38;2;0;0;0m▀[38;2;0;0;0m▀[38;2;0;0;0m▀[38;2;0;0;0m▀[38;2;0;0;0m▀[38;2;175;91;186m[48;2;0;0;0m▀[0m[38;2;209;125;220m[48;2;0;0;0m▀[0m[38;2;209;125;220m[48;2;0;0;0m▀[0m[38;2;175;91;186m[48;2;0;0;0m▀[0m[38;2;0;0;0m▀    
[0m