  [38;2;0;0;0m▄ [38;2;0;0;0m▄[38;2;0;0;0m[48;2;231;166;254m▀[0m[38;2;0;0;0m[48;2;0;0;0m▀[0m         
 [38;2;0;0;0m[48;2;0;0;0m▀[0m[38;2;215;151;253m[48;2;215;151;253m▀[0m[38;2;0;0;0m[48;2;0;0;0m▀[0m[38;2;231;166;254m[48;2;231;166;254m▀[0m[38;2;215;151;253m[48;2;136;75;192m▀[0m[38;2;65;65;65m[48;2;136;75;192m▀[0m[38;2;0;0;0m[48;2;231;166;254m▀[0m[38;2;0;0;0m[48;2;0;0;0m▀[0m  [38;2;0;0;0m▄[38;2;0;0;0m▄[38;2;0;0;0m▄  
[38;2;0;0;0m▄[38;2;0;0;0m[48;2;65;65;65m▀[0m[38;2;182;113;253m[48;2;182;113;253m▀[0m[38;2;215;151;253m[48;2;215;151;253m▀[0m[38;2;215;151;253m[48;2;182;113;253m▀[0m[38;2;136;75;192m[48;2;182;113;253m▀[0m[38;2;215;151;253m[48;2;136;75;192m▀[0m[38;2;182;113;253m[48;2;65;65;65m▀[0m[38;2;65;65;65m[48;2;65;65;65m▀[0m[38;2;0;0;0m[48;2;231;166;254m▀[0m[38;2;0;0;0m[48;2;231;166;254m▀[0m[38;2;231;166;254m[48;2;215;151;253m▀[0m[38;2;231;166;254m[48;2;182;113;253m▀[0m[38;2;215;151;253m[48;2;0;0;0m▀[0m[38;2;0;0;0m▀ 
[38;2;0;0;0m[48;2;0;0;0m▀[0m[38;2;136;75;192m[48;2;182;113;253m▀[0m[38;2;182;113;253m[48;2;136;75;192m▀[0m[38;2;182;113;253m[48;2;65;65;65m▀[0m[38;2;136;75;192m[48;2;65;65;65m▀[0m[38;2;65;65;65m[48;2;215;151;253m▀[0m[38;2;65;65;65m[48;2;215;151;253m▀[0m[38;2;215;151;253m[48;2;215;151;253m▀[0m[38;2;215;151;253m[48;2;182;113;253m▀[0m[38;2;215;151;253m[48;2;182;113;253m▀[0m[38;2;182;113;253m[48;2;182;113;253m▀[0m[38;2;182;113;253m[48;2;136;75;192m▀[0m[38;2;0;0;0m[48;2;136;75;192m▀[0m[38;2;0;0;0m▄[38;2;0;0;0m▄ 
[38;2;0;0;0m[48;2;0;0;0m▀[0m[38;2;182;113;253m[48;2;182;113;253m▀[0m[38;2;65;65;65m[48;2;182;113;253m▀[0m[38;2;182;113;253m[48;2;182;113;253m▀[0m[38;2;215;151;253m[48;2;182;113;253m▀[0m[38;2;136;75;192m[48;2;65;65;65m▀[0m[38;2;65;65;65m[48;2;65;65;65m▀[0m[38;2;65;65;65m[48;2;182;113;253m▀[0m[38;2;182;113;253m[48;2;182;113;253m▀[0m[38;2;182;113;253m[48;2;136;75;192m▀[0m[38;2;182;113;253m[48;2;136;75;192m▀[0m[38;2;182;113;253m[48;2;182;113;253m▀[0m[38;2;182;113;253m[48;2;182;113;253m▀[0m[38;2;215;151;253m[48;2;0;0;0m▀[0m[38;2;231;166;254m[48;2;0;0;0m▀[0m[38;2;0;0;0m▀
[38;2;0;0;0m▀[38;2;136;75;192m[48;2;0;0;0m▀[0m[38;2;182;113;253m[48;2;182;113;253m▀[0m[38;2;182;113;253m[48;2;182;113;253m▀[0m[38;2;182;113;253m[48;2;182;113;253m▀[0m[38;2;182;113;253m[48;2;136;75;192m▀[0m[38;2;182;113;253m[48;2;65;65;65m▀[0m[38;2;65;65;65m[48;2;173;25;33m▀[0m[38;2;65;65;65m[48;2;255;255;255m▀[0m[38;2;65;65;65m[48;2;65;65;65m▀[0m[38;2;182;113;253m[48;2;182;113;253m▀[0m[38;2;65;65;65m[48;2;182;113;253m▀[0m[38;2;0;0;0m[48;2;136;75;192m▀[0m[38;2;0;0;0m▄  
 [38;2;0;0;0m▀[38;2;182;113;253m[48;2;0;0;0m▀[0m[38;2;65;65;65m[48;2;182;113;253m▀[0m[38;2;136;75;192m[48;2;136;75;192m▀[0m[38;2;182;113;253m[48;2;65;65;65m▀[0m[38;2;65;65;65m[48;2;182;113;253m▀[0m[38;2;255;255;255m[48;2;65;65;65m▀[0m[38;2;255;255;255m[48;2;65;65;65m▀[0m[38;2;65;65;65m[48;2;182;113;253m▀[0m[38;2;182;113;253m[48;2;65;65;65m▀[0m[38;2;182;113;253m[48;2;65;65;65m▀[0m[38;2;215;151;253m[48;2;0;0;0m▀[0m[38;2;215;151;253m[48;2;0;0;0m▀[0m[38;2;0;0;0m▀ 
  [38;2;0;0;0m▀[38;2;136;75;192m[48;2;0;0;0m▀[0m[38;2;182;113;253m[48;2;136;75;192m▀[0m[38;2;182;113;253m[48;2;136;75;192m▀[0m[38;2;65;65;65m[48;2;182;113;253m▀[0m[38;2;65;65;65m[48;2;182;113;253m▀[0m[38;2;182;113;253m[48;2;65;65;65m▀[0m[38;2;182;113;253m[48;2;65;65;65m▀[0m[38;2;65;65;65m[48;2;65;65;65m▀[0m[38;2;0;0;0m[48;2;136;75;192m▀[0m[38;2;0;0;0m▄   
    [38;2;0;0;0m▀[38;2;136;75;192m[48;2;0;0;0m▀[0m[38;2;136;75;192m[48;2;0;0;0m▀[0m[38;2;136;75;192m[48;2;182;113;253m▀[0m[38;2;136;75;192m[48;2;182;113;253m▀[0m[38;2;136;75;192m[48;2;0;0;0m▀[0m[38;2;0;0;0m▀[38;2;0;0;0m▀    
       [38;2;0;0;0m▀[38;2;0;0;0m▀       
[0m