 [38;2;0;0;0m[48;2;0;0;0m▀[0m[38;2;0;0;0m[48;2;198;180;2m▀[0m[38;2;0;0;0m▄    [38;2;0;0;0m▄[38;2;0;0;0m▄           
  [38;2;0;0;0m[48;2;0;0;0m▀[0m[38;2;140;69;49m[48;2;140;69;49m▀[0m[38;2;0;0;0m[48;2;65;65;65m▀[0m[38;2;0;0;0m[48;2;82;58;40m▀[0m[38;2;0;0;0m▄[38;2;0;0;0m[48;2;101;64;51m▀[0m[38;2;82;58;40m[48;2;82;58;40m▀[0m[38;2;0;0;0m[48;2;0;0;0m▀[0m[38;2;0;0;0m▄[38;2;0;0;0m▄   [38;2;0;0;0m▄[38;2;0;0;0m▄[38;2;0;0;0m[48;2;249;225;59m▀[0m[38;2;0;0;0m[48;2;249;225;59m▀[0m[38;2;0;0;0m[48;2;0;0;0m▀[0m 
   [38;2;0;0;0m[48;2;0;0;0m▀[0m[38;2;65;65;65m[48;2;140;69;49m▀[0m[38;2;82;58;40m[48;2;101;64;51m▀[0m[38;2;101;64;51m[48;2;101;64;51m▀[0m[38;2;82;58;40m[48;2;82;58;40m▀[0m[38;2;82;58;40m[48;2;101;64;51m▀[0m[38;2;101;64;51m[48;2;82;58;40m▀[0m[38;2;82;58;40m[48;2;82;58;40m▀[0m[38;2;0;0;0m[48;2;101;64;51m▀[0m[38;2;0;0;0m▄[38;2;0;0;0m[48;2;187;68;62m▀[0m[38;2;0;0;0m[48;2;187;68;62m▀[0m[38;2;187;68;62m[48;2;187;68;62m▀[0m[38;2;249;225;59m[48;2;0;0;0m▀[0m[38;2;198;180;2m[48;2;0;0;0m▀[0m[38;2;0;0;0m▀  
    [38;2;0;0;0m[48;2;0;0;0m▀[0m[38;2;101;64;51m[48;2;239;173;99m▀[0m[38;2;82;58;40m[48;2;101;64;51m▀[0m[38;2;82;58;40m[48;2;82;58;40m▀[0m[38;2;82;58;40m[48;2;101;64;51m▀[0m[38;2;82;58;40m[48;2;101;64;51m▀[0m[38;2;101;64;51m[48;2;239;173;99m▀[0m[38;2;187;68;62m[48;2;187;68;62m▀[0m[38;2;140;69;49m[48;2;187;68;62m▀[0m[38;2;187;68;62m[48;2;140;69;49m▀[0m[38;2;187;68;62m[48;2;0;0;0m▀[0m[38;2;0;0;0m▀     
   [38;2;0;0;0m[48;2;0;0;0m▀[0m[38;2;255;255;255m[48;2;101;64;51m▀[0m[38;2;0;0;0m[48;2;101;64;51m▀[0m[38;2;101;64;51m[48;2;239;173;99m▀[0m[38;2;101;64;51m[48;2;239;173;99m▀[0m[38;2;239;173;99m[48;2;65;65;65m▀[0m[38;2;181;123;74m[48;2;0;0;0m▀[0m[38;2;101;64;51m[48;2;255;255;255m▀[0m[38;2;239;173;99m[48;2;239;173;99m▀[0m[38;2;187;68;62m[48;2;140;69;49m▀[0m[38;2;187;68;62m[48;2;187;68;62m▀[0m[38;2;187;68;62m[48;2;187;68;62m▀[0m[38;2;0;0;0m[48;2;0;0;0m▀[0m     
 [38;2;0;0;0m▄[38;2;0;0;0m[48;2;140;69;49m▀[0m[38;2;0;0;0m[48;2;65;65;65m▀[0m[38;2;249;225;59m[48;2;101;64;51m▀[0m[38;2;239;173;99m[48;2;239;173;99m▀[0m[38;2;239;173;99m[48;2;239;173;99m▀[0m[38;2;239;173;99m[48;2;239;173;99m▀[0m[38;2;239;173;99m[48;2;239;173;99m▀[0m[38;2;0;0;0m[48;2;239;173;99m▀[0m[38;2;255;255;255m[48;2;82;58;40m▀[0m[38;2;82;58;40m[48;2;82;58;40m▀[0m[38;2;140;69;49m[48;2;140;69;49m▀[0m[38;2;187;68;62m[48;2;187;68;62m▀[0m[38;2;187;68;62m[48;2;187;68;62m▀[0m[38;2;187;68;62m[48;2;187;68;62m▀[0m[38;2;0;0;0m[48;2;0;0;0m▀[0m    
[38;2;0;0;0m▄[38;2;0;0;0m[48;2;140;69;49m▀[0m[38;2;140;69;49m[48;2;140;69;49m▀[0m[38;2;65;65;65m[48;2;82;58;40m▀[0m[38;2;187;68;62m[48;2;65;65;65m▀[0m[38;2;101;64;51m[48;2;187;68;62m▀[0m[38;2;239;173;99m[48;2;187;68;62m▀[0m[38;2;239;173;99m[48;2;101;64;51m▀[0m[38;2;239;173;99m[48;2;101;64;51m▀[0m[38;2;101;64;51m[48;2;140;69;49m▀[0m[38;2;239;173;99m[48;2;140;69;49m▀[0m[38;2;140;69;49m[48;2;187;68;62m▀[0m[38;2;187;68;62m[48;2;187;68;62m▀[0m[38;2;187;68;62m[48;2;187;68;62m▀[0m[38;2;101;64;51m[48;2;101;64;51m▀[0m[38;2;187;68;62m[48;2;187;68;62m▀[0m[38;2;0;0;0m[48;2;0;0;0m▀[0m    
[38;2;0;0;0m▀[38;2;82;58;40m[48;2;0;0;0m▀[0m[38;2;82;58;40m[48;2;0;0;0m▀[0m[38;2;0;0;0m▀[38;2;0;0;0m▀[38;2;187;68;62m[48;2;0;0;0m▀[0m[38;2;187;68;62m[48;2;187;68;62m▀[0m[38;2;187;68;62m[48;2;82;58;40m▀[0m[38;2;187;68;62m[48;2;187;68;62m▀[0m[38;2;187;68;62m[48;2;187;68;62m▀[0m[38;2;187;68;62m[48;2;187;68;62m▀[0m[38;2;101;64;51m[48;2;101;64;51m▀[0m[38;2;187;68;62m[48;2;187;68;62m▀[0m[38;2;187;68;62m[48;2;140;69;49m▀[0m[38;2;187;68;62m[48;2;140;69;49m▀[0m[38;2;101;64;51m[48;2;101;64;51m▀[0m[38;2;0;0;0m[48;2;140;69;49m▀[0m[38;2;0;0;0m▄[38;2;0;0;0m▄[38;2;0;0;0m[48;2;249;225;59m▀[0m[38;2;0;0;0m[48;2;0;0;0m▀[0m
     [38;2;0;0;0m▄[38;2;0;0;0m[48;2;67;48;35m▀[0m[38;2;82;58;40m[48;2;65;65;65m▀[0m[38;2;187;68;62m[48;2;65;65;65m▀[0m[38;2;82;58;40m[48;2;140;69;49m▀[0m[38;2;140;69;49m[48;2;140;69;49m▀[0m[38;2;140;69;49m[48;2;67;48;35m▀[0m[38;2;101;64;51m[48;2;82;58;40m▀[0m[38;2;187;68;62m[48;2;65;65;65m▀[0m[38;2;187;68;62m[48;2;65;65;65m▀[0m[38;2;65;65;65m[48;2;140;69;49m▀[0m[38;2;140;69;49m[48;2;140;69;49m▀[0m[38;2;140;69;49m[48;2;0;0;0m▀[0m[38;2;249;225;59m[48;2;0;0;0m▀[0m[38;2;0;0;0m▀ 
     [38;2;0;0;0m▀[38;2;65;65;65m[48;2;0;0;0m▀[0m[38;2;67;48;35m[48;2;0;0;0m▀[0m[38;2;0;0;0m▀[38;2;67;48;35m[48;2;0;0;0m▀[0m[38;2;67;48;35m[48;2;65;65;65m▀[0m[38;2;82;58;40m[48;2;82;58;40m▀[0m[38;2;82;58;40m[48;2;82;58;40m▀[0m[38;2;82;58;40m[48;2;82;58;40m▀[0m[38;2;65;65;65m[48;2;0;0;0m▀[0m[38;2;0;0;0m▀[38;2;0;0;0m▀    
          [38;2;0;0;0m▀[38;2;255;255;255m[48;2;0;0;0m▀[0m[38;2;165;165;165m[48;2;0;0;0m▀[0m[38;2;255;255;255m[48;2;0;0;0m▀[0m[38;2;0;0;0m▀      
[0m