   [38;2;26;26;26m▄[38;2;26;26;26m[48;2;146;78;89m▀[0m[38;2;26;26;26m▄               
   [38;2;26;26;26m[48;2;26;26;26m▀[0m[38;2;146;78;89m[48;2;48;48;48m▀[0m[38;2;48;48;48m[48;2;146;78;89m▀[0m[38;2;26;26;26m[48;2;26;26;26m▀[0m    [38;2;26;26;26m▄[38;2;26;26;26m[48;2;48;48;48m▀[0m[38;2;26;26;26m▄ [38;2;26;26;26m▄[38;2;26;26;26m[48;2;146;78;89m▀[0m[38;2;26;26;26m[48;2;146;78;89m▀[0m[38;2;26;26;26m▄[38;2;26;26;26m▄ 
    [38;2;26;26;26m[48;2;26;26;26m▀[0m[38;2;146;78;89m[48;2;120;52;63m▀[0m[38;2;120;52;63m[48;2;146;78;89m▀[0m[38;2;26;26;26m[48;2;146;78;89m▀[0m[38;2;26;26;26m[48;2;146;78;89m▀[0m[38;2;26;26;26m▄[38;2;26;26;26m[48;2;146;78;89m▀[0m[38;2;146;78;89m[48;2;146;78;89m▀[0m[38;2;48;48;48m[48;2;203;135;146m▀[0m[38;2;146;78;89m[48;2;26;26;26m▀[0m[38;2;26;26;26m▀[38;2;26;26;26m▄[38;2;26;26;26m[48;2;146;78;89m▀[0m[38;2;146;78;89m[48;2;146;78;89m▀[0m[38;2;146;78;89m[48;2;120;52;63m▀[0m[38;2;48;48;48m[48;2;146;78;89m▀[0m[38;2;26;26;26m[48;2;26;26;26m▀[0m
   [38;2;26;26;26m[48;2;26;26;26m▀[0m[38;2;120;52;63m[48;2;146;78;89m▀[0m[38;2;146;78;89m[48;2;146;78;89m▀[0m[38;2;146;78;89m[48;2;146;78;89m▀[0m[38;2;146;78;89m[48;2;146;78;89m▀[0m[38;2;146;78;89m[48;2;146;78;89m▀[0m[38;2;48;48;48m[48;2;146;78;89m▀[0m[38;2;146;78;89m[48;2;146;78;89m▀[0m[38;2;203;135;146m[48;2;203;135;146m▀[0m[38;2;203;135;146m[48;2;26;26;26m▀[0m[38;2;26;26;26m▀ [38;2;26;26;26m▀[38;2;146;78;89m[48;2;26;26;26m▀[0m[38;2;146;78;89m[48;2;48;48;48m▀[0m[38;2;48;48;48m[48;2;146;78;89m▀[0m[38;2;146;78;89m[48;2;146;78;89m▀[0m[38;2;26;26;26m[48;2;26;26;26m▀[0m
  [38;2;26;26;26m[48;2;26;26;26m▀[0m[38;2;169;133;122m[48;2;205;169;158m▀[0m[38;2;146;78;89m[48;2;146;78;89m▀[0m[38;2;146;78;89m[48;2;146;78;89m▀[0m[38;2;146;78;89m[48;2;146;78;89m▀[0m[38;2;146;78;89m[48;2;146;78;89m▀[0m[38;2;146;78;89m[48;2;26;26;26m▀[0m[38;2;48;48;48m[48;2;255;255;255m▀[0m[38;2;120;52;63m[48;2;48;48;48m▀[0m[38;2;26;26;26m[48;2;26;26;26m▀[0m     [38;2;26;26;26m[48;2;26;26;26m▀[0m[38;2;146;78;89m[48;2;146;78;89m▀[0m[38;2;26;26;26m[48;2;26;26;26m▀[0m 
[38;2;26;26;26m▄[38;2;26;26;26m[48;2;146;78;89m▀[0m[38;2;26;26;26m[48;2;120;52;63m▀[0m[38;2;146;78;89m[48;2;146;78;89m▀[0m[38;2;146;78;89m[48;2;146;78;89m▀[0m[38;2;146;78;89m[48;2;146;78;89m▀[0m[38;2;146;78;89m[48;2;48;48;48m▀[0m[38;2;26;26;26m[48;2;48;48;48m▀[0m[38;2;231;80;67m[48;2;205;169;158m▀[0m[38;2;255;255;255m[48;2;205;169;158m▀[0m[38;2;48;48;48m[48;2;205;169;158m▀[0m[38;2;205;169;158m[48;2;205;169;158m▀[0m[38;2;26;26;26m[48;2;26;26;26m▀[0m   [38;2;26;26;26m▄[38;2;26;26;26m[48;2;120;52;63m▀[0m[38;2;120;52;63m[48;2;26;26;26m▀[0m[38;2;26;26;26m▀ 
 [38;2;26;26;26m▀[38;2;26;26;26m▀[38;2;120;52;63m[48;2;26;26;26m▀[0m[38;2;146;78;89m[48;2;120;52;63m▀[0m[38;2;48;48;48m[48;2;120;52;63m▀[0m[38;2;146;78;89m[48;2;48;48;48m▀[0m[38;2;146;78;89m[48;2;146;78;89m▀[0m[38;2;48;48;48m[48;2;146;78;89m▀[0m[38;2;205;169;158m[48;2;48;48;48m▀[0m[38;2;205;169;158m[48;2;120;52;63m▀[0m[38;2;120;52;63m[48;2;146;78;89m▀[0m[38;2;146;78;89m[48;2;146;78;89m▀[0m[38;2;26;26;26m[48;2;146;78;89m▀[0m[38;2;26;26;26m▄[38;2;26;26;26m▄[38;2;26;26;26m[48;2;120;52;63m▀[0m[38;2;120;52;63m[48;2;26;26;26m▀[0m[38;2;26;26;26m▀  
  [38;2;26;26;26m[48;2;26;26;26m▀[0m[38;2;169;133;122m[48;2;26;26;26m▀[0m[38;2;26;26;26m▀[38;2;255;255;255m[48;2;26;26;26m▀[0m[38;2;203;135;146m[48;2;26;26;26m▀[0m[38;2;48;48;48m[48;2;48;48;48m▀[0m[38;2;48;48;48m[48;2;205;169;158m▀[0m[38;2;169;133;122m[48;2;205;169;158m▀[0m[38;2;120;52;63m[48;2;146;78;89m▀[0m[38;2;48;48;48m[48;2;205;169;158m▀[0m[38;2;146;78;89m[48;2;48;48;48m▀[0m[38;2;146;78;89m[48;2;146;78;89m▀[0m[38;2;48;48;48m[48;2;146;78;89m▀[0m[38;2;120;52;63m[48;2;26;26;26m▀[0m[38;2;26;26;26m▀    
      [38;2;26;26;26m[48;2;26;26;26m▀[0m[38;2;120;52;63m[48;2;48;48;48m▀[0m[38;2;205;169;158m[48;2;120;52;63m▀[0m[38;2;205;169;158m[48;2;205;169;158m▀[0m[38;2;205;169;158m[48;2;205;169;158m▀[0m[38;2;205;169;158m[48;2;48;48;48m▀[0m[38;2;48;48;48m[48;2;120;52;63m▀[0m[38;2;205;169;158m[48;2;48;48;48m▀[0m[38;2;205;169;158m[48;2;26;26;26m▀[0m[38;2;26;26;26m▀     
       [38;2;26;26;26m▀[38;2;26;26;26m▀[38;2;26;26;26m▀[38;2;26;26;26m[48;2;26;26;26m▀[0m[38;2;120;52;63m[48;2;48;48;48m▀[0m[38;2;120;52;63m[48;2;169;133;122m▀[0m[38;2;120;52;63m[48;2;169;133;122m▀[0m[38;2;26;26;26m[48;2;26;26;26m▀[0m      
           [38;2;26;26;26m▀[38;2;26;26;26m▀[38;2;26;26;26m▀       
[0m