               [38;2;65;65;65m▄[38;2;0;0;0m[48;2;191;205;125m▀[0m[38;2;0;0;0m[48;2;191;205;125m▀[0m[38;2;0;0;0m[48;2;65;65;65m▀[0m[38;2;0;0;0m▄
              [38;2;0;0;0m[48;2;0;0;0m▀[0m[38;2;191;205;125m[48;2;191;205;125m▀[0m[38;2;191;205;125m[48;2;191;205;125m▀[0m[38;2;191;205;125m[48;2;65;65;65m▀[0m[38;2;153;170;89m[48;2;153;170;89m▀[0m[38;2;0;0;0m[48;2;0;0;0m▀[0m
     [38;2;0;0;0m▄[38;2;0;0;0m▄        [38;2;0;0;0m▀[38;2;65;65;65m[48;2;0;0;0m▀[0m[38;2;153;170;89m[48;2;153;170;89m▀[0m[38;2;153;170;89m[48;2;0;0;0m▀[0m[38;2;0;0;0m▀
    [38;2;0;0;0m[48;2;0;0;0m▀[0m[38;2;191;205;125m[48;2;191;205;125m▀[0m[38;2;65;65;65m[48;2;191;205;125m▀[0m[38;2;0;0;0m[48;2;0;0;0m▀[0m   [38;2;0;0;0m▄[38;2;0;0;0m▄  [38;2;0;0;0m[48;2;0;0;0m▀[0m[38;2;127;143;58m[48;2;153;170;89m▀[0m[38;2;153;170;89m[48;2;0;0;0m▀[0m[38;2;0;0;0m▀ 
    [38;2;0;0;0m[48;2;0;0;0m▀[0m[38;2;191;205;125m[48;2;153;170;89m▀[0m[38;2;153;170;89m[48;2;191;205;125m▀[0m[38;2;0;0;0m[48;2;191;205;125m▀[0m[38;2;0;0;0m[48;2;191;205;125m▀[0m[38;2;0;0;0m▄[38;2;0;0;0m[48;2;191;205;125m▀[0m[38;2;191;205;125m[48;2;191;205;125m▀[0m[38;2;191;205;125m[48;2;224;203;168m▀[0m[38;2;0;0;0m[48;2;65;65;65m▀[0m[38;2;0;0;0m[48;2;191;205;125m▀[0m[38;2;153;170;89m[48;2;65;65;65m▀[0m[38;2;0;0;0m[48;2;0;0;0m▀[0m   
[38;2;0;0;0m[48;2;0;0;0m▀[0m[38;2;0;0;0m[48;2;224;203;168m▀[0m[38;2;0;0;0m▄[38;2;0;0;0m[48;2;0;0;0m▀[0m[38;2;153;170;89m[48;2;191;205;125m▀[0m[38;2;191;205;125m[48;2;191;205;125m▀[0m[38;2;191;205;125m[48;2;191;205;125m▀[0m[38;2;191;205;125m[48;2;191;205;125m▀[0m[38;2;127;143;58m[48;2;191;205;125m▀[0m[38;2;153;170;89m[48;2;191;205;125m▀[0m[38;2;191;205;125m[48;2;191;205;125m▀[0m[38;2;255;224;184m[48;2;65;65;65m▀[0m[38;2;65;65;65m[48;2;191;205;125m▀[0m[38;2;191;205;125m[48;2;191;205;125m▀[0m[38;2;191;205;125m[48;2;191;205;125m▀[0m[38;2;191;205;125m[48;2;153;170;89m▀[0m[38;2;0;0;0m[48;2;153;170;89m▀[0m[38;2;0;0;0m▄  
 [38;2;0;0;0m▀[38;2;224;203;168m[48;2;0;0;0m▀[0m[38;2;65;65;65m[48;2;65;65;65m▀[0m[38;2;191;205;125m[48;2;191;205;125m▀[0m[38;2;191;205;125m[48;2;191;205;125m▀[0m[38;2;191;205;125m[48;2;191;205;125m▀[0m[38;2;191;205;125m[48;2;191;205;125m▀[0m[38;2;191;205;125m[48;2;0;0;0m▀[0m[38;2;127;143;58m[48;2;255;255;255m▀[0m[38;2;153;170;89m[48;2;65;65;65m▀[0m[38;2;153;170;89m[48;2;153;170;89m▀[0m[38;2;153;170;89m[48;2;153;170;89m▀[0m[38;2;153;170;89m[48;2;65;65;65m▀[0m[38;2;153;170;89m[48;2;153;170;89m▀[0m[38;2;153;170;89m[48;2;153;170;89m▀[0m[38;2;153;170;89m[48;2;153;170;89m▀[0m[38;2;224;203;168m[48;2;204;181;142m▀[0m[38;2;0;0;0m[48;2;0;0;0m▀[0m 
  [38;2;0;0;0m[48;2;0;0;0m▀[0m[38;2;191;205;125m[48;2;191;205;125m▀[0m[38;2;191;205;125m[48;2;153;170;89m▀[0m[38;2;191;205;125m[48;2;191;205;125m▀[0m[38;2;191;205;125m[48;2;255;224;184m▀[0m[38;2;0;0;0m[48;2;255;224;184m▀[0m[38;2;0;101;188m[48;2;224;203;168m▀[0m[38;2;255;255;255m[48;2;204;181;142m▀[0m[38;2;127;143;58m[48;2;255;224;184m▀[0m[38;2;65;65;65m[48;2;255;224;184m▀[0m[38;2;65;65;65m[48;2;255;224;184m▀[0m[38;2;0;0;0m[48;2;0;0;0m▀[0m[38;2;0;0;0m▀[38;2;153;170;89m[48;2;0;0;0m▀[0m[38;2;153;170;89m[48;2;0;0;0m▀[0m[38;2;0;0;0m▀[38;2;0;0;0m▀ 
   [38;2;0;0;0m[48;2;0;0;0m▀[0m[38;2;255;255;255m[48;2;189;189;181m▀[0m[38;2;189;189;181m[48;2;255;255;255m▀[0m[38;2;65;65;65m[48;2;0;0;0m▀[0m[38;2;224;203;168m[48;2;224;203;168m▀[0m[38;2;224;203;168m[48;2;0;0;0m▀[0m[38;2;65;65;65m[48;2;0;0;0m▀[0m[38;2;65;65;65m[48;2;153;170;89m▀[0m[38;2;65;65;65m[48;2;153;170;89m▀[0m[38;2;65;65;65m[48;2;0;0;0m▀[0m       
    [38;2;0;0;0m▀[38;2;0;0;0m▀ [38;2;0;0;0m▀[38;2;0;0;0m▄[38;2;0;0;0m[48;2;255;224;184m▀[0m[38;2;153;170;89m[48;2;255;224;184m▀[0m[38;2;65;65;65m[48;2;0;0;0m▀[0m[38;2;0;0;0m▀       
         [38;2;0;0;0m▀[38;2;0;0;0m▀         
[0m