                     [38;2;0;0;0m▄[38;2;0;0;0m[48;2;96;108;100m▀[0m[38;2;0;0;0m[48;2;0;1;0m▀[0m                     
[38;2;0;0;0m[48;2;0;0;0m▀[0m[38;2;0;0;0m[48;2;60;67;61m▀[0m[38;2;0;0;0m▄                 [38;2;0;0;0m[48;2;0;1;0m▀[0m[38;2;94;104;99m[48;2;96;107;99m▀[0m[38;2;59;64;60m[48;2;62;69;62m▀[0m[38;2;0;1;0m[48;2;0;0;0m▀[0m                     
[38;2;0;0;0m▀[38;2;60;67;61m[48;2;0;0;0m▀[0m[38;2;62;69;62m[48;2;60;67;61m▀[0m[38;2;0;0;0m[48;2;60;67;61m▀[0m[38;2;0;0;0m▄             [38;2;0;1;0m▄[38;2;0;0;0m[48;2;96;108;100m▀[0m[38;2;96;107;99m[48;2;60;67;61m▀[0m[38;2;58;63;59m[48;2;60;67;61m▀[0m[38;2;0;0;0m[48;2;0;0;0m▀[0m                      
 [38;2;0;0;0m▀[38;2;60;67;61m[48;2;0;0;0m▀[0m[38;2;60;67;61m[48;2;60;67;61m▀[0m[38;2;62;69;62m[48;2;60;67;61m▀[0m[38;2;0;0;0m[48;2;0;0;0m▀[0m           [38;2;0;0;0m▄[38;2;0;1;0m[48;2;97;109;99m▀[0m[38;2;59;64;60m[48;2;59;65;60m▀[0m[38;2;60;67;61m[48;2;0;0;0m▀[0m[38;2;60;67;61m[48;2;0;0;0m▀[0m[38;2;0;0;0m▀                      
  [38;2;0;0;0m▀[38;2;60;67;61m[48;2;0;0;0m▀[0m[38;2;60;67;61m[48;2;60;67;61m▀[0m[38;2;0;0;0m[48;2;0;0;0m▀[0m          [38;2;0;0;0m[48;2;1;2;1m▀[0m[38;2;94;104;99m[48;2;59;65;60m▀[0m[38;2;59;65;60m[48;2;0;0;0m▀[0m[38;2;1;2;1m▀                         
   [38;2;0;0;0m▀[38;2;60;67;61m[48;2;0;0;0m▀[0m[38;2;60;67;61m[48;2;60;67;61m▀[0m[38;2;0;0;0m[48;2;0;0;0m▀[0m       [38;2;0;1;0m▄[38;2;0;0;0m[48;2;96;107;99m▀[0m[38;2;97;109;99m[48;2;62;69;62m▀[0m[38;2;59;65;60m[48;2;0;0;0m▀[0m[38;2;0;0;0m▀                          
    [38;2;0;0;0m▀[38;2;60;67;61m[48;2;0;0;0m▀[0m[38;2;62;69;62m[48;2;150;127;65m▀[0m[38;2;0;0;0m[48;2;34;37;37m▀[0m[38;2;0;0;0m▄[38;2;0;0;0m▄[38;2;0;0;0m[48;2;92;101;95m▀[0m[38;2;0;0;0m[48;2;255;206;71m▀[0m[38;2;0;0;0m[48;2;94;104;99m▀[0m[38;2;0;0;0m[48;2;37;36;37m▀[0m[38;2;96;107;99m[48;2;60;67;61m▀[0m[38;2;58;63;59m[48;2;60;67;61m▀[0m[38;2;0;0;0m[48;2;52;55;54m▀[0m[38;2;8;0;8m▄                           
  [38;2;0;0;0m▄[38;2;0;0;0m▄[38;2;16;0;8m▄[38;2;0;0;0m[48;2;31;32;32m▀[0m[38;2;34;37;37m[48;2;107;98;73m▀[0m[38;2;255;223;71m[48;2;255;220;123m▀[0m[38;2;94;104;99m[48;2;255;206;71m▀[0m[38;2;94;104;99m[48;2;255;206;71m▀[0m[38;2;92;101;95m[48;2;255;229;157m▀[0m[38;2;92;101;95m[48;2;65;65;65m▀[0m[38;2;37;36;37m[48;2;94;104;99m▀[0m[38;2;94;104;99m[48;2;60;67;61m▀[0m[38;2;60;67;61m[48;2;36;37;36m▀[0m[38;2;37;36;37m[48;2;90;101;94m▀[0m[38;2;94;104;99m[48;2;93;102;96m▀[0m[38;2;94;104;99m[48;2;93;102;96m▀[0m[38;2;0;0;0m[48;2;92;101;95m▀[0m[38;2;0;0;0m[48;2;255;206;71m▀[0m[38;2;0;0;0m[48;2;101;110;90m▀[0m[38;2;0;0;0m▄[38;2;0;0;0m▄                      
 [38;2;0;0;0m[48;2;0;0;0m▀[0m[38;2;60;67;61m[48;2;60;67;61m▀[0m[38;2;60;67;61m[48;2;60;67;61m▀[0m[38;2;31;32;32m[48;2;37;36;37m▀[0m[38;2;94;104;99m[48;2;94;104;99m▀[0m[38;2;107;98;73m[48;2;37;36;37m▀[0m[38;2;70;70;70m[48;2;94;104;99m▀[0m[38;2;37;36;37m[48;2;93;102;96m▀[0m[38;2;37;36;37m[48;2;93;102;96m▀[0m[38;2;65;65;65m[48;2;90;101;94m▀[0m[38;2;218;182;83m[48;2;61;66;63m▀[0m[38;2;60;67;61m[48;2;60;67;61m▀[0m[38;2;60;67;61m[48;2;60;67;61m▀[0m[38;2;36;37;36m[48;2;60;67;61m▀[0m[38;2;61;66;63m[48;2;60;67;61m▀[0m[38;2;62;69;62m[48;2;60;67;61m▀[0m[38;2;62;69;62m[48;2;60;67;61m▀[0m[38;2;92;101;95m[48;2;60;67;61m▀[0m[38;2;92;101;95m[48;2;60;67;61m▀[0m[38;2;101;110;90m[48;2;59;66;59m▀[0m[38;2;101;110;90m[48;2;255;206;71m▀[0m[38;2;94;104;99m[48;2;255;206;71m▀[0m[38;2;0;0;0m[48;2;255;206;71m▀[0m[38;2;0;0;0m[48;2;158;129;47m▀[0m[38;2;3;20;22m▄                   
 [38;2;0;0;0m[48;2;0;0;0m▀[0m[38;2;60;67;61m[48;2;54;61;56m▀[0m[38;2;37;36;37m[48;2;54;61;56m▀[0m[38;2;94;104;99m[48;2;94;104;99m▀[0m[38;2;94;104;99m[48;2;37;36;37m▀[0m[38;2;37;36;37m[48;2;96;107;99m▀[0m[38;2;94;104;99m[48;2;58;63;59m▀[0m[38;2;62;69;62m[48;2;37;36;37m▀[0m[38;2;62;69;62m[48;2;37;36;37m▀[0m[38;2;36;37;36m[48;2;37;36;37m▀[0m[38;2;36;37;36m[48;2;60;67;61m▀[0m[38;2;60;67;61m[48;2;60;67;61m▀[0m[38;2;60;67;61m[48;2;35;37;35m▀[0m[38;2;60;67;61m[48;2;37;36;37m▀[0m[38;2;37;36;37m[48;2;60;67;61m▀[0m[38;2;60;67;61m[48;2;37;36;37m▀[0m[38;2;60;67;61m[48;2;0;0;0m▀[0m[38;2;60;67;61m[48;2;0;0;0m▀[0m[38;2;60;67;61m[48;2;62;69;62m▀[0m[38;2;59;66;59m[48;2;60;67;61m▀[0m[38;2;59;66;59m[48;2;60;67;61m▀[0m[38;2;75;83;77m[48;2;60;67;61m▀[0m[38;2;75;83;77m[48;2;60;67;61m▀[0m[38;2;255;232;168m[48;2;59;66;59m▀[0m[38;2;158;129;47m[48;2;255;206;71m▀[0m[38;2;0;0;0m[48;2;61;66;63m▀[0m[38;2;0;0;0m[48;2;36;37;36m▀[0m[38;2;1;5;5m▄[38;2;1;5;5m▄[38;2;3;6;3m▄[38;2;0;0;0m[48;2;211;113;100m▀[0m[38;2;0;0;0m[48;2;222;87;101m▀[0m[38;2;0;0;0m▄           
 [38;2;0;0;0m[48;2;0;0;0m▀[0m[38;2;54;61;56m[48;2;57;63;59m▀[0m[38;2;91;100;95m[48;2;85;96;90m▀[0m[38;2;37;36;37m[48;2;37;36;37m▀[0m[38;2;94;104;99m[48;2;94;104;99m▀[0m[38;2;96;107;99m[48;2;0;0;24m▀[0m[38;2;0;1;0m[48;2;255;211;71m▀[0m[38;2;238;177;23m[48;2;37;36;37m▀[0m[38;2;37;36;37m[48;2;37;36;37m▀[0m[38;2;60;67;61m[48;2;78;48;55m▀[0m[38;2;37;36;37m[48;2;206;109;111m▀[0m[38;2;35;37;35m[48;2;220;112;99m▀[0m[38;2;220;112;99m[48;2;35;37;35m▀[0m[38;2;37;36;37m[48;2;60;67;61m▀[0m[38;2;60;67;61m[48;2;60;67;61m▀[0m[38;2;0;0;0m[48;2;60;67;61m▀[0m[38;2;0;0;0m▄ [38;2;0;0;0m▀[38;2;0;0;0m▀[38;2;60;67;61m[48;2;0;0;0m▀[0m[38;2;60;67;61m[48;2;60;67;61m▀[0m[38;2;60;67;61m[48;2;60;67;61m▀[0m[38;2;59;66;59m[48;2;37;36;37m▀[0m[38;2;59;66;59m[48;2;37;36;37m▀[0m[38;2;36;37;36m[48;2;37;36;37m▀[0m[38;2;90;101;94m[48;2;94;104;99m▀[0m[38;2;72;38;42m[48;2;60;67;61m▀[0m[38;2;221;97;111m[48;2;37;36;37m▀[0m[38;2;211;113;100m[48;2;60;67;61m▀[0m[38;2;94;72;65m[48;2;60;67;61m▀[0m[38;2;222;87;101m[48;2;59;66;59m▀[0m[38;2;0;0;0m[48;2;222;87;101m▀[0m[38;2;0;0;0m▄          
[38;2;0;0;0m▄[38;2;0;0;0m[48;2;94;104;99m▀[0m[38;2;57;63;59m[48;2;52;59;54m▀[0m[38;2;33;34;33m[48;2;92;101;96m▀[0m[38;2;94;104;99m[48;2;60;67;61m▀[0m[38;2;37;36;37m[48;2;60;67;61m▀[0m[38;2;96;71;27m[48;2;70;61;42m▀[0m[38;2;96;71;27m[48;2;35;37;35m▀[0m[38;2;37;36;37m[48;2;37;36;37m▀[0m[38;2;37;36;37m[48;2;255;182;164m▀[0m[38;2;255;157;156m[48;2;226;87;101m▀[0m[38;2;206;109;111m[48;2;226;87;101m▀[0m[38;2;35;37;35m[48;2;62;69;62m▀[0m[38;2;60;67;61m[48;2;0;0;0m▀[0m[38;2;0;0;0m▀[38;2;60;67;61m[48;2;0;0;0m▀[0m[38;2;60;67;61m[48;2;54;59;56m▀[0m[38;2;60;67;61m[48;2;89;99;94m▀[0m[38;2;0;0;0m[48;2;94;104;99m▀[0m[38;2;0;0;0m▄ [38;2;0;0;0m[48;2;0;0;0m▀[0m[38;2;37;36;37m[48;2;96;107;99m▀[0m[38;2;37;36;37m[48;2;96;107;99m▀[0m[38;2;37;36;37m[48;2;94;104;99m▀[0m[38;2;94;104;99m[48;2;60;67;61m▀[0m[38;2;37;36;37m[48;2;61;66;63m▀[0m[38;2;37;36;37m[48;2;36;37;36m▀[0m[38;2;37;36;37m[48;2;93;102;96m▀[0m[38;2;37;36;37m[48;2;93;102;96m▀[0m[38;2;60;67;61m[48;2;36;37;36m▀[0m[38;2;60;67;61m[48;2;61;66;63m▀[0m[38;2;59;66;59m[48;2;60;67;61m▀[0m[38;2;222;87;101m[48;2;60;67;61m▀[0m[38;2;0;0;0m[48;2;253;85;75m▀[0m[38;2;8;0;0m▄         
[38;2;0;0;0m[48;2;0;0;0m▀[0m[38;2;94;104;99m[48;2;94;104;99m▀[0m[38;2;92;101;96m[48;2;60;67;61m▀[0m[38;2;52;59;54m[48;2;60;67;61m▀[0m[38;2;60;67;61m[48;2;0;0;0m▀[0m[38;2;0;0;0m▀[38;2;35;37;35m[48;2;8;0;0m▀[0m[38;2;220;112;99m[48;2;255;178;164m▀[0m[38;2;255;182;164m[48;2;255;182;164m▀[0m[38;2;255;182;164m[48;2;227;87;101m▀[0m[38;2;226;87;101m[48;2;94;104;99m▀[0m[38;2;94;104;99m[48;2;0;0;0m▀[0m[38;2;0;0;0m▀   [38;2;0;0;0m▀[38;2;0;0;0m▀[38;2;94;104;99m[48;2;0;0;0m▀[0m[38;2;94;104;99m[48;2;94;104;99m▀[0m[38;2;0;0;0m[48;2;94;104;99m▀[0m[38;2;0;0;0m▄[38;2;0;1;0m[48;2;47;53;49m▀[0m[38;2;58;63;59m[48;2;37;36;37m▀[0m[38;2;60;67;61m[48;2;60;67;60m▀[0m[38;2;60;67;61m[48;2;60;67;60m▀[0m[38;2;36;37;36m[48;2;38;38;30m▀[0m[38;2;90;101;94m[48;2;89;99;94m▀[0m[38;2;93;102;96m[48;2;94;104;99m▀[0m[38;2;93;102;96m[48;2;94;104;99m▀[0m[38;2;90;101;94m[48;2;37;36;37m▀[0m[38;2;36;37;36m[48;2;37;36;37m▀[0m[38;2;60;67;61m[48;2;60;67;60m▀[0m[38;2;60;67;61m[48;2;60;67;60m▀[0m[38;2;172;56;49m[48;2;204;59;17m▀[0m[38;2;8;0;0m[48;2;0;0;0m▀[0m         
 [38;2;0;0;0m▀[38;2;60;67;61m[48;2;0;0;0m▀[0m[38;2;0;0;0m▀ [38;2;0;0;0m[48;2;0;0;0m▀[0m[38;2;183;110;98m[48;2;188;130;122m▀[0m[38;2;255;178;164m[48;2;188;130;122m▀[0m[38;2;227;87;101m[48;2;227;87;101m▀[0m[38;2;227;87;101m[48;2;103;106;102m▀[0m[38;2;94;104;99m[48;2;0;0;0m▀[0m[38;2;0;0;0m▀ [38;2;0;0;0m▄[38;2;0;0;0m[48;2;241;243;242m▀[0m[38;2;0;0;0m[48;2;66;70;67m▀[0m[38;2;0;0;0m▄  [38;2;0;0;0m▀[38;2;94;104;99m[48;2;0;0;0m▀[0m[38;2;94;104;99m[48;2;30;32;31m▀[0m[38;2;37;36;37m[48;2;0;0;0m▀[0m[38;2;37;36;37m[48;2;0;0;0m▀[0m[38;2;60;67;60m[48;2;66;71;66m▀[0m[38;2;47;49;46m[48;2;31;33;31m▀[0m[38;2;52;55;53m[48;2;60;67;61m▀[0m[38;2;38;38;30m[48;2;60;67;61m▀[0m[38;2;94;104;99m[48;2;50;55;51m▀[0m[38;2;37;36;37m[48;2;37;36;37m▀[0m[38;2;94;104;99m[48;2;94;104;99m▀[0m[38;2;37;36;37m[48;2;94;104;99m▀[0m[38;2;60;67;60m[48;2;37;36;37m▀[0m[38;2;204;59;17m[48;2;0;0;0m▀[0m[38;2;0;0;0m▀          
      [38;2;0;0;0m▀[38;2;188;130;122m[48;2;0;0;0m▀[0m[38;2;103;106;102m[48;2;0;0;0m▀[0m[38;2;0;0;0m▀  [38;2;0;0;0m▄[38;2;0;0;0m[48;2;255;255;255m▀[0m[38;2;40;46;41m[48;2;51;51;51m▀[0m[38;2;66;70;67m[48;2;51;51;51m▀[0m[38;2;62;69;62m[48;2;56;64;58m▀[0m[38;2;0;0;0m[48;2;56;64;58m▀[0m[38;2;0;0;0m[48;2;60;67;61m▀[0m[38;2;0;0;0m[48;2;60;67;61m▀[0m[38;2;48;52;50m[48;2;0;0;0m▀[0m[38;2;0;0;0m▀  [38;2;8;0;8m[48;2;0;0;0m▀[0m[38;2;31;33;31m[48;2;62;69;62m▀[0m[38;2;60;67;61m[48;2;37;36;37m▀[0m[38;2;37;36;37m[48;2;255;255;255m▀[0m[38;2;37;36;37m[48;2;89;100;94m▀[0m[38;2;58;66;59m[48;2;34;35;33m▀[0m[38;2;37;36;37m[48;2;47;53;49m▀[0m[38;2;94;104;99m[48;2;47;53;49m▀[0m[38;2;0;0;0m[48;2;94;104;99m▀[0m[38;2;0;0;0m▄           
            [38;2;0;0;0m▀[38;2;0;0;0m▀[38;2;3;5;3m▀[38;2;255;255;255m[48;2;0;0;0m▀[0m[38;2;56;64;58m[48;2;0;0;0m▀[0m[38;2;0;0;0m▀[38;2;0;0;0m▀[38;2;0;0;0m▀     [38;2;0;0;0m[48;2;0;0;0m▀[0m[38;2;37;36;37m[48;2;255;255;255m▀[0m[38;2;37;36;37m[48;2;51;51;51m▀[0m[38;2;61;66;63m[48;2;30;34;32m▀[0m[38;2;89;100;94m[48;2;98;102;101m▀[0m[38;2;47;53;49m[48;2;50;55;51m▀[0m[38;2;94;104;99m[48;2;37;36;37m▀[0m[38;2;94;104;99m[48;2;0;0;0m▀[0m[38;2;0;0;0m▀           
               [38;2;0;0;0m▄[38;2;0;0;0m▄[38;2;0;0;0m▄[38;2;0;0;0m▄[38;2;0;0;0m▄     [38;2;0;0;0m▀[38;2;3;5;3m▀[38;2;51;51;51m[48;2;0;0;0m▀[0m[38;2;240;247;247m[48;2;37;36;37m▀[0m[38;2;98;102;101m[48;2;37;36;37m▀[0m[38;2;37;36;37m[48;2;56;64;57m▀[0m[38;2;58;66;59m[48;2;254;196;34m▀[0m[38;2;0;0;0m[48;2;0;0;0m▀[0m            
            [38;2;0;0;0m▄[38;2;0;0;0m▄[38;2;0;0;0m[48;2;37;36;37m▀[0m[38;2;204;59;17m[48;2;37;36;37m▀[0m[38;2;204;59;17m[48;2;37;36;37m▀[0m[38;2;204;59;17m[48;2;37;36;37m▀[0m[38;2;204;59;17m[48;2;37;36;37m▀[0m[38;2;204;59;17m[48;2;37;36;37m▀[0m[38;2;0;0;0m[48;2;30;32;30m▀[0m[38;2;8;0;8m▄[38;2;0;0;0m▄   [38;2;0;0;0m[48;2;0;0;0m▀[0m[38;2;94;104;99m[48;2;94;104;99m▀[0m[38;2;94;104;99m[48;2;93;102;96m▀[0m[38;2;94;104;99m[48;2;93;102;96m▀[0m[38;2;255;189;62m[48;2;255;186;62m▀[0m[38;2;56;64;57m[48;2;56;63;57m▀[0m[38;2;0;0;0m[48;2;0;0;0m▀[0m            
       [38;2;0;0;0m▄[38;2;8;0;8m▄[38;2;0;0;0m[48;2;62;70;63m▀[0m[38;2;0;0;0m[48;2;60;67;61m▀[0m[38;2;0;0;0m[48;2;60;67;61m▀[0m[38;2;48;54;51m[48;2;60;67;61m▀[0m[38;2;48;54;51m[48;2;60;67;61m▀[0m[38;2;37;36;37m[48;2;149;126;64m▀[0m[38;2;60;67;61m[48;2;33;39;39m▀[0m[38;2;60;67;61m[48;2;56;63;57m▀[0m[38;2;60;67;61m[48;2;56;63;57m▀[0m[38;2;60;67;61m[48;2;48;54;50m▀[0m[38;2;60;67;61m[48;2;48;54;50m▀[0m[38;2;62;70;63m[48;2;41;43;41m▀[0m[38;2;62;70;63m[48;2;41;43;41m▀[0m[38;2;37;36;37m[48;2;85;81;67m▀[0m[38;2;0;0;0m[48;2;115;42;59m▀[0m[38;2;0;0;0m[48;2;50;54;52m▀[0m[38;2;0;0;0m[48;2;33;34;34m▀[0m[38;2;94;104;99m[48;2;37;36;37m▀[0m[38;2;94;104;99m[48;2;94;104;99m▀[0m[38;2;93;102;96m[48;2;59;66;59m▀[0m[38;2;62;69;62m[48;2;255;206;71m▀[0m[38;2;251;193;31m[48;2;62;70;63m▀[0m[38;2;251;193;31m[48;2;8;0;8m▀[0m[38;2;0;0;0m▀            
   [38;2;0;0;0m▄[38;2;0;0;0m▄ [38;2;0;0;0m[48;2;8;0;8m▀[0m[38;2;62;69;62m[48;2;52;55;54m▀[0m[38;2;62;70;63m[48;2;33;34;33m▀[0m[38;2;30;32;30m[48;2;57;63;59m▀[0m[38;2;37;36;37m[48;2;221;97;111m▀[0m[38;2;60;67;61m[48;2;37;36;37m▀[0m[38;2;60;67;61m[48;2;236;193;22m▀[0m[38;2;60;67;61m[48;2;236;193;22m▀[0m[38;2;236;189;58m[48;2;66;72;66m▀[0m[38;2;33;39;39m[48;2;29;32;29m▀[0m[38;2;56;63;57m[48;2;60;67;61m▀[0m[38;2;204;57;17m[48;2;60;67;61m▀[0m[38;2;204;59;17m[48;2;132;62;39m▀[0m[38;2;204;59;17m[48;2;66;61;47m▀[0m[38;2;41;43;41m[48;2;222;87;101m▀[0m[38;2;222;87;101m[48;2;93;102;97m▀[0m[38;2;108;115;110m[48;2;94;104;99m▀[0m[38;2;108;115;110m[48;2;37;36;37m▀[0m[38;2;33;34;34m[48;2;82;90;84m▀[0m[38;2;90;101;95m[48;2;82;90;84m▀[0m[38;2;94;104;99m[48;2;91;101;95m▀[0m[38;2;37;36;37m[48;2;91;101;95m▀[0m[38;2;59;66;59m[48;2;37;36;37m▀[0m[38;2;255;206;71m[48;2;75;80;69m▀[0m[38;2;62;70;63m[48;2;58;66;59m▀[0m[38;2;30;32;30m[48;2;37;36;37m▀[0m[38;2;0;0;0m[48;2;48;54;51m▀[0m[38;2;0;0;0m▄[38;2;0;0;0m▄          
   [38;2;0;0;0m▀[38;2;222;87;101m[48;2;1;2;1m▀[0m[38;2;0;0;0m[48;2;190;127;113m▀[0m[38;2;94;104;99m[48;2;93;102;97m▀[0m[38;2;94;104;99m[48;2;93;102;97m▀[0m[38;2;85;96;90m[48;2;93;102;96m▀[0m[38;2;57;63;59m[48;2;93;102;96m▀[0m[38;2;57;63;59m[48;2;57;63;59m▀[0m[38;2;221;97;111m[48;2;57;63;59m▀[0m[38;2;35;39;37m[48;2;221;97;111m▀[0m[38;2;53;60;40m[48;2;1;5;5m▀[0m[38;2;0;0;0m▀[38;2;0;0;0m▀[38;2;0;0;0m▀[38;2;0;0;0m▀[38;2;3;7;6m▀[38;2;221;97;111m[48;2;0;0;0m▀[0m[38;2;93;102;97m[48;2;94;104;99m▀[0m[38;2;93;102;97m[48;2;37;36;37m▀[0m[38;2;37;36;37m[48;2;82;90;84m▀[0m[38;2;94;104;99m[48;2;82;90;84m▀[0m[38;2;82;90;84m[48;2;228;109;117m▀[0m[38;2;222;87;101m[48;2;52;60;56m▀[0m[38;2;45;51;47m[48;2;93;102;96m▀[0m[38;2;91;101;95m[48;2;93;102;96m▀[0m[38;2;99;107;92m[48;2;94;104;99m▀[0m[38;2;37;36;37m[48;2;31;32;32m▀[0m[38;2;37;36;37m[48;2;0;0;0m▀[0m[38;2;50;55;51m[48;2;0;0;0m▀[0m[38;2;48;54;51m[48;2;48;54;51m▀[0m[38;2;48;54;51m[48;2;48;54;51m▀[0m[38;2;45;51;47m[48;2;50;55;51m▀[0m[38;2;0;0;0m[48;2;37;36;37m▀[0m[38;2;0;0;0m▄[38;2;0;0;0m▄[38;2;0;0;0m▄      
    [38;2;1;2;1m[48;2;8;0;0m▀[0m[38;2;126;87;75m[48;2;96;107;99m▀[0m[38;2;222;87;101m[48;2;45;51;47m▀[0m[38;2;93;102;97m[48;2;45;51;47m▀[0m[38;2;93;102;96m[48;2;94;104;99m▀[0m[38;2;93;102;96m[48;2;94;104;99m▀[0m[38;2;85;96;90m[48;2;37;36;37m▀[0m[38;2;33;34;33m[48;2;94;104;99m▀[0m[38;2;72;38;42m[48;2;93;102;96m▀[0m[38;2;1;5;5m[48;2;93;102;96m▀[0m[38;2;0;0;0m▄[38;2;0;0;0m▄[38;2;0;0;0m▄[38;2;0;0;0m▄[38;2;0;0;0m[48;2;93;102;96m▀[0m[38;2;37;36;37m[48;2;93;102;96m▀[0m[38;2;37;36;37m[48;2;37;36;37m▀[0m[38;2;94;104;99m[48;2;94;104;99m▀[0m[38;2;82;90;84m[48;2;91;101;95m▀[0m[38;2;222;87;101m[48;2;45;51;47m▀[0m[38;2;52;60;56m[48;2;93;102;96m▀[0m[38;2;79;81;79m[48;2;93;102;96m▀[0m[38;2;93;102;96m[48;2;90;101;94m▀[0m[38;2;93;102;96m[48;2;36;37;36m▀[0m[38;2;31;32;32m[48;2;59;66;59m▀[0m[38;2;16;0;8m[48;2;222;87;101m▀[0m[38;2;0;0;0m▄ [38;2;0;0;0m▀[38;2;0;0;0m▀[38;2;37;36;37m[48;2;1;5;5m▀[0m[38;2;58;66;59m[48;2;81;29;28m▀[0m[38;2;66;72;66m[48;2;60;67;61m▀[0m[38;2;29;32;29m[48;2;60;67;61m▀[0m[38;2;204;59;17m[48;2;37;36;37m▀[0m[38;2;0;0;0m[48;2;37;36;37m▀[0m[38;2;0;0;0m[48;2;204;58;19m▀[0m[38;2;0;0;0m[48;2;204;58;19m▀[0m[38;2;0;0;0m▄[38;2;0;0;0m▄ 
  [38;2;0;0;0m▄[38;2;0;0;0m[48;2;222;87;101m▀[0m[38;2;60;65;61m[48;2;59;66;59m▀[0m[38;2;52;55;52m[48;2;59;66;59m▀[0m[38;2;91;101;95m[48;2;36;37;36m▀[0m[38;2;91;101;95m[48;2;90;101;94m▀[0m[38;2;94;104;99m[48;2;91;103;94m▀[0m[38;2;37;36;37m[48;2;33;34;32m▀[0m[38;2;94;104;99m[48;2;241;184;29m▀[0m[38;2;94;104;99m[48;2;53;60;40m▀[0m[38;2;93;102;96m[48;2;59;66;59m▀[0m[38;2;93;102;96m[48;2;59;66;59m▀[0m[38;2;94;104;99m[48;2;58;67;61m▀[0m[38;2;94;104;99m[48;2;77;84;71m▀[0m[38;2;94;104;99m[48;2;77;84;71m▀[0m[38;2;94;104;99m[48;2;58;67;61m▀[0m[38;2;93;102;96m[48;2;59;66;59m▀[0m[38;2;93;102;96m[48;2;59;66;59m▀[0m[38;2;94;104;99m[48;2;62;69;62m▀[0m[38;2;37;36;37m[48;2;242;176;18m▀[0m[38;2;91;101;95m[48;2;52;55;52m▀[0m[38;2;91;101;95m[48;2;96;107;99m▀[0m[38;2;93;102;96m[48;2;96;107;99m▀[0m[38;2;93;102;96m[48;2;52;55;52m▀[0m[38;2;36;37;36m[48;2;59;66;59m▀[0m[38;2;61;66;63m[48;2;59;66;59m▀[0m[38;2;59;66;59m[48;2;222;87;101m▀[0m[38;2;222;87;101m[48;2;0;0;0m▀[0m[38;2;0;0;0m▀   [38;2;1;5;5m▀[38;2;245;71;67m[48;2;0;0;0m▀[0m[38;2;37;36;37m[48;2;246;61;57m▀[0m[38;2;37;36;37m[48;2;45;51;47m▀[0m[38;2;60;67;61m[48;2;37;36;37m▀[0m[38;2;60;67;61m[48;2;0;0;0m▀[0m[38;2;37;36;37m[48;2;66;72;66m▀[0m[38;2;204;58;19m[48;2;29;32;29m▀[0m[38;2;204;59;17m[48;2;0;0;0m▀[0m[38;2;204;59;17m[48;2;0;0;0m▀[0m[38;2;0;0;0m▀
   [38;2;0;0;0m▀[38;2;222;87;101m[48;2;0;0;0m▀[0m[38;2;59;66;59m[48;2;222;87;101m▀[0m[38;2;61;66;63m[48;2;60;67;61m▀[0m[38;2;36;37;36m[48;2;60;67;61m▀[0m[38;2;62;67;63m[48;2;0;0;0m▀[0m[38;2;62;67;63m[48;2;0;0;0m▀[0m[38;2;35;39;37m[48;2;0;0;0m▀[0m[38;2;241;184;29m[48;2;0;0;0m▀[0m[38;2;255;206;71m[48;2;60;67;61m▀[0m[38;2;255;206;71m[48;2;60;67;61m▀[0m[38;2;255;213;99m[48;2;161;127;34m▀[0m[38;2;58;67;61m[48;2;255;225;145m▀[0m[38;2;58;67;61m[48;2;255;225;145m▀[0m[38;2;255;213;99m[48;2;161;127;34m▀[0m[38;2;255;206;71m[48;2;60;67;61m▀[0m[38;2;255;206;71m[48;2;60;67;61m▀[0m[38;2;242;176;18m[48;2;0;0;0m▀[0m[38;2;62;69;62m[48;2;0;0;0m▀[0m[38;2;60;65;61m[48;2;0;0;0m▀[0m[38;2;8;0;0m▀[38;2;8;0;0m▀[38;2;60;65;61m[48;2;0;0;0m▀[0m[38;2;59;66;59m[48;2;0;0;0m▀[0m[38;2;222;87;101m[48;2;0;0;0m▀[0m[38;2;0;0;0m▀      [38;2;0;0;0m▀[38;2;246;61;57m[48;2;0;0;0m▀[0m[38;2;45;51;47m[48;2;0;0;0m▀[0m[38;2;0;0;0m▀ [38;2;0;0;0m▀[38;2;0;0;0m▀   
     [38;2;0;0;0m▀[38;2;0;0;0m▀[38;2;0;0;0m▀    [38;2;0;0;0m▀[38;2;0;0;0m▀[38;2;2;4;3m▀[38;2;2;4;3m▀[38;2;2;4;3m▀[38;2;2;4;3m▀[38;2;0;0;0m▀[38;2;0;0;0m▀                         
[0m