             [38;2;0;0;0m[48;2;0;0;0m▀[0m[38;2;0;0;0m[48;2;213;213;197m▀[0m[38;2;0;0;0m▄[38;2;0;0;0m▄  
 [38;2;0;0;0m▄[38;2;0;0;0m[48;2;106;106;74m▀[0m[38;2;0;0;0m[48;2;141;194;231m▀[0m[38;2;0;0;0m[48;2;141;194;231m▀[0m[38;2;0;0;0m▄ [38;2;0;0;0m▄[38;2;0;0;0m▄[38;2;0;0;0m▄ [38;2;0;0;0m▄[38;2;0;0;0m[48;2;213;213;197m▀[0m[38;2;0;0;0m[48;2;213;213;197m▀[0m[38;2;65;65;65m[48;2;213;213;197m▀[0m[38;2;213;213;197m[48;2;213;213;197m▀[0m[38;2;65;65;65m[48;2;213;213;197m▀[0m[38;2;0;0;0m[48;2;0;0;0m▀[0m 
[38;2;0;0;0m[48;2;0;0;0m▀[0m[38;2;106;106;74m[48;2;0;0;0m▀[0m[38;2;106;106;74m[48;2;65;65;65m▀[0m[38;2;65;65;65m[48;2;222;148;164m▀[0m[38;2;141;194;231m[48;2;97;152;187m▀[0m[38;2;141;194;231m[48;2;65;65;65m▀[0m[38;2;0;0;0m[48;2;106;106;74m▀[0m[38;2;141;194;231m[48;2;106;106;74m▀[0m[38;2;141;194;231m[48;2;65;65;65m▀[0m[38;2;65;65;65m[48;2;141;194;231m▀[0m[38;2;0;0;0m[48;2;65;65;65m▀[0m[38;2;213;213;197m[48;2;213;213;197m▀[0m[38;2;213;213;197m[48;2;213;213;197m▀[0m[38;2;213;213;197m[48;2;213;213;197m▀[0m[38;2;213;213;197m[48;2;213;213;197m▀[0m[38;2;213;213;197m[48;2;213;213;197m▀[0m[38;2;213;213;197m[48;2;65;65;65m▀[0m[38;2;213;213;197m[48;2;213;213;197m▀[0m[38;2;0;0;0m[48;2;0;0;0m▀[0m
  [38;2;0;0;0m[48;2;0;0;0m▀[0m[38;2;97;152;187m[48;2;141;194;231m▀[0m[38;2;97;152;187m[48;2;141;194;231m▀[0m[38;2;65;65;65m[48;2;141;194;231m▀[0m[38;2;65;65;65m[48;2;141;194;231m▀[0m[38;2;65;65;65m[48;2;141;194;231m▀[0m[38;2;141;194;231m[48;2;141;194;231m▀[0m[38;2;141;194;231m[48;2;141;194;231m▀[0m[38;2;141;194;231m[48;2;65;65;65m▀[0m[38;2;65;65;65m[48;2;65;65;65m▀[0m[38;2;213;213;197m[48;2;213;213;197m▀[0m[38;2;213;213;197m[48;2;213;213;197m▀[0m[38;2;213;213;197m[48;2;164;164;131m▀[0m[38;2;164;164;131m[48;2;65;65;65m▀[0m[38;2;65;65;65m[48;2;164;164;131m▀[0m[38;2;164;164;131m[48;2;164;164;131m▀[0m[38;2;0;0;0m[48;2;0;0;0m▀[0m
 [38;2;0;0;0m[48;2;0;0;0m▀[0m[38;2;200;221;0m[48;2;90;74;65m▀[0m[38;2;141;194;231m[48;2;90;74;65m▀[0m[38;2;141;194;231m[48;2;141;194;231m▀[0m[38;2;141;194;231m[48;2;141;194;231m▀[0m[38;2;255;255;255m[48;2;0;0;0m▀[0m[38;2;141;194;231m[48;2;200;221;0m▀[0m[38;2;141;194;231m[48;2;141;194;231m▀[0m[38;2;141;194;231m[48;2;141;194;231m▀[0m[38;2;141;194;231m[48;2;65;65;65m▀[0m[38;2;0;0;0m[48;2;0;0;0m▀[0m[38;2;0;0;0m▀[38;2;65;65;65m[48;2;0;0;0m▀[0m[38;2;65;65;65m[48;2;164;164;131m▀[0m[38;2;164;164;131m[48;2;164;164;131m▀[0m[38;2;164;164;131m[48;2;164;164;131m▀[0m[38;2;0;0;0m[48;2;0;0;0m▀[0m 
[38;2;0;0;0m[48;2;0;0;0m▀[0m[38;2;131;90;57m[48;2;255;189;189m▀[0m[38;2;131;90;57m[48;2;131;90;57m▀[0m[38;2;131;90;57m[48;2;131;90;57m▀[0m[38;2;90;74;65m[48;2;131;90;57m▀[0m[38;2;141;194;231m[48;2;97;152;187m▀[0m[38;2;161;190;0m[48;2;213;213;197m▀[0m[38;2;200;221;0m[48;2;97;152;187m▀[0m[38;2;141;194;231m[48;2;97;152;187m▀[0m[38;2;97;152;187m[48;2;97;152;187m▀[0m[38;2;141;194;231m[48;2;65;65;65m▀[0m[38;2;65;65;65m[48;2;65;65;65m▀[0m[38;2;0;0;0m[48;2;141;194;231m▀[0m[38;2;0;0;0m[48;2;141;194;231m▀[0m[38;2;164;164;131m[48;2;65;65;65m▀[0m[38;2;164;164;131m[48;2;0;0;0m▀[0m[38;2;0;0;0m▀  
 [38;2;0;0;0m▀[38;2;131;90;57m[48;2;0;0;0m▀[0m[38;2;131;90;57m[48;2;0;0;0m▀[0m[38;2;131;90;57m[48;2;90;74;65m▀[0m[38;2;90;74;65m[48;2;65;65;65m▀[0m[38;2;97;152;187m[48;2;65;65;65m▀[0m[38;2;97;152;187m[48;2;65;65;65m▀[0m[38;2;65;65;65m[48;2;65;65;65m▀[0m[38;2;65;65;65m[48;2;213;213;197m▀[0m[38;2;213;213;197m[48;2;213;213;197m▀[0m[38;2;65;65;65m[48;2;213;213;197m▀[0m[38;2;141;194;231m[48;2;65;65;65m▀[0m[38;2;141;194;231m[48;2;141;194;231m▀[0m[38;2;141;194;231m[48;2;141;194;231m▀[0m[38;2;0;0;0m[48;2;0;0;0m▀[0m   
   [38;2;0;0;0m[48;2;0;0;0m▀[0m[38;2;164;164;131m[48;2;164;164;131m▀[0m[38;2;164;164;131m[48;2;65;65;65m▀[0m[38;2;164;164;131m[48;2;164;164;131m▀[0m[38;2;164;164;131m[48;2;65;65;65m▀[0m[38;2;213;213;197m[48;2;65;65;65m▀[0m[38;2;213;213;197m[48;2;213;213;197m▀[0m[38;2;65;65;65m[48;2;65;65;65m▀[0m[38;2;65;65;65m[48;2;141;194;231m▀[0m[38;2;141;194;231m[48;2;0;0;0m▀[0m[38;2;141;194;231m[48;2;65;65;65m▀[0m[38;2;141;194;231m[48;2;97;152;187m▀[0m[38;2;0;0;0m[48;2;97;152;187m▀[0m[38;2;0;0;0m▄  
    [38;2;0;0;0m[48;2;0;0;0m▀[0m[38;2;97;152;187m[48;2;97;152;187m▀[0m[38;2;65;65;65m[48;2;97;152;187m▀[0m[38;2;97;152;187m[48;2;65;65;65m▀[0m[38;2;97;152;187m[48;2;141;194;231m▀[0m[38;2;65;65;65m[48;2;141;194;231m▀[0m[38;2;141;194;231m[48;2;141;194;231m▀[0m[38;2;0;0;0m[48;2;0;0;0m▀[0m [38;2;0;0;0m[48;2;0;0;0m▀[0m[38;2;97;152;187m[48;2;90;74;65m▀[0m[38;2;97;152;187m[48;2;90;74;65m▀[0m[38;2;0;0;0m[48;2;0;0;0m▀[0m  
    [38;2;0;0;0m▀[38;2;90;74;65m[48;2;0;0;0m▀[0m[38;2;90;74;65m[48;2;0;0;0m▀[0m[38;2;0;0;0m▀[38;2;65;65;65m[48;2;0;0;0m▀[0m[38;2;141;194;231m[48;2;141;194;231m▀[0m[38;2;141;194;231m[48;2;141;194;231m▀[0m[38;2;0;0;0m[48;2;0;0;0m▀[0m  [38;2;0;0;0m▀[38;2;0;0;0m▀   
        [38;2;0;0;0m▀[38;2;131;90;57m[48;2;0;0;0m▀[0m[38;2;131;90;57m[48;2;0;0;0m▀[0m[38;2;0;0;0m▀       
[0m