[38;2;0;0;0m[48;2;0;0;0m▀[0m[38;2;0;0;0m[48;2;74;156;74m▀[0m[38;2;0;0;0m[48;2;74;156;74m▀[0m[38;2;0;0;0m▄[38;2;0;0;0m[48;2;74;156;74m▀[0m[38;2;0;0;0m[48;2;0;0;0m▀[0m [38;2;0;0;0m▄               
 [38;2;0;0;0m▀[38;2;74;156;74m[48;2;0;0;0m▀[0m[38;2;74;156;74m[48;2;74;156;74m▀[0m[38;2;74;156;74m[48;2;74;156;74m▀[0m[38;2;74;156;74m[48;2;74;156;74m▀[0m[38;2;0;0;0m[48;2;65;65;65m▀[0m[38;2;74;156;74m[48;2;74;156;74m▀[0m[38;2;0;0;0m[48;2;74;156;74m▀[0m[38;2;0;0;0m▄ [38;2;0;0;0m▄[38;2;0;0;0m▄ [38;2;0;0;0m▄[38;2;0;0;0m[48;2;74;156;74m▀[0m[38;2;0;0;0m[48;2;74;156;74m▀[0m[38;2;0;0;0m▄[38;2;0;0;0m[48;2;74;156;74m▀[0m[38;2;0;0;0m[48;2;74;156;74m▀[0m[38;2;0;0;0m[48;2;0;0;0m▀[0m  
 [38;2;0;0;0m▀[38;2;74;156;74m[48;2;0;0;0m▀[0m[38;2;74;156;74m[48;2;0;0;0m▀[0m[38;2;74;156;74m[48;2;65;65;65m▀[0m[38;2;74;156;74m[48;2;65;65;65m▀[0m[38;2;74;156;74m[48;2;255;230;148m▀[0m[38;2;74;156;74m[48;2;65;65;65m▀[0m[38;2;74;156;74m[48;2;74;156;74m▀[0m[38;2;0;0;0m[48;2;65;65;65m▀[0m[38;2;0;0;0m[48;2;74;156;74m▀[0m[38;2;74;156;74m[48;2;74;156;74m▀[0m[38;2;0;0;0m[48;2;74;156;74m▀[0m[38;2;0;0;0m[48;2;74;156;74m▀[0m[38;2;74;156;74m[48;2;74;156;74m▀[0m[38;2;74;156;74m[48;2;74;156;74m▀[0m[38;2;74;156;74m[48;2;74;156;74m▀[0m[38;2;74;156;74m[48;2;74;156;74m▀[0m[38;2;74;156;74m[48;2;0;0;0m▀[0m[38;2;0;0;0m▀   
   [38;2;0;0;0m▀[38;2;229;141;83m[48;2;0;0;0m▀[0m[38;2;171;74;74m[48;2;229;141;83m▀[0m[38;2;222;189;90m[48;2;65;65;65m▀[0m[38;2;140;82;82m[48;2;140;82;82m▀[0m[38;2;65;65;65m[48;2;189;123;90m▀[0m[38;2;255;230;148m[48;2;222;189;90m▀[0m[38;2;65;65;65m[48;2;140;82;82m▀[0m[38;2;74;156;74m[48;2;65;65;65m▀[0m[38;2;65;65;65m[48;2;229;141;83m▀[0m[38;2;65;65;65m[48;2;229;141;83m▀[0m[38;2;65;65;65m[48;2;229;141;83m▀[0m[38;2;74;156;74m[48;2;65;65;65m▀[0m[38;2;74;156;74m[48;2;74;156;74m▀[0m[38;2;0;0;0m[48;2;74;156;74m▀[0m[38;2;0;0;0m▄    
     [38;2;0;0;0m[48;2;0;0;0m▀[0m[38;2;229;141;83m[48;2;229;141;83m▀[0m[38;2;229;141;83m[48;2;229;141;83m▀[0m[38;2;229;141;83m[48;2;229;141;83m▀[0m[38;2;65;65;65m[48;2;229;141;83m▀[0m[38;2;171;74;74m[48;2;229;141;83m▀[0m[38;2;229;141;83m[48;2;171;74;74m▀[0m[38;2;171;74;74m[48;2;171;74;74m▀[0m[38;2;171;74;74m[48;2;0;0;0m▀[0m[38;2;65;65;65m[48;2;0;0;0m▀[0m[38;2;0;0;0m▀[38;2;0;0;0m▀[38;2;0;0;0m▀[38;2;0;0;0m▄[38;2;0;0;0m▄[38;2;0;0;0m[48;2;229;141;83m▀[0m[38;2;0;0;0m[48;2;0;0;0m▀[0m 
   [38;2;0;0;0m▄[38;2;0;0;0m[48;2;229;141;83m▀[0m[38;2;229;141;83m[48;2;229;141;83m▀[0m[38;2;229;141;83m[48;2;229;141;83m▀[0m[38;2;229;141;83m[48;2;171;74;74m▀[0m[38;2;255;165;58m[48;2;0;0;0m▀[0m[38;2;255;255;255m[48;2;255;255;255m▀[0m[38;2;255;165;58m[48;2;255;165;58m▀[0m[38;2;65;65;65m[48;2;229;141;83m▀[0m[38;2;229;141;83m[48;2;0;0;0m▀[0m[38;2;0;0;0m▀  [38;2;0;0;0m▄[38;2;0;0;0m[48;2;0;0;0m▀[0m[38;2;229;141;83m[48;2;171;74;74m▀[0m[38;2;0;0;0m[48;2;229;141;83m▀[0m[38;2;229;141;83m[48;2;229;141;83m▀[0m[38;2;65;65;65m[48;2;229;141;83m▀[0m[38;2;0;0;0m[48;2;0;0;0m▀[0m
   [38;2;0;0;0m▀[38;2;171;74;74m[48;2;0;0;0m▀[0m[38;2;229;141;83m[48;2;255;230;148m▀[0m[38;2;222;189;90m[48;2;255;230;148m▀[0m[38;2;255;230;148m[48;2;65;65;65m▀[0m[38;2;255;230;148m[48;2;65;65;65m▀[0m[38;2;222;189;90m[48;2;171;74;74m▀[0m[38;2;171;74;74m[48;2;229;141;83m▀[0m[38;2;229;141;83m[48;2;229;141;83m▀[0m[38;2;229;141;83m[48;2;229;141;83m▀[0m[38;2;0;0;0m[48;2;229;141;83m▀[0m[38;2;0;0;0m[48;2;99;189;66m▀[0m[38;2;0;0;0m[48;2;74;156;74m▀[0m[38;2;229;141;83m[48;2;229;141;83m▀[0m[38;2;229;141;83m[48;2;229;141;83m▀[0m[38;2;65;65;65m[48;2;229;141;83m▀[0m[38;2;171;74;74m[48;2;65;65;65m▀[0m[38;2;229;141;83m[48;2;0;0;0m▀[0m[38;2;0;0;0m▀ 
     [38;2;0;0;0m▀[38;2;65;65;65m[48;2;0;0;0m▀[0m[38;2;222;189;90m[48;2;255;230;148m▀[0m[38;2;255;230;148m[48;2;255;230;148m▀[0m[38;2;229;141;83m[48;2;255;230;148m▀[0m[38;2;229;141;83m[48;2;229;141;83m▀[0m[38;2;229;141;83m[48;2;229;141;83m▀[0m[38;2;229;141;83m[48;2;229;141;83m▀[0m[38;2;229;141;83m[48;2;229;141;83m▀[0m[38;2;229;141;83m[48;2;229;141;83m▀[0m[38;2;229;141;83m[48;2;229;141;83m▀[0m[38;2;229;141;83m[48;2;229;141;83m▀[0m[38;2;99;189;66m[48;2;229;141;83m▀[0m[38;2;229;141;83m[48;2;229;141;83m▀[0m[38;2;229;141;83m[48;2;229;141;83m▀[0m[38;2;0;0;0m[48;2;0;0;0m▀[0m  
      [38;2;0;0;0m▀[38;2;255;230;148m[48;2;0;0;0m▀[0m[38;2;255;230;148m[48;2;255;230;148m▀[0m[38;2;255;230;148m[48;2;255;230;148m▀[0m[38;2;171;74;74m[48;2;65;65;65m▀[0m[38;2;229;141;83m[48;2;229;141;83m▀[0m[38;2;229;141;83m[48;2;229;141;83m▀[0m[38;2;229;141;83m[48;2;229;141;83m▀[0m[38;2;229;141;83m[48;2;222;189;90m▀[0m[38;2;222;189;90m[48;2;222;189;90m▀[0m[38;2;65;65;65m[48;2;222;189;90m▀[0m[38;2;229;141;83m[48;2;171;74;74m▀[0m[38;2;229;141;83m[48;2;229;141;83m▀[0m[38;2;229;141;83m[48;2;229;141;83m▀[0m[38;2;0;0;0m[48;2;0;0;0m▀[0m  
       [38;2;0;0;0m[48;2;0;0;0m▀[0m[38;2;222;189;90m[48;2;171;74;74m▀[0m[38;2;65;65;65m[48;2;0;0;0m▀[0m[38;2;0;0;0m▀[38;2;171;74;74m[48;2;0;0;0m▀[0m[38;2;229;141;83m[48;2;229;141;83m▀[0m[38;2;229;141;83m[48;2;229;141;83m▀[0m[38;2;65;65;65m[48;2;0;0;0m▀[0m[38;2;0;0;0m▀[38;2;0;0;0m▀[38;2;0;0;0m▀[38;2;229;141;83m[48;2;0;0;0m▀[0m[38;2;229;141;83m[48;2;0;0;0m▀[0m[38;2;229;141;83m[48;2;229;141;83m▀[0m[38;2;0;0;0m[48;2;0;0;0m▀[0m 
       [38;2;0;0;0m[48;2;0;0;0m▀[0m[38;2;171;74;74m[48;2;0;0;0m▀[0m[38;2;0;0;0m▀ [38;2;0;0;0m[48;2;0;0;0m▀[0m[38;2;229;141;83m[48;2;229;141;83m▀[0m[38;2;171;74;74m[48;2;0;0;0m▀[0m[38;2;0;0;0m▀    [38;2;0;0;0m[48;2;0;0;0m▀[0m[38;2;171;74;74m[48;2;0;0;0m▀[0m[38;2;0;0;0m▀ 
           [38;2;0;0;0m[48;2;0;0;0m▀[0m[38;2;171;74;74m[48;2;0;0;0m▀[0m[38;2;0;0;0m▀         
[0m