    [38;2;0;0;0m▄[38;2;0;0;0m[48;2;59;174;101m▀[0m[38;2;0;0;0m[48;2;59;174;101m▀[0m[38;2;0;0;0m▄                 
   [38;2;0;0;0m▄[38;2;0;0;0m[48;2;42;146;87m▀[0m[38;2;59;174;101m[48;2;59;174;101m▀[0m[38;2;59;174;101m[48;2;59;174;101m▀[0m[38;2;59;174;101m[48;2;59;174;101m▀[0m[38;2;0;0;0m[48;2;42;146;87m▀[0m[38;2;0;0;0m▄               
   [38;2;0;0;0m[48;2;0;0;0m▀[0m[38;2;59;174;101m[48;2;59;174;101m▀[0m[38;2;59;174;101m[48;2;59;174;101m▀[0m[38;2;59;174;101m[48;2;59;174;101m▀[0m[38;2;59;174;101m[48;2;59;174;101m▀[0m[38;2;42;146;87m[48;2;42;146;87m▀[0m[38;2;0;0;0m[48;2;42;146;87m▀[0m[38;2;0;0;0m▄              
 [38;2;0;0;0m▄[38;2;0;0;0m▄[38;2;0;0;0m[48;2;0;0;0m▀[0m[38;2;42;146;87m[48;2;42;146;87m▀[0m[38;2;59;174;101m[48;2;42;146;87m▀[0m[38;2;59;174;101m[48;2;42;146;87m▀[0m[38;2;42;146;87m[48;2;42;146;87m▀[0m[38;2;42;146;87m[48;2;42;146;87m▀[0m[38;2;42;146;87m[48;2;42;146;87m▀[0m[38;2;0;0;0m[48;2;47;82;54m▀[0m[38;2;0;0;0m▄             
[38;2;0;0;0m[48;2;0;0;0m▀[0m[38;2;42;146;87m[48;2;88;185;121m▀[0m[38;2;42;146;87m[48;2;42;146;87m▀[0m[38;2;65;65;65m[48;2;42;146;87m▀[0m[38;2;42;112;74m[48;2;65;65;65m▀[0m[38;2;249;204;127m[48;2;249;204;127m▀[0m[38;2;42;146;87m[48;2;42;146;87m▀[0m[38;2;42;146;87m[48;2;249;204;127m▀[0m[38;2;42;146;87m[48;2;42;146;87m▀[0m[38;2;42;146;87m[48;2;42;146;87m▀[0m[38;2;42;146;87m[48;2;42;146;87m▀[0m[38;2;47;82;54m[48;2;47;82;54m▀[0m[38;2;0;0;0m[48;2;42;146;87m▀[0m[38;2;0;0;0m▄           
[38;2;0;0;0m▀[38;2;88;185;121m[48;2;0;0;0m▀[0m[38;2;88;185;121m[48;2;88;185;121m▀[0m[38;2;42;146;87m[48;2;88;185;121m▀[0m[38;2;65;65;65m[48;2;255;255;255m▀[0m[38;2;42;112;74m[48;2;47;82;54m▀[0m[38;2;42;146;87m[48;2;42;146;87m▀[0m[38;2;42;146;87m[48;2;42;146;87m▀[0m[38;2;42;146;87m[48;2;42;146;87m▀[0m[38;2;42;146;87m[48;2;42;146;87m▀[0m[38;2;42;146;87m[48;2;255;255;255m▀[0m[38;2;42;112;74m[48;2;42;146;87m▀[0m[38;2;42;146;87m[48;2;42;146;87m▀[0m[38;2;42;112;74m[48;2;42;146;87m▀[0m[38;2;0;0;0m[48;2;0;0;0m▀[0m[38;2;0;0;0m▄[38;2;0;0;0m▄        
  [38;2;0;0;0m▀[38;2;42;112;74m[48;2;0;0;0m▀[0m[38;2;255;255;255m[48;2;249;204;127m▀[0m[38;2;193;149;80m[48;2;249;204;127m▀[0m[38;2;42;112;74m[48;2;249;204;127m▀[0m[38;2;42;146;87m[48;2;193;149;80m▀[0m[38;2;42;112;74m[48;2;255;255;255m▀[0m[38;2;255;255;255m[48;2;255;255;255m▀[0m[38;2;255;255;255m[48;2;189;189;189m▀[0m[38;2;255;255;255m[48;2;42;146;87m▀[0m[38;2;42;146;87m[48;2;42;112;74m▀[0m[38;2;65;65;65m[48;2;42;146;87m▀[0m[38;2;42;146;87m[48;2;88;185;121m▀[0m[38;2;42;146;87m[48;2;88;185;121m▀[0m[38;2;42;146;87m[48;2;42;146;87m▀[0m[38;2;0;0;0m[48;2;0;0;0m▀[0m [38;2;0;0;0m▄[38;2;0;0;0m[48;2;42;146;87m▀[0m[38;2;0;0;0m[48;2;42;146;87m▀[0m[38;2;0;0;0m▄[38;2;0;0;0m▄ 
  [38;2;0;0;0m▄[38;2;0;0;0m[48;2;47;82;54m▀[0m[38;2;249;204;127m[48;2;0;0;0m▀[0m[38;2;137;104;42m[48;2;249;204;127m▀[0m[38;2;249;204;127m[48;2;249;204;127m▀[0m[38;2;249;204;127m[48;2;249;204;127m▀[0m[38;2;0;0;0m[48;2;249;204;127m▀[0m[38;2;255;255;255m[48;2;249;204;127m▀[0m[38;2;249;204;127m[48;2;249;204;127m▀[0m[38;2;193;149;80m[48;2;249;204;127m▀[0m[38;2;42;146;87m[48;2;65;65;65m▀[0m[38;2;88;185;121m[48;2;88;185;121m▀[0m[38;2;88;185;121m[48;2;88;185;121m▀[0m[38;2;88;185;121m[48;2;42;146;87m▀[0m[38;2;42;146;87m[48;2;0;0;0m▀[0m[38;2;0;0;0m▀[38;2;0;0;0m[48;2;0;0;0m▀[0m[38;2;65;65;65m[48;2;42;146;87m▀[0m[38;2;42;146;87m[48;2;47;82;54m▀[0m[38;2;65;65;65m[48;2;47;82;54m▀[0m[38;2;42;146;87m[48;2;42;146;87m▀[0m[38;2;42;146;87m[48;2;42;146;87m▀[0m[38;2;0;0;0m[48;2;0;0;0m▀[0m
 [38;2;0;0;0m▀[38;2;225;180;96m[48;2;0;0;0m▀[0m[38;2;225;180;96m[48;2;225;180;96m▀[0m[38;2;42;146;87m[48;2;0;0;0m▀[0m[38;2;47;82;54m[48;2;0;0;0m▀[0m[38;2;137;104;42m[48;2;255;255;255m▀[0m[38;2;193;149;80m[48;2;65;65;65m▀[0m[38;2;249;204;127m[48;2;65;65;65m▀[0m[38;2;249;204;127m[48;2;65;65;65m▀[0m[38;2;137;104;42m[48;2;255;255;255m▀[0m[38;2;65;65;65m[48;2;255;255;255m▀[0m[38;2;255;255;255m[48;2;255;255;255m▀[0m[38;2;65;65;65m[48;2;42;146;87m▀[0m[38;2;0;0;0m[48;2;0;0;0m▀[0m[38;2;0;0;0m▀   [38;2;0;0;0m[48;2;0;0;0m▀[0m[38;2;47;82;54m[48;2;42;112;74m▀[0m[38;2;42;146;87m[48;2;0;0;0m▀[0m[38;2;0;0;0m▀[38;2;0;0;0m▀ 
   [38;2;0;0;0m▀ [38;2;0;0;0m▀[38;2;193;149;80m[48;2;0;0;0m▀[0m[38;2;255;255;255m[48;2;193;149;80m▀[0m[38;2;193;149;80m[48;2;193;149;80m▀[0m[38;2;255;255;255m[48;2;193;149;80m▀[0m[38;2;255;255;255m[48;2;193;149;80m▀[0m[38;2;65;65;65m[48;2;193;149;80m▀[0m[38;2;42;112;74m[48;2;65;65;65m▀[0m[38;2;42;146;87m[48;2;42;112;74m▀[0m[38;2;42;146;87m[48;2;42;146;87m▀[0m[38;2;0;0;0m[48;2;249;204;127m▀[0m[38;2;0;0;0m▄[38;2;0;0;0m[48;2;42;112;74m▀[0m[38;2;0;0;0m[48;2;42;112;74m▀[0m[38;2;42;112;74m[48;2;0;0;0m▀[0m[38;2;0;0;0m▀    
    [38;2;0;0;0m▄[38;2;0;0;0m[48;2;249;204;127m▀[0m[38;2;42;112;74m[48;2;193;149;80m▀[0m[38;2;42;112;74m[48;2;0;0;0m▀[0m[38;2;193;149;80m[48;2;0;0;0m▀[0m[38;2;42;146;87m[48;2;0;0;0m▀[0m[38;2;193;149;80m[48;2;42;112;74m▀[0m[38;2;42;146;87m[48;2;42;112;74m▀[0m[38;2;42;112;74m[48;2;42;112;74m▀[0m[38;2;65;65;65m[48;2;65;65;65m▀[0m[38;2;249;204;127m[48;2;249;204;127m▀[0m[38;2;225;180;96m[48;2;0;0;0m▀[0m[38;2;225;180;96m[48;2;0;0;0m▀[0m[38;2;0;0;0m▀[38;2;0;0;0m▀      
     [38;2;0;0;0m▀[38;2;0;0;0m▀   [38;2;0;0;0m▀[38;2;0;0;0m[48;2;0;0;0m▀[0m[38;2;42;112;74m[48;2;249;204;127m▀[0m[38;2;42;112;74m[48;2;193;149;80m▀[0m[38;2;0;0;0m[48;2;0;0;0m▀[0m          
            [38;2;0;0;0m▀[38;2;0;0;0m▀           
[0m