     [38;2;0;0;0m▄[38;2;0;0;0m[48;2;136;135;179m▀[0m[38;2;0;0;0m[48;2;136;135;179m▀[0m[38;2;0;0;0m[48;2;136;135;179m▀[0m[38;2;0;0;0m▄    
    [38;2;0;0;0m[48;2;0;0;0m▀[0m[38;2;136;135;179m[48;2;136;135;179m▀[0m[38;2;255;255;255m[48;2;255;255;255m▀[0m[38;2;255;255;255m[48;2;255;255;255m▀[0m[38;2;136;135;179m[48;2;98;97;126m▀[0m[38;2;136;135;179m[48;2;136;135;179m▀[0m[38;2;0;0;0m[48;2;0;0;0m▀[0m   
   [38;2;0;0;0m▄[38;2;0;0;0m[48;2;200;146;114m▀[0m[38;2;136;135;179m[48;2;65;65;65m▀[0m[38;2;136;135;179m[48;2;136;135;179m▀[0m[38;2;98;97;126m[48;2;136;135;179m▀[0m[38;2;98;97;126m[48;2;136;135;179m▀[0m[38;2;136;135;179m[48;2;65;65;65m▀[0m[38;2;0;0;0m[48;2;238;192;161m▀[0m[38;2;0;0;0m▄  
 [38;2;0;0;0m▄[38;2;0;0;0m▄[38;2;0;0;0m[48;2;238;192;161m▀[0m[38;2;238;192;161m[48;2;238;192;161m▀[0m[38;2;238;192;161m[48;2;238;192;161m▀[0m[38;2;65;65;65m[48;2;238;192;161m▀[0m[38;2;65;65;65m[48;2;255;255;255m▀[0m[38;2;65;65;65m[48;2;200;146;114m▀[0m[38;2;238;192;161m[48;2;238;192;161m▀[0m[38;2;238;192;161m[48;2;238;192;161m▀[0m[38;2;0;0;0m[48;2;238;192;161m▀[0m[38;2;0;0;0m▄ 
[38;2;0;0;0m[48;2;0;0;0m▀[0m[38;2;200;146;114m[48;2;65;65;65m▀[0m[38;2;65;65;65m[48;2;200;146;114m▀[0m[38;2;65;65;65m[48;2;238;192;161m▀[0m[38;2;65;65;65m[48;2;238;192;161m▀[0m[38;2;238;192;161m[48;2;65;65;65m▀[0m[38;2;238;192;161m[48;2;65;65;65m▀[0m[38;2;0;0;0m[48;2;238;192;161m▀[0m[38;2;238;192;161m[48;2;136;135;179m▀[0m[38;2;238;192;161m[48;2;136;135;179m▀[0m[38;2;238;192;161m[48;2;238;192;161m▀[0m[38;2;238;192;161m[48;2;65;65;65m▀[0m[38;2;0;0;0m[48;2;200;146;114m▀[0m[38;2;0;0;0m▄
 [38;2;0;0;0m[48;2;0;0;0m▀[0m[38;2;238;192;161m[48;2;65;65;65m▀[0m[38;2;238;192;161m[48;2;238;192;161m▀[0m[38;2;65;65;65m[48;2;200;146;114m▀[0m[38;2;238;192;161m[48;2;238;192;161m▀[0m[38;2;238;192;161m[48;2;200;146;114m▀[0m[38;2;65;65;65m[48;2;65;65;65m▀[0m[38;2;238;192;161m[48;2;238;192;161m▀[0m[38;2;238;192;161m[48;2;238;192;161m▀[0m[38;2;238;192;161m[48;2;238;192;161m▀[0m[38;2;238;192;161m[48;2;238;192;161m▀[0m[38;2;65;65;65m[48;2;238;192;161m▀[0m[38;2;0;0;0m[48;2;0;0;0m▀[0m
 [38;2;0;0;0m▀[38;2;200;146;114m[48;2;0;0;0m▀[0m[38;2;65;65;65m[48;2;200;146;114m▀[0m[38;2;65;65;65m[48;2;200;146;114m▀[0m[38;2;65;65;65m[48;2;200;146;114m▀[0m[38;2;65;65;65m[48;2;200;146;114m▀[0m[38;2;238;192;161m[48;2;200;146;114m▀[0m[38;2;238;192;161m[48;2;200;146;114m▀[0m[38;2;200;146;114m[48;2;200;146;114m▀[0m[38;2;65;65;65m[48;2;200;146;114m▀[0m[38;2;238;192;161m[48;2;65;65;65m▀[0m[38;2;238;192;161m[48;2;0;0;0m▀[0m[38;2;0;0;0m▀
   [38;2;0;0;0m[48;2;0;0;0m▀[0m[38;2;65;65;65m[48;2;200;146;114m▀[0m[38;2;200;146;114m[48;2;65;65;65m▀[0m[38;2;200;146;114m[48;2;65;65;65m▀[0m[38;2;200;146;114m[48;2;65;65;65m▀[0m[38;2;200;146;114m[48;2;65;65;65m▀[0m[38;2;200;146;114m[48;2;65;65;65m▀[0m[38;2;65;65;65m[48;2;200;146;114m▀[0m[38;2;0;0;0m[48;2;0;0;0m▀[0m  
    [38;2;0;0;0m▀[38;2;200;146;114m[48;2;0;0;0m▀[0m[38;2;238;192;161m[48;2;65;65;65m▀[0m[38;2;238;192;161m[48;2;65;65;65m▀[0m[38;2;200;146;114m[48;2;65;65;65m▀[0m[38;2;200;146;114m[48;2;0;0;0m▀[0m[38;2;0;0;0m▀   
      [38;2;0;0;0m[48;2;0;0;0m▀[0m[38;2;200;146;114m[48;2;0;0;0m▀[0m[38;2;0;0;0m▀     
[0m