    [38;2;0;0;0m▄[38;2;0;0;0m▄[38;2;0;0;0m▄[38;2;0;0;0m▄[38;2;0;0;0m[48;2;227;212;138m▀[0m[38;2;0;0;0m[48;2;227;212;138m▀[0m[38;2;0;0;0m[48;2;227;212;138m▀[0m[38;2;0;0;0m[48;2;227;212;138m▀[0m[38;2;0;0;0m▄[38;2;0;0;0m▄          
   [38;2;0;0;0m[48;2;0;0;0m▀[0m[38;2;227;212;138m[48;2;227;212;138m▀[0m[38;2;227;212;138m[48;2;227;212;138m▀[0m[38;2;227;212;138m[48;2;227;212;138m▀[0m[38;2;227;212;138m[48;2;227;212;138m▀[0m[38;2;227;212;138m[48;2;227;212;138m▀[0m[38;2;227;212;138m[48;2;227;212;138m▀[0m[38;2;227;212;138m[48;2;227;212;138m▀[0m[38;2;227;212;138m[48;2;227;212;138m▀[0m[38;2;227;212;138m[48;2;227;212;138m▀[0m[38;2;227;212;138m[48;2;227;212;138m▀[0m[38;2;0;0;0m[48;2;0;0;0m▀[0m         
    [38;2;0;0;0m▀[38;2;227;212;138m[48;2;0;0;0m▀[0m[38;2;227;212;138m[48;2;65;65;65m▀[0m[38;2;227;212;138m[48;2;65;65;65m▀[0m[38;2;139;124;50m[48;2;227;212;138m▀[0m[38;2;227;212;138m[48;2;227;212;138m▀[0m[38;2;227;212;138m[48;2;139;124;50m▀[0m[38;2;139;124;50m[48;2;188;173;99m▀[0m[38;2;227;212;138m[48;2;212;79;62m▀[0m[38;2;212;79;62m[48;2;212;79;62m▀[0m[38;2;252;127;104m[48;2;212;79;62m▀[0m[38;2;0;0;0m[48;2;0;0;0m▀[0m [38;2;0;0;0m▄[38;2;0;0;0m▄[38;2;0;0;0m▄[38;2;0;0;0m▄[38;2;0;0;0m[48;2;140;99;82m▀[0m[38;2;0;0;0m[48;2;65;65;65m▀[0m[38;2;0;0;0m▄
      [38;2;0;0;0m[48;2;0;0;0m▀[0m[38;2;188;173;99m[48;2;139;124;50m▀[0m[38;2;227;212;138m[48;2;227;212;138m▀[0m[38;2;139;124;50m[48;2;227;212;138m▀[0m[38;2;65;65;65m[48;2;0;0;0m▀[0m[38;2;255;255;255m[48;2;255;255;255m▀[0m[38;2;139;124;50m[48;2;188;173;99m▀[0m[38;2;227;212;138m[48;2;188;173;99m▀[0m[38;2;188;173;99m[48;2;188;173;99m▀[0m[38;2;0;0;0m[48;2;65;65;65m▀[0m[38;2;0;0;0m[48;2;188;173;99m▀[0m[38;2;188;173;99m[48;2;188;173;99m▀[0m[38;2;188;173;99m[48;2;65;65;65m▀[0m[38;2;65;65;65m[48;2;140;99;82m▀[0m[38;2;140;99;82m[48;2;140;99;82m▀[0m[38;2;140;99;82m[48;2;140;99;82m▀[0m[38;2;140;99;82m[48;2;140;99;82m▀[0m[38;2;0;0;0m[48;2;0;0;0m▀[0m
    [38;2;0;0;0m▄[38;2;0;0;0m▄[38;2;0;0;0m▄[38;2;0;0;0m[48;2;189;189;189m▀[0m[38;2;65;65;65m[48;2;123;123;123m▀[0m[38;2;227;212;138m[48;2;123;123;123m▀[0m[38;2;227;212;138m[48;2;65;65;65m▀[0m[38;2;188;173;99m[48;2;65;65;65m▀[0m[38;2;65;65;65m[48;2;188;173;99m▀[0m[38;2;188;173;99m[48;2;212;79;62m▀[0m[38;2;65;65;65m[48;2;252;127;104m▀[0m[38;2;252;127;104m[48;2;212;79;62m▀[0m[38;2;212;79;62m[48;2;227;212;138m▀[0m[38;2;65;65;65m[48;2;227;212;138m▀[0m[38;2;65;65;65m[48;2;227;212;138m▀[0m[38;2;140;99;82m[48;2;65;65;65m▀[0m[38;2;140;99;82m[48;2;0;0;0m▀[0m[38;2;0;0;0m▀[38;2;0;0;0m▀ 
[38;2;0;0;0m▄[38;2;0;0;0m[48;2;222;181;107m▀[0m[38;2;0;0;0m[48;2;181;132;82m▀[0m[38;2;0;0;0m[48;2;181;132;82m▀[0m[38;2;181;132;82m[48;2;181;132;82m▀[0m[38;2;181;132;82m[48;2;140;99;82m▀[0m[38;2;181;132;82m[48;2;140;99;82m▀[0m[38;2;65;65;65m[48;2;140;99;82m▀[0m[38;2;65;65;65m[48;2;140;99;82m▀[0m[38;2;65;65;65m[48;2;140;99;82m▀[0m[38;2;140;99;82m[48;2;140;99;82m▀[0m[38;2;188;173;99m[48;2;65;65;65m▀[0m[38;2;188;173;99m[48;2;188;173;99m▀[0m[38;2;212;79;62m[48;2;65;65;65m▀[0m[38;2;252;127;104m[48;2;212;79;62m▀[0m[38;2;212;79;62m[48;2;252;127;104m▀[0m[38;2;227;212;138m[48;2;212;79;62m▀[0m[38;2;227;212;138m[48;2;0;0;0m▀[0m[38;2;227;212;138m[48;2;227;212;138m▀[0m[38;2;227;212;138m[48;2;65;65;65m▀[0m[38;2;0;0;0m[48;2;0;0;0m▀[0m   
[38;2;0;0;0m[48;2;0;0;0m▀[0m[38;2;222;181;107m[48;2;222;181;107m▀[0m[38;2;222;181;107m[48;2;222;181;107m▀[0m[38;2;140;99;82m[48;2;140;99;82m▀[0m[38;2;140;99;82m[48;2;140;99;82m▀[0m[38;2;140;99;82m[48;2;140;99;82m▀[0m[38;2;140;99;82m[48;2;140;99;82m▀[0m[38;2;140;99;82m[48;2;0;0;0m▀[0m[38;2;140;99;82m[48;2;0;0;0m▀[0m[38;2;140;99;82m[48;2;0;0;0m▀[0m[38;2;65;65;65m[48;2;65;65;65m▀[0m[38;2;65;65;65m[48;2;188;173;99m▀[0m[38;2;227;212;138m[48;2;227;212;138m▀[0m[38;2;227;212;138m[48;2;227;212;138m▀[0m[38;2;65;65;65m[48;2;227;212;138m▀[0m[38;2;65;65;65m[48;2;212;79;62m▀[0m[38;2;0;0;0m[48;2;0;0;0m▀[0m [38;2;0;0;0m▀[38;2;0;0;0m▀    
 [38;2;0;0;0m▀[38;2;222;181;107m[48;2;0;0;0m▀[0m[38;2;140;99;82m[48;2;0;0;0m▀[0m[38;2;0;0;0m▀[38;2;0;0;0m▀[38;2;0;0;0m▀  [38;2;0;0;0m[48;2;0;0;0m▀[0m[38;2;188;173;99m[48;2;65;65;65m▀[0m[38;2;188;173;99m[48;2;188;173;99m▀[0m[38;2;227;212;138m[48;2;188;173;99m▀[0m[38;2;227;212;138m[48;2;227;212;138m▀[0m[38;2;212;79;62m[48;2;212;79;62m▀[0m[38;2;252;127;104m[48;2;212;79;62m▀[0m[38;2;212;79;62m[48;2;227;212;138m▀[0m[38;2;0;0;0m[48;2;0;0;0m▀[0m      
          [38;2;0;0;0m▀[38;2;0;0;0m▀[38;2;0;0;0m▀[38;2;188;173;99m[48;2;0;0;0m▀[0m[38;2;227;212;138m[48;2;227;212;138m▀[0m[38;2;227;212;138m[48;2;227;212;138m▀[0m[38;2;227;212;138m[48;2;0;0;0m▀[0m[38;2;0;0;0m▀      
              [38;2;0;0;0m▀[38;2;0;0;0m▀        
[0m