  [38;2;0;0;0m▄[38;2;0;0;0m[48;2;255;255;255m▀[0m[38;2;0;0;0m▄[38;2;0;0;0m▄[38;2;0;0;0m[48;2;255;255;255m▀[0m[38;2;0;0;0m[48;2;0;0;0m▀[0m         
 [38;2;0;0;0m▄[38;2;0;0;0m[48;2;255;255;255m▀[0m[38;2;255;255;255m[48;2;150;132;106m▀[0m[38;2;65;65;65m[48;2;255;255;255m▀[0m[38;2;255;255;255m[48;2;255;255;255m▀[0m[38;2;255;255;255m[48;2;255;255;255m▀[0m[38;2;0;0;0m[48;2;65;65;65m▀[0m[38;2;0;0;0m▄[38;2;0;0;0m[48;2;255;255;255m▀[0m[38;2;0;0;0m[48;2;255;255;255m▀[0m[38;2;0;0;0m[48;2;0;0;0m▀[0m     
[38;2;0;0;0m▄[38;2;0;0;0m[48;2;196;178;152m▀[0m[38;2;255;255;255m[48;2;255;255;255m▀[0m[38;2;255;255;255m[48;2;255;255;255m▀[0m[38;2;255;255;255m[48;2;237;219;193m▀[0m[38;2;255;255;255m[48;2;196;178;152m▀[0m[38;2;255;255;255m[48;2;255;255;255m▀[0m[38;2;65;65;65m[48;2;255;255;255m▀[0m[38;2;255;255;255m[48;2;255;255;255m▀[0m[38;2;255;255;255m[48;2;255;255;255m▀[0m[38;2;255;255;255m[48;2;196;178;152m▀[0m[38;2;0;0;0m[48;2;0;0;0m▀[0m     
[38;2;0;0;0m[48;2;0;0;0m▀[0m[38;2;0;0;0m[48;2;255;255;255m▀[0m[38;2;255;255;255m[48;2;255;255;255m▀[0m[38;2;255;255;255m[48;2;255;255;255m▀[0m[38;2;255;255;255m[48;2;196;178;152m▀[0m[38;2;255;255;255m[48;2;255;255;255m▀[0m[38;2;255;255;255m[48;2;255;255;255m▀[0m[38;2;255;255;255m[48;2;255;255;255m▀[0m[38;2;255;255;255m[48;2;255;255;255m▀[0m[38;2;255;255;255m[48;2;196;178;152m▀[0m[38;2;0;0;0m[48;2;0;0;0m▀[0m [38;2;0;0;0m▄[38;2;0;0;0m[48;2;255;255;255m▀[0m[38;2;0;0;0m[48;2;255;255;255m▀[0m[38;2;0;0;0m[48;2;237;219;193m▀[0m[38;2;0;0;0m▄
[38;2;0;0;0m▀[38;2;255;255;255m[48;2;0;0;0m▀[0m[38;2;255;255;255m[48;2;255;255;255m▀[0m[38;2;255;255;255m[48;2;255;255;255m▀[0m[38;2;0;0;0m[48;2;255;255;255m▀[0m[38;2;255;255;255m[48;2;255;255;255m▀[0m[38;2;255;255;255m[48;2;255;255;255m▀[0m[38;2;255;255;255m[48;2;196;178;152m▀[0m[38;2;237;219;193m[48;2;65;65;65m▀[0m[38;2;0;0;0m[48;2;0;0;0m▀[0m [38;2;0;0;0m[48;2;0;0;0m▀[0m[38;2;255;255;255m[48;2;255;255;255m▀[0m[38;2;255;255;255m[48;2;150;132;106m▀[0m[38;2;237;219;193m[48;2;196;178;152m▀[0m[38;2;237;219;193m[48;2;0;0;0m▀[0m[38;2;0;0;0m▀
  [38;2;0;0;0m▀[38;2;0;0;0m▀[38;2;255;82;148m[48;2;0;0;0m▀[0m[38;2;196;178;152m[48;2;65;65;65m▀[0m[38;2;150;132;106m[48;2;65;65;65m▀[0m[38;2;150;132;106m[48;2;196;178;152m▀[0m[38;2;237;219;193m[48;2;237;219;193m▀[0m[38;2;0;0;0m[48;2;237;219;193m▀[0m[38;2;0;0;0m[48;2;150;132;106m▀[0m[38;2;255;255;255m[48;2;65;65;65m▀[0m[38;2;65;65;65m[48;2;150;132;106m▀[0m[38;2;196;178;152m[48;2;0;0;0m▀[0m[38;2;0;0;0m▀  
    [38;2;0;0;0m▀[38;2;237;219;193m[48;2;0;0;0m▀[0m[38;2;65;65;65m[48;2;0;0;0m▀[0m[38;2;237;219;193m[48;2;237;219;193m▀[0m[38;2;237;219;193m[48;2;237;219;193m▀[0m[38;2;65;65;65m[48;2;65;65;65m▀[0m[38;2;65;65;65m[48;2;255;255;255m▀[0m[38;2;237;219;193m[48;2;65;65;65m▀[0m[38;2;196;178;152m[48;2;237;219;193m▀[0m[38;2;0;0;0m[48;2;196;178;152m▀[0m[38;2;0;0;0m▄  
      [38;2;0;0;0m[48;2;0;0;0m▀[0m[38;2;29;103;218m[48;2;237;219;193m▀[0m[38;2;58;132;247m[48;2;58;132;247m▀[0m[38;2;237;219;193m[48;2;237;219;193m▀[0m[38;2;150;132;106m[48;2;237;219;193m▀[0m[38;2;150;132;106m[48;2;196;178;152m▀[0m[38;2;196;178;152m[48;2;230;74;41m▀[0m[38;2;196;178;152m[48;2;230;74;41m▀[0m[38;2;0;0;0m[48;2;0;0;0m▀[0m  
       [38;2;0;0;0m▀[38;2;150;132;106m[48;2;0;0;0m▀[0m[38;2;196;178;152m[48;2;65;65;65m▀[0m[38;2;196;178;152m[48;2;0;0;0m▀[0m[38;2;230;74;41m[48;2;0;0;0m▀[0m[38;2;196;178;152m[48;2;150;132;106m▀[0m[38;2;0;0;0m[48;2;0;0;0m▀[0m   
        [38;2;0;0;0m▀[38;2;150;132;106m[48;2;0;0;0m▀[0m[38;2;0;0;0m▀ [38;2;0;0;0m[48;2;0;0;0m▀[0m[38;2;196;178;152m[48;2;196;178;152m▀[0m[38;2;0;0;0m[48;2;0;0;0m▀[0m  
             [38;2;0;0;0m▀   
[0m