     [38;2;0;0;0m▄ [38;2;0;0;0m▄[38;2;0;0;0m[48;2;247;148;41m▀[0m[38;2;0;0;0m[48;2;247;148;41m▀[0m[38;2;0;0;0m[48;2;0;0;0m▀[0m  
    [38;2;0;0;0m[48;2;0;0;0m▀[0m[38;2;247;148;41m[48;2;247;148;41m▀[0m[38;2;0;0;0m[48;2;247;148;41m▀[0m[38;2;247;148;41m[48;2;247;148;41m▀[0m[38;2;247;148;41m[48;2;214;99;66m▀[0m[38;2;214;99;66m[48;2;247;148;41m▀[0m[38;2;0;0;0m[48;2;247;148;41m▀[0m[38;2;0;0;0m[48;2;0;0;0m▀[0m 
  [38;2;0;0;0m▄[38;2;0;0;0m▄[38;2;0;0;0m[48;2;255;222;41m▀[0m[38;2;247;148;41m[48;2;247;148;41m▀[0m[38;2;247;148;41m[48;2;230;165;66m▀[0m[38;2;247;148;41m[48;2;247;148;41m▀[0m[38;2;247;148;41m[48;2;214;99;66m▀[0m[38;2;247;148;41m[48;2;65;65;65m▀[0m[38;2;214;99;66m[48;2;0;0;0m▀[0m[38;2;0;0;0m▀ 
[38;2;0;0;0m▄[38;2;0;0;0m[48;2;255;222;41m▀[0m[38;2;255;222;41m[48;2;255;222;41m▀[0m[38;2;255;222;41m[48;2;255;222;41m▀[0m[38;2;255;222;41m[48;2;255;222;41m▀[0m[38;2;230;165;66m[48;2;255;222;41m▀[0m[38;2;255;222;41m[48;2;255;222;41m▀[0m[38;2;230;165;66m[48;2;255;222;41m▀[0m[38;2;230;165;66m[48;2;255;222;41m▀[0m[38;2;255;222;41m[48;2;255;222;41m▀[0m[38;2;194;107;25m[48;2;255;222;41m▀[0m[38;2;0;0;0m[48;2;0;0;0m▀[0m 
[38;2;0;0;0m[48;2;0;0;0m▀[0m[38;2;255;255;255m[48;2;0;0;0m▀[0m[38;2;255;222;41m[48;2;230;165;66m▀[0m[38;2;255;222;41m[48;2;230;165;66m▀[0m[38;2;255;222;41m[48;2;255;222;41m▀[0m[38;2;255;222;41m[48;2;255;222;41m▀[0m[38;2;255;222;41m[48;2;255;222;41m▀[0m[38;2;255;222;41m[48;2;255;222;41m▀[0m[38;2;255;222;41m[48;2;255;222;41m▀[0m[38;2;255;222;41m[48;2;255;222;41m▀[0m[38;2;255;222;41m[48;2;255;222;41m▀[0m[38;2;230;165;66m[48;2;230;165;66m▀[0m[38;2;0;0;0m[48;2;0;0;0m▀[0m
[38;2;0;0;0m▀[38;2;230;165;66m[48;2;0;0;0m▀[0m[38;2;230;214;107m[48;2;181;140;49m▀[0m[38;2;230;214;107m[48;2;230;214;107m▀[0m[38;2;194;107;25m[48;2;230;214;107m▀[0m[38;2;255;222;41m[48;2;194;107;25m▀[0m[38;2;255;222;41m[48;2;230;165;66m▀[0m[38;2;255;255;255m[48;2;65;65;65m▀[0m[38;2;0;0;0m[48;2;0;0;0m▀[0m[38;2;255;222;41m[48;2;230;165;66m▀[0m[38;2;230;165;66m[48;2;230;165;66m▀[0m[38;2;230;165;66m[48;2;0;0;0m▀[0m[38;2;0;0;0m▀
  [38;2;0;0;0m[48;2;0;0;0m▀[0m[38;2;194;107;25m[48;2;247;148;41m▀[0m[38;2;194;107;25m[48;2;214;99;66m▀[0m[38;2;230;165;66m[48;2;230;165;66m▀[0m[38;2;230;165;66m[48;2;230;165;66m▀[0m[38;2;230;165;66m[48;2;247;148;41m▀[0m[38;2;230;165;66m[48;2;214;99;66m▀[0m[38;2;230;165;66m[48;2;247;148;41m▀[0m[38;2;65;65;65m[48;2;247;148;41m▀[0m[38;2;247;148;41m[48;2;214;99;66m▀[0m[38;2;0;0;0m[48;2;0;0;0m▀[0m
   [38;2;0;0;0m▀[38;2;194;107;25m[48;2;0;0;0m▀[0m[38;2;230;165;66m[48;2;194;107;25m▀[0m[38;2;230;165;66m[48;2;194;107;25m▀[0m[38;2;194;107;25m[48;2;230;165;66m▀[0m[38;2;247;148;41m[48;2;194;107;25m▀[0m[38;2;247;148;41m[48;2;194;107;25m▀[0m[38;2;214;99;66m[48;2;230;165;66m▀[0m[38;2;194;107;25m[48;2;0;0;0m▀[0m[38;2;0;0;0m▀
     [38;2;0;0;0m[48;2;0;0;0m▀[0m[38;2;230;214;107m[48;2;0;0;0m▀[0m[38;2;0;0;0m▀[38;2;230;165;66m[48;2;0;0;0m▀[0m[38;2;230;165;66m[48;2;230;214;107m▀[0m[38;2;194;107;25m[48;2;0;0;0m▀[0m[38;2;0;0;0m▀ 
        [38;2;0;0;0m▀[38;2;0;0;0m▀   
[0m