       [38;2;0;0;0m▄[38;2;0;0;0m[48;2;66;178;189m▀[0m[38;2;0;0;0m[48;2;66;178;189m▀[0m[38;2;0;0;0m▄[38;2;0;0;0m▄[38;2;0;0;0m▄        
      [38;2;0;0;0m[48;2;0;0;0m▀[0m[38;2;58;206;187m[48;2;58;206;187m▀[0m[38;2;58;206;187m[48;2;74;137;165m▀[0m[38;2;66;96;140m[48;2;58;206;187m▀[0m[38;2;58;206;187m[48;2;58;206;187m▀[0m[38;2;58;206;187m[48;2;58;206;187m▀[0m[38;2;66;96;140m[48;2;58;206;187m▀[0m[38;2;0;0;0m[48;2;0;0;0m▀[0m       
 [38;2;0;0;0m▄[38;2;0;0;0m▄  [38;2;0;0;0m[48;2;0;0;0m▀[0m[38;2;255;173;82m[48;2;255;173;82m▀[0m[38;2;58;206;187m[48;2;58;206;187m▀[0m[38;2;74;137;165m[48;2;74;137;165m▀[0m[38;2;58;206;187m[48;2;58;206;187m▀[0m[38;2;58;206;187m[48;2;66;178;189m▀[0m[38;2;58;206;187m[48;2;0;0;0m▀[0m[38;2;66;178;189m[48;2;255;173;82m▀[0m[38;2;0;0;0m[48;2;66;178;189m▀[0m[38;2;0;0;0m▄      
[38;2;0;0;0m[48;2;0;0;0m▀[0m[38;2;66;178;189m[48;2;74;137;165m▀[0m[38;2;0;0;0m[48;2;66;96;140m▀[0m[38;2;0;0;0m▄[38;2;0;0;0m▄[38;2;0;0;0m[48;2;58;206;187m▀[0m[38;2;74;137;165m[48;2;58;206;187m▀[0m[38;2;58;206;187m[48;2;58;206;187m▀[0m[38;2;58;206;187m[48;2;58;206;187m▀[0m[38;2;66;178;189m[48;2;66;178;189m▀[0m[38;2;255;255;255m[48;2;246;230;41m▀[0m[38;2;65;65;65m[48;2;0;0;0m▀[0m[38;2;246;230;41m[48;2;246;230;41m▀[0m[38;2;66;178;189m[48;2;74;137;165m▀[0m[38;2;0;0;0m[48;2;0;0;0m▀[0m      
[38;2;0;0;0m▀[38;2;65;65;65m[48;2;0;0;0m▀[0m[38;2;74;137;165m[48;2;0;0;0m▀[0m[38;2;74;137;165m[48;2;0;0;0m▀[0m[38;2;65;65;65m[48;2;74;137;165m▀[0m[38;2;58;206;187m[48;2;65;65;65m▀[0m[38;2;58;206;187m[48;2;58;206;187m▀[0m[38;2;66;178;189m[48;2;58;206;187m▀[0m[38;2;58;206;187m[48;2;58;206;187m▀[0m[38;2;58;206;187m[48;2;74;137;165m▀[0m[38;2;58;206;187m[48;2;222;192;117m▀[0m[38;2;246;230;41m[48;2;222;192;117m▀[0m[38;2;74;137;165m[48;2;0;0;0m▀[0m[38;2;0;0;0m▀  [38;2;0;0;0m▄[38;2;0;0;0m[48;2;58;206;187m▀[0m[38;2;0;0;0m[48;2;65;65;65m▀[0m[38;2;0;0;0m▄ 
    [38;2;0;0;0m▀[38;2;0;0;0m▀[38;2;0;0;0m▀[38;2;74;137;165m[48;2;0;0;0m▀[0m[38;2;74;137;165m[48;2;192;162;87m▀[0m[38;2;222;192;117m[48;2;74;137;165m▀[0m[38;2;192;162;87m[48;2;74;137;165m▀[0m[38;2;74;137;165m[48;2;65;65;65m▀[0m[38;2;0;0;0m[48;2;74;137;165m▀[0m[38;2;0;0;0m[48;2;66;178;189m▀[0m[38;2;0;0;0m[48;2;58;206;187m▀[0m[38;2;65;65;65m[48;2;58;206;187m▀[0m[38;2;58;206;187m[48;2;58;206;187m▀[0m[38;2;58;206;187m[48;2;66;96;140m▀[0m[38;2;66;96;140m[48;2;0;0;0m▀[0m[38;2;66;178;189m[48;2;0;0;0m▀[0m[38;2;0;0;0m▀
      [38;2;0;0;0m▄[38;2;0;0;0m[48;2;192;162;87m▀[0m[38;2;245;215;140m[48;2;245;215;140m▀[0m[38;2;222;192;117m[48;2;245;215;140m▀[0m[38;2;66;178;189m[48;2;222;192;117m▀[0m[38;2;65;65;65m[48;2;66;178;189m▀[0m[38;2;65;65;65m[48;2;0;0;0m▀[0m[38;2;0;0;0m▀[38;2;0;0;0m▀[38;2;0;0;0m▀[38;2;0;0;0m▀[38;2;0;0;0m▀[38;2;0;0;0m▄[38;2;0;0;0m▄ 
      [38;2;0;0;0m[48;2;0;0;0m▀[0m[38;2;245;215;140m[48;2;192;162;87m▀[0m[38;2;245;215;140m[48;2;192;162;87m▀[0m[38;2;222;192;117m[48;2;222;192;117m▀[0m[38;2;192;162;87m[48;2;192;162;87m▀[0m[38;2;66;178;189m[48;2;66;178;189m▀[0m[38;2;65;65;65m[48;2;65;65;65m▀[0m[38;2;0;0;0m[48;2;65;65;65m▀[0m[38;2;0;0;0m[48;2;157;54;49m▀[0m[38;2;0;0;0m[48;2;157;54;49m▀[0m[38;2;0;0;0m[48;2;222;67;65m▀[0m[38;2;0;0;0m[48;2;157;54;49m▀[0m[38;2;222;67;65m[48;2;157;54;49m▀[0m[38;2;157;54;49m[48;2;222;67;65m▀[0m[38;2;0;0;0m[48;2;0;0;0m▀[0m
     [38;2;0;0;0m[48;2;0;0;0m▀[0m[38;2;65;65;65m[48;2;66;178;189m▀[0m[38;2;65;65;65m[48;2;74;137;165m▀[0m[38;2;222;192;117m[48;2;65;65;65m▀[0m[38;2;192;162;87m[48;2;0;0;0m▀[0m[38;2;66;178;189m[48;2;0;0;0m▀[0m[38;2;66;96;140m[48;2;74;137;165m▀[0m[38;2;74;137;165m[48;2;74;137;165m▀[0m[38;2;0;0;0m[48;2;0;0;0m▀[0m[38;2;0;0;0m▀[38;2;157;54;49m[48;2;0;0;0m▀[0m[38;2;157;54;49m[48;2;0;0;0m▀[0m[38;2;222;67;65m[48;2;0;0;0m▀[0m[38;2;222;67;65m[48;2;0;0;0m▀[0m[38;2;0;0;0m▀ 
      [38;2;0;0;0m▀[38;2;0;0;0m▀[38;2;0;0;0m▀ [38;2;0;0;0m[48;2;0;0;0m▀[0m[38;2;74;137;165m[48;2;58;206;187m▀[0m[38;2;66;178;189m[48;2;65;65;65m▀[0m[38;2;74;137;165m[48;2;58;206;187m▀[0m[38;2;0;0;0m[48;2;0;0;0m▀[0m      
           [38;2;0;0;0m▀[38;2;0;0;0m▀[38;2;0;0;0m▀       
[0m