     [38;2;0;0;0m▄[38;2;0;0;0m[48;2;129;207;1m▀[0m[38;2;0;0;0m[48;2;129;207;1m▀[0m[38;2;0;0;0m▄[38;2;0;0;0m▄ [38;2;0;0;0m▄[38;2;0;0;0m▄        
    [38;2;0;0;0m▄[38;2;0;0;0m[48;2;129;207;1m▀[0m[38;2;65;65;65m[48;2;129;207;1m▀[0m[38;2;129;207;1m[48;2;129;207;1m▀[0m[38;2;129;207;1m[48;2;129;207;1m▀[0m[38;2;129;207;1m[48;2;129;207;1m▀[0m[38;2;0;0;0m[48;2;129;207;1m▀[0m[38;2;129;207;1m[48;2;222;197;74m▀[0m[38;2;129;207;1m[48;2;129;207;1m▀[0m[38;2;0;0;0m[48;2;0;0;0m▀[0m       
   [38;2;0;0;0m[48;2;0;0;0m▀[0m[38;2;123;123;123m[48;2;222;197;74m▀[0m[38;2;65;65;65m[48;2;255;239;115m▀[0m[38;2;129;207;1m[48;2;255;239;115m▀[0m[38;2;109;174;1m[48;2;255;239;115m▀[0m[38;2;129;207;1m[48;2;0;0;0m▀[0m[38;2;129;207;1m[48;2;255;255;255m▀[0m[38;2;129;207;1m[48;2;129;207;1m▀[0m[38;2;129;207;1m[48;2;129;207;1m▀[0m[38;2;65;65;65m[48;2;109;174;1m▀[0m[38;2;0;0;0m[48;2;0;0;0m▀[0m       
  [38;2;0;0;0m▄[38;2;0;0;0m[48;2;109;174;1m▀[0m[38;2;255;239;115m[48;2;65;65;65m▀[0m[38;2;255;239;115m[48;2;222;197;74m▀[0m[38;2;255;239;115m[48;2;255;239;115m▀[0m[38;2;255;239;115m[48;2;255;239;115m▀[0m[38;2;255;239;115m[48;2;129;207;1m▀[0m[38;2;129;207;1m[48;2;129;207;1m▀[0m[38;2;129;207;1m[48;2;129;207;1m▀[0m[38;2;129;207;1m[48;2;129;207;1m▀[0m[38;2;129;207;1m[48;2;129;207;1m▀[0m[38;2;109;174;1m[48;2;81;129;1m▀[0m[38;2;0;0;0m[48;2;81;129;1m▀[0m[38;2;0;0;0m▄[38;2;0;0;0m▄    
 [38;2;0;0;0m▄[38;2;0;0;0m[48;2;109;174;1m▀[0m[38;2;65;65;65m[48;2;109;174;1m▀[0m[38;2;109;174;1m[48;2;65;65;65m▀[0m[38;2;65;65;65m[48;2;65;65;65m▀[0m[38;2;65;65;65m[48;2;129;207;1m▀[0m[38;2;129;207;1m[48;2;129;207;1m▀[0m[38;2;129;207;1m[48;2;129;207;1m▀[0m[38;2;129;207;1m[48;2;129;207;1m▀[0m[38;2;129;207;1m[48;2;129;207;1m▀[0m[38;2;81;129;1m[48;2;129;207;1m▀[0m[38;2;129;207;1m[48;2;81;129;1m▀[0m[38;2;129;207;1m[48;2;129;207;1m▀[0m[38;2;129;207;1m[48;2;65;65;65m▀[0m[38;2;81;129;1m[48;2;65;65;65m▀[0m[38;2;129;207;1m[48;2;81;129;1m▀[0m[38;2;0;0;0m[48;2;0;0;0m▀[0m   
[38;2;0;0;0m[48;2;0;0;0m▀[0m[38;2;129;207;1m[48;2;255;255;255m▀[0m[38;2;129;207;1m[48;2;65;65;65m▀[0m[38;2;109;174;1m[48;2;109;174;1m▀[0m[38;2;109;174;1m[48;2;65;65;65m▀[0m[38;2;65;65;65m[48;2;222;197;74m▀[0m[38;2;255;239;115m[48;2;255;239;115m▀[0m[38;2;255;239;115m[48;2;129;207;1m▀[0m[38;2;255;239;115m[48;2;129;207;1m▀[0m[38;2;255;239;115m[48;2;255;239;115m▀[0m[38;2;129;207;1m[48;2;255;239;115m▀[0m[38;2;129;207;1m[48;2;129;207;1m▀[0m[38;2;81;129;1m[48;2;129;207;1m▀[0m[38;2;65;65;65m[48;2;109;174;1m▀[0m[38;2;65;65;65m[48;2;81;129;1m▀[0m[38;2;109;174;1m[48;2;129;207;1m▀[0m[38;2;109;174;1m[48;2;129;207;1m▀[0m[38;2;0;0;0m[48;2;81;129;1m▀[0m[38;2;0;0;0m▄  
 [38;2;0;0;0m▀[38;2;0;0;0m▀[38;2;255;255;255m[48;2;0;0;0m▀[0m[38;2;65;65;65m[48;2;109;174;1m▀[0m[38;2;255;239;115m[48;2;255;239;115m▀[0m[38;2;129;207;1m[48;2;129;207;1m▀[0m[38;2;129;207;1m[48;2;129;207;1m▀[0m[38;2;129;207;1m[48;2;129;207;1m▀[0m[38;2;129;207;1m[48;2;109;174;1m▀[0m[38;2;255;239;115m[48;2;255;239;115m▀[0m[38;2;129;207;1m[48;2;109;174;1m▀[0m[38;2;109;174;1m[48;2;109;174;1m▀[0m[38;2;65;65;65m[48;2;65;65;65m▀[0m[38;2;109;174;1m[48;2;129;207;1m▀[0m[38;2;129;207;1m[48;2;129;207;1m▀[0m[38;2;129;207;1m[48;2;129;207;1m▀[0m[38;2;129;207;1m[48;2;129;207;1m▀[0m[38;2;0;0;0m[48;2;0;0;0m▀[0m  
  [38;2;0;0;0m[48;2;0;0;0m▀[0m[38;2;109;174;1m[48;2;109;174;1m▀[0m[38;2;109;174;1m[48;2;81;129;1m▀[0m[38;2;222;197;74m[48;2;109;174;1m▀[0m[38;2;222;197;74m[48;2;222;197;74m▀[0m[38;2;109;174;1m[48;2;222;197;74m▀[0m[38;2;109;174;1m[48;2;222;197;74m▀[0m[38;2;222;197;74m[48;2;222;197;74m▀[0m[38;2;222;197;74m[48;2;109;174;1m▀[0m[38;2;109;174;1m[48;2;109;174;1m▀[0m[38;2;65;65;65m[48;2;65;65;65m▀[0m[38;2;255;255;255m[48;2;65;65;65m▀[0m[38;2;129;207;1m[48;2;255;255;255m▀[0m[38;2;129;207;1m[48;2;65;65;65m▀[0m[38;2;129;207;1m[48;2;255;255;255m▀[0m[38;2;81;129;1m[48;2;65;65;65m▀[0m[38;2;0;0;0m[48;2;109;174;1m▀[0m[38;2;0;0;0m[48;2;109;174;1m▀[0m[38;2;0;0;0m▄
   [38;2;0;0;0m[48;2;0;0;0m▀[0m[38;2;81;129;1m[48;2;109;174;1m▀[0m[38;2;109;174;1m[48;2;81;129;1m▀[0m[38;2;109;174;1m[48;2;109;174;1m▀[0m[38;2;109;174;1m[48;2;109;174;1m▀[0m[38;2;109;174;1m[48;2;109;174;1m▀[0m[38;2;109;174;1m[48;2;109;174;1m▀[0m[38;2;109;174;1m[48;2;109;174;1m▀[0m[38;2;109;174;1m[48;2;81;129;1m▀[0m[38;2;81;129;1m[48;2;109;174;1m▀[0m[38;2;109;174;1m[48;2;109;174;1m▀[0m[38;2;65;65;65m[48;2;109;174;1m▀[0m[38;2;81;129;1m[48;2;81;129;1m▀[0m[38;2;65;65;65m[48;2;65;65;65m▀[0m[38;2;81;129;1m[48;2;81;129;1m▀[0m[38;2;109;174;1m[48;2;81;129;1m▀[0m[38;2;109;174;1m[48;2;81;129;1m▀[0m[38;2;0;0;0m[48;2;0;0;0m▀[0m
  [38;2;0;0;0m[48;2;0;0;0m▀[0m[38;2;255;255;255m[48;2;0;0;0m▀[0m[38;2;81;129;1m▀[38;2;255;255;255m[48;2;0;0;0m▀[0m[38;2;0;0;0m▀[38;2;0;0;0m▀[38;2;109;174;1m[48;2;0;0;0m▀[0m[38;2;109;174;1m[48;2;0;0;0m▀[0m[38;2;109;174;1m[48;2;0;0;0m▀[0m[38;2;65;65;65m[48;2;0;0;0m▀[0m[38;2;109;174;1m[48;2;81;129;1m▀[0m[38;2;109;174;1m[48;2;109;174;1m▀[0m[38;2;109;174;1m[48;2;109;174;1m▀[0m[38;2;109;174;1m[48;2;81;129;1m▀[0m[38;2;81;129;1m[48;2;81;129;1m▀[0m[38;2;65;65;65m[48;2;0;0;0m▀[0m[38;2;0;0;0m▀[38;2;0;0;0m▀ 
            [38;2;0;0;0m[48;2;0;0;0m▀[0m[38;2;81;129;1m[48;2;255;255;255m▀[0m[38;2;81;129;1m[48;2;0;0;0m▀[0m[38;2;81;129;1m[48;2;255;255;255m▀[0m[38;2;0;0;0m[48;2;0;0;0m▀[0m    
             [38;2;0;0;0m▀ [38;2;0;0;0m▀     
[0m