    [38;2;0;0;0m▄[38;2;0;0;0m[48;2;255;136;106m▀[0m[38;2;0;0;0m▄               
   [38;2;0;0;0m▄[38;2;0;0;0m[48;2;252;137;109m▀[0m[38;2;255;136;106m[48;2;252;137;109m▀[0m[38;2;0;0;0m[48;2;0;0;0m▀[0m               
   [38;2;0;0;0m[48;2;0;0;0m▀[0m[38;2;252;137;109m[48;2;246;86;65m▀[0m[38;2;246;83;65m[48;2;246;86;65m▀[0m[38;2;0;0;0m[48;2;0;0;0m▀[0m          [38;2;0;0;0m▄[38;2;0;0;0m▄[38;2;0;0;0m▄[38;2;0;0;0m▄ 
  [38;2;0;0;0m▄[38;2;0;0;0m[48;2;246;83;65m▀[0m[38;2;246;86;65m[48;2;246;86;65m▀[0m[38;2;246;86;65m[48;2;246;86;65m▀[0m[38;2;246;83;65m[48;2;246;87;65m▀[0m[38;2;0;0;0m[48;2;0;0;0m▀[0m  [38;2;0;0;0m▄[38;2;0;0;0m▄[38;2;0;0;0m▄[38;2;0;0;0m[48;2;246;102;82m▀[0m[38;2;0;0;0m[48;2;246;83;65m▀[0m[38;2;0;0;0m[48;2;246;83;65m▀[0m[38;2;0;0;0m[48;2;246;83;65m▀[0m[38;2;246;83;65m[48;2;180;53;41m▀[0m[38;2;246;87;65m[48;2;180;53;41m▀[0m[38;2;164;58;43m[48;2;219;187;173m▀[0m[38;2;172;58;41m[48;2;0;0;0m▀[0m[38;2;0;0;0m▀
  [38;2;0;0;0m[48;2;0;0;0m▀[0m[38;2;246;83;65m[48;2;246;83;65m▀[0m[38;2;246;86;65m[48;2;246;86;65m▀[0m[38;2;246;86;65m[48;2;246;86;65m▀[0m[38;2;246;87;65m[48;2;180;49;41m▀[0m[38;2;164;58;43m[48;2;230;99;79m▀[0m[38;2;0;0;0m[48;2;252;139;109m▀[0m[38;2;0;0;0m[48;2;252;139;109m▀[0m[38;2;255;136;106m[48;2;255;136;106m▀[0m[38;2;255;136;106m[48;2;255;136;106m▀[0m[38;2;246;102;82m[48;2;175;56;43m▀[0m[38;2;246;102;82m[48;2;175;56;43m▀[0m[38;2;172;57;43m[48;2;49;48;49m▀[0m[38;2;172;57;43m[48;2;49;48;49m▀[0m[38;2;180;53;41m[48;2;207;198;204m▀[0m[38;2;226;193;177m[48;2;207;198;204m▀[0m[38;2;219;187;173m[48;2;0;0;0m▀[0m[38;2;8;0;0m▀  
  [38;2;0;0;0m[48;2;41;0;0m▀[0m[38;2;246;83;65m[48;2;246;83;65m▀[0m[38;2;246;86;65m[48;2;246;86;65m▀[0m[38;2;246;86;65m[48;2;246;86;65m▀[0m[38;2;230;99;79m[48;2;255;136;106m▀[0m[38;2;255;123;98m[48;2;255;136;106m▀[0m[38;2;252;139;109m[48;2;172;58;41m▀[0m[38;2;252;139;109m[48;2;172;58;41m▀[0m[38;2;172;56;41m[48;2;186;190;205m▀[0m[38;2;172;56;41m[48;2;57;52;49m▀[0m[38;2;49;48;49m[48;2;49;48;49m▀[0m[38;2;49;48;49m[48;2;49;48;49m▀[0m[38;2;49;48;49m[48;2;207;198;204m▀[0m[38;2;207;198;204m[48;2;207;198;204m▀[0m[38;2;207;198;204m[48;2;0;0;0m▀[0m[38;2;0;0;0m▀    
[38;2;0;0;0m▄[38;2;0;0;0m[48;2;60;129;169m▀[0m[38;2;239;232;243m[48;2;220;234;255m▀[0m[38;2;112;71;52m[48;2;112;71;52m▀[0m[38;2;246;86;65m[48;2;211;105;84m▀[0m[38;2;246;86;65m[48;2;189;51;41m▀[0m[38;2;172;56;41m[48;2;234;238;255m▀[0m[38;2;172;56;41m[48;2;234;238;255m▀[0m[38;2;234;238;255m[48;2;243;245;255m▀[0m[38;2;234;238;255m[48;2;243;245;255m▀[0m[38;2;240;243;255m[48;2;234;239;255m▀[0m[38;2;186;190;205m[48;2;234;239;255m▀[0m[38;2;49;48;49m[48;2;207;198;204m▀[0m[38;2;207;198;204m[48;2;207;198;204m▀[0m[38;2;207;198;204m[48;2;0;0;0m▀[0m[38;2;0;0;0m▀      
[38;2;0;0;0m[48;2;0;0;0m▀[0m[38;2;90;194;255m[48;2;164;186;189m▀[0m[38;2;93;102;115m[48;2;234;238;255m▀[0m[38;2;220;234;255m[48;2;234;238;255m▀[0m[38;2;189;51;41m[48;2;234;239;255m▀[0m[38;2;240;242;255m[48;2;234;239;255m▀[0m[38;2;234;238;255m[48;2;127;192;230m▀[0m[38;2;180;222;255m[48;2;246;255;255m▀[0m[38;2;180;222;255m[48;2;255;255;255m▀[0m[38;2;16;125;189m[48;2;16;125;189m▀[0m[38;2;234;239;255m[48;2;16;125;189m▀[0m[38;2;234;239;255m[48;2;220;222;239m▀[0m[38;2;207;198;204m[48;2;207;198;204m▀[0m[38;2;0;0;0m[48;2;0;0;0m▀[0m        
[38;2;0;0;0m▀[38;2;164;186;189m[48;2;0;0;0m▀[0m[38;2;148;103;74m[48;2;234;238;255m▀[0m[38;2;234;238;255m[48;2;234;238;255m▀[0m[38;2;234;239;255m[48;2;234;238;255m▀[0m[38;2;234;239;255m[48;2;234;238;255m▀[0m[38;2;127;192;230m[48;2;231;234;255m▀[0m[38;2;8;129;205m[48;2;139;210;255m▀[0m[38;2;16;125;189m[48;2;16;125;189m▀[0m[38;2;16;125;189m[48;2;16;125;189m▀[0m[38;2;16;125;189m[48;2;207;198;204m▀[0m[38;2;220;222;239m[48;2;207;198;204m▀[0m[38;2;207;198;204m[48;2;0;0;0m▀[0m[38;2;0;0;0m▀  [38;2;0;0;0m▄[38;2;0;0;0m▄[38;2;0;0;0m▄   
  [38;2;0;0;0m▀[38;2;234;238;255m[48;2;0;0;0m▀[0m[38;2;180;76;49m[48;2;68;49;41m▀[0m[38;2;202;128;90m[48;2;182;170;170m▀[0m[38;2;208;195;181m[48;2;184;172;173m▀[0m[38;2;231;234;255m[48;2;184;172;173m▀[0m[38;2;207;198;204m[48;2;207;198;204m▀[0m[38;2;207;198;204m[48;2;123;120;118m▀[0m[38;2;207;198;204m[48;2;0;0;0m▀[0m[38;2;0;0;0m▀ [38;2;0;0;0m▄[38;2;0;0;0m[48;2;205;198;205m▀[0m[38;2;0;0;0m[48;2;205;198;205m▀[0m[38;2;207;198;204m[48;2;207;198;204m▀[0m[38;2;207;198;204m[48;2;123;120;118m▀[0m[38;2;207;198;204m[48;2;132;129;128m▀[0m[38;2;0;0;0m[48;2;0;0;0m▀[0m  
 [38;2;0;0;0m▄[38;2;0;0;0m[48;2;123;120;119m▀[0m[38;2;207;198;204m[48;2;191;181;183m▀[0m[38;2;182;170;170m[48;2;207;198;204m▀[0m[38;2;0;0;8m[48;2;207;198;204m▀[0m[38;2;49;48;49m[48;2;123;120;118m▀[0m[38;2;49;48;49m[48;2;207;198;204m▀[0m[38;2;123;120;118m[48;2;207;198;204m▀[0m[38;2;207;198;204m[48;2;123;120;118m▀[0m[38;2;207;198;204m[48;2;186;190;205m▀[0m[38;2;0;0;0m[48;2;186;190;205m▀[0m[38;2;0;0;0m[48;2;234;239;255m▀[0m[38;2;49;48;49m[48;2;234;239;255m▀[0m[38;2;205;198;205m[48;2;49;48;49m▀[0m[38;2;205;198;205m[48;2;185;174;175m▀[0m[38;2;207;198;204m[48;2;207;198;204m▀[0m[38;2;207;198;204m[48;2;123;120;118m▀[0m[38;2;209;190;186m[48;2;0;0;0m▀[0m[38;2;0;0;0m▀  
  [38;2;8;0;0m▀[38;2;123;120;119m[48;2;0;0;0m▀[0m[38;2;207;198;204m[48;2;0;0;0m▀[0m[38;2;49;48;49m[48;2;207;198;204m▀[0m[38;2;207;198;204m[48;2;207;198;204m▀[0m[38;2;123;120;118m[48;2;123;120;118m▀[0m[38;2;123;120;118m[48;2;205;198;205m▀[0m[38;2;207;198;204m[48;2;205;198;205m▀[0m[38;2;57;52;49m[48;2;186;190;205m▀[0m[38;2;240;243;255m[48;2;57;52;49m▀[0m[38;2;234;239;255m[48;2;230;227;241m▀[0m[38;2;234;239;255m[48;2;182;170;170m▀[0m[38;2;176;177;184m[48;2;49;48;49m▀[0m[38;2;49;48;49m[48;2;207;198;204m▀[0m[38;2;207;198;204m[48;2;122;119;117m▀[0m[38;2;207;198;204m[48;2;0;0;0m▀[0m[38;2;0;0;0m▀   
    [38;2;0;0;0m[48;2;0;0;0m▀[0m[38;2;207;198;204m[48;2;172;58;41m▀[0m[38;2;207;198;204m[48;2;196;156;155m▀[0m[38;2;207;198;204m[48;2;207;198;204m▀[0m[38;2;205;198;205m[48;2;118;107;91m▀[0m[38;2;205;198;205m[48;2;225;225;241m▀[0m[38;2;240;243;255m[48;2;234;238;255m▀[0m[38;2;240;243;255m[48;2;234;238;255m▀[0m[38;2;57;44;41m[48;2;207;198;204m▀[0m[38;2;57;44;41m[48;2;207;198;204m▀[0m[38;2;207;198;204m[48;2;0;0;0m▀[0m[38;2;207;198;204m[48;2;0;0;0m▀[0m[38;2;0;0;0m▀     
     [38;2;0;0;0m▀[38;2;0;0;0m▀[38;2;0;0;0m▀[38;2;8;0;0m▀[38;2;225;225;241m[48;2;0;0;0m▀[0m[38;2;204;199;208m[48;2;0;0;0m▀[0m[38;2;204;199;208m[48;2;222;69;49m▀[0m[38;2;207;198;204m[48;2;222;69;49m▀[0m[38;2;0;0;0m[48;2;0;0;0m▀[0m        
           [38;2;0;0;0m▀[38;2;0;0;0m▀         
[0m