     [38;2;0;0;0m[48;2;0;0;0m▀[0m[38;2;0;0;0m[48;2;0;0;0m▀[0m[38;2;0;0;0m▄    [38;2;0;0;0m▄[38;2;0;0;0m▄            
[38;2;0;0;0m[48;2;0;0;0m▀[0m[38;2;0;0;0m[48;2;0;0;0m▀[0m[38;2;0;0;0m[48;2;222;199;130m▀[0m[38;2;0;0;0m▄ [38;2;0;0;0m▀[38;2;222;199;130m[48;2;0;0;0m▀[0m[38;2;0;0;0m[48;2;0;0;0m▀[0m   [38;2;0;0;0m[48;2;0;0;0m▀[0m[38;2;65;65;65m[48;2;148;74;66m▀[0m[38;2;0;0;0m[48;2;65;65;65m▀[0m[38;2;0;0;0m[48;2;0;0;0m▀[0m           
 [38;2;0;0;0m▀[38;2;0;0;0m▀[38;2;0;0;0m▀[38;2;0;0;0m▄  [38;2;0;0;0m▀[38;2;0;0;0m▄ [38;2;0;0;0m▄[38;2;0;0;0m[48;2;148;74;66m▀[0m[38;2;148;74;66m[48;2;148;74;66m▀[0m[38;2;65;65;65m[48;2;123;66;58m▀[0m[38;2;0;0;0m[48;2;0;0;0m▀[0m       [38;2;0;0;0m▄[38;2;0;0;0m▄[38;2;0;0;0m▄ 
     [38;2;0;0;0m[48;2;0;0;0m▀[0m  [38;2;0;0;0m[48;2;0;0;0m▀[0m [38;2;0;0;0m[48;2;0;0;0m▀[0m[38;2;148;74;66m[48;2;148;74;66m▀[0m[38;2;123;66;58m[48;2;123;66;58m▀[0m[38;2;148;74;66m[48;2;148;74;66m▀[0m[38;2;0;0;0m[48;2;0;0;0m▀[0m   [38;2;0;0;0m▄[38;2;0;0;0m▄[38;2;0;0;0m[48;2;123;66;58m▀[0m[38;2;0;0;0m[48;2;123;66;58m▀[0m[38;2;123;66;58m[48;2;123;66;58m▀[0m[38;2;65;65;65m[48;2;65;65;65m▀[0m[38;2;65;65;65m[48;2;65;65;65m▀[0m[38;2;0;0;0m[48;2;0;0;0m▀[0m
      [38;2;0;0;0m[48;2;0;0;0m▀[0m[38;2;0;0;0m▄[38;2;0;0;0m[48;2;0;0;0m▀[0m[38;2;0;0;0m▄[38;2;0;0;0m[48;2;0;0;0m▀[0m[38;2;123;66;58m[48;2;123;66;58m▀[0m[38;2;148;74;66m[48;2;140;140;140m▀[0m[38;2;0;0;0m[48;2;0;0;0m▀[0m  [38;2;0;0;0m▄[38;2;0;0;0m[48;2;197;74;58m▀[0m[38;2;197;74;58m[48;2;197;74;58m▀[0m[38;2;197;74;58m[48;2;197;74;58m▀[0m[38;2;197;74;58m[48;2;197;74;58m▀[0m[38;2;123;66;58m[48;2;65;65;65m▀[0m[38;2;65;65;65m[48;2;65;65;65m▀[0m[38;2;65;65;65m[48;2;0;0;0m▀[0m[38;2;0;0;0m▀ 
    [38;2;0;0;0m▄[38;2;0;0;0m[48;2;181;181;189m▀[0m[38;2;65;65;65m[48;2;223;223;223m▀[0m[38;2;223;223;223m[48;2;223;223;223m▀[0m[38;2;101;101;101m[48;2;247;247;247m▀[0m[38;2;223;223;223m[48;2;247;247;247m▀[0m[38;2;119;119;119m[48;2;223;223;223m▀[0m[38;2;65;65;65m[48;2;223;223;223m▀[0m[38;2;197;197;197m[48;2;0;0;0m▀[0m[38;2;0;0;0m▀[38;2;0;0;0m▄[38;2;0;0;0m[48;2;222;123;115m▀[0m[38;2;197;74;58m[48;2;197;74;58m▀[0m[38;2;197;74;58m[48;2;148;74;66m▀[0m[38;2;197;74;58m[48;2;148;74;66m▀[0m[38;2;148;74;66m[48;2;197;74;58m▀[0m[38;2;148;74;66m[48;2;197;74;58m▀[0m[38;2;53;53;53m[48;2;222;123;115m▀[0m[38;2;53;53;53m[48;2;65;65;65m▀[0m[38;2;0;0;0m[48;2;65;65;65m▀[0m[38;2;0;0;0m▄ 
   [38;2;0;0;0m[48;2;0;0;0m▀[0m[38;2;181;181;189m[48;2;166;166;166m▀[0m[38;2;0;0;0m[48;2;65;65;65m▀[0m[38;2;223;223;223m[48;2;247;247;247m▀[0m[38;2;247;247;247m[48;2;166;166;166m▀[0m[38;2;166;166;166m[48;2;65;65;65m▀[0m[38;2;65;65;65m[48;2;255;255;255m▀[0m[38;2;166;166;166m[48;2;65;65;65m▀[0m[38;2;223;223;223m[48;2;166;166;166m▀[0m[38;2;119;119;119m[48;2;223;223;223m▀[0m[38;2;0;0;0m[48;2;65;65;65m▀[0m[38;2;65;65;65m[48;2;255;255;255m▀[0m[38;2;65;65;65m[48;2;65;65;65m▀[0m[38;2;148;74;66m[48;2;65;65;65m▀[0m[38;2;197;74;58m[48;2;197;74;58m▀[0m[38;2;197;74;58m[48;2;197;74;58m▀[0m[38;2;197;74;58m[48;2;148;74;66m▀[0m[38;2;123;66;58m[48;2;148;74;66m▀[0m[38;2;123;66;58m[48;2;53;53;53m▀[0m[38;2;65;65;65m[48;2;53;53;53m▀[0m[38;2;65;65;65m[48;2;65;65;65m▀[0m[38;2;0;0;0m[48;2;0;0;0m▀[0m 
   [38;2;0;0;0m▀[38;2;65;65;65m[48;2;0;0;0m▀[0m[38;2;223;223;223m[48;2;65;65;65m▀[0m[38;2;247;247;247m[48;2;247;247;249m▀[0m[38;2;65;65;65m[48;2;247;247;249m▀[0m[38;2;255;255;255m[48;2;65;65;65m▀[0m[38;2;0;0;0m[48;2;65;65;65m▀[0m[38;2;255;255;255m[48;2;65;65;65m▀[0m[38;2;65;65;65m[48;2;247;247;249m▀[0m[38;2;247;247;249m[48;2;65;65;65m▀[0m[38;2;65;65;65m[48;2;140;140;140m▀[0m[38;2;140;140;140m[48;2;65;65;65m▀[0m[38;2;255;255;255m[48;2;197;197;197m▀[0m[38;2;255;255;255m[48;2;65;65;65m▀[0m[38;2;148;74;66m[48;2;65;65;65m▀[0m[38;2;148;74;66m[48;2;197;74;58m▀[0m[38;2;197;74;58m[48;2;197;74;58m▀[0m[38;2;222;123;115m[48;2;123;66;58m▀[0m[38;2;65;65;65m[48;2;65;65;65m▀[0m[38;2;65;65;65m[48;2;65;65;65m▀[0m[38;2;0;0;0m[48;2;0;0;0m▀[0m  
     [38;2;0;0;0m▀[38;2;0;0;0m▀[38;2;123;123;123m[48;2;0;0;0m▀[0m[38;2;247;247;249m[48;2;0;0;0m▀[0m[38;2;247;247;249m[48;2;65;65;65m▀[0m[38;2;247;247;249m[48;2;65;65;65m▀[0m[38;2;65;65;65m[48;2;123;123;123m▀[0m[38;2;123;123;123m[48;2;65;65;65m▀[0m[38;2;65;65;65m[48;2;140;140;140m▀[0m[38;2;140;140;140m[48;2;197;197;197m▀[0m[38;2;140;140;140m[48;2;65;65;65m▀[0m[38;2;65;65;65m[48;2;53;53;53m▀[0m[38;2;65;65;65m[48;2;53;53;53m▀[0m[38;2;65;65;65m[48;2;53;53;53m▀[0m[38;2;65;65;65m[48;2;53;53;53m▀[0m[38;2;65;65;65m[48;2;0;0;0m▀[0m[38;2;0;0;0m▀[38;2;0;0;0m▀   
         [38;2;0;0;0m[48;2;0;0;0m▀[0m[38;2;247;247;249m[48;2;65;65;65m▀[0m[38;2;166;166;166m[48;2;247;247;249m▀[0m[38;2;65;65;65m[48;2;247;247;249m▀[0m[38;2;140;140;140m[48;2;65;65;65m▀[0m[38;2;65;65;65m[48;2;140;140;140m▀[0m[38;2;255;255;255m[48;2;65;65;65m▀[0m[38;2;65;65;65m[48;2;140;140;140m▀[0m[38;2;255;255;255m[48;2;255;255;255m▀[0m[38;2;255;255;255m[48;2;197;197;197m▀[0m[38;2;197;197;197m[48;2;197;197;197m▀[0m[38;2;65;65;65m[48;2;65;65;65m▀[0m[38;2;0;0;0m[48;2;0;0;0m▀[0m    
       [38;2;0;0;0m▄[38;2;0;0;0m[48;2;65;65;65m▀[0m[38;2;222;199;130m[48;2;0;0;0m▀[0m[38;2;0;0;0m▀[38;2;65;65;65m[48;2;0;0;0m▀[0m[38;2;65;65;65m[48;2;222;199;130m▀[0m[38;2;223;223;223m[48;2;0;0;0m▀[0m[38;2;0;0;0m▀[38;2;255;255;255m[48;2;0;0;0m▀[0m[38;2;255;255;255m[48;2;197;197;197m▀[0m[38;2;140;140;140m[48;2;197;197;197m▀[0m[38;2;140;140;140m[48;2;65;65;65m▀[0m[38;2;65;65;65m[48;2;65;65;65m▀[0m[38;2;65;65;65m[48;2;0;0;0m▀[0m[38;2;0;0;0m▀    
       [38;2;0;0;0m▀[38;2;0;0;0m▀  [38;2;0;0;0m[48;2;0;0;0m▀[0m[38;2;65;65;65m[48;2;65;65;65m▀[0m[38;2;0;0;0m[48;2;0;0;0m▀[0m  [38;2;0;0;0m▀[38;2;0;0;0m▀[38;2;0;0;0m▀[38;2;0;0;0m▀      
            [38;2;0;0;0m▀             
[0m