     [38;2;0;0;0m[48;2;0;0;0m▀[0m[38;2;0;0;0m[48;2;0;0;0m▀[0m[38;2;0;0;0m▄    [38;2;0;0;0m▄[38;2;0;0;0m▄            
[38;2;0;0;0m[48;2;0;0;0m▀[0m[38;2;0;0;0m[48;2;0;0;0m▀[0m[38;2;0;0;0m[48;2;222;199;130m▀[0m[38;2;0;0;0m▄ [38;2;0;0;0m▀[38;2;222;199;130m[48;2;0;0;0m▀[0m[38;2;0;0;0m[48;2;0;0;0m▀[0m   [38;2;0;0;0m[48;2;0;0;0m▀[0m[38;2;65;65;65m[48;2;189;107;58m▀[0m[38;2;0;0;0m[48;2;65;65;65m▀[0m[38;2;0;0;0m[48;2;0;0;0m▀[0m           
 [38;2;0;0;0m▀[38;2;0;0;0m▀[38;2;0;0;0m▀[38;2;0;0;0m▄  [38;2;0;0;0m▀[38;2;0;0;0m▄ [38;2;0;0;0m▄[38;2;0;0;0m[48;2;206;189;82m▀[0m[38;2;189;107;58m[48;2;189;107;58m▀[0m[38;2;65;65;65m[48;2;132;82;58m▀[0m[38;2;0;0;0m[48;2;0;0;0m▀[0m       [38;2;0;0;0m▄[38;2;0;0;0m▄[38;2;0;0;0m▄ 
     [38;2;0;0;0m[48;2;0;0;0m▀[0m  [38;2;0;0;0m[48;2;0;0;0m▀[0m [38;2;0;0;0m[48;2;0;0;0m▀[0m[38;2;206;189;82m[48;2;206;189;82m▀[0m[38;2;132;82;58m[48;2;181;156;74m▀[0m[38;2;189;107;58m[48;2;189;107;58m▀[0m[38;2;0;0;0m[48;2;0;0;0m▀[0m   [38;2;0;0;0m▄[38;2;0;0;0m▄[38;2;0;0;0m[48;2;189;107;58m▀[0m[38;2;0;0;0m[48;2;189;107;58m▀[0m[38;2;189;107;58m[48;2;189;107;58m▀[0m[38;2;65;65;65m[48;2;65;65;65m▀[0m[38;2;65;65;65m[48;2;65;65;65m▀[0m[38;2;0;0;0m[48;2;0;0;0m▀[0m
      [38;2;0;0;0m[48;2;0;0;0m▀[0m[38;2;0;0;0m▄[38;2;0;0;0m[48;2;0;0;0m▀[0m[38;2;0;0;0m▄[38;2;0;0;0m[48;2;0;0;0m▀[0m[38;2;181;156;74m[48;2;181;156;74m▀[0m[38;2;206;189;82m[48;2;206;189;82m▀[0m[38;2;0;0;0m[48;2;0;0;0m▀[0m  [38;2;0;0;0m▄[38;2;0;0;0m[48;2;255;230;82m▀[0m[38;2;132;82;58m[48;2;255;230;82m▀[0m[38;2;189;107;58m[48;2;189;107;58m▀[0m[38;2;189;107;58m[48;2;230;156;90m▀[0m[38;2;65;65;65m[48;2;65;65;65m▀[0m[38;2;65;65;65m[48;2;65;65;65m▀[0m[38;2;65;65;65m[48;2;0;0;0m▀[0m[38;2;0;0;0m▀ 
    [38;2;0;0;0m▄[38;2;0;0;0m[48;2;181;181;189m▀[0m[38;2;65;65;65m[48;2;223;223;223m▀[0m[38;2;223;223;223m[48;2;223;223;223m▀[0m[38;2;101;101;101m[48;2;247;247;247m▀[0m[38;2;223;223;223m[48;2;247;247;247m▀[0m[38;2;119;119;119m[48;2;223;223;223m▀[0m[38;2;65;65;65m[48;2;223;223;223m▀[0m[38;2;206;189;82m[48;2;0;0;0m▀[0m[38;2;0;0;0m▀[38;2;0;0;0m▄[38;2;0;0;0m[48;2;255;230;82m▀[0m[38;2;255;230;82m[48;2;255;230;82m▀[0m[38;2;255;230;82m[48;2;65;65;65m▀[0m[38;2;189;49;58m[48;2;65;65;65m▀[0m[38;2;189;107;58m[48;2;189;49;58m▀[0m[38;2;132;82;58m[48;2;230;156;90m▀[0m[38;2;132;82;58m[48;2;189;107;58m▀[0m[38;2;132;82;58m[48;2;65;65;65m▀[0m[38;2;0;0;0m[48;2;65;65;65m▀[0m[38;2;0;0;0m▄ 
   [38;2;0;0;0m[48;2;0;0;0m▀[0m[38;2;181;181;189m[48;2;166;166;166m▀[0m[38;2;0;0;0m[48;2;65;65;65m▀[0m[38;2;223;223;223m[48;2;247;247;247m▀[0m[38;2;247;247;247m[48;2;166;166;166m▀[0m[38;2;166;166;166m[48;2;65;65;65m▀[0m[38;2;65;65;65m[48;2;255;255;255m▀[0m[38;2;166;166;166m[48;2;65;65;65m▀[0m[38;2;223;223;223m[48;2;166;166;166m▀[0m[38;2;119;119;119m[48;2;223;223;223m▀[0m[38;2;0;0;0m[48;2;65;65;65m▀[0m[38;2;255;230;82m[48;2;181;156;74m▀[0m[38;2;181;156;74m[48;2;255;230;82m▀[0m[38;2;181;156;74m[48;2;255;230;82m▀[0m[38;2;255;230;82m[48;2;255;230;82m▀[0m[38;2;189;49;58m[48;2;181;156;74m▀[0m[38;2;255;230;82m[48;2;132;82;58m▀[0m[38;2;189;107;58m[48;2;132;82;58m▀[0m[38;2;189;107;58m[48;2;132;82;58m▀[0m[38;2;65;65;65m[48;2;65;65;65m▀[0m[38;2;65;65;65m[48;2;65;65;65m▀[0m[38;2;0;0;0m[48;2;0;0;0m▀[0m 
   [38;2;0;0;0m▀[38;2;65;65;65m[48;2;0;0;0m▀[0m[38;2;223;223;223m[48;2;65;65;65m▀[0m[38;2;247;247;247m[48;2;247;247;249m▀[0m[38;2;65;65;65m[48;2;247;247;249m▀[0m[38;2;255;255;255m[48;2;65;65;65m▀[0m[38;2;0;0;0m[48;2;65;65;65m▀[0m[38;2;255;255;255m[48;2;65;65;65m▀[0m[38;2;65;65;65m[48;2;247;247;249m▀[0m[38;2;247;247;249m[48;2;65;65;65m▀[0m[38;2;65;65;65m[48;2;255;230;82m▀[0m[38;2;255;230;82m[48;2;181;156;74m▀[0m[38;2;181;156;74m[48;2;255;230;82m▀[0m[38;2;181;156;74m[48;2;255;230;82m▀[0m[38;2;181;156;74m[48;2;255;230;82m▀[0m[38;2;255;230;82m[48;2;255;230;82m▀[0m[38;2;189;107;58m[48;2;189;107;58m▀[0m[38;2;189;107;58m[48;2;189;107;58m▀[0m[38;2;65;65;65m[48;2;65;65;65m▀[0m[38;2;65;65;65m[48;2;65;65;65m▀[0m[38;2;0;0;0m[48;2;0;0;0m▀[0m  
     [38;2;0;0;0m▀[38;2;0;0;0m▀[38;2;123;123;123m[48;2;0;0;0m▀[0m[38;2;247;247;249m[48;2;0;0;0m▀[0m[38;2;247;247;249m[48;2;65;65;65m▀[0m[38;2;247;247;249m[48;2;65;65;65m▀[0m[38;2;65;65;65m[48;2;123;123;123m▀[0m[38;2;206;189;82m[48;2;65;65;65m▀[0m[38;2;65;65;65m[48;2;206;189;82m▀[0m[38;2;65;65;65m[48;2;255;230;82m▀[0m[38;2;65;65;65m[48;2;255;230;82m▀[0m[38;2;255;230;82m[48;2;65;65;65m▀[0m[38;2;255;230;82m[48;2;65;65;65m▀[0m[38;2;189;107;58m[48;2;65;65;65m▀[0m[38;2;189;107;58m[48;2;65;65;65m▀[0m[38;2;65;65;65m[48;2;0;0;0m▀[0m[38;2;0;0;0m▀[38;2;0;0;0m▀   
         [38;2;0;0;0m[48;2;0;0;0m▀[0m[38;2;247;247;249m[48;2;65;65;65m▀[0m[38;2;166;166;166m[48;2;247;247;249m▀[0m[38;2;65;65;65m[48;2;247;247;249m▀[0m[38;2;181;156;74m[48;2;65;65;65m▀[0m[38;2;181;156;74m[48;2;255;230;82m▀[0m[38;2;255;230;82m[48;2;181;156;74m▀[0m[38;2;255;230;82m[48;2;181;156;74m▀[0m[38;2;255;230;82m[48;2;230;156;90m▀[0m[38;2;230;156;90m[48;2;189;107;58m▀[0m[38;2;189;107;58m[48;2;189;107;58m▀[0m[38;2;65;65;65m[48;2;65;65;65m▀[0m[38;2;0;0;0m[48;2;0;0;0m▀[0m    
       [38;2;0;0;0m▄[38;2;0;0;0m[48;2;65;65;65m▀[0m[38;2;222;199;130m[48;2;0;0;0m▀[0m[38;2;0;0;0m▀[38;2;65;65;65m[48;2;0;0;0m▀[0m[38;2;65;65;65m[48;2;222;199;130m▀[0m[38;2;223;223;223m[48;2;0;0;0m▀[0m[38;2;0;0;0m▀[38;2;230;156;90m[48;2;0;0;0m▀[0m[38;2;230;156;90m[48;2;189;107;58m▀[0m[38;2;132;82;58m[48;2;189;107;58m▀[0m[38;2;132;82;58m[48;2;65;65;65m▀[0m[38;2;65;65;65m[48;2;65;65;65m▀[0m[38;2;65;65;65m[48;2;0;0;0m▀[0m[38;2;0;0;0m▀    
       [38;2;0;0;0m▀[38;2;0;0;0m▀  [38;2;0;0;0m[48;2;0;0;0m▀[0m[38;2;65;65;65m[48;2;65;65;65m▀[0m[38;2;0;0;0m[48;2;0;0;0m▀[0m  [38;2;0;0;0m▀[38;2;0;0;0m▀[38;2;0;0;0m▀[38;2;0;0;0m▀      
            [38;2;0;0;0m▀             
[0m