           [38;2;0;0;0m▄[38;2;0;0;0m[48;2;112;85;76m▀[0m[38;2;0;0;0m[48;2;0;0;0m▀[0m[38;2;0;0;0m▄       
         [38;2;0;0;0m▄[38;2;0;0;0m▄[38;2;0;0;0m[48;2;112;85;76m▀[0m[38;2;112;85;76m[48;2;76;56;49m▀[0m[38;2;112;85;76m[48;2;0;0;0m▀[0m[38;2;0;0;0m▀       
 [38;2;0;0;0m▄[38;2;0;0;0m▄[38;2;0;0;0m▄[38;2;0;0;0m▄  [38;2;0;0;0m▄[38;2;0;0;0m[48;2;255;255;255m▀[0m[38;2;251;138;179m[48;2;251;138;179m▀[0m[38;2;112;85;76m[48;2;251;138;179m▀[0m[38;2;251;138;179m[48;2;251;138;179m▀[0m[38;2;203;97;139m[48;2;251;138;179m▀[0m[38;2;0;0;0m[48;2;203;97;139m▀[0m[38;2;0;0;0m▄[38;2;0;0;0m▄      
[38;2;0;0;0m▀[38;2;200;152;107m[48;2;0;0;0m▀[0m[38;2;200;152;107m[48;2;200;152;107m▀[0m[38;2;112;85;76m[48;2;161;115;69m▀[0m[38;2;112;85;76m[48;2;112;85;76m▀[0m[38;2;0;0;0m[48;2;112;85;76m▀[0m[38;2;0;0;0m[48;2;65;65;65m▀[0m[38;2;203;97;139m[48;2;203;97;139m▀[0m[38;2;214;66;66m[48;2;251;138;179m▀[0m[38;2;200;152;107m[48;2;138;91;46m▀[0m[38;2;251;138;179m[48;2;251;138;179m▀[0m[38;2;251;138;179m[48;2;214;66;66m▀[0m[38;2;65;65;65m[48;2;255;255;255m▀[0m[38;2;251;138;179m[48;2;203;97;139m▀[0m[38;2;112;85;76m[48;2;161;115;69m▀[0m[38;2;161;115;69m[48;2;0;0;0m▀[0m[38;2;0;0;0m▀     
  [38;2;0;0;0m▀[38;2;200;152;107m[48;2;0;0;0m▀[0m[38;2;200;152;107m[48;2;0;0;0m▀[0m[38;2;65;65;65m[48;2;76;56;49m▀[0m[38;2;200;152;107m[48;2;76;56;49m▀[0m[38;2;161;115;69m[48;2;200;152;107m▀[0m[38;2;203;97;139m[48;2;200;152;107m▀[0m[38;2;251;138;179m[48;2;161;115;69m▀[0m[38;2;200;152;107m[48;2;200;152;107m▀[0m[38;2;251;138;179m[48;2;161;115;69m▀[0m[38;2;203;97;139m[48;2;200;152;107m▀[0m[38;2;161;115;69m[48;2;200;152;107m▀[0m[38;2;200;152;107m[48;2;200;152;107m▀[0m[38;2;200;152;107m[48;2;161;115;69m▀[0m[38;2;0;0;0m[48;2;0;0;0m▀[0m[38;2;0;0;0m▄[38;2;0;0;0m▄[38;2;0;0;0m▄[38;2;0;0;0m▄ 
     [38;2;0;0;0m[48;2;0;0;0m▀[0m[38;2;76;56;49m[48;2;192;184;192m▀[0m[38;2;76;56;49m[48;2;243;235;243m▀[0m[38;2;112;85;76m[48;2;192;184;192m▀[0m[38;2;200;152;107m[48;2;243;235;243m▀[0m[38;2;112;85;76m[48;2;243;235;243m▀[0m[38;2;200;152;107m[48;2;65;65;65m▀[0m[38;2;138;91;46m[48;2;112;85;76m▀[0m[38;2;200;152;107m[48;2;65;65;65m▀[0m[38;2;138;91;46m[48;2;112;85;76m▀[0m[38;2;112;85;76m[48;2;112;85;76m▀[0m[38;2;112;85;76m[48;2;112;85;76m▀[0m[38;2;112;85;76m[48;2;112;85;76m▀[0m[38;2;138;91;46m[48;2;200;152;107m▀[0m[38;2;200;152;107m[48;2;200;152;107m▀[0m[38;2;200;152;107m[48;2;0;0;0m▀[0m[38;2;0;0;0m▀
     [38;2;0;0;0m▀[38;2;112;85;76m[48;2;0;0;0m▀[0m[38;2;243;235;243m[48;2;112;85;76m▀[0m[38;2;76;56;49m[48;2;243;235;243m▀[0m[38;2;112;85;76m[48;2;76;56;49m▀[0m[38;2;243;235;243m[48;2;243;235;243m▀[0m[38;2;243;235;243m[48;2;243;235;243m▀[0m[38;2;243;235;243m[48;2;76;56;49m▀[0m[38;2;243;235;243m[48;2;76;56;49m▀[0m[38;2;76;56;49m[48;2;243;235;243m▀[0m[38;2;76;56;49m[48;2;192;184;192m▀[0m[38;2;112;85;76m[48;2;0;0;0m▀[0m[38;2;200;152;107m[48;2;0;0;0m▀[0m[38;2;0;0;0m▀[38;2;0;0;0m▀  
     [38;2;0;0;0m▄[38;2;0;0;0m[48;2;200;152;107m▀[0m[38;2;65;65;65m[48;2;203;97;139m▀[0m[38;2;192;184;192m[48;2;0;0;0m▀[0m[38;2;243;235;243m[48;2;192;184;192m▀[0m[38;2;243;235;243m[48;2;192;184;192m▀[0m[38;2;76;56;49m[48;2;76;56;49m▀[0m[38;2;112;85;76m[48;2;112;85;76m▀[0m[38;2;112;85;76m[48;2;112;85;76m▀[0m[38;2;76;56;49m[48;2;0;0;0m▀[0m[38;2;0;0;0m▀      
      [38;2;0;0;0m▀[38;2;0;0;0m▀ [38;2;0;0;0m▀[38;2;0;0;0m▀[38;2;65;65;65m[48;2;0;0;0m▀[0m[38;2;76;56;49m[48;2;200;152;107m▀[0m[38;2;203;97;139m[48;2;138;91;46m▀[0m[38;2;0;0;0m[48;2;200;152;107m▀[0m[38;2;0;0;0m▄      
            [38;2;0;0;0m▀[38;2;0;0;0m▀[38;2;0;0;0m▀       
[0m