                   [38;2;0;0;0m▄[38;2;0;0;0m[48;2;255;255;255m▀[0m[38;2;0;0;0m[48;2;255;255;255m▀[0m[38;2;0;0;0m[48;2;255;255;255m▀[0m[38;2;0;0;0m▄ [38;2;0;0;0m▄[38;2;0;0;0m▄[38;2;0;0;0m▄  [38;2;0;0;0m▄[38;2;0;0;0m▄[38;2;0;0;0m▄[38;2;0;0;0m[48;2;214;219;222m▀[0m[38;2;0;0;0m[48;2;214;219;222m▀[0m[38;2;0;0;0m▄      
               [38;2;0;0;0m▄[38;2;66;65;66m▄[38;2;0;0;0m[48;2;255;255;255m▀[0m[38;2;0;0;0m[48;2;255;255;255m▀[0m[38;2;255;255;255m[48;2;255;255;255m▀[0m[38;2;255;255;255m[48;2;211;218;225m▀[0m[38;2;255;255;255m[48;2;211;218;225m▀[0m[38;2;255;255;255m[48;2;211;218;225m▀[0m[38;2;222;231;231m[48;2;222;231;231m▀[0m[38;2;0;0;0m[48;2;222;231;231m▀[0m[38;2;211;218;225m[48;2;255;255;255m▀[0m[38;2;211;218;225m[48;2;255;255;255m▀[0m[38;2;239;243;247m[48;2;239;243;247m▀[0m[38;2;0;0;0m[48;2;239;243;247m▀[0m[38;2;0;0;0m[48;2;239;243;247m▀[0m[38;2;239;243;247m[48;2;239;243;247m▀[0m[38;2;214;219;222m[48;2;214;219;222m▀[0m[38;2;214;219;222m[48;2;0;0;0m▀[0m[38;2;214;219;222m[48;2;0;0;0m▀[0m[38;2;0;0;0m▀       
              [38;2;0;0;0m[48;2;0;0;0m▀[0m[38;2;255;255;255m[48;2;255;255;255m▀[0m[38;2;255;255;255m[48;2;211;218;225m▀[0m[38;2;255;255;255m[48;2;211;218;225m▀[0m[38;2;211;218;225m[48;2;211;218;225m▀[0m[38;2;214;219;222m[48;2;214;219;222m▀[0m[38;2;214;219;222m[48;2;0;0;0m▀[0m[38;2;214;219;222m[48;2;0;0;0m▀[0m[38;2;214;219;222m[48;2;214;219;222m▀[0m[38;2;211;218;225m[48;2;211;218;225m▀[0m[38;2;211;218;225m[48;2;211;218;225m▀[0m[38;2;231;235;239m[48;2;0;0;0m▀[0m[38;2;231;235;239m[48;2;0;0;0m▀[0m[38;2;255;255;255m[48;2;0;0;0m▀[0m[38;2;255;255;255m[48;2;0;0;0m▀[0m[38;2;0;0;0m▀[38;2;0;0;0m▀[38;2;0;0;0m▀          
           [38;2;0;0;0m▄[38;2;0;0;0m[48;2;162;134;107m▀[0m[38;2;0;0;0m[48;2;173;145;118m▀[0m[38;2;222;227;231m[48;2;74;75;77m▀[0m[38;2;214;219;222m[48;2;66;65;66m▀[0m[38;2;214;219;222m[48;2;66;65;66m▀[0m[38;2;214;219;222m[48;2;66;65;66m▀[0m[38;2;66;65;66m[48;2;189;161;134m▀[0m[38;2;0;0;0m[48;2;162;134;107m▀[0m[38;2;0;0;0m▄ [38;2;0;0;0m▀[38;2;0;0;0m▀[38;2;0;0;0m▀                 
           [38;2;0;0;0m▀[38;2;162;134;107m[48;2;0;0;0m▀[0m[38;2;163;135;108m[48;2;163;135;108m▀[0m[38;2;194;166;139m[48;2;163;135;108m▀[0m[38;2;193;165;138m[48;2;162;134;107m▀[0m[38;2;193;165;138m[48;2;162;134;107m▀[0m[38;2;194;166;139m[48;2;163;135;108m▀[0m[38;2;163;135;108m[48;2;163;135;108m▀[0m[38;2;162;134;107m[48;2;0;0;0m▀[0m[38;2;0;0;0m▀                     
            [38;2;0;0;0m▀[38;2;162;134;107m[48;2;0;0;0m▀[0m[38;2;162;134;107m[48;2;162;134;107m▀[0m[38;2;162;134;107m[48;2;162;134;107m▀[0m[38;2;162;134;107m[48;2;162;134;107m▀[0m[38;2;162;134;107m[48;2;162;134;107m▀[0m[38;2;162;134;107m[48;2;0;0;0m▀[0m[38;2;0;0;0m▀  [38;2;0;0;0m▄[38;2;0;0;0m▄                  
             [38;2;0;0;0m[48;2;0;0;0m▀[0m[38;2;162;134;107m[48;2;162;134;107m▀[0m[38;2;162;134;107m[48;2;162;134;107m▀[0m[38;2;162;134;107m[48;2;162;134;107m▀[0m[38;2;162;134;107m[48;2;162;134;107m▀[0m[38;2;0;0;0m[48;2;0;0;0m▀[0m [38;2;0;0;0m▄[38;2;0;0;0m[48;2;198;227;140m▀[0m[38;2;198;227;140m[48;2;198;227;140m▀[0m[38;2;145;171;98m[48;2;214;251;148m▀[0m[38;2;8;12;0m[48;2;145;171;98m▀[0m[38;2;0;0;0m▄             [38;2;0;0;0m▄[38;2;0;0;0m▄ 
             [38;2;0;0;0m[48;2;0;0;0m▀[0m[38;2;162;134;107m[48;2;162;134;107m▀[0m[38;2;162;134;107m[48;2;162;134;107m▀[0m[38;2;162;134;107m[48;2;140;112;85m▀[0m[38;2;162;134;107m[48;2;162;134;107m▀[0m[38;2;0;0;0m[48;2;0;0;0m▀[0m [38;2;0;0;0m▀[38;2;206;235;140m[48;2;8;8;0m▀[0m[38;2;206;235;140m[48;2;140;159;93m▀[0m[38;2;156;190;107m[48;2;156;190;107m▀[0m[38;2;156;190;107m[48;2;0;0;0m▀[0m[38;2;0;0;0m▀     [38;2;0;0;0m▄[38;2;0;0;0m[48;2;255;255;255m▀[0m[38;2;0;4;0m[48;2;255;255;255m▀[0m[38;2;0;4;0m▄[38;2;0;4;0m▄[38;2;0;4;0m[48;2;214;219;222m▀[0m[38;2;0;4;0m[48;2;255;255;255m▀[0m[38;2;0;4;0m[48;2;255;255;255m▀[0m[38;2;214;219;222m[48;2;214;219;222m▀[0m[38;2;214;219;222m[48;2;0;0;0m▀[0m[38;2;0;0;0m▀
             [38;2;0;0;0m[48;2;0;0;0m▀[0m[38;2;162;134;107m[48;2;162;134;107m▀[0m[38;2;138;110;83m[48;2;162;134;107m▀[0m[38;2;162;134;107m[48;2;138;110;83m▀[0m[38;2;150;122;95m[48;2;150;122;95m▀[0m[38;2;0;0;0m[48;2;0;0;0m▀[0m   [38;2;0;0;0m▀[38;2;0;0;0m▀    [38;2;0;0;0m▄[38;2;0;0;0m[48;2;255;255;255m▀[0m[38;2;0;0;0m[48;2;255;255;255m▀[0m[38;2;255;255;255m[48;2;211;218;225m▀[0m[38;2;255;255;255m[48;2;211;218;225m▀[0m[38;2;231;235;239m[48;2;0;0;0m▀[0m[38;2;231;235;239m[48;2;0;0;0m▀[0m[38;2;211;218;225m[48;2;255;255;255m▀[0m[38;2;255;255;255m[48;2;255;255;255m▀[0m[38;2;255;255;255m[48;2;0;0;0m▀[0m[38;2;0;0;0m▀[38;2;0;0;0m▀  
             [38;2;0;0;0m[48;2;0;0;0m▀[0m[38;2;150;122;95m[48;2;150;122;95m▀[0m[38;2;138;110;83m[48;2;162;134;107m▀[0m[38;2;162;134;107m[48;2;138;110;83m▀[0m[38;2;139;111;84m[48;2;139;111;84m▀[0m[38;2;0;0;0m[48;2;0;0;0m▀[0m   [38;2;0;0;0m▄[38;2;0;0;0m[48;2;198;227;140m▀[0m[38;2;0;0;0m▄ [38;2;0;0;0m▄[38;2;0;0;0m[48;2;173;145;118m▀[0m[38;2;222;227;231m[48;2;74;75;77m▀[0m[38;2;214;219;222m[48;2;66;65;66m▀[0m[38;2;214;219;222m[48;2;66;65;66m▀[0m[38;2;68;69;71m[48;2;161;133;106m▀[0m[38;2;0;0;0m[48;2;0;0;0m▀[0m  [38;2;0;0;0m▀[38;2;0;0;0m▀     
 [38;2;0;0;0m▄[38;2;0;0;0m[48;2;198;227;140m▀[0m[38;2;0;0;0m[48;2;198;227;140m▀[0m[38;2;0;0;0m[48;2;198;227;140m▀[0m[38;2;0;0;0m▄    [38;2;0;0;0m▄[38;2;0;0;0m▄ [38;2;0;0;0m[48;2;0;0;0m▀[0m[38;2;139;111;84m[48;2;139;111;84m▀[0m[38;2;139;111;84m[48;2;139;111;84m▀[0m[38;2;139;111;84m[48;2;139;111;84m▀[0m[38;2;139;111;84m[48;2;139;111;84m▀[0m[38;2;0;0;0m[48;2;0;0;0m▀[0m    [38;2;0;0;0m▀  [38;2;0;0;0m▀[38;2;172;144;117m[48;2;0;0;0m▀[0m[38;2;172;144;117m[48;2;172;144;117m▀[0m[38;2;194;166;139m[48;2;163;135;108m▀[0m[38;2;163;135;108m[48;2;163;135;108m▀[0m[38;2;162;134;107m[48;2;0;0;0m▀[0m[38;2;0;0;0m▀         
[38;2;0;0;0m[48;2;0;0;0m▀[0m[38;2;156;190;104m[48;2;156;190;104m▀[0m[38;2;156;190;104m[48;2;156;190;104m▀[0m[38;2;198;227;140m[48;2;156;190;103m▀[0m[38;2;198;227;140m[48;2;156;190;103m▀[0m[38;2;156;190;107m[48;2;156;190;107m▀[0m[38;2;0;0;0m[48;2;0;0;0m▀[0m [38;2;0;0;0m▄[38;2;0;0;0m[48;2;193;165;138m▀[0m[38;2;193;165;138m[48;2;193;165;138m▀[0m[38;2;194;166;139m[48;2;137;109;82m▀[0m[38;2;0;0;0m[48;2;137;109;82m▀[0m[38;2;66;65;66m[48;2;66;65;66m▀[0m[38;2;139;111;84m[48;2;139;111;84m▀[0m[38;2;139;111;84m[48;2;139;111;84m▀[0m[38;2;139;111;84m[48;2;139;111;84m▀[0m[38;2;140;112;85m[48;2;140;112;85m▀[0m[38;2;0;4;0m[48;2;57;60;60m▀[0m[38;2;0;0;0m▄[38;2;0;0;0m[48;2;194;166;139m▀[0m[38;2;0;0;0m[48;2;118;90;63m▀[0m[38;2;0;0;0m▄    [38;2;0;0;0m[48;2;0;0;0m▀[0m[38;2;162;134;107m[48;2;162;134;107m▀[0m[38;2;162;134;107m[48;2;162;134;107m▀[0m[38;2;162;134;107m[48;2;162;134;107m▀[0m[38;2;0;0;0m[48;2;0;0;0m▀[0m          
 [38;2;0;0;0m▀[38;2;0;0;0m▀[38;2;156;190;107m[48;2;0;0;0m▀[0m[38;2;156;190;107m[48;2;0;0;0m▀[0m[38;2;156;190;107m[48;2;0;0;0m▀[0m[38;2;0;0;0m▀ [38;2;0;0;0m[48;2;0;0;0m▀[0m[38;2;194;166;139m[48;2;141;113;86m▀[0m[38;2;66;65;66m[48;2;141;113;86m▀[0m[38;2;141;113;86m[48;2;66;65;66m▀[0m[38;2;141;113;86m[48;2;194;166;139m▀[0m[38;2;194;166;139m[48;2;194;166;139m▀[0m[38;2;66;65;66m[48;2;194;166;139m▀[0m[38;2;66;65;66m[48;2;194;166;139m▀[0m[38;2;141;113;86m[48;2;194;166;139m▀[0m[38;2;194;166;139m[48;2;194;166;139m▀[0m[38;2;194;166;139m[48;2;66;65;66m▀[0m[38;2;66;65;66m[48;2;192;164;137m▀[0m[38;2;192;164;137m[48;2;123;95;68m▀[0m[38;2;118;90;63m[48;2;118;90;63m▀[0m[38;2;0;0;0m[48;2;0;0;0m▀[0m    [38;2;0;0;0m[48;2;0;0;0m▀[0m[38;2;162;134;107m[48;2;162;134;107m▀[0m[38;2;162;134;107m[48;2;138;110;83m▀[0m[38;2;138;110;83m[48;2;162;134;107m▀[0m[38;2;0;0;0m[48;2;0;0;0m▀[0m          
        [38;2;0;0;0m▄[38;2;0;0;0m[48;2;161;133;106m▀[0m[38;2;68;69;71m[48;2;161;133;106m▀[0m[38;2;139;111;84m[48;2;66;65;66m▀[0m[38;2;139;111;84m[48;2;66;65;66m▀[0m[38;2;139;111;84m[48;2;66;65;66m▀[0m[38;2;66;65;66m[48;2;139;111;84m▀[0m[38;2;66;65;66m[48;2;139;111;84m▀[0m[38;2;66;65;66m[48;2;139;111;84m▀[0m[38;2;66;65;66m[48;2;137;109;82m▀[0m[38;2;120;92;65m[48;2;66;65;66m▀[0m[38;2;119;91;64m[48;2;66;65;66m▀[0m[38;2;66;65;66m[48;2;119;91;64m▀[0m[38;2;66;64;66m[48;2;121;93;66m▀[0m[38;2;0;0;0m[48;2;121;93;66m▀[0m[38;2;0;0;0m▄[38;2;0;0;0m▄[38;2;0;0;0m[48;2;162;134;107m▀[0m[38;2;0;0;0m[48;2;162;134;107m▀[0m[38;2;0;4;0m[48;2;57;60;60m▀[0m[38;2;140;112;85m[48;2;140;112;85m▀[0m[38;2;162;134;107m[48;2;138;110;83m▀[0m[38;2;138;110;83m[48;2;138;110;83m▀[0m[38;2;0;0;0m[48;2;0;0;0m▀[0m[38;2;0;0;0m▄[38;2;0;0;0m▄        
       [38;2;0;4;0m[48;2;0;4;0m▀[0m[38;2;197;169;142m[48;2;57;60;57m▀[0m[38;2;194;166;139m[48;2;66;65;66m▀[0m[38;2;159;131;104m[48;2;66;65;66m▀[0m[38;2;193;165;138m[48;2;193;165;138m▀[0m[38;2;193;165;138m[48;2;193;165;138m▀[0m[38;2;194;166;139m[48;2;159;131;104m▀[0m[38;2;66;65;66m[48;2;194;166;139m▀[0m[38;2;66;65;66m[48;2;194;166;139m▀[0m[38;2;66;65;66m[48;2;194;166;139m▀[0m[38;2;66;65;66m[48;2;194;166;139m▀[0m[38;2;141;113;86m[48;2;194;166;139m▀[0m[38;2;138;110;83m[48;2;162;134;107m▀[0m[38;2;138;110;83m[48;2;138;110;83m▀[0m[38;2;119;91;64m[48;2;140;112;85m▀[0m[38;2;119;91;64m[48;2;119;91;64m▀[0m[38;2;121;93;66m[48;2;121;93;66m▀[0m[38;2;0;0;0m[48;2;66;64;66m▀[0m[38;2;158;130;103m[48;2;121;93;66m▀[0m[38;2;195;167;140m[48;2;121;93;66m▀[0m[38;2;141;113;86m[48;2;194;166;139m▀[0m[38;2;66;65;66m[48;2;194;166;139m▀[0m[38;2;140;112;85m[48;2;193;165;138m▀[0m[38;2;140;112;85m[48;2;193;165;138m▀[0m[38;2;66;65;66m[48;2;161;133;106m▀[0m[38;2;161;133;106m[48;2;124;96;69m▀[0m[38;2;118;90;63m[48;2;118;90;63m▀[0m[38;2;0;0;0m[48;2;0;0;0m▀[0m       
     [38;2;0;0;0m▄[38;2;0;0;0m[48;2;198;227;140m▀[0m[38;2;205;217;197m[48;2;107;150;82m▀[0m[38;2;255;251;255m[48;2;255;251;255m▀[0m[38;2;0;4;8m[48;2;255;255;255m▀[0m[38;2;255;255;255m[48;2;152;124;97m▀[0m[38;2;193;165;138m[48;2;115;154;74m▀[0m[38;2;193;165;138m[48;2;115;154;74m▀[0m[38;2;82;81;82m[48;2;162;134;107m▀[0m[38;2;82;81;82m[48;2;255;255;255m▀[0m[38;2;66;66;68m[48;2;0;0;0m▀[0m[38;2;66;66;68m[48;2;198;199;206m▀[0m[38;2;194;166;139m[48;2;66;65;66m▀[0m[38;2;194;166;139m[48;2;66;65;66m▀[0m[38;2;194;166;139m[48;2;66;65;66m▀[0m[38;2;66;65;66m[48;2;141;113;86m▀[0m[38;2;139;111;84m[48;2;139;111;84m▀[0m[38;2;121;93;66m[48;2;139;111;84m▀[0m[38;2;119;91;64m[48;2;119;91;64m▀[0m[38;2;119;91;64m[48;2;66;65;66m▀[0m[38;2;66;65;66m[48;2;137;109;82m▀[0m[38;2;120;92;65m[48;2;66;65;66m▀[0m[38;2;119;91;64m[48;2;66;65;66m▀[0m[38;2;119;91;64m[48;2;66;65;66m▀[0m[38;2;119;91;64m[48;2;66;65;66m▀[0m[38;2;119;91;64m[48;2;66;65;66m▀[0m[38;2;119;91;64m[48;2;66;65;66m▀[0m[38;2;119;91;64m[48;2;66;65;66m▀[0m[38;2;0;0;0m[48;2;138;110;83m▀[0m[38;2;0;0;0m▄       
     [38;2;0;0;0m▀[38;2;156;190;107m[48;2;0;0;0m▀[0m[38;2;192;193;173m[48;2;66;69;57m▀[0m[38;2;66;69;57m[48;2;255;255;231m▀[0m[38;2;111;154;78m[48;2;66;65;66m▀[0m[38;2;111;154;78m[48;2;111;154;78m▀[0m[38;2;198;227;140m[48;2;115;154;78m▀[0m[38;2;198;227;140m[48;2;115;154;78m▀[0m[38;2;123;166;66m[48;2;183;206;148m▀[0m[38;2;214;227;189m[48;2;183;206;148m▀[0m[38;2;255;255;255m[48;2;193;225;135m▀[0m[38;2;255;255;255m[48;2;193;225;135m▀[0m[38;2;255;255;247m[48;2;66;77;41m▀[0m[38;2;255;255;247m[48;2;160;166;144m▀[0m[38;2;139;111;84m[48;2;198;227;140m▀[0m[38;2;139;111;84m[48;2;198;227;140m▀[0m[38;2;107;121;107m[48;2;156;190;99m▀[0m[38;2;123;144;104m[48;2;156;190;99m▀[0m[38;2;112;153;77m[48;2;112;153;77m▀[0m[38;2;140;112;85m[48;2;140;112;85m▀[0m[38;2;187;159;132m[48;2;158;138;112m▀[0m[38;2;123;162;74m[48;2;157;151;112m▀[0m[38;2;189;227;132m[48;2;126;151;88m▀[0m[38;2;189;227;132m[48;2;0;0;0m▀[0m[38;2;174;164;129m[48;2;255;247;247m▀[0m[38;2;107;138;66m[48;2;174;164;129m▀[0m[38;2;159;148;125m[48;2;159;148;125m▀[0m[38;2;107;130;90m[48;2;206;207;231m▀[0m[38;2;115;154;74m[48;2;0;0;0m▀[0m[38;2;0;0;0m▀       
      [38;2;0;0;0m▄[38;2;0;0;0m[48;2;193;165;138m▀[0m[38;2;255;255;255m[48;2;85;85;85m▀[0m[38;2;194;166;139m[48;2;66;65;66m▀[0m[38;2;66;65;66m[48;2;194;166;139m▀[0m[38;2;181;124;159m[48;2;66;65;66m▀[0m[38;2;239;154;206m[48;2;66;65;66m▀[0m[38;2;110;118;84m[48;2;66;109;49m▀[0m[38;2;110;118;84m[48;2;198;138;156m▀[0m[38;2;151;123;96m[48;2;192;186;186m▀[0m[38;2;66;73;49m[48;2;255;243;255m▀[0m[38;2;255;255;255m[48;2;192;191;192m▀[0m[38;2;66;65;66m[48;2;66;65;66m▀[0m[38;2;198;227;132m[48;2;115;154;74m▀[0m[38;2;156;190;103m[48;2;156;190;103m▀[0m[38;2;148;195;90m[48;2;117;147;87m▀[0m[38;2;117;147;87m[48;2;87;99;84m▀[0m[38;2;120;92;65m[48;2;120;92;65m▀[0m[38;2;137;109;82m[48;2;66;65;66m▀[0m[38;2;154;131;107m[48;2;155;134;126m▀[0m[38;2;154;131;107m[48;2;107;146;74m▀[0m[38;2;255;255;255m[48;2;156;190;101m▀[0m[38;2;255;255;255m[48;2;156;190;101m▀[0m[38;2;159;189;104m[48;2;198;113;165m▀[0m[38;2;159;189;104m[48;2;198;113;165m▀[0m[38;2;161;147;111m[48;2;198;117;165m▀[0m[38;2;123;174;74m[48;2;198;117;165m▀[0m[38;2;214;235;214m[48;2;107;121;107m▀[0m[38;2;0;8;0m[48;2;0;8;0m▀[0m       
 [38;2;0;0;0m▄[38;2;0;0;0m[48;2;198;227;140m▀[0m[38;2;0;0;0m[48;2;198;227;140m▀[0m[38;2;0;0;0m▄ [38;2;0;0;0m▀[38;2;138;110;83m[48;2;8;4;0m▀[0m[38;2;194;166;139m[48;2;63;59;57m▀[0m[38;2;194;166;139m[48;2;140;112;85m▀[0m[38;2;140;112;85m[48;2;140;112;85m▀[0m[38;2;193;165;138m[48;2;140;112;85m▀[0m[38;2;193;165;138m[48;2;140;112;85m▀[0m[38;2;194;166;139m[48;2;141;113;86m▀[0m[38;2;66;65;66m[48;2;194;166;139m▀[0m[38;2;66;65;66m[48;2;194;166;139m▀[0m[38;2;66;65;66m[48;2;194;166;139m▀[0m[38;2;66;65;66m[48;2;194;166;139m▀[0m[38;2;194;166;139m[48;2;141;113;86m▀[0m[38;2;140;112;85m[48;2;140;112;85m▀[0m[38;2;112;153;77m[48;2;140;112;85m▀[0m[38;2;119;91;64m[48;2;66;65;66m▀[0m[38;2;119;91;64m[48;2;119;91;64m▀[0m[38;2;119;91;64m[48;2;119;91;64m▀[0m[38;2;66;65;66m[48;2;66;65;66m▀[0m[38;2;110;128;96m[48;2;66;77;74m▀[0m[38;2;198;231;140m[48;2;110;128;96m▀[0m[38;2;196;173;157m[48;2;57;69;41m▀[0m[38;2;255;227;239m[48;2;143;115;88m▀[0m[38;2;159;190;101m[48;2;159;190;101m▀[0m[38;2;159;190;101m[48;2;140;112;85m▀[0m[38;2;168;160;129m[48;2;115;142;90m▀[0m[38;2;214;227;214m[48;2;115;142;90m▀[0m[38;2;156;190;107m[48;2;0;0;0m▀[0m[38;2;0;0;0m▀       
 [38;2;0;0;0m▀[38;2;156;190;107m[48;2;0;0;0m▀[0m[38;2;198;227;140m[48;2;156;190;103m▀[0m[38;2;198;227;140m[48;2;156;190;103m▀[0m[38;2;0;0;0m[48;2;0;0;0m▀[0m  [38;2;0;0;0m[48;2;0;0;0m▀[0m[38;2;66;65;74m[48;2;116;88;61m▀[0m[38;2;156;150;115m[48;2;66;65;74m▀[0m[38;2;144;116;89m[48;2;156;152;126m▀[0m[38;2;189;182;140m[48;2;116;88;61m▀[0m[38;2;139;111;84m[48;2;189;182;148m▀[0m[38;2;139;111;84m[48;2;139;111;84m▀[0m[38;2;140;112;85m[48;2;159;152;112m▀[0m[38;2;140;112;85m[48;2;159;152;112m▀[0m[38;2;137;109;82m[48;2;120;92;65m▀[0m[38;2;66;65;66m[48;2;120;92;65m▀[0m[38;2;137;109;82m[48;2;66;65;66m▀[0m[38;2;120;92;65m[48;2;66;65;66m▀[0m[38;2;66;64;66m[48;2;121;93;66m▀[0m[38;2;121;93;66m[48;2;0;0;0m▀[0m[38;2;66;65;66m[48;2;66;65;66m▀[0m[38;2;66;65;66m[48;2;119;91;64m▀[0m[38;2;119;91;64m[48;2;119;91;64m▀[0m[38;2;66;65;66m[48;2;119;91;64m▀[0m[38;2;121;93;66m[48;2;66;64;66m▀[0m[38;2;121;93;66m[48;2;0;0;0m▀[0m[38;2;118;90;63m[48;2;0;0;0m▀[0m[38;2;118;90;63m[48;2;0;0;0m▀[0m[38;2;0;0;0m▀[38;2;0;0;0m▀ [38;2;0;0;0m▄[38;2;0;0;0m[48;2;198;227;140m▀[0m[38;2;0;0;0m[48;2;198;227;140m▀[0m[38;2;0;0;0m[48;2;198;227;140m▀[0m[38;2;0;0;0m▄   
   [38;2;0;0;0m▀[38;2;0;0;0m▀    [38;2;0;0;0m▀[38;2;0;0;0m▀[38;2;0;0;0m▀[38;2;66;65;66m[48;2;0;0;0m▀[0m[38;2;66;65;74m[48;2;116;88;61m▀[0m[38;2;156;150;115m[48;2;116;88;61m▀[0m[38;2;118;90;63m[48;2;0;0;0m▀[0m[38;2;118;90;63m[48;2;0;0;0m▀[0m[38;2;121;93;66m[48;2;0;0;0m▀[0m[38;2;121;93;66m[48;2;66;64;66m▀[0m[38;2;66;65;66m[48;2;66;65;66m▀[0m[38;2;66;65;66m[48;2;0;0;0m▀[0m[38;2;0;0;0m▀ [38;2;0;0;0m▀[38;2;118;90;63m[48;2;0;0;0m▀[0m[38;2;118;90;63m[48;2;0;0;0m▀[0m[38;2;118;90;63m[48;2;0;0;0m▀[0m[38;2;0;0;0m▀     [38;2;0;0;0m▄[38;2;0;0;0m[48;2;156;190;107m▀[0m[38;2;198;227;140m[48;2;156;190;103m▀[0m[38;2;198;227;140m[48;2;156;190;103m▀[0m[38;2;156;190;104m[48;2;156;190;104m▀[0m[38;2;156;190;104m[48;2;156;190;104m▀[0m[38;2;0;0;0m[48;2;0;0;0m▀[0m  
             [38;2;0;0;0m▀[38;2;0;0;0m▀   [38;2;0;0;0m▀[38;2;0;0;0m▀ [38;2;0;0;0m▄[38;2;0;0;0m[48;2;198;227;140m▀[0m[38;2;0;0;0m[48;2;198;227;140m▀[0m[38;2;0;0;0m▄         [38;2;0;0;0m▀[38;2;156;190;107m[48;2;0;0;0m▀[0m[38;2;156;190;107m[48;2;0;0;0m▀[0m[38;2;156;190;107m[48;2;0;0;0m▀[0m[38;2;0;0;0m▀   
                     [38;2;0;0;0m▀[38;2;198;227;140m[48;2;0;0;0m▀[0m[38;2;156;190;107m[48;2;0;0;0m▀[0m[38;2;0;0;0m▀                 
[0m