         [38;2;0;0;0m▄[38;2;0;0;0m▄[38;2;0;0;0m[48;2;89;121;153m▀[0m[38;2;0;0;0m[48;2;0;0;0m▀[0m         
        [38;2;0;0;0m[48;2;0;0;0m▀[0m[38;2;65;65;65m[48;2;89;121;153m▀[0m[38;2;89;121;153m[48;2;65;65;65m▀[0m[38;2;89;121;153m[48;2;65;65;65m▀[0m[38;2;0;0;0m▀         
 [38;2;0;0;0m▄[38;2;0;0;0m▄[38;2;0;0;0m▄[38;2;0;0;0m▄   [38;2;0;0;0m▄[38;2;0;0;0m[48;2;89;121;153m▀[0m[38;2;89;121;153m[48;2;89;121;153m▀[0m[38;2;89;121;153m[48;2;65;65;65m▀[0m[38;2;0;0;0m[48;2;0;0;0m▀[0m         
[38;2;0;0;0m▀[38;2;58;99;74m[48;2;0;0;0m▀[0m[38;2;58;99;74m[48;2;74;123;107m▀[0m[38;2;74;123;107m[48;2;58;99;74m▀[0m[38;2;74;123;107m[48;2;58;99;74m▀[0m[38;2;0;0;0m[48;2;74;123;107m▀[0m[38;2;0;0;0m[48;2;74;123;107m▀[0m[38;2;0;0;0m[48;2;74;123;107m▀[0m[38;2;0;0;0m▄[38;2;0;0;0m[48;2;0;0;0m▀[0m[38;2;89;121;153m[48;2;89;121;153m▀[0m[38;2;0;0;0m[48;2;0;0;0m▀[0m [38;2;0;0;0m▄[38;2;0;0;0m[48;2;74;165;99m▀[0m[38;2;0;0;0m[48;2;74;165;99m▀[0m[38;2;0;0;0m[48;2;0;0;0m▀[0m     
 [38;2;0;0;0m▀[38;2;74;123;107m[48;2;0;0;0m▀[0m[38;2;74;123;107m[48;2;74;123;107m▀[0m[38;2;74;123;107m[48;2;65;65;65m▀[0m[38;2;58;99;74m[48;2;65;65;65m▀[0m[38;2;65;65;65m[48;2;89;121;153m▀[0m[38;2;65;65;65m[48;2;89;121;153m▀[0m[38;2;89;121;153m[48;2;89;121;153m▀[0m[38;2;89;121;153m[48;2;89;121;153m▀[0m[38;2;89;121;153m[48;2;89;121;153m▀[0m[38;2;0;0;0m[48;2;89;121;153m▀[0m[38;2;0;0;0m[48;2;65;65;65m▀[0m[38;2;74;165;99m[48;2;65;65;65m▀[0m[38;2;74;165;99m[48;2;65;65;65m▀[0m[38;2;0;0;0m[48;2;0;0;0m▀[0m[38;2;0;0;0m▄     
 [38;2;0;0;0m▄[38;2;0;0;0m[48;2;156;206;74m▀[0m[38;2;58;99;74m[48;2;65;65;65m▀[0m[38;2;65;65;65m[48;2;89;121;153m▀[0m[38;2;255;255;255m[48;2;0;0;0m▀[0m[38;2;89;121;153m[48;2;89;121;153m▀[0m[38;2;89;121;153m[48;2;89;121;153m▀[0m[38;2;89;121;153m[48;2;89;121;153m▀[0m[38;2;89;121;153m[48;2;89;121;153m▀[0m[38;2;89;121;153m[48;2;89;121;153m▀[0m[38;2;89;121;153m[48;2;65;65;65m▀[0m[38;2;89;121;153m[48;2;89;121;153m▀[0m[38;2;65;65;65m[48;2;65;65;65m▀[0m[38;2;58;99;74m[48;2;74;165;99m▀[0m[38;2;74;165;99m[48;2;58;99;74m▀[0m[38;2;74;165;99m[48;2;58;99;74m▀[0m[38;2;0;0;0m[48;2;74;165;99m▀[0m[38;2;0;0;0m[48;2;74;165;99m▀[0m[38;2;0;0;0m▄  
[38;2;0;0;0m[48;2;0;0;0m▀[0m[38;2;156;206;74m[48;2;156;206;74m▀[0m[38;2;156;206;74m[48;2;156;206;74m▀[0m[38;2;123;156;74m[48;2;255;255;255m▀[0m[38;2;89;121;153m[48;2;65;65;65m▀[0m[38;2;255;255;255m[48;2;89;121;153m▀[0m[38;2;89;121;153m[48;2;89;121;153m▀[0m[38;2;89;121;153m[48;2;89;121;153m▀[0m[38;2;89;121;153m[48;2;89;121;153m▀[0m[38;2;89;121;153m[48;2;89;121;153m▀[0m[38;2;255;255;255m[48;2;0;0;0m▀[0m[38;2;89;121;153m[48;2;189;189;189m▀[0m[38;2;89;121;153m[48;2;89;121;153m▀[0m[38;2;89;121;153m[48;2;89;121;153m▀[0m[38;2;65;65;65m[48;2;65;65;65m▀[0m[38;2;74;165;99m[48;2;58;99;74m▀[0m[38;2;74;165;99m[48;2;74;165;99m▀[0m[38;2;58;99;74m[48;2;74;165;99m▀[0m[38;2;74;165;99m[48;2;58;99;74m▀[0m[38;2;74;165;99m[48;2;74;165;99m▀[0m[38;2;0;0;0m[48;2;0;0;0m▀[0m 
 [38;2;0;0;0m[48;2;0;0;0m▀[0m[38;2;255;255;255m[48;2;123;156;74m▀[0m[38;2;123;156;74m[48;2;255;255;255m▀[0m[38;2;255;255;255m[48;2;123;156;74m▀[0m[38;2;65;65;65m[48;2;65;65;65m▀[0m[38;2;89;121;153m[48;2;123;156;74m▀[0m[38;2;89;121;153m[48;2;123;156;74m▀[0m[38;2;89;121;153m[48;2;65;65;65m▀[0m[38;2;89;121;153m[48;2;65;65;65m▀[0m[38;2;255;255;255m[48;2;65;65;65m▀[0m[38;2;89;121;153m[48;2;65;65;65m▀[0m[38;2;89;121;153m[48;2;123;156;74m▀[0m[38;2;65;65;65m[48;2;156;206;74m▀[0m[38;2;156;206;74m[48;2;156;206;74m▀[0m[38;2;65;65;65m[48;2;156;206;74m▀[0m[38;2;58;99;74m[48;2;65;65;65m▀[0m[38;2;74;165;99m[48;2;65;65;65m▀[0m[38;2;74;165;99m[48;2;58;99;74m▀[0m[38;2;58;99;74m[48;2;74;165;99m▀[0m[38;2;74;165;99m[48;2;58;99;74m▀[0m[38;2;0;0;0m[48;2;0;0;0m▀[0m
  [38;2;0;0;0m▀[38;2;0;0;0m▀[38;2;123;156;74m[48;2;0;0;0m▀[0m[38;2;65;65;65m[48;2;65;65;65m▀[0m[38;2;123;156;74m[48;2;65;65;65m▀[0m[38;2;65;65;65m[48;2;156;206;74m▀[0m[38;2;156;206;74m[48;2;156;206;74m▀[0m[38;2;156;206;74m[48;2;156;206;74m▀[0m[38;2;156;206;74m[48;2;156;206;74m▀[0m[38;2;156;206;74m[48;2;255;255;255m▀[0m[38;2;255;255;255m[48;2;123;156;74m▀[0m[38;2;156;206;74m[48;2;255;255;255m▀[0m[38;2;156;206;74m[48;2;123;156;74m▀[0m[38;2;156;206;74m[48;2;123;156;74m▀[0m[38;2;123;156;74m[48;2;65;65;65m▀[0m[38;2;123;156;74m[48;2;123;156;74m▀[0m[38;2;65;65;65m[48;2;0;0;0m▀[0m[38;2;0;0;0m▀[38;2;0;0;0m▀[38;2;0;0;0m▀
     [38;2;0;0;0m▀[38;2;156;206;74m[48;2;0;0;0m▀[0m[38;2;255;255;255m[48;2;123;156;74m▀[0m[38;2;156;206;74m[48;2;255;255;255m▀[0m[38;2;156;206;74m[48;2;123;156;74m▀[0m[38;2;156;206;74m[48;2;123;156;74m▀[0m[38;2;123;156;74m[48;2;123;156;74m▀[0m[38;2;255;255;255m[48;2;123;156;74m▀[0m[38;2;65;65;65m[48;2;123;156;74m▀[0m[38;2;123;156;74m[48;2;0;0;0m▀[0m[38;2;123;156;74m[48;2;0;0;0m▀[0m[38;2;123;156;74m[48;2;0;0;0m▀[0m[38;2;0;0;0m▀    
      [38;2;0;0;0m▀[38;2;255;255;255m[48;2;0;0;0m▀[0m[38;2;123;156;74m[48;2;123;156;74m▀[0m[38;2;123;156;74m[48;2;123;156;74m▀[0m[38;2;123;156;74m[48;2;123;156;74m▀[0m[38;2;123;156;74m[48;2;0;0;0m▀[0m[38;2;0;0;0m▀[38;2;0;0;0m▀        
        [38;2;0;0;0m▀[38;2;0;0;0m▀[38;2;0;0;0m▀           
[0m