            [38;2;0;0;0m▄[38;2;0;0;0m[48;2;230;242;255m▀[0m[38;2;0;0;0m▄                     
       [38;2;0;0;0m▄[38;2;0;0;0m▄   [38;2;0;0;0m[48;2;0;0;0m▀[0m[38;2;230;242;255m[48;2;230;242;255m▀[0m[38;2;0;0;0m[48;2;230;242;255m▀[0m[38;2;0;0;0m▄  [38;2;0;0;0m▄                 
       [38;2;0;0;0m▀[38;2;230;242;255m[48;2;0;0;0m▀[0m[38;2;0;0;0m[48;2;213;242;246m▀[0m[38;2;0;0;0m[48;2;230;242;255m▀[0m[38;2;0;0;0m▄[38;2;0;0;0m[48;2;57;68;57m▀[0m[38;2;230;242;255m[48;2;222;246;255m▀[0m[38;2;230;242;255m[48;2;227;244;254m▀[0m[38;2;0;0;0m[48;2;227;244;254m▀[0m[38;2;0;0;0m▄[38;2;0;0;0m[48;2;153;169;169m▀[0m[38;2;230;242;255m[48;2;230;242;255m▀[0m[38;2;0;0;0m[48;2;0;0;0m▀[0m [38;2;0;0;0m▄[38;2;0;0;0m[48;2;164;190;189m▀[0m[38;2;0;0;0m[48;2;0;0;0m▀[0m            
        [38;2;0;0;0m▀[38;2;142;161;164m[48;2;0;0;0m▀[0m[38;2;230;242;255m[48;2;230;242;255m▀[0m[38;2;230;242;255m[48;2;230;242;255m▀[0m[38;2;139;157;156m[48;2;227;244;254m▀[0m[38;2;222;246;255m[48;2;227;244;254m▀[0m[38;2;227;244;254m[48;2;238;250;255m▀[0m[38;2;227;244;254m[48;2;119;161;143m▀[0m[38;2;76;84;84m[48;2;230;244;254m▀[0m[38;2;230;255;255m[48;2;230;244;254m▀[0m[38;2;230;242;255m[48;2;164;194;189m▀[0m[38;2;76;80;84m[48;2;65;68;65m▀[0m[38;2;0;0;0m[48;2;164;190;189m▀[0m[38;2;164;190;189m[48;2;164;190;189m▀[0m[38;2;0;0;0m[48;2;0;0;0m▀[0m             
       [38;2;0;0;0m▄[38;2;0;0;0m[48;2;230;242;255m▀[0m[38;2;65;64;65m[48;2;230;242;255m▀[0m[38;2;74;72;65m[48;2;230;244;254m▀[0m[38;2;74;72;65m[48;2;255;255;255m▀[0m[38;2;227;244;254m[48;2;255;255;255m▀[0m[38;2;227;244;254m[48;2;255;255;255m▀[0m[38;2;238;250;255m[48;2;255;255;255m▀[0m[38;2;119;161;143m[48;2;230;244;254m▀[0m[38;2;230;244;254m[48;2;246;250;255m▀[0m[38;2;255;255;255m[48;2;246;250;255m▀[0m[38;2;131;152;148m[48;2;123;161;148m▀[0m[38;2;164;194;189m[48;2;159;188;183m▀[0m[38;2;164;190;189m[48;2;123;161;148m▀[0m[38;2;65;64;65m[48;2;123;161;148m▀[0m[38;2;65;64;65m[48;2;164;190;189m▀[0m[38;2;0;0;0m[48;2;164;190;189m▀[0m[38;2;0;0;0m[48;2;164;190;189m▀[0m[38;2;0;0;0m[48;2;164;190;189m▀[0m[38;2;0;0;0m▄         
      [38;2;0;0;0m▄[38;2;0;0;0m▄[38;2;0;0;0m[48;2;164;190;189m▀[0m[38;2;76;80;84m[48;2;164;190;189m▀[0m[38;2;230;244;254m[48;2;82;79;68m▀[0m[38;2;230;244;254m[48;2;82;79;68m▀[0m[38;2;255;255;255m[48;2;230;244;254m▀[0m[38;2;255;255;255m[48;2;255;255;255m▀[0m[38;2;255;255;255m[48;2;255;255;255m▀[0m[38;2;255;255;255m[48;2;255;255;255m▀[0m[38;2;246;250;255m[48;2;255;255;255m▀[0m[38;2;164;190;189m[48;2;230;244;254m▀[0m[38;2;230;242;255m[48;2;230;242;255m▀[0m[38;2;230;242;255m[48;2;230;242;255m▀[0m[38;2;230;242;255m[48;2;164;190;189m▀[0m[38;2;159;188;183m[48;2;164;190;189m▀[0m[38;2;164;190;189m[48;2;0;0;0m▀[0m[38;2;164;190;189m[48;2;0;0;0m▀[0m[38;2;0;0;0m▀[38;2;0;0;0m▀          
     [38;2;0;0;0m▀[38;2;164;190;189m[48;2;0;0;0m▀[0m[38;2;164;190;189m[48;2;0;0;0m▀[0m[38;2;164;190;189m[48;2;0;0;0m▀[0m[38;2;164;190;189m[48;2;65;64;65m▀[0m[38;2;164;190;189m[48;2;65;68;65m▀[0m[38;2;164;190;189m[48;2;222;246;255m▀[0m[38;2;230;244;254m[48;2;246;250;255m▀[0m[38;2;255;255;255m[48;2;246;250;255m▀[0m[38;2;255;255;255m[48;2;246;250;255m▀[0m[38;2;255;255;255m[48;2;246;250;255m▀[0m[38;2;230;244;254m[48;2;255;255;255m▀[0m[38;2;230;244;254m[48;2;230;244;254m▀[0m[38;2;230;242;255m[48;2;65;64;65m▀[0m[38;2;164;190;189m[48;2;126;151;148m▀[0m[38;2;60;68;63m[48;2;120;161;145m▀[0m[38;2;8;8;0m[48;2;120;161;145m▀[0m[38;2;0;0;0m▄             
        [38;2;0;0;0m▄[38;2;0;0;0m[48;2;164;190;189m▀[0m[38;2;169;187;191m[48;2;172;194;189m▀[0m[38;2;169;187;191m[48;2;63;67;63m▀[0m[38;2;82;80;65m[48;2;120;161;145m▀[0m[38;2;246;250;255m[48;2;230;242;255m▀[0m[38;2;246;250;255m[48;2;230;242;255m▀[0m[38;2;164;190;189m[48;2;74;76;74m▀[0m[38;2;230;244;254m[48;2;139;155;156m▀[0m[38;2;230;244;254m[48;2;222;246;246m▀[0m[38;2;156;194;189m[48;2;230;242;255m▀[0m[38;2;65;64;65m[48;2;65;64;65m▀[0m[38;2;120;161;145m[48;2;123;157;148m▀[0m[38;2;120;161;145m[48;2;123;157;148m▀[0m[38;2;123;161;148m[48;2;120;161;148m▀[0m[38;2;0;0;0m[48;2;120;161;148m▀[0m[38;2;0;0;0m▄           
       [38;2;0;0;0m[48;2;0;0;0m▀[0m[38;2;164;190;189m[48;2;0;0;0m▀[0m[38;2;164;190;189m[48;2;0;0;0m▀[0m[38;2;8;4;0m▀[38;2;63;67;63m[48;2;0;0;0m▀[0m[38;2;230;242;255m[48;2;224;248;255m▀[0m[38;2;230;242;255m[48;2;74;79;82m▀[0m[38;2;74;76;74m[48;2;20;171;255m▀[0m[38;2;74;76;74m[48;2;20;171;255m▀[0m[38;2;57;64;65m[48;2;21;172;255m▀[0m[38;2;57;64;65m[48;2;21;172;255m▀[0m[38;2;230;242;255m[48;2;65;64;65m▀[0m[38;2;230;242;255m[48;2;0;0;0m▀[0m[38;2;61;78;74m[48;2;0;0;0m▀[0m[38;2;0;0;0m▀[38;2;0;0;0m▀[38;2;0;0;0m▀            
        [38;2;0;0;0m▄[38;2;0;0;0m[48;2;164;190;189m▀[0m[38;2;0;0;0m[48;2;164;190;189m▀[0m[38;2;0;0;0m▄[38;2;0;0;0m[48;2;18;112;200m▀[0m[38;2;74;79;82m[48;2;65;64;65m▀[0m[38;2;20;171;255m[48;2;21;172;255m▀[0m[38;2;20;171;255m[48;2;21;172;255m▀[0m[38;2;65;64;65m[48;2;65;64;65m▀[0m[38;2;21;172;255m[48;2;21;172;255m▀[0m[38;2;0;0;0m[48;2;21;172;255m▀[0m[38;2;0;0;0m▄ [38;2;0;0;0m▄[38;2;0;0;0m▄      [38;2;0;0;0m▄[38;2;0;0;0m▄[38;2;0;0;0m▄    
 [38;2;0;0;0m▄       [38;2;0;0;0m▀[38;2;0;0;0m▀[38;2;164;190;189m[48;2;0;0;0m▀[0m[38;2;65;64;65m[48;2;65;64;65m▀[0m[38;2;18;112;200m[48;2;18;112;200m▀[0m[38;2;20;113;199m[48;2;19;114;202m▀[0m[38;2;21;172;255m[48;2;19;114;202m▀[0m[38;2;21;172;255m[48;2;21;172;255m▀[0m[38;2;65;64;65m[48;2;65;64;65m▀[0m[38;2;21;172;255m[48;2;16;140;212m▀[0m[38;2;21;172;255m[48;2;16;140;212m▀[0m[38;2;0;0;0m[48;2;231;249;255m▀[0m[38;2;233;250;255m[48;2;76;80;82m▀[0m[38;2;233;250;255m[48;2;0;0;0m▀[0m[38;2;0;0;0m▀   [38;2;0;0;0m▄[38;2;0;0;0m[48;2;148;227;255m▀[0m[38;2;18;112;202m[48;2;148;227;255m▀[0m[38;2;19;114;202m[48;2;19;114;202m▀[0m[38;2;19;114;202m[48;2;19;114;202m▀[0m[38;2;0;0;0m[48;2;18;112;200m▀[0m[38;2;0;0;0m[48;2;65;64;65m▀[0m[38;2;0;0;0m[48;2;164;121;90m▀[0m[38;2;0;0;0m▄
[38;2;0;0;0m[48;2;0;0;0m▀[0m[38;2;164;121;90m[48;2;65;64;65m▀[0m[38;2;0;0;0m[48;2;164;121;95m▀[0m[38;2;0;0;8m▄[38;2;0;0;0m▄ [38;2;8;0;0m▄[38;2;0;0;0m[48;2;148;227;255m▀[0m[38;2;0;0;0m▄ [38;2;0;0;0m▄[38;2;0;0;0m[48;2;19;114;202m▀[0m[38;2;18;112;200m[48;2;18;112;200m▀[0m[38;2;65;64;65m[48;2;65;64;65m▀[0m[38;2;148;227;255m[48;2;20;172;255m▀[0m[38;2;19;114;202m[48;2;76;75;74m▀[0m[38;2;21;172;255m[48;2;233;250;255m▀[0m[38;2;21;172;255m[48;2;233;250;255m▀[0m[38;2;16;140;212m[48;2;71;70;65m▀[0m[38;2;233;250;255m[48;2;71;70;65m▀[0m[38;2;76;80;82m[48;2;20;172;255m▀[0m[38;2;0;0;0m[48;2;65;64;65m▀[0m[38;2;0;0;0m▄[38;2;0;0;0m[48;2;233;250;255m▀[0m[38;2;0;0;0m[48;2;233;250;255m▀[0m[38;2;0;0;0m[48;2;10;114;179m▀[0m[38;2;0;0;0m[48;2;15;119;183m▀[0m[38;2;18;112;202m[48;2;74;68;65m▀[0m[38;2;65;64;65m[48;2;230;178;74m▀[0m[38;2;65;64;65m[48;2;230;178;74m▀[0m[38;2;148;227;255m[48;2;65;64;65m▀[0m[38;2;19;114;202m[48;2;18;112;200m▀[0m[38;2;18;112;200m[48;2;82;64;54m▀[0m[38;2;65;64;65m[48;2;0;4;8m▀[0m[38;2;0;0;0m▀ 
 [38;2;0;0;0m▀[38;2;82;60;52m[48;2;0;0;0m▀[0m[38;2;164;121;95m[48;2;65;64;65m▀[0m[38;2;164;121;90m[48;2;167;121;90m▀[0m[38;2;0;0;0m[48;2;167;121;90m▀[0m[38;2;60;63;63m[48;2;65;64;65m▀[0m[38;2;60;63;63m[48;2;148;227;255m▀[0m[38;2;65;64;65m[48;2;65;64;65m▀[0m[38;2;0;0;0m[48;2;18;112;200m▀[0m[38;2;19;114;202m[48;2;19;114;202m▀[0m[38;2;19;114;202m[48;2;19;114;202m▀[0m[38;2;65;64;65m[48;2;71;68;68m▀[0m[38;2;18;112;200m[48;2;12;100;189m▀[0m[38;2;65;64;65m[48;2;65;64;65m▀[0m[38;2;20;172;255m[48;2;21;172;255m▀[0m[38;2;20;171;255m[48;2;24;172;255m▀[0m[38;2;20;171;255m[48;2;0;0;0m▀[0m[38;2;0;0;0m▀[38;2;71;70;65m[48;2;0;0;0m▀[0m[38;2;20;172;255m[48;2;76;80;84m▀[0m[38;2;13;112;206m[48;2;233;250;255m▀[0m[38;2;233;250;255m[48;2;16;108;198m▀[0m[38;2;76;80;84m[48;2;16;108;198m▀[0m[38;2;65;64;65m[48;2;65;64;65m▀[0m[38;2;65;64;65m[48;2;230;178;65m▀[0m[38;2;74;68;65m[48;2;238;178;90m▀[0m[38;2;230;178;65m[48;2;159;120;68m▀[0m[38;2;153;118;52m[48;2;0;0;0m▀[0m[38;2;0;0;8m▀[38;2;18;112;200m[48;2;0;0;0m▀[0m[38;2;18;112;200m[48;2;0;0;0m▀[0m[38;2;82;64;54m[48;2;0;0;0m▀[0m[38;2;164;125;101m[48;2;0;0;0m▀[0m[38;2;0;0;0m▀ 
  [38;2;0;0;0m▄[38;2;0;0;0m[48;2;164;121;90m▀[0m[38;2;167;121;90m[48;2;164;121;90m▀[0m[38;2;167;121;90m[48;2;65;64;65m▀[0m[38;2;65;64;65m[48;2;156;121;98m▀[0m[38;2;148;227;255m[48;2;78;62;53m▀[0m[38;2;65;64;65m[48;2;148;227;255m▀[0m[38;2;18;112;200m[48;2;0;0;0m▀[0m[38;2;19;114;202m[48;2;0;0;0m▀[0m[38;2;0;0;0m▀[38;2;148;227;255m[48;2;0;0;0m▀[0m[38;2;71;68;68m[48;2;65;64;65m▀[0m[38;2;21;172;255m[48;2;233;250;255m▀[0m[38;2;21;172;255m[48;2;233;250;255m▀[0m[38;2;65;64;65m[48;2;71;70;65m▀[0m[38;2;0;0;0m[48;2;0;0;0m▀[0m  [38;2;0;0;0m▀[38;2;233;250;255m[48;2;0;0;0m▀[0m[38;2;16;108;198m[48;2;167;121;90m▀[0m[38;2;164;121;90m[48;2;167;121;90m▀[0m[38;2;230;178;65m[48;2;156;121;78m▀[0m[38;2;65;64;65m[48;2;238;178;74m▀[0m[38;2;79;62;46m[48;2;230;178;65m▀[0m[38;2;0;4;24m[48;2;230;178;65m▀[0m[38;2;0;0;0m▄       
 [38;2;0;0;0m[48;2;0;0;0m▀[0m[38;2;164;121;90m[48;2;0;0;0m▀[0m[38;2;0;0;0m▀[38;2;65;64;65m[48;2;0;0;0m▀[0m[38;2;164;121;90m[48;2;164;121;90m▀[0m[38;2;78;62;53m[48;2;0;0;0m▀[0m[38;2;0;4;8m▀[38;2;0;0;0m▀    [38;2;0;0;0m▀[38;2;20;171;255m[48;2;0;0;0m▀[0m[38;2;20;171;255m[48;2;21;172;255m▀[0m[38;2;15;122;187m[48;2;21;172;255m▀[0m[38;2;71;70;65m[48;2;65;64;65m▀[0m[38;2;0;0;0m[48;2;82;64;54m▀[0m[38;2;0;4;8m▄ [38;2;0;0;0m[48;2;0;0;0m▀[0m[38;2;167;121;90m[48;2;230;178;74m▀[0m[38;2;167;121;90m[48;2;153;118;52m▀[0m[38;2;156;121;78m[48;2;152;121;69m▀[0m[38;2;74;64;82m[48;2;230;178;65m▀[0m[38;2;65;64;65m[48;2;65;64;65m▀[0m[38;2;230;178;65m[48;2;65;64;65m▀[0m[38;2;230;178;65m[48;2;230;178;65m▀[0m[38;2;0;0;0m[48;2;230;178;65m▀[0m[38;2;0;0;0m▄     
    [38;2;0;0;0m▀[38;2;164;121;90m[48;2;0;0;0m▀[0m[38;2;0;0;0m▀       [38;2;0;0;0m▀[38;2;21;172;255m[48;2;0;0;0m▀[0m[38;2;21;172;255m[48;2;148;227;255m▀[0m[38;2;21;172;255m[48;2;148;227;255m▀[0m[38;2;82;64;54m[48;2;65;64;65m▀[0m[38;2;164;125;101m[48;2;0;0;0m▀[0m[38;2;0;0;0m▀ [38;2;0;0;8m[48;2;0;0;0m▀[0m[38;2;230;178;74m[48;2;230;178;65m▀[0m[38;2;74;64;74m[48;2;0;0;0m▀[0m[38;2;230;178;65m[48;2;65;64;65m▀[0m[38;2;230;178;65m[48;2;230;178;65m▀[0m[38;2;65;64;65m[48;2;0;0;0m▀[0m[38;2;0;0;0m▀[38;2;0;0;0m▀      
            [38;2;0;0;0m▄[38;2;0;0;0m[48;2;230;178;65m▀[0m[38;2;0;0;0m[48;2;111;89;49m▀[0m[38;2;21;172;255m[48;2;222;178;90m▀[0m[38;2;21;172;255m[48;2;21;172;255m▀[0m[38;2;21;172;255m[48;2;0;0;0m▀[0m[38;2;24;172;255m[48;2;0;0;0m▀[0m[38;2;0;0;0m▀ [38;2;0;0;0m[48;2;0;0;0m▀[0m[38;2;230;178;65m[48;2;230;178;65m▀[0m[38;2;0;0;0m[48;2;0;0;0m▀[0m [38;2;0;0;0m▀[38;2;230;178;65m[48;2;0;0;0m▀[0m[38;2;0;0;0m▀        
             [38;2;0;0;0m▀[38;2;0;0;8m▀[38;2;0;0;8m▀[38;2;0;0;0m▀     [38;2;0;0;0m▀             
[0m